0.005	0.
0.01	0.
0.015	0.
0.02	0.
0.025	0.
0.030000000000000002	0.
0.034999999999999996	0.
0.04	0.
0.045	0.
0.049999999999999996	0.
0.055	0.
0.06	0.
0.065	0.
0.07	0.
0.07500000000000001	0.
0.08	0.
0.085	0.
0.09000000000000001	0.
0.095	0.
0.1	0.
0.10500000000000001	0.
0.11	0.
0.115	0.
0.12000000000000001	0.
0.125	0.
0.13	0.
0.135	0.
0.14	0.
0.14500000000000002	0.
0.15	0.
0.155	0.09097568665957964
0.16	0.1247707162880298
0.165	0.1481502641021216
0.17	0.16594991045760588
0.17500000000000002	0.1801183183606705
0.18000000000000002	0.19169082917931587
0.185	0.20130144121049828
0.19	0.2093738040877792
0.195	0.21620822272674534
0.2	0.22202679829592567
0.20500000000000002	0.22699911659540392
0.21000000000000002	0.23125791458266629
0.215	0.23490916328951866
0.22	0.2380388422996526
0.225	0.24071765390575978
0.23	0.2430044004862647
0.23500000000000001	0.24494846421580357
0.24000000000000002	0.24659166612183847
0.245	0.2479696851200573
0.25	0.2491131582342821
0.255	0.2500485453874474
0.26	0.25079881740563414
0.265	0.2513840092854447
0.27	0.2518216694048063
0.275	0.2521272274117958
0.28	0.25231429787546716
0.28500000000000003	0.25239493269979757
0.29000000000000004	0.2523798323090331
0.295	0.2522785233898664
0.3	0.25209950930500474
0.305	0.25185039802283865
0.31	0.25153801143295285
0.315	0.25116847916170393
0.32	0.2507473194114728
0.325	0.25027950888180905
0.33	0.249769543461204
0.335	0.249221491082833
0.34	0.2486390378999447
0.34500000000000003	0.24802552874412268
0.35000000000000003	0.24738400267298394
0.35500000000000004	0.24671722428561282
0.36	0.24602771137851379
0.365	0.24531775942761566
0.37	0.24458946330944376
0.375	0.24384473661414358
0.38	0.24308532885246056
0.385	0.24231284081627574
0.39	0.24152873831640181
0.395	0.24073436449100707
0.4	0.23993095085222338
0.405	0.23911962721653604
0.41000000000000003	0.23830143064576706
0.41500000000000004	0.2374773135093703
0.42000000000000004	0.23664815076493417
0.425	0.23581474654185888
0.43	0.2349778401028823
0.435	0.23413811124922373
0.44	0.23329618522736031
0.445	0.23245263718873097
0.45	0.23160799624778336
0.455	0.23076274917866818
0.46	0.22991734378637804
0.465	0.2290721919841877
0.47000000000000003	0.22822767260583848
0.47500000000000003	0.22738413397778753
0.48000000000000004	0.22654189627422974
0.485	0.22570125367517876
0.49	0.22486247634581746
0.495	0.224025812253474
0.5	0.22319148883689172
0.505	0.22235971454103662
0.51	0.22153068022935773
0.515	0.22070456048424797
0.52	0.2198815148054258
0.525	0.21906168871501558
0.53	0.21824521477728281
0.535	0.21743221354024142
0.54	0.21662279440563137
0.545	0.21581705643326216
0.55	0.21501508908507797
0.555	0.21421697291385317
0.56	0.21342278020102798
0.5650000000000001	0.2126325755477027
0.5700000000000001	0.21184641642257246
0.5750000000000001	0.21106435367014537
0.5800000000000001	0.21028643198237876
0.585	0.20951269033655268
0.59	0.20874316240199717
0.595	0.20797787691804412
0.6	0.20721685804537177
0.605	0.20646012569276928
0.61	0.20570769582114412
0.615	0.20495958072646442
0.62	0.2042157893031816
0.625	0.20347632728957799
0.63	0.20274119749633537
0.635	0.20201040001955467
0.64	0.20128393243931675
0.645	0.20056179000486074
0.65	0.19984396580726532
0.655	0.1991304509405778
0.66	0.19842123465215553
0.665	0.19771630448298524
0.67	0.19701564639869332
0.675	0.19631924491184322
0.68	0.19562708319615923
0.685	0.1949391431932159
0.6900000000000001	0.19425540571206867
0.6950000000000001	0.1935758505223927
0.7000000000000001	0.1929004564414347
0.7050000000000001	0.1922292014152897
0.71	0.1915620625948801
0.715	0.1908990164068997
0.72	0.19024003862016264
0.725	0.18958510440758963
0.73	0.18893418840412385
0.735	0.18828726476086177
0.74	0.18764430719566638
0.745	0.1870052890403771
0.75	0.18637018328502994
0.755	0.18573896261905115
0.76	0.18511159946980352
0.765	0.18448806603857826
0.77	0.18386833433417793
0.775	0.18325237620422488
0.78	0.18264016336448602
0.785	0.18203166742614785
0.79	0.1814268599212259
0.795	0.18082571232634573
0.8	0.18022819608482052
0.805	0.17963428262726622
0.81	0.17904394339075297
0.8150000000000001	0.1784571498366147
0.8200000000000001	0.17787387346710568
0.8250000000000001	0.17729408584073225
0.8300000000000001	0.17671775858661995
0.8350000000000001	0.1761448634177024
0.84	0.17557537214311195
0.845	0.17500925667952624
0.85	0.17444648906168414
0.855	0.17388704145214315
0.86	0.17333088615029962
0.865	0.1727779956005039
0.87	0.1722283423999846
0.875	0.17168189930390063
0.88	0.17113863923783973
0.885	0.1705985352971392
0.89	0.1700615607501601
0.895	0.16952768905305654
0.9	0.16899689384595556
0.905	0.16846914896043863
0.91	0.16794442842114846
0.915	0.1674227064509979
0.92	0.16690395747233513
0.925	0.1663881561105139
0.93	0.16587527719567396
0.935	0.16536529576476067
0.9400000000000001	0.16485818706317368
0.9450000000000001	0.16435392654618636
0.9500000000000001	0.16385248988018195
0.9550000000000001	0.16335385294348487
0.9600000000000001	0.16285799182718264
0.965	0.16236488283560188
0.97	0.16187450248677918
0.975	0.161386827512571
0.98	0.1609018348586907
0.985	0.16041950168470973
0.99	0.1599398053636147
0.995	0.15946272348159604
1.	0.15898823383756658
1.005	0.1585163144423872
1.01	0.15804694351831383
1.015	0.15758009949817672
1.02	0.15711576102438518
1.025	0.15665390694805328
1.0299999999999998	0.15619451632793685
1.035	0.1557375684292449
1.0399999999999998	0.155283042722559
1.045	0.15483091888245984
1.0499999999999998	0.1543811767863417
1.055	0.15393379651300967
1.0599999999999998	0.15348875834122966
1.065	0.1530460427484171
1.0699999999999998	0.1526056304090314
1.075	0.15216750219315453
1.0799999999999998	0.15173163916485555
1.085	0.1512980225807152
1.0899999999999999	0.15086663388817595
1.095	0.1504374547239149
1.0999999999999999	0.15001046691223008
1.105	0.14958565246335978
1.1099999999999999	0.14916299357183374
1.115	0.14874247261475868
1.1199999999999999	0.14832407215014973
1.125	0.14790777491523005
1.13	0.1474935638246585
1.135	0.1470814219688921
1.14	0.1466713326124218
1.145	0.1462632791920267
1.15	0.1458572453151035
1.155	0.14545321475791068
1.16	0.14505117146382548
1.1649999999999998	0.1446510995416557
1.17	0.14425298326391214
1.1749999999999998	0.14385680706507778
1.18	0.14346255553993528
1.1849999999999998	0.14307021344181567
1.19	0.14267976568096288
1.1949999999999998	0.14229119732277715
1.2	0.14190449358621257
1.2049999999999998	0.14151963984203503
1.21	0.14113662161121565
1.2149999999999999	0.14075542456326057
1.22	0.1403760345145689
1.2249999999999999	0.13999843742681262
1.23	0.13962261940530718
1.2349999999999999	0.13924856669742353
1.24	0.13887626569098918
1.2449999999999999	0.13850570291270817
1.25	0.13813686502658687
1.255	0.13776973883240246
1.26	0.13740431126413044
1.265	0.13704056938845618
1.27	0.13667850040322116
1.275	0.1363180916359517
1.28	0.135959330542376
1.285	0.13560220470492856
1.2899999999999998	0.13524670183132895
1.295	0.1348928097531003
1.2999999999999998	0.13454051642416512
1.305	0.134189809919448
1.3099999999999998	0.13384067843342204
1.315	0.13349311027880253
1.3199999999999998	0.1331470938851078
1.325	0.13280261779733282
1.3299999999999998	0.13245967067461908
1.335	0.13211824128891086
1.3399999999999999	0.13177831852365865
1.345	0.13143989137250886
1.3499999999999999	0.13110294893803826
1.355	0.13076748043045325
1.3599999999999999	0.13043347516639317
1.365	0.13010092256762476
1.3699999999999999	0.12976981215988087
1.375	0.1294401335715938
1.38	0.12911187653274145
1.385	0.1287850308736429
1.39	0.12845958652378778
1.395	0.1281355335107109
1.4	0.12781286195880523
1.405	0.12749156208822424
1.41	0.12717162421376638
1.4149999999999998	0.1268530387437726
1.42	0.12653579617903202
1.4249999999999998	0.12621988711171142
1.43	0.12590530222429555
1.4349999999999998	0.12559203228854027
1.44	0.12528006816443668
1.4449999999999998	0.12496940079918063
1.45	0.12466002122618282
1.4549999999999998	0.12435192056404568
1.46	0.12404509001559366
1.4649999999999999	0.12373952086689743
1.47	0.12343520448632238
1.4749999999999999	0.12313213232355205
1.48	0.1228302959086757
1.4849999999999999	0.12252968685126256
1.49	0.12223029683942822
1.4949999999999999	0.12193211763896332
1.5	0.12163514109240638
1.505	0.12133935911819237
1.51	0.12104476370977044
1.515	0.12075134693473778
1.52	0.1204591009340251
1.525	0.12016801792101943
1.53	0.11987809018076903
1.535	0.11958931006914657
1.54	0.11930167001205862
1.545	0.11901516250464418
1.5499999999999998	0.11872978011049146
1.555	0.11844551546086263
1.5599999999999998	0.11816236125392185
1.565	0.11788031025399821
1.5699999999999998	0.11759935529081515
1.575	0.11731948925877296
1.5799999999999998	0.11704070511621506
1.585	0.11676299588470415
1.5899999999999999	0.1164863546483247
1.595	0.11621077455297875
1.5999999999999999	0.11593624880569146
1.605	0.11566277067392172
1.6099999999999999	0.1153903334849164
1.615	0.11511893062501137
1.6199999999999999	0.11484855553899277
1.625	0.11457920172945099
1.63	0.11431086275613035
1.635	0.11404353223530098
1.64	0.11377720383913836
1.645	0.11351187129510995
1.65	0.11324752838534774
1.655	0.11298416894607485
1.66	0.1127217868669819
1.665	0.11246037609067931
1.67	0.11219993061207391
1.6749999999999998	0.11194044447784296
1.68	0.11168191178583389
1.6849999999999998	0.11142432668452808
1.69	0.11116768337248163
1.6949999999999998	0.11091197609778873
1.7	0.11065719915754904
1.7049999999999998	0.1104033468973182
1.71	0.11015041371060832
1.7149999999999999	0.10989839403836206
1.72	0.10964728236844623
1.7249999999999999	0.10939707323513444
1.73	0.1091477612186282
1.7349999999999999	0.10889934094456098
1.74	0.10865180708350587
1.7449999999999999	0.10840515435050632
1.75	0.10815937750459895
1.755	0.10791447134834016
1.76	0.10767043072735794
1.765	0.10742725052988614
1.77	0.1071849256863237
1.775	0.10694345116877732
1.78	0.10670282199063756
1.785	0.10646303320613137
1.79	0.10622407990990052
1.795	0.10598595723658896
1.7999999999999998	0.10574866036041042
1.805	0.10551218449472784
1.8099999999999998	0.10527652489167598
1.815	0.10504167684173692
1.8199999999999998	0.10480763567334454
1.825	0.10457439675249353
1.8299999999999998	0.10434195548235596
1.835	0.10411030730289197
1.8399999999999999	0.10387944769047473
1.845	0.10364937215752153
1.8499999999999999	0.1034200762521058
1.855	0.1031915555576128
1.8599999999999999	0.10296380569237222
1.865	0.10273682230929657
1.8699999999999999	0.10251060109553699
1.875	0.10228513777213047
1.88	0.10206042809365894
1.885	0.10183646784790491
1.89	0.10161325285552578
1.895	0.10139077896971603
1.9	0.10116904207587553
1.905	0.10094803809129983
1.91	0.100727762964848
1.915	0.10050821267662843
1.92	0.10028938323769271
1.9249999999999998	0.1000712706897247
1.93	0.0998538711047335
1.9349999999999998	0.09963718058475685
1.94	0.09942119526155467
1.9449999999999998	0.09920591129633176
1.95	0.09899132487942569
1.9549999999999998	0.098777432230042
1.96	0.09856422959594383
1.9649999999999999	0.09835171325320728
1.97	0.09813987950590422
1.9749999999999999	0.09792872468586651
1.98	0.09771824515238062
1.9849999999999999	0.09750843729194739
1.99	0.09729929751800014
1.9949999999999999	0.09709082227065506
2.	0.09688300801644194
2.005	0.0966758512480624
2.01	0.09646934848411913
2.015	0.09626349626888865
2.02	0.09605829117205553
2.025	0.09585372978847419
2.03	0.09564980873793176
2.035	0.0954465246649163
2.04	0.09524387423836199
2.045	0.09504185415142855
2.05	0.09484046112127557
2.0549999999999997	0.09463969188882644
2.06	0.09443954321854135
2.065	0.09424001189820598
2.07	0.09404109473870897
2.0749999999999997	0.09384278857380926
2.08	0.09364509025994137
2.085	0.09344799667599056
2.09	0.0932515047230926
2.0949999999999998	0.0930556113244138
2.1	0.09286031342495404
2.105	0.0926656079913433
2.11	0.09247149201163707
2.1149999999999998	0.09227796249512243
2.12	0.09208501647211352
2.125	0.09189265099376921
2.13	0.09170086313189255
2.135	0.091509649978743
2.14	0.09131900864684601
2.145	0.09112893626881641
2.15	0.09093942999716421
2.155	0.09075048700411556
2.16	0.09056210448143996
2.165	0.09037427964026447
2.17	0.09018700971090131
2.175	0.0900002919426705
2.18	0.08981412360373961
2.185	0.08962850198093547
2.19	0.08944342437959198
2.195	0.08925888812337746
2.1999999999999997	0.08907489055412715
2.205	0.08889142903168779
2.21	0.08870850093374799
2.215	0.08852610365568665
2.2199999999999998	0.08834423461041567
2.225	0.0881628912282104
2.23	0.08798207095657798
2.235	0.0878017712600837
2.2399999999999998	0.08762198962021243
2.245	0.08744272353521897
2.25	0.08726397051997187
2.255	0.08708572810581866
2.26	0.08690799384043338
2.265	0.08673076528767173
2.27	0.0865540400274423
2.275	0.08637781565555092
2.28	0.086202089783572
2.285	0.08602686003871031
2.29	0.08585212406366112
2.295	0.08567787951648113
2.3	0.08550412407045355
2.305	0.08533085541394801
2.31	0.08515807125031669
2.315	0.08498576929773086
2.32	0.0848139472890807
2.3249999999999997	0.08464260297183669
2.33	0.08447173410792648
2.335	0.0843013384736141
2.34	0.08413141385937963
2.3449999999999998	0.08396195806978776
2.35	0.08379296892338375
2.355	0.08362444425256074
2.36	0.08345638190345338
2.3649999999999998	0.08328877973581623
2.37	0.08312163562290886
2.375	0.08295494745138418
2.38	0.08278871312117639
2.385	0.08262293054539163
2.39	0.08245759765018826
2.395	0.08229271237467706
2.4	0.0821282726708175
2.405	0.08196427650329574
2.41	0.08180072184943073
2.415	0.08163760669906932
2.42	0.0814749290544744
2.425	0.08131268693023022
2.43	0.08115087835313903
2.435	0.08098950136211878
2.44	0.08082855400810346
2.445	0.08066803435394812
2.4499999999999997	0.08050794047432724
2.455	0.08034827045564095
2.46	0.08018902239591513
2.465	0.08003019440471594
2.4699999999999998	0.07987178460304432
2.475	0.07971379112325225
2.48	0.07955621210894437
2.485	0.07939904571489441
2.4899999999999998	0.07924229010694736
2.495	0.07908594346193551
2.5	0.07893000396758917
2.505	0.07877446982244593
2.51	0.0786193392357682
2.515	0.07846461042745566
2.52	0.07831028162796122
2.525	0.07815635107820396
2.53	0.07800281702948884
2.535	0.07784967774342728
2.54	0.0776969314918457
2.545	0.07754457655671408
2.55	0.07739261123006277
2.555	0.0772410338138992
2.56	0.07708984262013797
2.565	0.07693903597051086
2.57	0.07678861219650517
2.5749999999999997	0.07663856963927156
2.58	0.07648890664956
2.585	0.07633962158763874
2.59	0.07619071282322407
2.5949999999999998	0.07604217873540323
2.6	0.07589401771256125
2.605	0.0757462281523153
2.61	0.07559880846143487
2.6149999999999998	0.07545175705577686
2.62	0.07530507236021315
2.625	0.07515875280856078
2.63	0.07501279684351427
2.635	0.07486720291657809
2.64	0.07472196948799645
2.645	0.07457709502668959
2.65	0.0744325780101856
2.655	0.07428841692455503
2.66	0.07414461026434592
2.665	0.07400115653252061
2.67	0.07385805424038941
2.675	0.0737153019075504
2.68	0.07357289806182331
2.685	0.0734308412391909
2.69	0.0732891299837352
2.695	0.07314776284757762
2.7	0.07300673839081612
2.705	0.07286605518147021
2.71	0.07272571179541777
2.715	0.07258570681633592
2.7199999999999998	0.07244603883564527
2.725	0.07230670645245255
2.73	0.07216770827348891
2.735	0.07202904291305921
2.7399999999999998	0.07189070899298167
2.745	0.07175270514253261
2.75	0.07161502999839488
2.755	0.07147768220459853
2.76	0.07134066041246881
2.765	0.07120396328057342
2.77	0.07106758947466665
2.775	0.07093153766764013
2.78	0.07079580653946688
2.785	0.07066039477715316
2.79	0.0705253010746825
2.795	0.07039052413297119
2.8	0.07025606265981127
2.8049999999999997	0.07012191536982568
2.81	0.06998808098441443
2.815	0.06985455823170848
2.82	0.06972134584652118
2.825	0.06958844257029742
2.83	0.06945584715106845
2.835	0.06932355834340256
2.84	0.06919157490835852
2.8449999999999998	0.06905989561344125
2.85	0.06892851923255072
2.855	0.06879744454594217
2.86	0.06866667034017501
2.8649999999999998	0.06853619540807236
2.87	0.0684060185486728
2.875	0.06827613856718842
2.88	0.06814655427496064
2.885	0.06801726448941671
2.89	0.06788826803402447
2.895	0.06775956373825341
2.9	0.06763115043753015
2.905	0.0675030269731935
2.91	0.06737519219246046
2.915	0.06724764494837623
2.92	0.0671203840997796
2.925	0.06699340851125912
2.9299999999999997	0.06686671705311287
2.935	0.06674030860131051
2.94	0.0666141820374516
2.945	0.06648833624872812
2.95	0.06636277012788298
2.955	0.06623748257317476
2.96	0.0661124724883353
2.965	0.0659877387825365
2.9699999999999998	0.06586328037034811
2.975	0.06573909617170379
2.98	0.06561518511186126
2.985	0.06549154612136793
2.9899999999999998	0.06536817813602343
2.995	0.06524508009684316
3.	0.0651222509500213
3.005	0.06499968964689966
3.01	0.06487739514392725
3.015	0.06475536640262804
3.02	0.06463360238956627
3.025	0.06451210207630954
3.03	0.06439086443939912
3.035	0.06426988846031156
3.04	0.06414917312542784
3.045	0.0640287174259995
3.05	0.06390852035811499
3.0549999999999997	0.06378858092266683
3.06	0.06366889812532069
3.065	0.06354947097648106
3.07	0.06343029849125952
3.075	0.06331137968944509
3.08	0.0631927135954703
3.085	0.06307429923838073
3.09	0.06295613565180426
3.0949999999999998	0.06283822187392044
3.1	0.0627205569474294
3.105	0.06260313991952213
3.11	0.06248596984184949
3.115	0.062369045770493924
3.12	0.062252366765938434
3.125	0.06213593189303764
3.13	0.06201974022099029
3.135	0.06190379082330699
3.14	0.06178808277778475
3.145	0.06167261516647641
3.15	0.06155738707566488
3.155	0.06144239759583079
3.16	0.0613276458216305
3.165	0.061213130851862974
3.17	0.0610988517894461
3.175	0.06098480774138839
3.1799999999999997	0.06087099781876166
3.185	0.06075742113667425
3.19	0.06064407681424503
3.195	0.06053096397457743
3.2	0.060418081744731504
3.205	0.06030542925570028
3.21	0.06019300564238211
3.215	0.06008081004355638
3.2199999999999998	0.059968841601857545
3.225	0.05985709946374974
3.23	0.05974558277950243
3.235	0.05963429070316494
3.24	0.05952322239254289
3.245	0.059412377009172325
3.25	0.05930175371829643
3.255	0.05919135168884068
3.26	0.0590811700933906
3.265	0.058971208108165744
3.27	0.05886146491299779
3.275	0.058751939691306466
3.28	0.05864263163007725
3.285	0.05853353991983604
3.29	0.05842466375462899
3.295	0.0583160023319991
3.3	0.058207554852961335
3.3049999999999997	0.05809932052198439
3.31	0.057991298546964096
3.315	0.057883488139205436
3.32	0.05777588851339722
3.325	0.057668498887591915
3.33	0.0575613184831847
3.335	0.057454346524890856
3.34	0.057347582240724254
3.3449999999999998	0.05724102486197761
3.35	0.05713467362320068
3.355	0.057028527762178545
3.36	0.056922586519913
3.365	0.056816849140600555
3.37	0.0567113148716111
3.375	0.05660598296347033
3.38	0.056500852669837294
3.385	0.05639592324748555
3.39	0.0562911939562831
3.395	0.05618666405917189
3.4	0.05608233282214948
3.405	0.05597819951424961
3.41	0.05587426340752119
3.415	0.05577052377701042
3.42	0.05566697990074257
3.425	0.05556363105970068
3.4299999999999997	0.055460476537809784
3.435	0.055357515621914766
3.44	0.05525474760176538
3.445	0.05515217176999471
3.45	0.05504978742210392
3.455	0.054947593856441525
3.46	0.05484559037418495
3.465	0.05474377627932681
3.4699999999999998	0.05464215087865134
3.475	0.054540713481722396
3.48	0.054439463400860616
3.485	0.054338399951130247
3.49	0.054237522450318376
3.495	0.05413683021892086
3.5	0.05403632258012252
3.505	0.053935998859781176
3.51	0.05383585838641265
3.515	0.053735900491168616
3.52	0.053636124507827176
3.525	0.05353652977277076
3.53	0.05343711562497052
3.535	0.05333788140597251
3.54	0.05323882645987952
3.545	0.05313995013333487
3.55	0.053041251775506074
3.5549999999999997	0.052942730738070314
3.56	0.05284438637519662
3.565	0.05274621804353386
3.5700000000000003	0.052648225102188494
3.575	0.052550406912716535
3.58	0.05245276283910194
3.585	0.052355292247746
3.59	0.052257994507447586
3.5949999999999998	0.05216086898939143
3.5999999999999996	0.05206391506713221
3.605	0.05196713211657738
3.61	0.05187051951597666
3.615	0.05177407664590154
3.62	0.051677802889236193
3.625	0.051581697631158455
3.63	0.051485760259128974
3.635	0.051389990162871726
3.6399999999999997	0.051294386734365476
3.645	0.051198949367824535
3.65	0.051103677459688635
3.6550000000000002	0.05100857040860467
3.66	0.05091362761541739
3.665	0.050818848483150485
3.67	0.05072423241699656
3.675	0.05062977882430001
3.6799999999999997	0.050535487114546654
3.685	0.05044135669934793
3.69	0.05034738699242752
3.6950000000000003	0.05025357740960968
3.7	0.050159927368800906
3.705	0.05006643628998344
3.71	0.04997310359519686
3.715	0.049879928708526956
3.7199999999999998	0.049786911056091995
3.7249999999999996	0.04969405006602959
3.73	0.04960134516848376
3.735	0.04950879579559358
3.74	0.04941640138147796
3.745	0.04932416136222251
3.75	0.049232075175869666
3.755	0.04914014226240556
3.76	0.04904836206374272
3.7649999999999997	0.048956734023715844
3.77	0.04886525758806009
3.775	0.04877393220440758
3.7800000000000002	0.04868275732226751
3.785	0.04859173239301882
3.79	0.04850085686989647
3.795	0.04841013020797854
3.8	0.048319551864174345
3.8049999999999997	0.04822912129721449
3.81	0.04813883796763546
3.815	0.04804870133777219
3.8200000000000003	0.04795871087174015
3.825	0.047868866035430294
3.83	0.04777916629649176
3.835	0.04768961112432355
3.84	0.04760019999006177
3.8449999999999998	0.04751093236656759
3.8499999999999996	0.04742180772841874
3.855	0.04733282555189226
3.86	0.04724398531495963
3.865	0.04715528649726933
3.87	0.047066728580140736
3.875	0.046978311046551785
3.88	0.046890033381122846
3.885	0.04680189507011313
3.8899999999999997	0.04671389560140438
3.895	0.04662603446449198
3.9	0.046538311150472265
3.9050000000000002	0.04645072515203389
3.91	0.046363275963444965
3.915	0.0462759630805447
3.92	0.04618878600072904
3.925	0.04610174422294267
3.9299999999999997	0.04601483724766757
3.935	0.04592806457691012
3.94	0.04584142571419729
3.9450000000000003	0.04575492016455684
3.95	0.04566854743451408
3.955	0.045582307032076066
3.96	0.04549619846672804
3.965	0.045410221249414136
3.9699999999999998	0.04532437489253112
3.9749999999999996	0.04523865890992573
3.98	0.045153072816870116
3.985	0.045067616130061314
3.99	0.04498228836760752
3.995	0.044897089049019345
4.	0.04481201769520007
4.005	0.044727073828434806
4.01	0.04464225697237571
4.015	0.04455756665204379
4.02	0.044473002393805104
4.025	0.04438856372537168
4.03	0.04430425017578621
4.035	0.04422006127541222
4.04	0.04413599655592674
4.045	0.04405205555030653
4.05	0.04396823779282194
4.055	0.043884542819028156
4.0600000000000005	0.04380097016575079
4.0649999999999995	0.04371751937107846
4.07	0.04363418997435438
4.075	0.04355098151616709
4.08	0.0434678935383347
4.085	0.04338492558390602
4.09	0.04330207719714227
4.095	0.043219347923505166
4.1	0.04313673730966339
4.105	0.04305424490346424
4.109999999999999	0.04297187025393285
4.115	0.04288961291126637
4.12	0.04280747242681627
4.125	0.042725448353083464
4.13	0.04264354024371277
4.135	0.04256174765347227
4.14	0.04248007013825753
4.145	0.0423985072550716
4.15	0.042317058562023946
4.155	0.042235723618312744
4.16	0.042154501984222915
4.165	0.04207339322111576
4.17	0.04199239689141232
4.175	0.041911512558595876
4.18	0.04183073978719766
4.1850000000000005	0.04175007814278003
4.1899999999999995	0.04166952719194148
4.195	0.04158908650229933
4.2	0.04150875564247662
4.205	0.04142853418210472
4.21	0.0413484216918042
4.215	0.041268417743181095
4.22	0.04118852190881421
4.225	0.041108733762251
4.23	0.04102905287799015
4.234999999999999	0.04094947883148656
4.24	0.0408700111991259
4.245	0.040790649558227365
4.25	0.04071139348703031
4.255	0.040632242564687816
4.26	0.04055319637125273
4.265	0.04047425448767419
4.27	0.04039541649578458
4.275	0.04031668197829557
4.28	0.04023805051878367
4.285	0.040159521701683666
4.29	0.04008109511228224
4.295	0.04000277033670331
4.3	0.039924546961906095
4.305	0.03984642457567077
4.3100000000000005	0.039768402766591784
4.3149999999999995	0.03969048112406823
4.32	0.0396126592382974
4.325	0.03953493670026254
4.33	0.039457313101725185
4.335	0.03937978803521733
4.34	0.03930236109403428
4.345	0.039225031872214974
4.35	0.03914779996455334
4.355	0.03907066496656894
4.359999999999999	0.03899362647451082
4.365	0.03891668408534165
4.37	0.03883983739673371
4.375	0.03876308600705988
4.38	0.03868642951537888
4.385	0.03860986752143183
4.39	0.038533399625634686
4.395	0.0384570254290637
4.4	0.03838074453345364
4.405	0.03830455654117717
4.41	0.03822846105524889
4.415	0.0381524576793116
4.42	0.03807654601762528
4.425	0.038000725675058265
4.43	0.037924996257082885
4.4350000000000005	0.03784935736976124
4.4399999999999995	0.03777380861973591
4.445	0.03769834961422921
4.45	0.03762297996102367
4.455	0.037547699268457746
4.46	0.0374725071454194
4.465	0.03739740320133308
4.47	0.0373223870461481
4.475	0.03724745829034086
4.48	0.03717261654489102
4.484999999999999	0.03709786142128416
4.49	0.03702319253149608
4.495	0.0369486094879852
4.5	0.036874111903683005
4.505	0.03679969939199206
4.51	0.03672537156675806
4.515	0.03665112804228524
4.52	0.03657696843330734
4.525	0.036502892354988395
4.53	0.03642889942290896
4.535	0.03635498925305914
4.54	0.036281161461830504
4.545	0.036207415665999866
4.55	0.03613375148273094
4.555	0.03606016852955219
4.5600000000000005	0.03598666642435991
4.5649999999999995	0.035913244785395905
4.57	0.03583990323125038
4.575	0.0357666413808424
4.58	0.03569345885341658
4.585	0.035620355268532855
4.59	0.0355473302460492
4.595000000000001	0.03547438340612278
4.6	0.03540151436919429
4.605	0.03532872275597778
4.609999999999999	0.035256008187453405
4.615	0.03518337028485549
4.62	0.03511080866966331
4.625	0.03503832296359041
4.63	0.03496591278857822
4.635	0.03489357776677579
4.640000000000001	0.03482131752054704
4.645	0.03474913167244289
4.65	0.0346770198452001
4.654999999999999	0.03460498166173312
4.66	0.03453301674511459
4.665	0.0344611247185742
4.67	0.03438930520548545
4.675	0.03431755782935095
4.68	0.0342458822137961
4.6850000000000005	0.03417427798256178
4.6899999999999995	0.034102744759485805
4.695	0.034031282168496026
4.7	0.033959889833600404
4.705	0.033888567378876466
4.71	0.03381731442845919
4.715	0.033746130606532095
4.720000000000001	0.0336750155373074
4.725	0.033603968845028434
4.73	0.03353299015395243
4.734999999999999	0.03346207908833468
4.74	0.03339123527242476
4.745	0.03332045833045239
4.75	0.03324974788661521
4.755	0.0331791035650651
4.76	0.03310852498990168
4.765000000000001	0.033038011785157986
4.77	0.03296756357478888
4.775	0.03289717998265986
4.779999999999999	0.03282686063253598
4.785	0.03275660514806334
4.79	0.03268641315276847
4.795	0.03261628427003561
4.8	0.03254621812310194
4.805	0.032476214335043406
4.8100000000000005	0.032406272528756025
4.8149999999999995	0.03233639232695484
4.82	0.032266573352148296
4.825	0.03219681522663934
4.83	0.03212711757250029
4.835	0.03205748001156997
4.84	0.03198790216543354
4.845000000000001	0.03191838365541042
4.85	0.03184892410254531
4.855	0.031779523127594106
4.859999999999999	0.031710180351001045
4.865	0.03164089539290385
4.87	0.03157166787309895
4.875	0.03150249741104607
4.88	0.03143338362583987
4.885	0.03136432613620312
4.890000000000001	0.03129532456047909
4.895	0.031226378516601767
4.9	0.031157487622092212
4.904999999999999	0.031088651494043603
4.91	0.03101986974910401
4.915	0.030951142003461187
4.92	0.030882467872828195
4.925	0.03081384697243276
4.93	0.030745278916996993
4.9350000000000005	0.030676763320720998
4.9399999999999995	0.03060829979727429
4.945	0.030539887959772753
4.95	0.030471527420768137
4.955	0.030403217792229594
4.96	0.03033495868552699
4.965	0.030266749711420203
4.970000000000001	0.030198590480033503
4.975	0.030130480600847193
4.98	0.030062419682677064
4.984999999999999	0.02999440733365561
4.99	0.029926443161227008
4.995	0.029858526772108044
5.	0.029790657772293113
5.005	0.029722835767022334
5.01	0.029655060360769918
5.015000000000001	0.029587331157222646
5.02	0.0295196477592691
5.025	0.029452009768967554
5.029999999999999	0.029384416787545053
5.035	0.029316868415361554
5.04	0.029249364251907755
5.045	0.029181903895766494
5.05	0.029114486944613677
5.055	0.029047112995184414
5.0600000000000005	0.028979781643259178
5.0649999999999995	0.028912492483641788
5.07	0.02884524511014124
5.075	0.028778039115549818
5.08	0.02871087409161863
5.085	0.028643749629049673
5.09	0.02857666531745473
5.095000000000001	0.028509620745352113
5.1	0.028442615500135222
5.105	0.028375649168048214
5.109999999999999	0.028308721334177743
5.115	0.028241831582414455
5.12	0.028174979495436094
5.125	0.028108164654692045
5.13	0.02804138664036301
5.135	0.027974645031355286
5.14	0.027907939405267458
5.145	0.027841269338363187
5.15	0.027774634405558607
5.155	0.02770803418038338
5.16	0.027641468234963443
5.165	0.027574936139997737
5.17	0.027508437464724075
5.175	0.02744197177689953
5.18	0.027375538642772635
5.185	0.027309137627057053
5.19	0.027242768292897672
5.195	0.027176430201853802
5.2	0.027110122913865508
5.205	0.027043845987220413
5.21	0.026977598978537107
5.215	0.026911381442725757
5.22	0.02684519293295775
5.225	0.026779033000648836
5.23	0.026712901195412555
5.235	0.02664679706503837
5.24	0.02658072015546104
5.245	0.02651467001072274
5.25	0.026448646172948627
5.255	0.02638264818230897
5.26	0.026316675576986245
5.265	0.02625072789314481
5.27	0.026184804664895766
5.275	0.026118905424259136
5.28	0.026053029701133757
5.285	0.025987177023258617
5.29	0.02592134691617851
5.295	0.025855538903206784
5.3	0.02578975250538515
5.305	0.0257239872414523
5.31	0.02565824262780497
5.315	0.02559251817844593
5.32	0.025526813404967198
5.325	0.0254611278164902
5.33	0.025395460919634676
5.335	0.02532981221847664
5.34	0.025264181214507325
5.345	0.02519856740658035
5.35	0.025132970290887437
5.355	0.02506738936089293
5.36	0.025001824107310455
5.365	0.024936274018039283
5.37	0.02487073857812938
5.375	0.024805217269730017
5.38	0.02473970957204337
5.385	0.024674214961277523
5.39	0.024608732910594663
5.395	0.02454326289006316
5.4	0.0244778043666068
5.405	0.024412356803948012
5.41	0.02434691966256501
5.415	0.024281492399632232
5.42	0.02421607446896297
5.425	0.0241506653209618
5.43	0.024085264402566437
5.435	0.024019871157185825
5.44	0.023954485024643785
5.445	0.023889105441125474
5.45	0.023823731839111878
5.455	0.023758363647316722
5.46	0.023693000290635383
5.465	0.023627641190065746
5.47	0.0235622857626535
5.475	0.02349693342142791
5.48	0.023431583575331268
5.485	0.023366235629144378
5.49	0.023300888983436928
5.495	0.023235543034478414
5.5	0.023170197174168114
5.505	0.02310485078997402
5.51	0.023039503264846453
5.515	0.022974153977151447
5.52	0.022908802300582953
5.525	0.02284344760409814
5.53	0.02277808925182173
5.535	0.022712726602979738
5.54	0.022647359011800056
5.545	0.02258198582744458
5.55	0.022516606393911988
5.555	0.022451220049950763
5.56	0.02238582612897455
5.565	0.02232042395896588
5.57	0.02225501286238708
5.575	0.022189592156076788
5.58	0.022124161151164435
5.585	0.02205871915296602
5.59	0.021993265460884
5.595	0.02192779936829984
5.6	0.021862320162476176
5.605	0.02179682712444456
5.61	0.021731319528903375
5.615	0.02166579664409949
5.62	0.021600257731713816
5.625	0.02153470204675256
5.63	0.02146912883742302
5.635	0.021403537345015298
5.64	0.021337926803777794
5.645	0.02127229644078859
5.65	0.02120664547583828
5.655	0.02114097312127822
5.66	0.021075278581909638
5.665	0.021009561054828617
5.67	0.020943819729294377
5.675	0.020878053786585957
5.68	0.02081226239985451
5.6850000000000005	0.020746444733971685
5.69	0.020680599945386208
5.695	0.020614727181956262
5.7	0.020548825582796117
5.705	0.02048289427811546
5.71	0.020416932389042547
5.715	0.02035093902747249
5.72	0.020284913295872276
5.725	0.020218854287115437
5.73	0.020152761084295878
5.735	0.020086632760541064
5.74	0.02002046837882415
5.745	0.019954266991762493
5.75	0.019888027641425172
5.755	0.01982174935912387
5.76	0.01975543116520617
5.765	0.01968907206883647
5.77	0.0196226710677822
5.775	0.01955622714818713
5.78	0.019489739284337844
5.785	0.019423206438434693
5.79	0.01935662756034292
5.795	0.019290001587349496
5.8	0.019223327443910594
5.805	0.01915660404138742
5.8100000000000005	0.0190898302777833
5.815	0.0190230050374662
5.82	0.01895612719089636
5.825	0.018889195594331377
5.83	0.01882220908953396
5.835	0.01875516650347381
5.84	0.018688066648012064
5.845	0.018620908319585742
5.85	0.018553690298882278
5.855	0.01848641135050349
5.86	0.01841907022262089
5.865	0.018351665646625066
5.87	0.01828419633676086
5.875	0.018216660989755735
5.88	0.018149058284440574
5.885	0.01808138688134957
5.89	0.01801364542232415
5.895	0.01794583253009579
5.9	0.01787794680785719
5.905	0.01780998683882604
5.91	0.017741951185794726
5.915	0.01767383839066738
5.92	0.01760564697398095
5.925	0.01753737543441688
5.93	0.017469022248295746
5.9350000000000005	0.017400585869059484
5.94	0.01733206472673436
5.945	0.017263457227383816
5.95	0.017194761752540116
5.955	0.017125976658620097
5.96	0.017057100276327
5.965	0.016988130910031787
5.97	0.016919066837128603
5.975	0.016849906307386437
5.98	0.01678064754226485
5.985	0.016711288734217098
5.99	0.016641828045969035
5.995	0.016572263609776663
6.	0.016502593526656804
6.005	0.01643281586559756
6.01	0.016362928662736788
6.015	0.016292929920527638
6.02	0.016222817606854963
6.025	0.016152589654144664
6.03	0.01608224395842935
6.035	0.016011778378390698
6.04	0.015941190734360355
6.045	0.01587047880729938
6.05	0.015799640337734663
6.055	0.01572867302465469
6.0600000000000005	0.015657574524380855
6.065	0.015586342449386994
6.07	0.015514974367081966
6.075	0.015443467798547167
6.08	0.015371820217231555
6.085	0.015300029047601946
6.09	0.015228091663732488
6.095	0.015156005387857737
6.1	0.015083767488860396
6.105	0.015011375180712732
6.11	0.014938825620846693
6.115	0.014866115908475983
6.12	0.014793243082845811
6.125	0.014720204121415956
6.13	0.014646995937976427
6.135	0.014573615380686739
6.140000000000001	0.01450005923003776
6.145	0.014426324196732022
6.15	0.014352406919483415
6.155	0.014278303962719013
6.16	0.01420401181419543
6.165	0.014129526882510271
6.17	0.014054845494513605
6.175	0.013979963892610078
6.18	0.013904878231942941
6.1850000000000005	0.013829584577462832
6.1899999999999995	0.013754078900865664
6.195	0.013678357077397467
6.2	0.013602414882518924
6.205	0.0135262479884225
6.21	0.01344985196038741
6.215	0.013373222252978023
6.22	0.013296354206058136
6.225	0.013219243040625772
6.23	0.013141883854453919
6.235	0.013064271617519737
6.24	0.012986401167219141
6.245	0.012908267203349416
6.25	0.012829864282844938
6.255	0.012751186814253175
6.26	0.012672229051938242
6.265000000000001	0.012592985089984871
6.27	0.01251344885579744
6.275	0.012433614103365414
6.28	0.012353474406175808
6.285	0.012273023149752595
6.29	0.012192253523799362
6.295	0.012111158513909336
6.3	0.012029730892831126
6.305	0.011947963211241525
6.3100000000000005	0.011865847788003255
6.3149999999999995	0.011783376699873668
6.32	0.011700541770612517
6.325	0.011617334559462074
6.33	0.011533746348942461
6.335	0.01144976813191713
6.34	0.011365390597879103
6.345	0.011280604118383976
6.35	0.011195398731589742
6.355	0.011109764125804002
6.36	0.011023689621988667
6.365	0.010937164155125014
6.37	0.010850176254345723
6.375	0.010762714021745997
6.38	0.01067476510974745
6.385	0.010586316696903533
6.390000000000001	0.010497355462017795
6.395	0.010407867556415425
6.4	0.010317838574214684
6.405	0.010227253520405658
6.41	0.01013609677657151
6.415	0.010044352063983108
6.42	0.009952002403862313
6.425	0.009859030074522162
6.43	0.00976541656507638
6.4350000000000005	0.009671142525402326
6.4399999999999995	0.009576187711937486
6.445	0.00948053092892706
6.45	0.009384149964608032
6.455	0.009287021521809555
6.46	0.009189121142339917
6.465	0.00909042312451108
6.47	0.008990900432962919
6.475	0.008890524599937121
6.48	0.008789265616982152
6.485	0.008687091815905136
6.49	0.00858396973767158
6.495	0.008479863987732492
6.5	0.008374737075946785
6.505	0.008268549239185775
6.51	0.008161258244123774
6.515000000000001	0.008052819167553727
6.52	0.007943184150986347
6.525	0.007832302125726293
6.53	0.0077201185040016735
6.535	0.0076065748309083496
6.54	0.007491608390839658
6.545	0.00737515176100791
6.55	0.007257132303052866
6.555	0.007137471581892121
6.5600000000000005	0.007016084698776229
6.5649999999999995	0.006892879522426692
6.57	0.0067677557986584565
6.575	0.006640604114156924
6.58	0.006511304684077231
6.585	0.0063797259254915455
6.59	0.00624572276855906
6.595	0.006109134644043862
6.6	0.005969783067954994
6.605	0.005827468720212037
6.61	0.005681967881617012
6.615	0.005533028047839285
6.62	0.005380362475818606
6.625	0.005223643326687669
6.63	0.005062492937097093
6.635	0.004896472554283917
6.640000000000001	0.0047250675719750996
6.645	0.004547667839644705
6.65	0.0043635408745499584
6.655	0.00417179457583902
6.66	0.0039713239290508255
6.665	0.0037607324043581816
6.67	0.003538211607758094
6.675	0.0033013484030012647
6.68	0.003046797660594718
6.6850000000000005	0.0027696847508406125
6.6899999999999995	0.002462401742155907
6.695	0.002111816835360552
6.7	0.0016912084073812978
6.705	0.0011245697901191402
6.71	0.
6.715	0.
6.72	0.
6.725	0.
6.73	0.
6.735	0.
6.74	0.
6.745	0.
6.75	0.
6.755	0.
6.76	0.
6.765000000000001	0.
6.77	0.
6.775	0.
6.78	0.
6.785	0.
6.79	0.
6.795	0.
6.8	0.
6.805	0.
6.8100000000000005	0.
6.8149999999999995	0.
6.82	0.
6.825	0.
6.83	0.
6.835	0.
6.84	0.
6.845	0.
6.85	0.
6.855	0.
6.86	0.
6.865	0.
6.87	0.
6.875	0.
6.88	0.
6.885	0.
6.890000000000001	0.
6.895	0.
6.9	0.
6.905	0.
6.91	0.
6.915	0.
6.92	0.
6.925	0.
6.93	0.
6.9350000000000005	0.
6.9399999999999995	0.
6.945	0.
6.95	0.
6.955	0.
6.96	0.
6.965	0.
6.97	0.
6.975	0.
6.98	0.
6.985	0.
6.99	0.
6.995	0.
7.	0.
7.005	0.
7.01	0.
7.015000000000001	0.
7.02	0.
7.025	0.
7.03	0.
7.035	0.
7.04	0.
7.045	0.
7.05	0.
7.055	0.
7.0600000000000005	0.
7.0649999999999995	0.
7.07	0.
7.075	0.
7.08	0.
7.085	0.
7.09	0.
7.095	0.
7.1	0.
7.105	0.
7.11	0.
7.115	0.
7.12	0.
7.125	0.
7.13	0.
7.135	0.
7.140000000000001	0.
7.145	0.
7.15	0.
7.155	0.
7.16	0.
7.165	0.
7.17	0.
7.175	0.
7.18	0.
7.1850000000000005	0.
7.1899999999999995	0.
7.195	0.
7.2	0.
7.205	0.
7.21	0.
7.215	0.
7.220000000000001	0.
7.225	0.
7.23	0.
7.234999999999999	0.
7.24	0.
7.245	0.
7.25	0.
7.255	0.
7.26	0.
7.265000000000001	0.
7.27	0.
7.275	0.
7.28	0.
7.285	0.
7.29	0.
7.295	0.
7.300000000000001	0.
7.305	0.
7.3100000000000005	0.
7.3149999999999995	0.
7.32	0.
7.325	0.
7.33	0.
7.335	0.
7.34	0.
7.345000000000001	0.
7.35	0.
7.355	0.
7.359999999999999	0.
7.365	0.
7.37	0.
7.375	0.
7.38	0.
7.385	0.
7.390000000000001	0.
7.395	0.
7.4	0.
7.405	0.
7.41	0.
7.415	0.
7.42	0.
7.425000000000001	0.
7.43	0.
7.4350000000000005	0.
7.4399999999999995	0.
7.445	0.
7.45	0.
7.455	0.
7.46	0.
7.465	0.
7.470000000000001	0.
7.475	0.
7.48	0.
7.484999999999999	0.
7.49	0.
7.495	0.
7.5	0.
7.505	0.
7.51	0.
7.515000000000001	0.
7.52	0.
7.525	0.
7.53	0.
7.535	0.
7.54	0.
7.545	0.
7.550000000000001	0.
7.555	0.
7.5600000000000005	0.
7.5649999999999995	0.
7.57	0.
7.575	0.
7.58	0.
7.585	0.
7.59	0.
7.595000000000001	0.
7.6	0.
7.605	0.
7.609999999999999	0.
7.615	0.
7.62	0.
7.625	0.
7.63	0.
7.635	0.
7.640000000000001	0.
7.645	0.
7.65	0.
7.655	0.
7.66	0.
7.665	0.
7.67	0.
7.675000000000001	0.
7.68	0.
7.685	0.
7.6899999999999995	0.
7.694999999999999	0.
7.699999999999999	0.
7.704999999999999	0.
7.71	0.
7.715	0.
7.72	0.
7.725	0.
7.7299999999999995	0.
7.734999999999999	0.
7.739999999999999	0.
7.744999999999999	0.
7.75	0.
7.755	0.
7.76	0.
7.765	0.
7.77	0.
7.7749999999999995	0.
7.779999999999999	0.
7.784999999999999	0.
7.79	0.
7.795	0.
7.8	0.
7.805	0.
7.81	0.
7.8149999999999995	0.
7.819999999999999	0.
7.824999999999999	0.
7.829999999999999	0.
7.835	0.
7.84	0.
7.845	0.
7.85	0.
7.8549999999999995	0.
7.859999999999999	0.
7.864999999999999	0.
7.869999999999999	0.
7.875	0.
7.88	0.
7.885	0.
7.89	0.
7.895	0.
7.8999999999999995	0.
7.904999999999999	0.
7.909999999999999	0.
7.915	0.
7.92	0.
7.925	0.
7.93	0.
7.935	0.
7.9399999999999995	0.
7.944999999999999	0.
7.949999999999999	0.
7.955	0.
7.96	0.
7.965	0.
7.97	0.
7.975	0.
7.9799999999999995	0.
7.984999999999999	0.
7.989999999999999	0.
7.994999999999999	0.
8.	0.
8.004999999999999	0.
8.01	0.
8.014999999999999	0.
8.02	0.
8.025	0.
8.03	0.
8.035	0.
8.04	0.
8.045	0.
8.049999999999999	0.
8.055	0.
8.059999999999999	0.
8.065	0.
8.07	0.
8.075	0.
8.08	0.
8.084999999999999	0.
8.09	0.
8.094999999999999	0.
8.1	0.
8.105	0.
8.11	0.
8.115	0.
8.12	0.
8.125	0.
8.129999999999999	0.
8.135	0.
8.139999999999999	0.
8.145	0.
8.15	0.
8.155	0.
8.16	0.
8.165	0.
8.17	0.
8.174999999999999	0.
8.18	0.
8.184999999999999	0.
8.19	0.
8.195	0.
8.2	0.
8.205	0.
8.209999999999999	0.
8.215	0.
8.219999999999999	0.
8.225	0.
8.23	0.
8.235	0.
8.24	0.
8.245	0.
8.25	0.
8.254999999999999	0.
8.26	0.
8.264999999999999	0.
8.27	0.
8.275	0.
8.28	0.
8.285	0.
8.29	0.
8.295	0.
8.299999999999999	0.
8.305	0.
8.309999999999999	0.
8.315	0.
8.32	0.
8.325	0.
8.33	0.
8.334999999999999	0.
8.34	0.
8.344999999999999	0.
8.35	0.
8.355	0.
8.36	0.
8.365	0.
8.37	0.
8.375	0.
8.379999999999999	0.
8.385	0.
8.389999999999999	0.
8.395	0.
8.4	0.
8.405	0.
8.41	0.
8.415	0.
8.42	0.
8.424999999999999	0.
8.43	0.
8.434999999999999	0.
8.44	0.
8.445	0.
8.45	0.
8.455	0.
8.459999999999999	0.
8.465	0.
8.469999999999999	0.
8.475	0.
8.48	0.
8.485	0.
8.49	0.
8.495	0.
8.5	0.
8.504999999999999	0.
8.51	0.
8.515	0.
8.52	0.
8.525	0.
8.53	0.
8.535	0.
8.54	0.
8.545	0.
8.549999999999999	0.
8.555	0.
8.559999999999999	0.
8.565	0.
8.57	0.
8.575	0.
8.58	0.
8.584999999999999	0.
8.59	0.
8.594999999999999	0.
8.6	0.
8.605	0.
8.61	0.
8.615	0.
8.62	0.
8.625	0.
8.629999999999999	0.
8.635	0.
8.64	0.
8.645	0.
8.65	0.
8.655	0.
8.66	0.
8.665	0.
8.67	0.
8.674999999999999	0.
8.68	0.
8.684999999999999	0.
8.69	0.
8.695	0.
8.7	0.
8.705	0.
8.709999999999999	0.
8.715	0.
8.719999999999999	0.
8.725	0.
8.73	0.
8.735	0.
8.74	0.
8.745	0.
8.75	0.
8.754999999999999	0.
8.76	0.
8.765	0.
8.77	0.
8.775	0.
8.78	0.
8.785	0.
8.79	0.
8.795	0.
8.799999999999999	0.
8.805	0.
8.809999999999999	0.
8.815	0.
8.82	0.
8.825	0.
8.83	0.
8.834999999999999	0.
8.84	0.
8.844999999999999	0.
8.85	0.
8.855	0.
8.86	0.
8.865	0.
8.87	0.
8.875	0.
8.879999999999999	0.
8.885	0.
8.89	0.
8.895	0.
8.9	0.
8.905	0.
8.91	0.
8.915	0.
8.92	0.
8.924999999999999	0.
8.93	0.
8.934999999999999	0.
8.94	0.
8.945	0.
8.95	0.
8.955	0.
8.959999999999999	0.
8.965	0.
8.969999999999999	0.
8.975	0.
8.98	0.
8.985	0.
8.99	0.
8.995	0.
9.	0.
9.004999999999999	0.
9.01	0.
9.015	0.
9.02	0.
9.025	0.
9.03	0.
9.035	0.
9.04	0.
9.045	0.
9.049999999999999	0.
9.055	0.
9.059999999999999	0.
9.065	0.
9.07	0.
9.075	0.
9.08	0.
9.084999999999999	0.
9.09	0.
9.094999999999999	0.
9.1	0.
9.105	0.
9.11	0.
9.115	0.
9.12	0.
9.125	0.
9.129999999999999	0.
9.135	0.
9.14	0.
9.145	0.
9.15	0.
9.155	0.
9.16	0.
9.165	0.
9.17	0.
9.174999999999999	0.
9.18	0.
9.184999999999999	0.
9.19	0.
9.195	0.
9.2	0.
9.205	0.
9.209999999999999	0.
9.215	0.
9.219999999999999	0.
9.225	0.
9.23	0.
9.235	0.
9.24	0.
9.245	0.
9.25	0.
9.254999999999999	0.
9.26	0.
9.265	0.
9.27	0.
9.275	0.
9.28	0.
9.285	0.
9.29	0.
9.295	0.
9.299999999999999	0.
9.305	0.
9.309999999999999	0.
9.315	0.
9.32	0.
9.325	0.
9.33	0.
9.334999999999999	0.
9.34	0.
9.344999999999999	0.
9.35	0.
9.355	0.
9.36	0.
9.365	0.
9.37	0.
9.375	0.
9.379999999999999	0.
9.385	0.
9.39	0.
9.395	0.
9.4	0.
9.405	0.
9.41	0.
9.415	0.
9.42	0.
9.424999999999999	0.
9.43	0.
9.434999999999999	0.
9.44	0.
9.445	0.
9.45	0.
9.455	0.
9.459999999999999	0.
9.465	0.
9.469999999999999	0.
9.475	0.
9.48	0.
9.485	0.
9.49	0.
9.495	0.
9.5	0.
9.504999999999999	0.
9.51	0.
9.515	0.
9.52	0.
9.525	0.
9.53	0.
9.535	0.
9.54	0.
9.545	0.
9.549999999999999	0.
9.555	0.
9.559999999999999	0.
9.565	0.
9.57	0.
9.575	0.
9.58	0.
9.584999999999999	0.
9.59	0.
9.594999999999999	0.
9.6	0.
9.605	0.
9.61	0.
9.615	0.
9.62	0.
9.625	0.
9.629999999999999	0.
9.635	0.
9.64	0.
9.645	0.
9.65	0.
9.655	0.
9.66	0.
9.665	0.
9.67	0.
9.674999999999999	0.
9.68	0.
9.684999999999999	0.
9.69	0.
9.695	0.
9.7	0.
9.705	0.
9.709999999999999	0.
9.715	0.
9.719999999999999	0.
9.725	0.
9.73	0.
9.735	0.
9.74	0.
9.745	0.
9.75	0.
9.754999999999999	0.
9.76	0.
9.765	0.
9.77	0.
9.774999999999999	0.
9.78	0.
9.785	0.
9.79	0.
9.795	0.
9.8	0.
9.805	0.
9.809999999999999	0.
9.815	0.
9.82	0.
9.825	0.
9.83	0.
9.834999999999999	0.
9.84	0.
9.844999999999999	0.
9.85	0.
9.855	0.
9.86	0.
9.865	0.
9.87	0.
9.875	0.
9.879999999999999	0.
9.885	0.
9.89	0.
9.895	0.
9.899999999999999	0.
9.905	0.
9.91	0.
9.915	0.
9.92	0.
9.925	0.
9.93	0.
9.934999999999999	0.
9.94	0.
9.945	0.
9.95	0.
9.955	0.
9.959999999999999	0.
9.965	0.
9.969999999999999	0.
9.975	0.
9.98	0.
9.985	0.
9.99	0.
9.995	0.
10.	0.
10.004999999999999	0.
10.01	0.
10.015	0.
10.02	0.
10.024999999999999	0.
10.03	0.
10.035	0.
10.04	0.
10.045	0.
10.05	0.
10.055	0.
10.059999999999999	0.
10.065	0.
10.07	0.
10.075	0.
10.08	0.
10.084999999999999	0.
10.09	0.
10.094999999999999	0.
10.1	0.
10.105	0.
10.11	0.
10.115	0.
10.12	0.
10.125	0.
10.129999999999999	0.
10.135	0.
10.14	0.
10.145	0.
10.149999999999999	0.
10.155	0.
10.16	0.
10.165	0.
10.17	0.
10.175	0.
10.18	0.
10.184999999999999	0.
10.19	0.
10.195	0.
10.2	0.
10.205	0.
10.209999999999999	0.
10.215	0.
10.219999999999999	0.
10.225	0.
10.23	0.
10.235	0.
10.24	0.
10.245000000000001	0.
10.250000000000002	0.
10.255	0.
10.260000000000002	0.
10.265	0.
10.270000000000001	0.
10.275	0.
10.280000000000001	0.
10.285	0.
10.290000000000001	0.
10.295000000000002	0.
10.3	0.
10.305000000000001	0.
10.31	0.
10.315000000000001	0.
10.32	0.
10.325000000000001	0.
10.330000000000002	0.
10.335	0.
10.340000000000002	0.
10.345	0.
10.350000000000001	0.
10.355	0.
10.360000000000001	0.
10.365	0.
10.370000000000001	0.
10.375000000000002	0.
10.38	0.
10.385000000000002	0.
10.39	0.
10.395000000000001	0.
10.4	0.
10.405000000000001	0.
10.41	0.
10.415000000000001	0.
10.420000000000002	0.
10.425	0.
10.430000000000001	0.
10.435	0.
10.440000000000001	0.
10.445	0.
10.450000000000001	0.
10.455000000000002	0.
10.46	0.
10.465000000000002	0.
10.47	0.
10.475000000000001	0.
10.48	0.
10.485000000000001	0.
10.49	0.
10.495000000000001	0.
10.500000000000002	0.
10.505	0.
10.510000000000002	0.
10.515	0.
10.520000000000001	0.
10.525	0.
10.530000000000001	0.
10.535	0.
10.540000000000001	0.
10.545000000000002	0.
10.55	0.
10.555000000000001	0.
10.56	0.
10.565000000000001	0.
10.57	0.
10.575000000000001	0.
10.580000000000002	0.
10.585	0.
10.590000000000002	0.
10.595	0.
10.600000000000001	0.
10.605	0.
10.610000000000001	0.
10.615	0.
10.620000000000001	0.
10.625000000000002	0.
10.63	0.
10.635000000000002	0.
10.64	0.
10.645000000000001	0.
10.65	0.
10.655000000000001	0.
10.66	0.
10.665000000000001	0.
10.670000000000002	0.
10.675	0.
10.680000000000001	0.
10.685	0.
10.690000000000001	0.
10.695	0.
10.700000000000001	0.
10.705000000000002	0.
10.71	0.
10.715000000000002	0.
10.72	0.
10.725000000000001	0.
10.73	0.
10.735000000000001	0.
10.74	0.
10.745000000000001	0.
10.750000000000002	0.
10.755	0.
10.760000000000002	0.
10.765	0.
10.770000000000001	0.
10.775	0.
10.780000000000001	0.
10.785	0.
10.790000000000001	0.
10.795000000000002	0.
10.8	0.
10.805000000000001	0.
10.81	0.
10.815000000000001	0.
10.82	0.
10.825000000000001	0.
10.830000000000002	0.
10.835	0.
10.840000000000002	0.
10.845	0.
10.850000000000001	0.
10.855	0.
10.860000000000001	0.
10.865	0.
10.870000000000001	0.
10.875000000000002	0.
10.88	0.
10.885000000000002	0.
10.89	0.
10.895000000000001	0.
10.9	0.
10.905000000000001	0.
10.91	0.
10.915000000000001	0.
10.920000000000002	0.
10.925	0.
10.930000000000001	0.
10.935	0.
10.940000000000001	0.
10.945	0.
10.950000000000001	0.
10.955000000000002	0.
10.96	0.
10.965000000000002	0.
10.97	0.
10.975000000000001	0.
10.98	0.
10.985000000000001	0.
10.99	0.
10.995000000000001	0.
11.000000000000002	0.
11.005	0.
11.010000000000002	0.
11.015	0.
11.020000000000001	0.
11.025	0.
11.030000000000001	0.
11.035	0.
11.040000000000001	0.
11.045000000000002	0.
11.05	0.
11.055000000000001	0.
11.06	0.
11.065000000000001	0.
11.07	0.
11.075000000000001	0.
11.080000000000002	0.
11.085	0.
11.090000000000002	0.
11.095	0.
11.100000000000001	0.
11.105	0.
11.110000000000001	0.
11.115	0.
11.120000000000001	0.
11.125000000000002	0.
11.13	0.
11.135000000000002	0.
11.14	0.
11.145000000000001	0.
11.15	0.
11.155000000000001	0.
11.16	0.
11.165000000000001	0.
11.170000000000002	0.
11.175	0.
11.180000000000001	0.
11.185	0.
11.190000000000001	0.
11.195	0.
11.200000000000001	0.
11.205000000000002	0.
11.21	0.
11.215000000000002	0.
11.22	0.
11.225000000000001	0.
11.23	0.
11.235000000000001	0.
11.24	0.
11.245000000000001	0.
11.250000000000002	0.
11.255	0.
11.260000000000002	0.
11.265	0.
11.270000000000001	0.
11.275	0.
11.280000000000001	0.
11.285	0.
11.290000000000001	0.
11.295000000000002	0.
11.3	0.
11.305000000000001	0.
11.31	0.
11.315000000000001	0.
11.32	0.
11.325000000000001	0.
11.330000000000002	0.
11.335	0.
11.340000000000002	0.
11.345	0.
11.350000000000001	0.
11.355	0.
11.360000000000001	0.
11.365000000000002	0.
11.370000000000001	0.
11.375000000000002	0.
11.38	0.
11.385000000000002	0.
11.39	0.
11.395000000000001	0.
11.4	0.
11.405000000000001	0.
11.41	0.
11.415000000000001	0.
11.420000000000002	0.
11.425	0.
11.430000000000001	0.
11.435	0.
11.440000000000001	0.
11.445	0.
11.450000000000001	0.
11.455000000000002	0.
11.46	0.
11.465000000000002	0.
11.47	0.
11.475000000000001	0.
11.48	0.
11.485000000000001	0.
11.490000000000002	0.
11.495000000000001	0.
11.500000000000002	0.
11.505	0.
11.510000000000002	0.
11.515	0.
11.520000000000001	0.
11.525	0.
11.530000000000001	0.
11.535	0.
11.540000000000001	0.
11.545000000000002	0.
11.55	0.
11.555000000000001	0.
11.56	0.
11.565000000000001	0.
11.57	0.
11.575000000000001	0.
11.580000000000002	0.
11.585	0.
11.590000000000002	0.
11.595	0.
11.600000000000001	0.
11.605	0.
11.610000000000001	0.
11.615000000000002	0.
11.620000000000001	0.
11.625000000000002	0.
11.63	0.
11.635000000000002	0.
11.64	0.
11.645000000000001	0.
11.65	0.
11.655000000000001	0.
11.66	0.
11.665000000000001	0.
11.670000000000002	0.
11.675	0.
11.680000000000001	0.
11.685	0.
11.690000000000001	0.
11.695	0.
11.700000000000001	0.
11.705000000000002	0.
11.71	0.
11.715000000000002	0.
11.72	0.
11.725000000000001	0.
11.73	0.
11.735000000000001	0.
11.740000000000002	0.
11.745000000000001	0.
11.750000000000002	0.
11.755	0.
11.760000000000002	0.
11.765	0.
11.770000000000001	0.
11.775	0.
11.780000000000001	0.
11.785	0.
11.790000000000001	0.
11.795000000000002	0.
11.8	0.
11.805000000000001	0.
11.81	0.
11.815000000000001	0.
11.82	0.
11.825000000000001	0.
11.830000000000002	0.
11.835	0.
11.840000000000002	0.
11.845	0.
11.850000000000001	0.
11.855	0.
11.860000000000001	0.
11.865000000000002	0.
11.870000000000001	0.
11.875000000000002	0.
11.88	0.
11.885000000000002	0.
11.89	0.
11.895000000000001	0.
11.9	0.
11.905000000000001	0.
11.91	0.
11.915000000000001	0.
11.920000000000002	0.
11.925	0.
11.930000000000001	0.
11.935	0.
11.940000000000001	0.
11.945	0.
11.950000000000001	0.
11.955000000000002	0.
11.96	0.
11.965000000000002	0.
11.97	0.
11.975000000000001	0.
11.98	0.
11.985000000000001	0.
11.990000000000002	0.
11.995000000000001	0.
12.000000000000002	0.
12.005	0.
12.010000000000002	0.
12.015	0.
12.020000000000001	0.
12.025	0.
12.030000000000001	0.
12.035	0.
12.040000000000001	0.
12.045000000000002	0.
12.05	0.
12.055000000000001	0.
12.06	0.
12.065000000000001	0.
12.07	0.
12.075000000000001	0.
12.080000000000002	0.
12.085	0.
12.090000000000002	0.
12.095	0.
12.100000000000001	0.
12.105	0.
12.110000000000001	0.
12.115000000000002	0.
12.120000000000001	0.
12.125000000000002	0.
12.13	0.
12.135000000000002	0.
12.14	0.
12.145000000000001	0.
12.15	0.
12.155000000000001	0.
12.16	0.
12.165000000000001	0.
12.170000000000002	0.
12.175	0.
12.180000000000001	0.
12.185	0.
12.190000000000001	0.
12.195	0.
12.200000000000001	0.
12.205000000000002	0.
12.21	0.
12.215000000000002	0.
12.22	0.
12.225000000000001	0.
12.23	0.
12.235000000000001	0.
12.240000000000002	0.
12.245000000000001	0.
12.25	0.
12.255	0.
12.260000000000002	0.
12.265	0.
12.270000000000001	0.
12.275000000000002	0.
12.280000000000001	0.
12.285	0.
12.290000000000001	0.
12.295000000000002	0.
12.3	0.
12.305000000000001	0.
12.31	0.
12.315000000000001	0.
12.32	0.
12.325000000000001	0.
12.330000000000002	0.
12.335	0.
12.340000000000002	0.
12.345	0.
12.350000000000001	0.
12.355	0.
12.360000000000001	0.
12.365000000000002	0.
12.370000000000001	0.
12.375	0.
12.38	0.
12.385000000000002	0.
12.39	0.
12.395000000000001	0.
12.400000000000002	0.
12.405000000000001	0.
12.41	0.
12.415000000000001	0.
12.420000000000002	0.
12.425	0.
12.430000000000001	0.
12.435	0.
12.440000000000001	0.
12.445	0.
12.450000000000001	0.
12.455000000000002	0.
12.46	0.
12.465000000000002	0.
12.47	0.
12.475000000000001	0.
12.48	0.
12.485000000000001	0.
12.490000000000002	0.
12.495000000000001	0.
12.5	0.
12.505	0.
12.510000000000002	0.
12.515	0.
12.520000000000001	0.
12.525000000000002	0.
12.530000000000001	0.
12.535	0.
12.540000000000001	0.
12.545000000000002	0.
12.55	0.
12.555000000000001	0.
12.56	0.
12.565000000000001	0.
12.57	0.
12.575000000000001	0.
12.580000000000002	0.
12.585	0.
12.590000000000002	0.
12.595	0.
12.600000000000001	0.
12.605	0.
12.610000000000001	0.
12.615000000000002	0.
12.620000000000001	0.
12.625	0.
12.63	0.
12.635000000000002	0.
12.64	0.
12.645000000000001	0.
12.650000000000002	0.
12.655000000000001	0.
12.66	0.
12.665000000000001	0.
12.670000000000002	0.
12.675	0.
12.680000000000001	0.
12.685	0.
12.690000000000001	0.
12.695	0.
12.700000000000001	0.
12.705000000000002	0.
12.71	0.
12.715000000000002	0.
12.72	0.
12.725000000000001	0.
12.73	0.
12.735000000000001	0.
12.740000000000002	0.
12.745000000000001	0.
12.75	0.
12.755	0.
12.760000000000002	0.
12.765	0.
12.770000000000001	0.
12.775000000000002	0.
12.780000000000001	0.
12.785	0.
12.790000000000001	0.
12.795000000000002	0.
12.8	0.
12.805000000000001	0.
12.810000000000002	0.
12.815000000000001	0.
12.820000000000002	0.
12.825000000000001	0.
12.830000000000002	0.
12.835	0.
12.840000000000002	0.
12.845	0.
12.850000000000001	0.
12.855000000000002	0.
12.860000000000001	0.
12.865000000000002	0.
12.870000000000001	0.
12.875000000000002	0.
12.88	0.
12.885000000000002	0.
12.890000000000002	0.
12.895000000000001	0.
12.900000000000002	0.
12.905000000000001	0.
12.910000000000002	0.
12.915000000000001	0.
12.920000000000002	0.
12.925	0.
12.930000000000001	0.
12.935000000000002	0.
12.940000000000001	0.
12.945000000000002	0.
12.950000000000001	0.
12.955000000000002	0.
12.96	0.
12.965000000000002	0.
12.97	0.
12.975000000000001	0.
12.980000000000002	0.
12.985000000000001	0.
12.990000000000002	0.
12.995000000000001	0.
13.000000000000002	0.
13.005	0.
13.010000000000002	0.
13.015000000000002	0.
13.020000000000001	0.
13.025000000000002	0.
13.030000000000001	0.
13.035000000000002	0.
13.040000000000001	0.
13.045000000000002	0.
13.05	0.
13.055000000000001	0.
13.060000000000002	0.
13.065000000000001	0.
13.070000000000002	0.
13.075000000000001	0.
13.080000000000002	0.
13.085	0.
13.090000000000002	0.
13.095	0.
13.100000000000001	0.
13.105000000000002	0.
13.110000000000001	0.
13.115000000000002	0.
13.120000000000001	0.
13.125000000000002	0.
13.13	0.
13.135000000000002	0.
13.140000000000002	0.
13.145000000000001	0.
13.150000000000002	0.
13.155000000000001	0.
13.160000000000002	0.
13.165000000000001	0.
13.170000000000002	0.
13.175	0.
13.180000000000001	0.
13.185000000000002	0.
13.190000000000001	0.
13.195000000000002	0.
13.200000000000001	0.
13.205000000000002	0.
13.21	0.
13.215000000000002	0.
13.220000000000002	0.
13.225000000000001	0.
13.230000000000002	0.
13.235000000000001	0.
13.240000000000002	0.
13.245000000000001	0.
13.250000000000002	0.
13.255	0.
13.260000000000002	0.
13.265000000000002	0.
13.270000000000001	0.
13.275000000000002	0.
13.280000000000001	0.
13.285000000000002	0.
13.290000000000001	0.
13.295000000000002	0.
13.3	0.
13.305000000000001	0.
13.310000000000002	0.
13.315000000000001	0.
13.320000000000002	0.
13.325000000000001	0.
13.330000000000002	0.
13.335	0.
13.340000000000002	0.
13.345000000000002	0.
13.350000000000001	0.
13.355000000000002	0.
13.360000000000001	0.
13.365000000000002	0.
13.370000000000001	0.
13.375000000000002	0.
13.38	0.
13.385000000000002	0.
13.39	0.
13.395000000000001	0.
13.400000000000002	0.
13.405000000000001	0.
13.410000000000002	0.
13.415000000000001	0.
13.420000000000002	0.
13.425	0.
13.430000000000001	0.
13.435000000000002	0.
13.440000000000001	0.
13.445000000000002	0.
13.450000000000001	0.
13.455000000000002	0.
13.46	0.
13.465000000000002	0.
13.470000000000002	0.
13.475000000000001	0.
13.480000000000002	0.
13.485000000000001	0.
13.490000000000002	0.
13.495000000000001	0.
13.500000000000002	0.
13.505	0.
13.510000000000002	0.
13.515	0.
13.520000000000001	0.
13.525000000000002	0.
13.530000000000001	0.
13.535000000000002	0.
13.540000000000001	0.
13.545000000000002	0.
13.55	0.
13.555000000000001	0.
13.560000000000002	0.
13.565000000000001	0.
13.570000000000002	0.
13.575000000000001	0.
13.580000000000002	0.
13.585	0.
13.590000000000002	0.
13.595000000000002	0.
13.600000000000001	0.
13.605000000000002	0.
13.610000000000001	0.
13.615000000000002	0.
13.620000000000001	0.
13.625000000000002	0.
13.63	0.
13.635000000000002	0.
13.64	0.
13.645000000000001	0.
13.650000000000002	0.
13.655000000000001	0.
13.660000000000002	0.
13.665000000000001	0.
13.670000000000002	0.
13.675	0.
13.680000000000001	0.
13.685000000000002	0.
13.690000000000001	0.
13.695000000000002	0.
13.700000000000001	0.
13.705000000000002	0.
13.71	0.
13.715000000000002	0.
13.720000000000002	0.
13.725000000000001	0.
13.730000000000002	0.
13.735000000000001	0.
13.740000000000002	0.
13.745000000000001	0.
13.750000000000002	0.
13.755	0.
13.760000000000002	0.
13.765	0.
13.770000000000001	0.
13.775000000000002	0.
13.780000000000001	0.
13.785000000000002	0.
13.790000000000001	0.
13.795000000000002	0.
13.8	0.
13.805000000000001	0.
13.810000000000002	0.
13.815000000000001	0.
13.820000000000002	0.
13.825000000000001	0.
13.830000000000002	0.
13.835	0.
13.840000000000002	0.
13.845000000000002	0.
13.850000000000001	0.
13.855000000000002	0.
13.860000000000001	0.
13.865000000000002	0.
13.870000000000001	0.
13.875000000000002	0.
13.88	0.
13.885000000000002	0.
13.89	0.
13.895000000000001	0.
13.900000000000002	0.
13.905000000000001	0.
13.910000000000002	0.
13.915000000000001	0.
13.920000000000002	0.
13.925	0.
13.930000000000001	0.
13.935000000000002	0.
13.940000000000001	0.
13.945000000000002	0.
13.950000000000001	0.
13.955000000000002	0.
13.96	0.
13.965000000000002	0.
13.970000000000002	0.
13.975000000000001	0.
13.980000000000002	0.
13.985000000000001	0.
13.990000000000002	0.
13.995000000000001	0.
14.	0.