0.005	0.
0.01	0.
0.015	0.
0.02	0.
0.025	0.
0.030000000000000002	0.
0.034999999999999996	0.
0.04	0.
0.045	0.
0.049999999999999996	0.
0.055	0.
0.06	0.
0.065	0.
0.07	0.
0.07500000000000001	0.
0.08	0.
0.085	0.1846217490652749
0.09000000000000001	0.2571777934493876
0.095	0.3009716481136386
0.1	0.3304495943756652
0.10500000000000001	0.35114588154907667
0.11	0.36592327001327024
0.115	0.3764895313376805
0.12000000000000001	0.38395270160575706
0.125	0.38907263341913695
0.13	0.3923912755972971
0.135	0.39430665986039043
0.14	0.3951178406110002
0.14500000000000002	0.39505362260490656
0.15	0.394291676008257
0.155	0.3929716721211562
0.16	0.39120455249339126
0.165	0.38907921615471175
0.17	0.3866674357827787
0.17500000000000002	0.38402753085022007
0.18000000000000002	0.3812071509737744
0.185	0.3782454112800361
0.19	0.37517454870866074
0.195	0.372021219368344
0.2	0.3688075237125748
0.20500000000000002	0.36555182310055434
0.21000000000000002	0.36226939490389204
0.215	0.3589729615509505
0.22	0.3556731203463605
0.225	0.3523786946104621
0.23	0.3490970220038147
0.23500000000000001	0.345834192386743
0.24000000000000002	0.3425952448990963
0.245	0.339384331907916
0.25	0.33620485590062776
0.255	0.33305958418242965
0.26	0.32995074528376683
0.265	0.3268801102343583
0.27	0.3238490612670512
0.275	0.32085865004267106
0.28	0.317909647109404
0.28500000000000003	0.3150025840064506
0.29000000000000004	0.3121377891763335
0.295	0.30931541865121576
0.3	0.3065354823158996
0.305	0.3037978664179842
0.31	0.3011023528859016
0.315	0.2984486359261962
0.32	0.29583633629649236
0.325	0.29326501358930057
0.33	0.2907341768100095
0.335	0.2882432934899363
0.34	0.2857917975382638
0.34500000000000003	0.2833790960101236
0.35000000000000003	0.2810045749308247
0.35500000000000004	0.27866760432242504
0.36	0.27636754251691703
0.365	0.2741037398717341
0.37	0.27187554195633346
0.375	0.2696822922834642
0.38	0.26752333464466505
0.385	0.26539801510199534
0.39	0.2633056836809649
0.395	0.26124569580371315
0.4	0.2592174134962845
0.405	0.2572202063994322
0.41000000000000003	0.2552534526085318
0.41500000000000004	0.25331653936489334
0.42000000000000004	0.2514088636178999
0.425	0.24952983247490382
0.43	0.24767886355367316
0.435	0.24585538525030526
0.44	0.24405883693390137
0.445	0.24228866907789112
0.45	0.24054434333661276
0.455	0.23882533257475913
0.46	0.2371311208562792
0.465	0.23546120339855017
0.47000000000000003	0.23381508649689897
0.47500000000000003	0.23219228742391262
0.48000000000000004	0.23059233430745657
0.485	0.22901476599078704
0.49	0.22745913187776123
0.495	0.22592499176574599
0.5	0.22441191566851887
0.505	0.22291948363114913
0.51	0.22144728553860332
0.515	0.21999492091958767
0.52	0.21856199874695165
0.525	0.21714813723580412
0.53	0.21575296364032853
0.535	0.2143761140501526
0.54	0.21301723318703292
0.545	0.21167597420247872
0.55	0.21035199847686303
0.555	0.20904497542048472
0.56	0.20775458227698088
0.5650000000000001	0.206480503929416
0.5700000000000001	0.2052224327093285
0.5750000000000001	0.20398006820896572
0.5800000000000001	0.20275311709688185
0.585	0.20154129293705625
0.59	0.20034431601166047
0.595	0.1991619131475312
0.6	0.19799381754644577
0.605	0.19683976861921815
0.61	0.195699511823652
0.615	0.19457279850634845
0.62	0.19345938574837307
0.625	0.19235903621473954
0.63	0.19127151800771333
0.635	0.19019660452386003
0.64	0.18913407431482612
0.645	0.18808371095176513
0.65	0.18704530289338572
0.655	0.1860186433575296
0.66	0.18500353019622884
0.665	0.18399976577417668
0.67	0.18300715685052277
0.675	0.1820255144639375
0.68	0.18105465382086802
0.685	0.1800943941868998
0.6900000000000001	0.17914455878116578
0.6950000000000001	0.17820497467370697
0.7000000000000001	0.1772754726857342
0.7050000000000001	0.1763558872926926
0.71	0.17544605653006923
0.715	0.1745458219018648
0.72	0.1736550282916581
0.725	0.17277352387619455
0.73	0.1719011600414179
0.735	0.17103779130089844
0.74	0.17018327521656068
0.745	0.1693374723216676
0.75	0.1685002460459883
0.755	0.16767146264308375
0.76	0.16685099111965115
0.765	0.16603870316686853
0.77	0.16523447309367278
0.775	0.16443817776192998
0.78	0.16364969652341801
0.785	0.16286891115859262
0.79	0.16209570581706484
0.795	0.16132996695975005
0.8	0.16057158330263094
0.805	0.1598204457620929
0.81	0.15907644740177837
0.8150000000000001	0.15833948338091583
0.8200000000000001	0.15760945090408868
0.8250000000000001	0.1568862491723796
0.8300000000000001	0.15616977933587076
0.8350000000000001	0.15545994444745143
0.84	0.1547566494178839
0.845	0.1540598009721069
0.85	0.15336930760672463
0.855	0.15268507954865584
0.86	0.15200702871490254
0.865	0.15133506867340726
0.87	0.15066911460496152
0.875	0.15000908326614726
0.88	0.1493548929532596
0.885	0.14870646346720298
0.89	0.1480637160793145
0.895	0.14742657349810068
0.9	0.14679495983684968
0.905	0.14616880058209947
0.91	0.14554802256293511
0.915	0.14493255392109067
0.92	0.14432232408182916
0.925	0.1437172637255845
0.93	0.14311730476033582
0.935	0.14252238029469866
0.9400000000000001	0.14193242461170547
0.9450000000000001	0.1413473731432651
0.9500000000000001	0.14076716244527065
0.9550000000000001	0.1401917301733443
0.9600000000000001	0.13962101505919997
0.965	0.13905495688760128
0.97	0.13849349647390655
0.975	0.13793657564217032
0.98	0.13738413720380355
0.985	0.13683612493675804
0.99	0.13629248356523607
0.995	0.1357531587398985
1.	0.13521809701856383
1.005	0.13468724584738387
1.01	0.13416055354247974
1.015	0.13363796927202648
1.02	0.1331194430387772
1.025	0.13260492566300902
1.0299999999999998	0.13209436876588282
1.035	0.1315877247532045
1.0399999999999998	0.13108494679957491
1.045	0.13058598883292213
1.0499999999999998	0.13009080551940064
1.055	0.12959935224865102
1.0599999999999998	0.1291115851194049
1.065	0.12862746092543925
1.0699999999999998	0.12814693714184783
1.075	0.12766997191164822
1.0799999999999998	0.1271965240326894
1.085	0.12672655294487478
1.0899999999999999	0.12626001871767398
1.095	0.12579688203792613
1.0999999999999999	0.12533710419792637
1.105	0.12488064708378134
1.1099999999999999	0.12442747316403474
1.115	0.12397754547854974
1.1199999999999999	0.12353082762764667
1.125	0.12308728376148254
1.13	0.1226468785696752
1.135	0.12220957727115651
1.14	0.12177534560425494
1.145	0.12134414981699845
1.15	0.1209159566576348
1.155	0.12049073336535976
1.16	0.12006844766125306
1.1649999999999998	0.11964906773940992
1.17	0.11923256225827146
1.1749999999999998	0.11881890033214211
1.18	0.11840805152289127
1.1849999999999998	0.1179999858318388
1.19	0.1175946736918113
1.1949999999999998	0.1171920859593736
1.2	0.11679219390722473
1.2049999999999998	0.11639496921675915
1.21	0.11600038397078422
1.2149999999999999	0.11560841064639461
1.22	0.11521902210799705
1.2249999999999999	0.11483219160048175
1.23	0.11444789274253961
1.2349999999999999	0.11406609952011834
1.24	0.11368678628001463
1.2449999999999999	0.1133099277236023
1.25	0.1129354989006876
1.255	0.11256347520349716
1.26	0.11219383236078291
1.265	0.11182654643205436
1.27	0.11146159380192577
1.275	0.11109895117457995
1.28	0.11073859556834457
1.285	0.11038050431037986
1.2899999999999998	0.11002465503147227
1.295	0.10967102566093188
1.2999999999999998	0.10931959442159818
1.305	0.10897033982493819
1.3099999999999998	0.10862324066624764
1.315	0.10827827601994723
1.3199999999999998	0.10793542523497021
1.325	0.10759466793024257
1.3299999999999998	0.10725598399025285
1.335	0.10691935356070748
1.3399999999999999	0.10658475704427267
1.345	0.10625217509639885
1.3499999999999999	0.10592158862122625
1.355	0.10559297876757086
1.3599999999999999	0.10526632692498614
1.365	0.10494161471990258
1.3699999999999999	0.10461882401184192
1.375	0.10429793688969959
1.38	0.10397893566810545
1.385	0.10366180288384666
1.39	0.10334652129236281
1.395	0.10303307386430575
1.4	0.1027214437821647
1.405	0.10241161443695565
1.41	0.10210356942496972
1.4149999999999998	0.10179729254458783
1.42	0.10149276779314834
1.4249999999999998	0.10118997936387789
1.43	0.10088891164287635
1.4349999999999998	0.10058954920615935
1.44	0.10029187681675188
1.4449999999999998	0.09999587942184011
1.45	0.099701542149971
1.4549999999999998	0.09940885030830512
1.46	0.09911778937991945
1.4649999999999999	0.09882834502115803
1.47	0.09854050305903138
1.4749999999999999	0.09825424948866188
1.48	0.09796957047077733
1.4849999999999999	0.09768645232924494
1.49	0.09740488154865515
1.4949999999999999	0.0971248447719435
1.5	0.09684632879805687
1.505	0.09656932057966251
1.51	0.09629380722089333
1.515	0.09601977597513721
1.52	0.09574721424286232
1.525	0.09547610956948267
1.53	0.09520644964325772
1.535	0.09493822229323247
1.54	0.09467141548720961
1.545	0.09440601732975966
1.5499999999999998	0.09414201606026341
1.555	0.09387940005098859
1.5599999999999998	0.09361815780520061
1.565	0.09335827795530358
1.5699999999999998	0.09309974926101444
1.575	0.09284256060756865
1.5799999999999998	0.0925867010039536
1.585	0.09233215958117573
1.5899999999999999	0.09207892559055318
1.595	0.09182698840203961
1.5999999999999999	0.0915763375025747
1.605	0.09132696249446365
1.6099999999999999	0.09107885309378186
1.615	0.09083199912880756
1.6199999999999999	0.09058639053847985
1.625	0.09034201737088159
1.63	0.09009886978174987
1.635	0.08985693803300633
1.64	0.089616212491317
1.645	0.0893766836266709
1.65	0.08913834201098494
1.655	0.08890117831673014
1.66	0.08866518331558068
1.665	0.08843034787708397
1.67	0.0881966629673531
1.6749999999999998	0.08796411964777949
1.68	0.08773270907376754
1.6849999999999998	0.0875024224934872
1.69	0.08727325124664918
1.6949999999999998	0.0870451867632972
1.7	0.08681822056262059
1.7049999999999998	0.08659234425178611
1.71	0.08636754952478742
1.7149999999999999	0.08614382816131216
1.72	0.08592117202562854
1.7249999999999999	0.08569957306548737
1.73	0.08547902331104311
1.7349999999999999	0.0852595148737895
1.74	0.08504103994551442
1.7449999999999999	0.08482359079726863
1.75	0.08460715977835097
1.755	0.08439173931531124
1.76	0.08417732191096397
1.765	0.08396390014342332
1.77	0.08375146666514603
1.775	0.08354001420199478
1.78	0.08332953555231255
1.785	0.08312002358601249
1.79	0.08291147124367888
1.795	0.08270387153568633
1.7999999999999998	0.08249721754132862
1.805	0.08229150240796049
1.8099999999999998	0.08208671935015427
1.815	0.0818828616488692
1.8199999999999998	0.08167992265063041
1.825	0.08147789576672236
1.8299999999999998	0.08127677447239497
1.835	0.08107655230607815
1.8399999999999999	0.08087722286861136
1.845	0.08067877982248343
1.8499999999999999	0.08048121689108191
1.855	0.08028452785795528
1.8599999999999999	0.08008870656608648
1.865	0.07989374691717406
1.8699999999999999	0.07969964287092723
1.875	0.07950638844436857
1.88	0.0793139777111486
1.885	0.07912240480086802
1.89	0.07893166389841332
1.895	0.07874174924329726
1.9	0.07855265512901308
1.905	0.07836437590239527
1.91	0.07817690596299064
1.915	0.07799023976243737
1.92	0.07780437180385423
1.9249999999999998	0.07761929664123697
1.93	0.07743500887886448
1.9349999999999998	0.07725150317071246
1.94	0.07706877421987554
1.9449999999999998	0.07688681677799769
1.95	0.07670562564471065
1.9549999999999998	0.07652519566707942
1.96	0.07634552173905675
1.9649999999999999	0.07616659880094427
1.97	0.07598842183886065
1.9749999999999999	0.07581098588421896
1.98	0.0756342860132091
1.9849999999999999	0.07545831734628843
1.99	0.07528307504767943
1.9949999999999999	0.07510855432487427
2.	0.07493475042814525
2.005	0.07476165865006285
2.01	0.07458927432502001
2.015	0.07441759282876363
2.02	0.0742466095779297
2.025	0.07407632002958918
2.03	0.0739067196807954
2.035	0.07373780406814094
2.04	0.07356956876731813
2.045	0.07340200939268712
2.05	0.07323512159684864
2.0549999999999997	0.07306890107022296
2.06	0.0729033435406343
2.065	0.0727384447729003
2.07	0.07257420056842838
2.0749999999999997	0.07241060676481488
2.08	0.0722476592354523
2.085	0.07208535388913985
2.09	0.07192368666969921
2.0949999999999998	0.07176265355559701
2.1	0.07160225055956906
2.105	0.07144247372825337
2.11	0.07128331914182402
2.1149999999999998	0.07112478291363306
2.12	0.0709668611898554
2.125	0.0708095501491378
2.13	0.07065284600225395
2.135	0.07049674499176255
2.14	0.0703412433916708
2.145	0.07018633750710128
2.15	0.070032023673964
2.155	0.06987829825863154
2.16	0.06972515765761994
2.165	0.06957259829727168
2.17	0.06942061663344386
2.175	0.06926920915120041
2.18	0.06911837236450728
2.185	0.0689681028159326
2.19	0.06881839707634965
2.195	0.06866925174464399
2.1999999999999997	0.06852066344742398
2.205	0.06837262883873568
2.21	0.06822514459977964
2.215	0.06807820743863376
2.2199999999999998	0.06793181408997626
2.225	0.06778596131481575
2.23	0.06764064590022092
2.235	0.0674958646590572
2.2399999999999998	0.06735161442972311
2.245	0.06720789207589346
2.25	0.06706469448626165
2.255	0.06692201857428957
2.26	0.06677986127795596
2.265	0.06663821955951185
2.27	0.06649709040523662
2.275	0.06635647082519675
2.28	0.06621635785301047
2.285	0.06607674854561037
2.29	0.0659376399830141
2.295	0.06579902926809333
2.3	0.06566091352634909
2.305	0.06552328990568679
2.31	0.06538615557619641
2.315	0.06524950772993358
2.32	0.06511334358070363
2.3249999999999997	0.06497766036384957
2.33	0.06484245533603958
2.335	0.06470772577506101
2.34	0.06457346897961286
2.3449999999999998	0.06443968226910379
2.35	0.06430636298345029
2.355	0.06417350848287873
2.36	0.06404111614772862
2.3649999999999998	0.06390918337825911
2.37	0.06377770759445722
2.375	0.06364668623584806
2.38	0.06351611676130797
2.385	0.06338599664887891
2.39	0.06325632339558608
2.395	0.06312709451725652
2.4	0.06299830754834068
2.405	0.0628699600417354
2.41	0.06274204956860942
2.415	0.0626145737182309
2.42	0.062487530097795445
2.425	0.062360916332259306
2.43	0.06223473006417047
2.435	0.062108968953505185
2.44	0.061983630677503725
2.445	0.061858712930509985
2.4499999999999997	0.06173421342381125
2.455	0.06161012988548088
2.46	0.061486460060222764
2.465	0.061363201709216365
2.4699999999999998	0.0612403526099647
2.475	0.061117910556143594
2.48	0.06099587335745299
2.485	0.06087423883946835
2.4899999999999998	0.06075300484349656
2.495	0.06063216922643015
2.5	0.06051172986060594
2.505	0.06039168463366337
2.51	0.06027203144840546
2.515	0.06015276822266046
2.52	0.060033892889145714
2.525	0.059915403395333064
2.53	0.059797297703314725
2.535	0.059679573789672286
2.54	0.0595622296453449
2.545	0.059445263275501176
2.55	0.059328672699411215
2.555	0.05921245595032015
2.56	0.059096611075323185
2.565	0.058981136135241884
2.57	0.05886602920450252
2.5749999999999997	0.058751288371013934
2.58	0.058636911736049055
2.585	0.058522897414125606
2.59	0.058409243532889586
2.5949999999999998	0.058295948232998815
2.6	0.05818300966800888
2.605	0.058070426004259205
2.61	0.05795819542076132
2.6149999999999998	0.05784631610908726
2.62	0.05773478627326
2.625	0.05762360412964467
2.63	0.057512767906841476
2.635	0.05740227584557819
2.64	0.05729212619860562
2.645	0.05718231723059353
2.65	0.057072847218026884
2.655	0.05696371444910444
2.66	0.05685491722363732
2.665	0.05674645385294896
2.67	0.056638322659776766
2.675	0.05653052197817389
2.68	0.05642305015341226
2.685	0.05631590554188696
2.69	0.05620908651102117
2.695	0.05610259143917234
2.7	0.05599641871553952
2.705	0.0558905667400707
2.71	0.05578503392337246
2.715	0.055679818686619406
2.7199999999999998	0.055574919461465214
2.725	0.055470334689954284
2.73	0.05536606282443423
2.735	0.055262102327469725
2.7399999999999998	0.055158451671756314
2.745	0.05505510934003614
2.75	0.054952073825013714
2.755	0.05484934362927327
2.76	0.054746917265195705
2.765	0.05464479325487838
2.77	0.054542970130053416
2.775	0.05444144643200847
2.78	0.054340220711507826
2.785	0.054239291528713755
2.79	0.05413865745310929
2.795	0.05403831706342192
2.8	0.05393826894754736
2.8049999999999997	0.05383851170247409
2.81	0.05373904393420988
2.815	0.05363986425770691
2.82	0.053540971296790155
2.825	0.053442363684083775
2.83	0.05334404006094102
2.835	0.05324599907737205
2.84	0.05314823939197482
2.8449999999999998	0.0530507596718652
2.85	0.05295355859260826
2.855	0.05285663483815039
2.86	0.05275998710075131
2.8649999999999998	0.05266361408091798
2.87	0.05256751448733808
2.875	0.05247168703681428
2.88	0.05237613045420018
2.885	0.05228084347233534
2.89	0.0521858248319818
2.895	0.05209107328176127
2.9	0.05199658757809256
2.905	0.05190236648512996
2.91	0.05180840877470183
2.915	0.05171471322624992
2.92	0.051621278626769504
2.925	0.05152810377074997
2.9299999999999997	0.051435187460115356
2.935	0.051342528504166804
2.94	0.05125012571952382
2.945	0.05115797793006807
2.95	0.05106608396688549
2.955	0.05097444266821115
2.96	0.05088305287937293
2.965	0.05079191345273635
2.9699999999999998	0.050701023247650606
2.975	0.05061038113039371
2.98	0.05051998597411912
2.985	0.0504298366588029
2.9899999999999998	0.05033993207119066
2.995	0.05025027110474583
3.	0.05016085265959762
3.005	0.0500716756424903
3.01	0.04998273896673211
3.015	0.04989404155214509
3.02	0.04980558232501576
3.025	0.04971736021804509
3.03	0.04962937417030013
3.035	0.0495416231271656
3.04	0.049454106040295785
3.045	0.04936682186756691
3.05	0.0492797695730303
3.0549999999999997	0.04919294812686536
3.06	0.04910635650533412
3.065	0.04901999369073427
3.07	0.04893385867135464
3.075	0.048847950441429734
3.08	0.04876226800109569
3.085	0.04867681035634536
3.09	0.04859157651898508
3.0949999999999998	0.048506565506590986
3.1	0.04842177634246626
3.105	0.048337208055598296
3.11	0.048252859680616496
3.115	0.04816873025775059
3.12	0.0480848188327888
3.125	0.048001124457037234
3.13	0.04791764618727861
3.135	0.04783438308573212
3.14	0.0477513342200136
3.145	0.04766849866309541
3.15	0.04758587549326724
3.155	0.04750346379409777
3.16	0.047421262654394815
3.165	0.04733927116816815
3.17	0.047257488434591065
3.175	0.04717591355796269
3.1799999999999997	0.04709454564767074
3.185	0.047013383818154876
3.19	0.046932427188869474
3.195	0.04685167488424786
3.2	0.04677112603366592
3.205	0.04669077977140653
3.21	0.046610635236624384
3.215	0.046530691573310384
3.2199999999999998	0.04645094793025744
3.225	0.046371403461025584
3.23	0.04629205732390793
3.235	0.046212908681897084
3.24	0.046133956702650906
3.245	0.046055200558459686
3.25	0.045976639426213
3.255	0.04589827248736707
3.26	0.04582009892791223
3.265	0.04574211793834049
3.27	0.04566432871361393
3.275	0.045586730453133315
3.28	0.04550932236070604
3.285	0.04543210364451558
3.29	0.04535507351709035
3.295	0.04527823119527348
3.3	0.04520157590019203
3.3049999999999997	0.045125106857227294
3.31	0.0450488232959848
3.315	0.04497272445026496
3.32	0.04489680955803336
3.325	0.04482107786139225
3.33	0.04474552860655114
3.335	0.04467016104379884
3.34	0.044594974427474274
3.3449999999999998	0.0445199680159394
3.35	0.04444514107155063
3.355	0.04437049286063113
3.36	0.04429602265344408
3.365	0.04422172972416459
3.37	0.04414761335085367
3.375	0.04407367281543075
3.38	0.04399990740364767
3.385	0.043926316405061776
3.39	0.043852899113010574
3.395	0.04377965482458546
3.4	0.04370658284060592
3.405	0.04363368246559445
3.41	0.043560953007751126
3.415	0.04348839377892848
3.42	0.043416004094607046
3.425	0.04334378327386999
3.4299999999999997	0.04327173063937973
3.435	0.043199845517352564
3.44	0.043128127237535833
3.445	0.0430565751331829
3.45	0.04298518854103042
3.455	0.042913966801274454
3.46	0.04284290925754719
3.465	0.042772015256893905
3.4699999999999998	0.042701284149750635
3.475	0.04263071528992013
3.48	0.042560308034550895
3.485	0.042490061744113655
3.49	0.04241997578237983
3.495	0.04235004951639952
3.5	0.04228028231647891
3.505	0.042210673556159914
3.51	0.042141222612197514
3.515	0.042071928864539435
3.52	0.04200279169630415
3.525	0.04193381049376041
3.53	0.04186498464630658
3.535	0.041796313546449325
3.54	0.041727796589783886
3.545	0.04165943317497347
3.55	0.04159122270372893
3.5549999999999997	0.041523164580788946
3.56	0.04145525821390036
3.565	0.04138750301379818
3.5700000000000003	0.04131989839418578
3.575	0.04125244377171656
3.58	0.04118513856597381
3.585	0.041117982199451654
3.59	0.04105097409753659
3.5949999999999998	0.04098411368848844
3.5999999999999996	0.040917400403421636
3.605	0.04085083367628694
3.61	0.04078441294385316
3.615	0.04071813764568832
3.62	0.040652007224142354
3.625	0.04058602112432867
3.63	0.04052017879410685
3.635	0.04045447968406436
3.6399999999999997	0.040388923247499445
3.645	0.04032350894040369
3.65	0.04025823622144487
3.6550000000000002	0.04019310455194919
3.66	0.04012811339588545
3.665	0.04006326221984695
3.67	0.039998550493035565
3.675	0.039933977687245
3.6799999999999997	0.039869543276843826
3.685	0.03980524673875981
3.69	0.039741087552463195
3.6950000000000003	0.039677065199950755
3.7	0.0396131791657299
3.705	0.039549428936802467
3.71	0.039485814002649375
3.715	0.03942233385521493
3.7199999999999998	0.03935898798889084
3.7249999999999996	0.03929577590050125
3.73	0.03923269708928773
3.735	0.039169751056893
3.74	0.03910693730734735
3.745	0.039044255347052505
3.75	0.03898170468476735
3.755	0.038919284831593015
3.76	0.03885699530095829
3.7649999999999997	0.03879483560860522
3.77	0.03873280527257455
3.775	0.03867090381319157
3.7800000000000002	0.03860913075305164
3.785	0.03854748561700667
3.79	0.0384859679321503
3.795	0.03842457722780472
3.8	0.0383633130355068
3.8049999999999997	0.03830217488899404
3.81	0.038241162324190996
3.815	0.038180274879196716
3.8200000000000003	0.038119512094269975
3.825	0.03805887351181688
3.83	0.03799835867637743
3.835	0.03793796713461256
3.84	0.037877698435290943
3.8449999999999998	0.03781755212927614
3.8499999999999996	0.037757527769513785
3.855	0.037697624911019065
3.86	0.03763784311086373
3.865	0.037578181928163853
3.87	0.03751864092406718
3.875	0.03745921966174089
3.88	0.037399917706359455
3.885	0.03734073462509201
3.8899999999999997	0.03728166998709067
3.895	0.037222723363478254
3.9	0.037163894327336924
3.9050000000000002	0.03710518245369529
3.91	0.037046587319517786
3.915	0.036988108503692316
3.92	0.03692974558701852
3.925	0.0368714981521971
3.9299999999999997	0.03681336578381742
3.935	0.03675534806834706
3.94	0.036697444594119416
3.9450000000000003	0.036639654951323944
3.95	0.036581978731993765
3.955	0.03652441552999543
3.96	0.036466964941017345
3.965	0.03640962656255983
3.9699999999999998	0.03635239999392294
3.9749999999999996	0.03629528483619737
3.98	0.036238280692252454
3.985	0.036181387166725885
3.99	0.03612460386601402
3.995	0.03606793039826019
4.	0.036011366373345496
4.005	0.0359549114028777
4.01	0.0358985651001814
4.015	0.03584232708028806
4.02	0.035786196959924986
4.025	0.03573017435750664
4.03	0.03567425889312384
4.035	0.035618450188533886
4.04	0.035562747867151454
4.045	0.0355071515540378
4.05	0.0354516608758921
4.055	0.035396275461041314
4.0600000000000005	0.03534099493943032
4.0649999999999995	0.035285818942613484
4.07	0.035230747103744235
4.075	0.035175779057565956
4.08	0.03512091444040341
4.085	0.035066152890152524
4.09	0.03501149404627148
4.095	0.034956937549772166
4.1	0.034902483043210794
4.105	0.03484813017067823
4.109999999999999	0.03479387857779261
4.115	0.03473972791168914
4.12	0.03468567782101167
4.125	0.03463172795590423
4.13	0.03457787796800237
4.135	0.03452412751042367
4.14	0.034470476237760485
4.145	0.03441692380607071
4.15	0.03436346987286909
4.155	0.034310114097119225
4.16	0.03425685613922543
4.165	0.03420369566102362
4.17	0.03415063232577416
4.175	0.0340976657981527
4.18	0.034044795744243066
4.1850000000000005	0.0339920218315277
4.1899999999999995	0.033939343728881514
4.195	0.03388676110656231
4.2	0.033834273636203845
4.205	0.03378188099080764
4.21	0.03372958284473471
4.215	0.033677378873698816
4.22	0.033625268754757916
4.225	0.03357325216630706
4.23	0.03352132878807016
4.234999999999999	0.033469498301092956
4.24	0.03341776038773512
4.245	0.033366114731663434
4.25	0.03331456101784351
4.255	0.033263098932533146
4.26	0.03321172816327423
4.265	0.03316044839888622
4.27	0.03310925932945893
4.275	0.03305816064634469
4.28	0.03300715204215173
4.285	0.03295623321073608
4.29	0.032905403847196785
4.295	0.03285466364786685
4.3	0.03280401231030645
4.305	0.03275344953329708
4.3100000000000005	0.03270297501683366
4.3149999999999995	0.03265258846211856
4.32	0.03260228957155412
4.325	0.03255207804873604
4.33	0.03250195359844717
4.335	0.032451915926650136
4.34	0.03240196474048143
4.345	0.03235209974824439
4.35	0.03230232065940233
4.355	0.03225262718457306
4.359999999999999	0.03220301903552142
4.365	0.03215349592515362
4.37	0.0321040575675105
4.375	0.032054703677761164
4.38	0.03200543397219647
4.385	0.03195624816822354
4.39	0.03190714598435886
4.395	0.03185812714022229
4.4	0.03180919135653099
4.405	0.031760338355093246
4.41	0.03171156785880226
4.415	0.03166287959163063
4.42	0.03161427327862366
4.425	0.031565748645893746
4.43	0.03151730542061509
4.4350000000000005	0.03146894333101598
4.4399999999999995	0.031420662106375334
4.445	0.03137246147701494
4.45	0.031324341174294966
4.455	0.031276300930607105
4.46	0.031228340479369947
4.465	0.031180459555022515
4.47	0.031132657893018664
4.475	0.031084935229822294
4.48	0.0310372913029008
4.484999999999999	0.030989725850720143
4.49	0.03094223861273868
4.495	0.030894829329402483
4.5	0.030847497742139594
4.505	0.030800243593354364
4.51	0.030753066626422253
4.515	0.030705966585684488
4.52	0.03065894321644305
4.525	0.030611996264954446
4.53	0.030565125478425895
4.535	0.030518330605008505
4.54	0.03047161139379348
4.545	0.03042496759480587
4.55	0.030378398959000383
4.555	0.030331905238255564
4.5600000000000005	0.030285486185368686
4.5649999999999995	0.030239141554051566
4.57	0.030192871098924535
4.575	0.030146674575512067
4.58	0.0301005517402375
4.585	0.030054502350418424
4.59	0.03000852616426147
4.595000000000001	0.029962622940857518
4.6	0.02991679244017692
4.605	0.02987103442306474
4.609999999999999	0.02982534865123577
4.615	0.029779734887269878
4.62	0.02973419289460723
4.625	0.029688722437543877
4.63	0.02964332328122611
4.635	0.029597995191647207
4.640000000000001	0.029552737935641938
4.645	0.029507551280881648
4.65	0.029462434995870642
4.654999999999999	0.02941738884994099
4.66	0.0293724126132477
4.665	0.029327506056765398
4.67	0.029282668952282306
4.675	0.029237901072397043
4.68	0.029193202190513644
4.6850000000000005	0.029148572080836713
4.6899999999999995	0.02910401051836848
4.695	0.02905951727890274
4.7	0.029015092139021308
4.705	0.028970734876090445
4.71	0.028926445268254636
4.715	0.028882223094434587
4.720000000000001	0.02883806813432103
4.725	0.02879398016837203
4.73	0.028749958977807587
4.734999999999999	0.028706004344606236
4.74	0.028662116051500566
4.745	0.028618293881973293
4.75	0.028574537620252957
4.755	0.028530847051310017
4.76	0.028487221960852096
4.765000000000001	0.028443662135321564
4.77	0.028400167361889665
4.775	0.028356737428453405
4.779999999999999	0.02831337212363149
4.785	0.028270071236760615
4.79	0.02822683455789114
4.795	0.028183661877783307
4.8	0.028140552987903102
4.805	0.02809750768041919
4.8100000000000005	0.028054525748197768
4.8149999999999995	0.028011606984799795
4.82	0.027968751184476708
4.825	0.027925958142167008
4.83	0.0278832276534915
4.835	0.02784055951475109
4.84	0.02779795352292188
4.845000000000001	0.027755409475650965
4.85	0.027712927171254936
4.855	0.02767050640871351
4.859999999999999	0.02762814698766764
4.865	0.027585848708415735
4.87	0.02754361137190852
4.875	0.027501434779747917
4.88	0.027459318734180865
4.885	0.02741726303809756
4.890000000000001	0.027375267495027455
4.895	0.027333331909134933
4.9	0.027291456085216697
4.904999999999999	0.027249639828698293
4.91	0.02720788294562971
4.915	0.027166185242682835
4.92	0.027124546527147606
4.925	0.0270829666069282
4.93	0.027041445290540644
4.9350000000000005	0.026999982387108375
4.9399999999999995	0.026958577706359406
4.945	0.026917231058622537
4.95	0.02687594225482468
4.955	0.026834711106486556
4.96	0.02679353742572014
4.965	0.026752421025225338
4.970000000000001	0.02671136171828613
4.975	0.026670359318767607
4.98	0.026629413641112896
4.984999999999999	0.02658852450033945
4.99	0.02654769171203617
4.995	0.02650691509236034
5.	0.026466194458033807
5.005	0.026425529626340174
5.01	0.026384920415121565
5.015000000000001	0.026344366642776063
5.02	0.02630386812825311
5.025	0.02626342469105172
5.029999999999999	0.02622303615121689
5.035	0.026182702329336068
5.04	0.026142423046537126
5.045	0.02610219812448387
5.05	0.02606202738537409
5.055	0.02602191065193621
5.0600000000000005	0.025981847747426054
5.0649999999999995	0.02594183849562374
5.07	0.0259018827208312
5.075	0.025861980247868347
5.08	0.025822130902070976
5.085	0.025782334509287127
5.09	0.025742590895874436
5.095000000000001	0.025702899888697266
5.1	0.025663261315123063
5.105	0.02562367500302081
5.109999999999999	0.025584140780756177
5.115	0.025544658477190632
5.12	0.02550522792167698
5.125	0.02546584894405784
5.13	0.025426521374661292
5.135	0.02538724504429872
5.14	0.025348019784262918
5.145	0.02530884542632355
5.15	0.025269721802725315
5.155	0.02523064874618528
5.16	0.025191626089888782
5.165	0.025152653667488922
5.17	0.02511373131310107
5.175	0.025074858861302795
5.18	0.025036036147128925
5.185	0.02499726300606954
5.19	0.02495853927406812
5.195	0.02491986478751742
5.2	0.0248812393832574
5.205	0.024842662898572808
5.21	0.024804135171189543
5.215	0.02476565603927339
5.22	0.024727225341425987
5.225	0.02468884291668262
5.23	0.02465050860450985
5.235	0.024612222244802567
5.24	0.024573983677881703
5.245	0.024535792744490588
5.25	0.024497649285793763
5.255	0.024459553143373218
5.26	0.024421504159226302
5.265	0.024383502175763332
5.27	0.024345547035804303
5.275	0.02430763858257684
5.28	0.02426977665971313
5.285	0.024231961111248642
5.29	0.02419419178161799
5.295	0.024156468515652885
5.3	0.024118791158580042
5.305	0.02408115955601845
5.31	0.024043573553976558
5.315	0.024006032998849746
5.32	0.023968537737418416
5.325	0.023931087616845072
5.33	0.023893682484671296
5.335	0.023856322188816514
5.34	0.023819006577574478
5.345	0.023781735499611087
5.35	0.023744508803962075
5.355	0.02370732634003019
5.36	0.023670187957583272
5.365	0.02363309350675152
5.37	0.023596042838024932
5.375	0.0235590358022508
5.38	0.023522072250632048
5.385	0.023485152034723733
5.39	0.02344827500643127
5.395	0.023411441018007968
5.4	0.0233746499220524
5.405	0.023337901571506767
5.41	0.023301195819652894
5.415	0.023264532520111687
5.42	0.023227911526839933
5.425	0.023191332694127112
5.43	0.023154795876594806
5.435	0.02311830092919277
5.44	0.023081847707197723
5.445	0.02304543606620986
5.45	0.023009065862151415
5.455	0.022972736951263756
5.46	0.02293644919010614
5.465	0.022900202435551815
5.47	0.02286399654478615
5.475	0.02282783137530509
5.48	0.022791706784913098
5.485	0.022755622631718268
5.49	0.022719578774133654
5.495	0.022683575070871813
5.5	0.022647611380944833
5.505	0.02261168756366004
5.51	0.022575803478620073
5.515	0.022539958985718315
5.52	0.022504153945137308
5.525	0.022468388217347587
5.53	0.0224326616631038
5.535	0.022396974143443483
5.54	0.0223613255196848
5.545	0.02232571565342331
5.55	0.022290144406530637
5.555	0.02225461164115196
5.56	0.022219117219703627
5.565	0.02218366100487105
5.57	0.02214824285960668
5.575	0.022112862647127057
5.58	0.02207752023091085
5.585	0.022042215474697424
5.59	0.022006948242483376
5.595	0.02197171839852126
5.6	0.021936525807316313
5.605	0.021901370333625866
5.61	0.02186625184245497
5.615	0.0218311701990562
5.62	0.021796125268926193
5.625	0.021761116917803545
5.63	0.021726145011667163
5.635	0.021691209416733574
5.64	0.021656309999454552
5.645	0.021621446626515245
5.65	0.021586619164833003
5.655	0.021551827481551874
5.66	0.02151707144404443
5.665	0.02148235091990684
5.67	0.02144766577695766
5.675	0.02141301588323541
5.68	0.021378401106996053
5.6850000000000005	0.02134382131671217
5.69	0.021309276381068498
5.695	0.021274766168961793
5.7	0.021240290549497172
5.705	0.021205849391987098
5.71	0.02117144256594783
5.715	0.021137069941098624
5.72	0.02110273138735873
5.725	0.021068426774844377
5.73	0.021034155973869345
5.735	0.020999918854938796
5.74	0.020965715288750564
5.745	0.020931545146191013
5.75	0.02089740829833358
5.755	0.020863304616435683
5.76	0.020829233971937974
5.765	0.020795196236460978
5.77	0.02076119128180295
5.775	0.0207272189799381
5.78	0.02069327920301414
5.785	0.020659371823350002
5.79	0.020625496713434034
5.795	0.02059165374592067
5.8	0.020557842793629714
5.805	0.02052406372954312
5.8100000000000005	0.020490316426802737
5.815	0.020456600758708587
5.82	0.020422916598716635
5.825	0.0203892638204352
5.83	0.020355642297624908
5.835	0.02032205190419505
5.84	0.020288492514201915
5.845	0.02025496400184458
5.85	0.02022146624146672
5.855	0.020187999107549964
5.86	0.02015456247471491
5.865	0.02012115621771662
5.87	0.020087780211443543
5.875	0.020054434330915537
5.88	0.020021118451280125
5.885	0.01998783244781151
5.89	0.019954576195908284
5.895	0.01992134957108969
5.9	0.0198881524489957
5.905	0.019854984705382456
5.91	0.019821846216120955
5.915	0.019788736857194903
5.92	0.01975565650469834
5.925	0.019722605034832346
5.93	0.019689582323904848
5.9350000000000005	0.019656588248325536
5.94	0.019623622684605647
5.945	0.019590685509355506
5.95	0.019557776599280038
5.955	0.019524895831178887
5.96	0.01949204308194365
5.965	0.01945921822855375
5.97	0.019426421148076228
5.975	0.019393651717661657
5.98	0.01936090981454344
5.985	0.019328195316033386
5.99	0.019295508099521307
5.995	0.01926284804247121
6.	0.019230215022419582
6.005	0.019197608916972503
6.01	0.01916502960380332
6.015	0.019132476960650957
6.02	0.019099950865316
6.025	0.01906745119566019
6.03	0.019034977829601164
6.035	0.019002530645113234
6.04	0.018970109520222662
6.045	0.018937714333005534
6.05	0.018905344961585625
6.055	0.018873001284132492
6.0600000000000005	0.018840683178857103
6.065	0.01880839052401123
6.07	0.018776123197883684
6.075	0.01874388107879859
6.08	0.018711664045111834
6.085	0.018679471975209548
6.09	0.018647304747504607
6.095	0.01861516224043505
6.1	0.018583044332460035
6.105	0.018550950902058612
6.11	0.018518881827726402
6.115	0.01848683698797331
6.12	0.018454816261319586
6.125	0.01842281952629558
6.13	0.01839084666143657
6.135	0.018358897545281864
6.140000000000001	0.0183269720563712
6.145	0.018295070073241663
6.15	0.018263191474426357
6.155	0.01823133613844989
6.16	0.018199503943826717
6.165	0.018167694769059228
6.17	0.01813590849263184
6.175	0.01810414499301213
6.18	0.018072404148645197
6.1850000000000005	0.0180406858379513
6.1899999999999995	0.018008989939324295
6.195	0.017977316331126852
6.2	0.017945664891690354
6.205	0.01791403549930753
6.21	0.01788242803223498
6.215	0.01785084236868573
6.22	0.017819278386828823
6.225	0.01778773596478514
6.23	0.017756214980625264
6.235	0.017724715312365708
6.24	0.017693236837965788
6.245	0.01766177943532612
6.25	0.01763034298228367
6.255	0.017598927356609236
6.26	0.017567532436005243
6.265000000000001	0.01753615809810162
6.27	0.017504804220452596
6.275	0.0174734706805346
6.28	0.017442157355741953
6.285	0.017410864123383357
6.29	0.01737959086068153
6.295	0.01734833744476578
6.3	0.017317103752671432
6.305	0.017285889661336
6.3100000000000005	0.017254695047595584
6.3149999999999995	0.017223519788182342
6.32	0.01719236375971904
6.325	0.017161226838719384
6.33	0.017130108901579465
6.335	0.01709900982457963
6.34	0.017067929483877354
6.345	0.01703686775550549
6.35	0.01700582451536822
6.355	0.016974799639237093
6.36	0.01694379300274819
6.365	0.016912804481398258
6.37	0.0168818339505417
6.375	0.016850881285385217
6.38	0.016819946360986073
6.385	0.01678902905224665
6.390000000000001	0.016758129233913406
6.395	0.01672724678056895
6.4	0.01669638156663264
6.405	0.016665533466353643
6.41	0.016634702353808505
6.415	0.016603888102897483
6.42	0.01657309058733868
6.425	0.016542309680666757
6.43	0.016511545256227306
6.4350000000000005	0.016480797187173456
6.4399999999999995	0.016450065346461193
6.445	0.016419349606845872
6.45	0.016388649840878254
6.455	0.016357965920898748
6.46	0.016327297719036515
6.465	0.016296645107201472
6.47	0.016266007957082284
6.475	0.01623538614014179
6.48	0.016204779527612404
6.485	0.016174187990491612
6.49	0.016143611399536895
6.495	0.016113049625263595
6.5	0.01608250253793795
6.505	0.016051970007573003
6.51	0.01602145190392593
6.515000000000001	0.01599094809649059
6.52	0.015960458454494904
6.525	0.015929982846895646
6.53	0.015899521142373352
6.535	0.015869073209326897
6.54	0.01583863891587079
6.545	0.01580821812982812
6.55	0.01577781071872663
6.555	0.01574741654979324
6.5600000000000005	0.01571703548995011
6.5649999999999995	0.01568666740580751
6.57	0.01565631216366095
6.575	0.01562596962948432
6.58	0.01559563966892562
6.585	0.01556532214730111
6.59	0.015535016929590532
6.595	0.015504723880430461
6.6	0.015474442864110656
6.605	0.015444173744567549
6.61	0.015413916385377537
6.615	0.015383670649754572
6.62	0.015353436400540455
6.625	0.015323213500202475
6.63	0.01529300181082549
6.635	0.015262801194107032
6.640000000000001	0.01523261151135116
6.645	0.015202432623461841
6.65	0.015172264390938831
6.655	0.015142106673868673
6.66	0.015111959331920593
6.665	0.015081822224340131
6.67	0.01505169520994183
6.675	0.015021578147103172
6.68	0.014991470893758754
6.6850000000000005	0.014961373307393
6.6899999999999995	0.014931285245034096
6.695	0.014901206563246193
6.7	0.014871137118124522
6.705	0.014841076765286782
6.71	0.01481102535986704
6.715	0.014780982756509116
6.72	0.01475094880935822
6.725	0.014720923372054943
6.73	0.014690906297727787
6.735	0.01466089743898523
6.74	0.014630896647908882
6.745	0.014600903776046574
6.75	0.014570918674402559
6.755	0.014540941193432454
6.76	0.014510971183034007
6.765000000000001	0.014481008492539279
6.77	0.014451052970706835
6.775	0.014421104465714452
6.78	0.014391162825149496
6.785	0.014361227896001921
6.79	0.014331299524654879
6.795	0.014301377556877062
6.8	0.014271461837813778
6.805	0.014241552211978401
6.8100000000000005	0.014211648523243779
6.8149999999999995	0.014181750614831906
6.82	0.014151858329307614
6.825	0.014121971508567005
6.83	0.01409208999382919
6.835	0.01406221362562672
6.84	0.014032342243796653
6.845	0.01400247568747
6.85	0.01397261379506282
6.855	0.01394275640426597
6.86	0.013912903352035167
6.865	0.013883054474581314
6.87	0.013853209607358502
6.875	0.013823368585057007
6.88	0.013793531241588932
6.885	0.013763697410080029
6.890000000000001	0.013733866922858686
6.895	0.013704039611443368
6.9	0.013674215306533575
6.905	0.013644393837997182
6.91	0.013614575034859595
6.915	0.013584758725292452
6.92	0.01355494473660084
6.925	0.01352513289521248
6.93	0.013495323026665354
6.9350000000000005	0.01346551495559546
6.9399999999999995	0.01343570850572435
6.945	0.013405903499846385
6.95	0.01337609975981644
6.955	0.013346297106537107
6.96	0.013316495359945
6.965	0.013286694338997592
6.97	0.0132568938616598
6.975	0.013227093744890816
6.98	0.013197293804629933
6.985	0.013167493855781476
6.99	0.01313769371220235
6.995	0.013107893186685949
7.	0.013078092090948687
7.005	0.013048290235613923
7.01	0.013018487430197654
7.015000000000001	0.012988683483093372
7.02	0.012958878201555443
7.025	0.012929071391683571
7.03	0.012899262858407971
7.035	0.012869452405471144
7.04	0.012839639835413622
7.045	0.012809824949553433
7.05	0.01278000754797398
7.055	0.012750187429503155
7.0600000000000005	0.01272036439169571
7.0649999999999995	0.012690538230818312
7.07	0.012660708741828218
7.075	0.01263087571835663
7.08	0.012601038952689297
7.085	0.012571198235747908
7.09	0.01254135335707053
7.095	0.012511504104791642
7.1	0.012481650265623352
7.105	0.012451791624833732
7.11	0.012421927966226997
7.115	0.012392059072122779
7.12	0.012362184723334599
7.125	0.012332304699147994
7.13	0.012302418777298646
7.135	0.012272526733951126
7.140000000000001	0.012242628343674695
7.145	0.01221272337942061
7.15	0.012182811612500455
7.155	0.012152892812558653
7.16	0.012122966747552786
7.165	0.012093033183725281
7.17	0.012063091885579889
7.175	0.012033142615856526
7.18	0.012003185135504168
7.1850000000000005	0.011973219203655808
7.1899999999999995	0.01194324457760116
7.195	0.011913261012758775
7.2	0.011883268262649184
7.205	0.01185326607886655
7.21	0.011823254211049211
7.215	0.011793232406851184
7.220000000000001	0.011763200411912863
7.225	0.011733157969829542
7.23	0.011703104822121118
7.234999999999999	0.011673040708201157
7.24	0.01164296536534486
7.245	0.011612878528656275
7.25	0.011582779931035079
7.255	0.011552669303143462
7.26	0.011522546373372055
7.265000000000001	0.01149241086780362
7.27	0.011462262510179032
7.275	0.011432101021860725
7.28	0.011401926121795086
7.285	0.011371737526475433
7.29	0.01134153494990419
7.295	0.011311318103552985
7.300000000000001	0.011281086696322868
7.305	0.011250840434505464
7.3100000000000005	0.011220579021739608
7.3149999999999995	0.011190302158971092
7.32	0.011160009544407892
7.325	0.011129700873478999
7.33	0.011099375838787168
7.335	0.011069034130065677
7.34	0.011038675434131189
7.345000000000001	0.011008299434835899
7.35	0.010977905813021466
7.355	0.010947494246467486
7.359999999999999	0.01091706440984304
7.365	0.010886615974654665
7.37	0.010856148609195742
7.375	0.010825661978491656
7.38	0.010795155744246594
7.385	0.010764629564787943
7.390000000000001	0.010734083095009719
7.395	0.010703515986315672
7.4	0.010672927886559217
7.405	0.010642318439984337
7.41	0.010611687287164674
7.415	0.010581034064939506
7.42	0.01055035840635152
7.425000000000001	0.01051965994058035
7.43	0.010488938292876228
7.4350000000000005	0.010458193084492622
7.4399999999999995	0.010427423932616295
7.445	0.010396630450295553
7.45	0.01036581224636917
7.455	0.010334968925390672
7.46	0.010304100087554032
7.465	0.010273205328615106
7.470000000000001	0.010242284239813361
7.475	0.010211336407790017
7.48	0.010180361414506617
7.484999999999999	0.01014935883715917
7.49	0.010118328248092284
7.495	0.010087269214711128
7.5	0.01005618129938985
7.505	0.010025064059380445
7.51	0.00999391704671679
7.515000000000001	0.009962739808118447
7.52	0.00993153188489165
7.525	0.009900292812827735
7.53	0.009869022122098966
7.535	0.00983771933715292
7.54	0.009806383976602733
7.545	0.009775015553116991
7.550000000000001	0.009743613573304041
7.555	0.009712177537596902
7.5600000000000005	0.009680706940132382
7.5649999999999995	0.009649201268628295
7.57	0.009617660004258956
7.575	0.0095860826215255
7.58	0.00955446858812424
7.585	0.009522817364811734
7.59	0.009491128405266036
7.595000000000001	0.009459401155943558
7.6	0.009427635055935355
7.605	0.009395829536816098
7.609999999999999	0.009363984022491076
7.615	0.009332097929039378
7.62	0.009300170664552295
7.625	0.009268201628967567
7.63	0.00923619021389994
7.635	0.009204135802466465
7.640000000000001	0.009172037769107407
7.645	0.009139895479402558
7.65	0.009107708289882518
7.655	0.009075475547834375
7.66	0.009043196591103466
7.665	0.009010870747887534
7.67	0.008978497336527592
7.675000000000001	0.008946075665290893
7.68	0.008913605032149309
7.685	0.00888108472455114
7.6899999999999995	0.008848514019185478
7.694999999999999	0.008815892181741627
7.699999999999999	0.00878321846666013
7.704999999999999	0.00875049211687714
7.71	0.008717712363561923
7.715	0.008684878425845654
7.72	0.00865198951054302
7.725	0.008619044811865536
7.7299999999999995	0.008586043511125983
7.734999999999999	0.008552984776434123
7.739999999999999	0.008519867762383544
7.744999999999999	0.008486691609728451
7.75	0.008453455445051291
7.755	0.008420158380419337
7.76	0.00838679951303127
7.765	0.008353377924852558
7.77	0.008319892682239224
7.7749999999999995	0.008286342835549953
7.779999999999999	0.008252727418745574
7.784999999999999	0.008219045448976163
7.79	0.0081852959261542
7.795	0.008151477832514286
7.8	0.008117590132158545
7.805	0.008083631770586158
7.81	0.008049601674208571
7.8149999999999995	0.00801549874984747
7.819999999999999	0.00798132188421602
7.824999999999999	0.007947069943382911
7.829999999999999	0.007912741772217513
7.835	0.007878336193816074
7.84	0.007843852008907828
7.845	0.007809287995241245
7.85	0.007774642906946818
7.8549999999999995	0.007739915473878588
7.859999999999999	0.007705104400932241
7.864999999999999	0.007670208367336683
7.869999999999999	0.007635226025922172
7.875	0.007600156002360061
7.88	0.007564996894374488
7.885	0.007529747270925661
7.89	0.00749440567136072
7.895	0.007458970604533858
7.8999999999999995	0.007423440547892398
7.904999999999999	0.007387813946526202
7.909999999999999	0.007352089212183106
7.915	0.007316264722241716
7.92	0.0072803388186470286
7.925	0.0072443098068011545
7.93	0.00720817595441116
7.935	0.007171935490288056
7.9399999999999995	0.007135586603097698
7.944999999999999	0.007099127440059885
7.949999999999999	0.007062556105593058
7.955	0.007025870659901036
7.96	0.0069890691175009565
7.965	0.006952149445685179
7.97	0.006915109562921605
7.975	0.006877947337176638
7.9799999999999995	0.006840660584170707
7.984999999999999	0.006803247065551129
7.989999999999999	0.006765704486985931
7.994999999999999	0.0067280304961673835
8.	0.00669022268072603
8.004999999999999	0.006652278566047295
8.01	0.006614195612983732
8.014999999999999	0.006575971215461335
8.02	0.006537602697967955
8.025	0.006499087312922415
8.03	0.006460422237912691
8.035	0.006421604572798572
8.04	0.006382631336667188
8.045	0.00634349946463658
8.049999999999999	0.006304205804492894
8.055	0.006264747113155719
8.059999999999999	0.006225120052956184
8.065	0.006185321187716038
8.07	0.006145346978621643
8.075	0.006105193779867549
8.08	0.006064857834064041
8.084999999999999	0.006024335267387078
8.09	0.005983622084457533
8.094999999999999	0.00594271416292349
8.1	0.005901607247735253
8.105	0.00586029694507791
8.11	0.0058187787159529785
8.115	0.005777047869363075
8.12	0.005735099555092277
8.125	0.00569292875603353
8.129999999999999	0.005650530280037201
8.135	0.005607898751243008
8.139999999999999	0.00556502860085509
8.145	0.005521914057310523
8.15	0.005478549135797697
8.155	0.005434927627075106
8.16	0.00539104308551595
8.165	0.0053468888163331636
8.17	0.005302457861901573
8.174999999999999	0.005257742987102274
8.18	0.005212736663599905
8.184999999999999	0.005167431052963037
8.19	0.005121817988513502
8.195	0.0050758889557911595
8.2	0.005029635071501925
8.205	0.00498304706080483
8.209999999999999	0.004936115232765487
8.215	0.0048888294538092115
8.219999999999999	0.004841179118951975
8.225	0.004793153120593866
8.23	0.004744739814606891
8.235	0.004695926983430105
8.24	0.004646701795845235
8.245	0.004597050763053246
8.25	0.004546959690634397
8.254999999999999	0.004496413625910616
8.26	0.004445396800154834
8.264999999999999	0.004393892565026599
8.27	0.00434188332250088
8.275	0.004289350447479377
8.28	0.004236274202097396
8.285	0.004182633640644966
8.29	0.004128406503785637
8.295	0.0040735691005909045
8.299999999999999	0.00401809617660615
8.305	0.003961960765890449
8.309999999999999	0.003905134024581205
8.315	0.003847585043082955
8.32	0.0037892806334296186
8.325	0.0037301850876954013
8.33	0.003670259902479035
8.334999999999999	0.003609463463459883
8.34	0.0035477506827294833
8.344999999999999	0.003485072579945955
8.35	0.0034213757963128437
8.355	0.0033566020277403692
8.36	0.0032906873601297125
8.365	0.0032235614853008236
8.37	0.003155146770319834
8.375	0.0030853571452446435
8.379999999999999	0.003014096764062966
8.385	0.00294125837962026
8.389999999999999	0.0028667213541597987
8.395	0.002790349200395569
8.4	0.0027119865102253264
8.405	0.002631455073797019
8.41	0.0025485489117863017
8.415	0.0024630278241986187
8.42	0.002374608875640839
8.424999999999999	0.002282954948270008
8.43	0.00218765902524399
8.434999999999999	0.002088222081089988
8.44	0.001984021081573007
8.445	0.0018742610814809289
8.45	0.0017579005455886972
8.455	0.00163352895828755
8.459999999999999	0.0014991531679029739
8.465	0.0013517923119866953
8.469999999999999	0.0011866177150107267
8.475	0.0009947943049528492
8.48	0.0007563086875458576
8.485	0.00039398099641819187
8.49	0.
8.495	0.
8.5	0.
8.504999999999999	0.
8.51	0.
8.515	0.
8.52	0.
8.525	0.
8.53	0.
8.535	0.
8.54	0.
8.545	0.
8.549999999999999	0.
8.555	0.
8.559999999999999	0.
8.565	0.
8.57	0.
8.575	0.
8.58	0.
8.584999999999999	0.
8.59	0.
8.594999999999999	0.
8.6	0.
8.605	0.
8.61	0.
8.615	0.
8.62	0.
8.625	0.
8.629999999999999	0.
8.635	0.
8.64	0.
8.645	0.
8.65	0.
8.655	0.
8.66	0.
8.665	0.
8.67	0.
8.674999999999999	0.
8.68	0.
8.684999999999999	0.
8.69	0.
8.695	0.
8.7	0.
8.705	0.
8.709999999999999	0.
8.715	0.
8.719999999999999	0.
8.725	0.
8.73	0.
8.735	0.
8.74	0.
8.745	0.
8.75	0.
8.754999999999999	0.
8.76	0.
8.765	0.
8.77	0.
8.775	0.
8.78	0.
8.785	0.
8.79	0.
8.795	0.
8.799999999999999	0.
8.805	0.
8.809999999999999	0.
8.815	0.
8.82	0.
8.825	0.
8.83	0.
8.834999999999999	0.
8.84	0.
8.844999999999999	0.
8.85	0.
8.855	0.
8.86	0.
8.865	0.
8.87	0.
8.875	0.
8.879999999999999	0.
8.885	0.
8.89	0.
8.895	0.
8.9	0.
8.905	0.
8.91	0.
8.915	0.
8.92	0.
8.924999999999999	0.
8.93	0.
8.934999999999999	0.
8.94	0.
8.945	0.
8.95	0.
8.955	0.
8.959999999999999	0.
8.965	0.
8.969999999999999	0.
8.975	0.
8.98	0.
8.985	0.
8.99	0.
8.995	0.
9.	0.
9.004999999999999	0.
9.01	0.
9.015	0.
9.02	0.
9.025	0.
9.03	0.
9.035	0.
9.04	0.
9.045	0.
9.049999999999999	0.
9.055	0.
9.059999999999999	0.
9.065	0.
9.07	0.
9.075	0.
9.08	0.
9.084999999999999	0.
9.09	0.
9.094999999999999	0.
9.1	0.
9.105	0.
9.11	0.
9.115	0.
9.12	0.
9.125	0.
9.129999999999999	0.
9.135	0.
9.14	0.
9.145	0.
9.15	0.
9.155	0.
9.16	0.
9.165	0.
9.17	0.
9.174999999999999	0.
9.18	0.
9.184999999999999	0.
9.19	0.
9.195	0.
9.2	0.
9.205	0.
9.209999999999999	0.
9.215	0.
9.219999999999999	0.
9.225	0.
9.23	0.
9.235	0.
9.24	0.
9.245	0.
9.25	0.
9.254999999999999	0.
9.26	0.
9.265	0.
9.27	0.
9.275	0.
9.28	0.
9.285	0.
9.29	0.
9.295	0.
9.299999999999999	0.
9.305	0.
9.309999999999999	0.
9.315	0.
9.32	0.
9.325	0.
9.33	0.
9.334999999999999	0.
9.34	0.
9.344999999999999	0.
9.35	0.
9.355	0.
9.36	0.
9.365	0.
9.37	0.
9.375	0.
9.379999999999999	0.
9.385	0.
9.39	0.
9.395	0.
9.4	0.
9.405	0.
9.41	0.
9.415	0.
9.42	0.
9.424999999999999	0.
9.43	0.
9.434999999999999	0.
9.44	0.
9.445	0.
9.45	0.
9.455	0.
9.459999999999999	0.
9.465	0.
9.469999999999999	0.
9.475	0.
9.48	0.
9.485	0.
9.49	0.
9.495	0.
9.5	0.
9.504999999999999	0.
9.51	0.
9.515	0.
9.52	0.
9.525	0.
9.53	0.
9.535	0.
9.54	0.
9.545	0.
9.549999999999999	0.
9.555	0.
9.559999999999999	0.
9.565	0.
9.57	0.
9.575	0.
9.58	0.
9.584999999999999	0.
9.59	0.
9.594999999999999	0.
9.6	0.
9.605	0.
9.61	0.
9.615	0.
9.62	0.
9.625	0.
9.629999999999999	0.
9.635	0.
9.64	0.
9.645	0.
9.65	0.
9.655	0.
9.66	0.
9.665	0.
9.67	0.
9.674999999999999	0.
9.68	0.
9.684999999999999	0.
9.69	0.
9.695	0.
9.7	0.
9.705	0.
9.709999999999999	0.
9.715	0.
9.719999999999999	0.
9.725	0.
9.73	0.
9.735	0.
9.74	0.
9.745	0.
9.75	0.
9.754999999999999	0.
9.76	0.
9.765	0.
9.77	0.
9.774999999999999	0.
9.78	0.
9.785	0.
9.79	0.
9.795	0.
9.8	0.
9.805	0.
9.809999999999999	0.
9.815	0.
9.82	0.
9.825	0.
9.83	0.
9.834999999999999	0.
9.84	0.
9.844999999999999	0.
9.85	0.
9.855	0.
9.86	0.
9.865	0.
9.87	0.
9.875	0.
9.879999999999999	0.
9.885	0.
9.89	0.
9.895	0.
9.899999999999999	0.
9.905	0.
9.91	0.
9.915	0.
9.92	0.
9.925	0.
9.93	0.
9.934999999999999	0.
9.94	0.
9.945	0.
9.95	0.
9.955	0.
9.959999999999999	0.
9.965	0.
9.969999999999999	0.
9.975	0.
9.98	0.
9.985	0.
9.99	0.
9.995	0.
10.	0.
10.004999999999999	0.
10.01	0.
10.015	0.
10.02	0.
10.024999999999999	0.
10.03	0.
10.035	0.
10.04	0.
10.045	0.
10.05	0.
10.055	0.
10.059999999999999	0.
10.065	0.
10.07	0.
10.075	0.
10.08	0.
10.084999999999999	0.
10.09	0.
10.094999999999999	0.
10.1	0.
10.105	0.
10.11	0.
10.115	0.
10.12	0.
10.125	0.
10.129999999999999	0.
10.135	0.
10.14	0.
10.145	0.
10.149999999999999	0.
10.155	0.
10.16	0.
10.165	0.
10.17	0.
10.175	0.
10.18	0.
10.184999999999999	0.
10.19	0.
10.195	0.
10.2	0.
10.205	0.
10.209999999999999	0.
10.215	0.
10.219999999999999	0.
10.225	0.
10.23	0.
10.235	0.
10.24	0.
10.245000000000001	0.
10.250000000000002	0.
10.255	0.
10.260000000000002	0.
10.265	0.
10.270000000000001	0.
10.275	0.
10.280000000000001	0.
10.285	0.
10.290000000000001	0.
10.295000000000002	0.
10.3	0.
10.305000000000001	0.
10.31	0.
10.315000000000001	0.
10.32	0.
10.325000000000001	0.
10.330000000000002	0.
10.335	0.
10.340000000000002	0.
10.345	0.
10.350000000000001	0.
10.355	0.
10.360000000000001	0.
10.365	0.
10.370000000000001	0.
10.375000000000002	0.
10.38	0.
10.385000000000002	0.
10.39	0.
10.395000000000001	0.
10.4	0.
10.405000000000001	0.
10.41	0.
10.415000000000001	0.
10.420000000000002	0.
10.425	0.
10.430000000000001	0.
10.435	0.
10.440000000000001	0.
10.445	0.
10.450000000000001	0.
10.455000000000002	0.
10.46	0.
10.465000000000002	0.
10.47	0.
10.475000000000001	0.
10.48	0.
10.485000000000001	0.
10.49	0.
10.495000000000001	0.
10.500000000000002	0.
10.505	0.
10.510000000000002	0.
10.515	0.
10.520000000000001	0.
10.525	0.
10.530000000000001	0.
10.535	0.
10.540000000000001	0.
10.545000000000002	0.
10.55	0.
10.555000000000001	0.
10.56	0.
10.565000000000001	0.
10.57	0.
10.575000000000001	0.
10.580000000000002	0.
10.585	0.
10.590000000000002	0.
10.595	0.
10.600000000000001	0.
10.605	0.
10.610000000000001	0.
10.615	0.
10.620000000000001	0.
10.625000000000002	0.
10.63	0.
10.635000000000002	0.
10.64	0.
10.645000000000001	0.
10.65	0.
10.655000000000001	0.
10.66	0.
10.665000000000001	0.
10.670000000000002	0.
10.675	0.
10.680000000000001	0.
10.685	0.
10.690000000000001	0.
10.695	0.
10.700000000000001	0.
10.705000000000002	0.
10.71	0.
10.715000000000002	0.
10.72	0.
10.725000000000001	0.
10.73	0.
10.735000000000001	0.
10.74	0.
10.745000000000001	0.
10.750000000000002	0.
10.755	0.
10.760000000000002	0.
10.765	0.
10.770000000000001	0.
10.775	0.
10.780000000000001	0.
10.785	0.
10.790000000000001	0.
10.795000000000002	0.
10.8	0.
10.805000000000001	0.
10.81	0.
10.815000000000001	0.
10.82	0.
10.825000000000001	0.
10.830000000000002	0.
10.835	0.
10.840000000000002	0.
10.845	0.
10.850000000000001	0.
10.855	0.
10.860000000000001	0.
10.865	0.
10.870000000000001	0.
10.875000000000002	0.
10.88	0.
10.885000000000002	0.
10.89	0.
10.895000000000001	0.
10.9	0.
10.905000000000001	0.
10.91	0.
10.915000000000001	0.
10.920000000000002	0.
10.925	0.
10.930000000000001	0.
10.935	0.
10.940000000000001	0.
10.945	0.
10.950000000000001	0.
10.955000000000002	0.
10.96	0.
10.965000000000002	0.
10.97	0.
10.975000000000001	0.
10.98	0.
10.985000000000001	0.
10.99	0.
10.995000000000001	0.
11.000000000000002	0.
11.005	0.
11.010000000000002	0.
11.015	0.
11.020000000000001	0.
11.025	0.
11.030000000000001	0.
11.035	0.
11.040000000000001	0.
11.045000000000002	0.
11.05	0.
11.055000000000001	0.
11.06	0.
11.065000000000001	0.
11.07	0.
11.075000000000001	0.
11.080000000000002	0.
11.085	0.
11.090000000000002	0.
11.095	0.
11.100000000000001	0.
11.105	0.
11.110000000000001	0.
11.115	0.
11.120000000000001	0.
11.125000000000002	0.
11.13	0.
11.135000000000002	0.
11.14	0.
11.145000000000001	0.
11.15	0.
11.155000000000001	0.
11.16	0.
11.165000000000001	0.
11.170000000000002	0.
11.175	0.
11.180000000000001	0.
11.185	0.
11.190000000000001	0.
11.195	0.
11.200000000000001	0.
11.205000000000002	0.
11.21	0.
11.215000000000002	0.
11.22	0.
11.225000000000001	0.
11.23	0.
11.235000000000001	0.
11.24	0.
11.245000000000001	0.
11.250000000000002	0.
11.255	0.
11.260000000000002	0.
11.265	0.
11.270000000000001	0.
11.275	0.
11.280000000000001	0.
11.285	0.
11.290000000000001	0.
11.295000000000002	0.
11.3	0.
11.305000000000001	0.
11.31	0.
11.315000000000001	0.
11.32	0.
11.325000000000001	0.
11.330000000000002	0.
11.335	0.
11.340000000000002	0.
11.345	0.
11.350000000000001	0.
11.355	0.
11.360000000000001	0.
11.365000000000002	0.
11.370000000000001	0.
11.375000000000002	0.
11.38	0.
11.385000000000002	0.
11.39	0.
11.395000000000001	0.
11.4	0.
11.405000000000001	0.
11.41	0.
11.415000000000001	0.
11.420000000000002	0.
11.425	0.
11.430000000000001	0.
11.435	0.
11.440000000000001	0.
11.445	0.
11.450000000000001	0.
11.455000000000002	0.
11.46	0.
11.465000000000002	0.
11.47	0.
11.475000000000001	0.
11.48	0.
11.485000000000001	0.
11.490000000000002	0.
11.495000000000001	0.
11.500000000000002	0.
11.505	0.
11.510000000000002	0.
11.515	0.
11.520000000000001	0.
11.525	0.
11.530000000000001	0.
11.535	0.
11.540000000000001	0.
11.545000000000002	0.
11.55	0.
11.555000000000001	0.
11.56	0.
11.565000000000001	0.
11.57	0.
11.575000000000001	0.
11.580000000000002	0.
11.585	0.
11.590000000000002	0.
11.595	0.
11.600000000000001	0.
11.605	0.
11.610000000000001	0.
11.615000000000002	0.
11.620000000000001	0.
11.625000000000002	0.
11.63	0.
11.635000000000002	0.
11.64	0.
11.645000000000001	0.
11.65	0.
11.655000000000001	0.
11.66	0.
11.665000000000001	0.
11.670000000000002	0.
11.675	0.
11.680000000000001	0.
11.685	0.
11.690000000000001	0.
11.695	0.
11.700000000000001	0.
11.705000000000002	0.
11.71	0.
11.715000000000002	0.
11.72	0.
11.725000000000001	0.
11.73	0.
11.735000000000001	0.
11.740000000000002	0.
11.745000000000001	0.
11.750000000000002	0.
11.755	0.
11.760000000000002	0.
11.765	0.
11.770000000000001	0.
11.775	0.
11.780000000000001	0.
11.785	0.
11.790000000000001	0.
11.795000000000002	0.
11.8	0.
11.805000000000001	0.
11.81	0.
11.815000000000001	0.
11.82	0.
11.825000000000001	0.
11.830000000000002	0.
11.835	0.
11.840000000000002	0.
11.845	0.
11.850000000000001	0.
11.855	0.
11.860000000000001	0.
11.865000000000002	0.
11.870000000000001	0.
11.875000000000002	0.
11.88	0.
11.885000000000002	0.
11.89	0.
11.895000000000001	0.
11.9	0.
11.905000000000001	0.
11.91	0.
11.915000000000001	0.
11.920000000000002	0.
11.925	0.
11.930000000000001	0.
11.935	0.
11.940000000000001	0.
11.945	0.
11.950000000000001	0.
11.955000000000002	0.
11.96	0.
11.965000000000002	0.
11.97	0.
11.975000000000001	0.
11.98	0.
11.985000000000001	0.
11.990000000000002	0.
11.995000000000001	0.
12.000000000000002	0.
12.005	0.
12.010000000000002	0.
12.015	0.
12.020000000000001	0.
12.025	0.
12.030000000000001	0.
12.035	0.
12.040000000000001	0.
12.045000000000002	0.
12.05	0.
12.055000000000001	0.
12.06	0.
12.065000000000001	0.
12.07	0.
12.075000000000001	0.
12.080000000000002	0.
12.085	0.
12.090000000000002	0.
12.095	0.
12.100000000000001	0.
12.105	0.
12.110000000000001	0.
12.115000000000002	0.
12.120000000000001	0.
12.125000000000002	0.
12.13	0.
12.135000000000002	0.
12.14	0.
12.145000000000001	0.
12.15	0.
12.155000000000001	0.
12.16	0.
12.165000000000001	0.
12.170000000000002	0.
12.175	0.
12.180000000000001	0.
12.185	0.
12.190000000000001	0.
12.195	0.
12.200000000000001	0.
12.205000000000002	0.
12.21	0.
12.215000000000002	0.
12.22	0.
12.225000000000001	0.
12.23	0.
12.235000000000001	0.
12.240000000000002	0.
12.245000000000001	0.
12.25	0.
12.255	0.
12.260000000000002	0.
12.265	0.
12.270000000000001	0.
12.275000000000002	0.
12.280000000000001	0.
12.285	0.
12.290000000000001	0.
12.295000000000002	0.
12.3	0.
12.305000000000001	0.
12.31	0.
12.315000000000001	0.
12.32	0.
12.325000000000001	0.
12.330000000000002	0.
12.335	0.
12.340000000000002	0.
12.345	0.
12.350000000000001	0.
12.355	0.
12.360000000000001	0.
12.365000000000002	0.
12.370000000000001	0.
12.375	0.
12.38	0.
12.385000000000002	0.
12.39	0.
12.395000000000001	0.
12.400000000000002	0.
12.405000000000001	0.
12.41	0.
12.415000000000001	0.
12.420000000000002	0.
12.425	0.
12.430000000000001	0.
12.435	0.
12.440000000000001	0.
12.445	0.
12.450000000000001	0.
12.455000000000002	0.
12.46	0.
12.465000000000002	0.
12.47	0.
12.475000000000001	0.
12.48	0.
12.485000000000001	0.
12.490000000000002	0.
12.495000000000001	0.
12.5	0.
12.505	0.
12.510000000000002	0.
12.515	0.
12.520000000000001	0.
12.525000000000002	0.
12.530000000000001	0.
12.535	0.
12.540000000000001	0.
12.545000000000002	0.
12.55	0.
12.555000000000001	0.
12.56	0.
12.565000000000001	0.
12.57	0.
12.575000000000001	0.
12.580000000000002	0.
12.585	0.
12.590000000000002	0.
12.595	0.
12.600000000000001	0.
12.605	0.
12.610000000000001	0.
12.615000000000002	0.
12.620000000000001	0.
12.625	0.
12.63	0.
12.635000000000002	0.
12.64	0.
12.645000000000001	0.
12.650000000000002	0.
12.655000000000001	0.
12.66	0.
12.665000000000001	0.
12.670000000000002	0.
12.675	0.
12.680000000000001	0.
12.685	0.
12.690000000000001	0.
12.695	0.
12.700000000000001	0.
12.705000000000002	0.
12.71	0.
12.715000000000002	0.
12.72	0.
12.725000000000001	0.
12.73	0.
12.735000000000001	0.
12.740000000000002	0.
12.745000000000001	0.
12.75	0.
12.755	0.
12.760000000000002	0.
12.765	0.
12.770000000000001	0.
12.775000000000002	0.
12.780000000000001	0.
12.785	0.
12.790000000000001	0.
12.795000000000002	0.
12.8	0.
12.805000000000001	0.
12.810000000000002	0.
12.815000000000001	0.
12.820000000000002	0.
12.825000000000001	0.
12.830000000000002	0.
12.835	0.
12.840000000000002	0.
12.845	0.
12.850000000000001	0.
12.855000000000002	0.
12.860000000000001	0.
12.865000000000002	0.
12.870000000000001	0.
12.875000000000002	0.
12.88	0.
12.885000000000002	0.
12.890000000000002	0.
12.895000000000001	0.
12.900000000000002	0.
12.905000000000001	0.
12.910000000000002	0.
12.915000000000001	0.
12.920000000000002	0.
12.925	0.
12.930000000000001	0.
12.935000000000002	0.
12.940000000000001	0.
12.945000000000002	0.
12.950000000000001	0.
12.955000000000002	0.
12.96	0.
12.965000000000002	0.
12.97	0.
12.975000000000001	0.
12.980000000000002	0.
12.985000000000001	0.
12.990000000000002	0.
12.995000000000001	0.
13.000000000000002	0.
13.005	0.
13.010000000000002	0.
13.015000000000002	0.
13.020000000000001	0.
13.025000000000002	0.
13.030000000000001	0.
13.035000000000002	0.
13.040000000000001	0.
13.045000000000002	0.
13.05	0.
13.055000000000001	0.
13.060000000000002	0.
13.065000000000001	0.
13.070000000000002	0.
13.075000000000001	0.
13.080000000000002	0.
13.085	0.
13.090000000000002	0.
13.095	0.
13.100000000000001	0.
13.105000000000002	0.
13.110000000000001	0.
13.115000000000002	0.
13.120000000000001	0.
13.125000000000002	0.
13.13	0.
13.135000000000002	0.
13.140000000000002	0.
13.145000000000001	0.
13.150000000000002	0.
13.155000000000001	0.
13.160000000000002	0.
13.165000000000001	0.
13.170000000000002	0.
13.175	0.
13.180000000000001	0.
13.185000000000002	0.
13.190000000000001	0.
13.195000000000002	0.
13.200000000000001	0.
13.205000000000002	0.
13.21	0.
13.215000000000002	0.
13.220000000000002	0.
13.225000000000001	0.
13.230000000000002	0.
13.235000000000001	0.
13.240000000000002	0.
13.245000000000001	0.
13.250000000000002	0.
13.255	0.
13.260000000000002	0.
13.265000000000002	0.
13.270000000000001	0.
13.275000000000002	0.
13.280000000000001	0.
13.285000000000002	0.
13.290000000000001	0.
13.295000000000002	0.
13.3	0.
13.305000000000001	0.
13.310000000000002	0.
13.315000000000001	0.
13.320000000000002	0.
13.325000000000001	0.
13.330000000000002	0.
13.335	0.
13.340000000000002	0.
13.345000000000002	0.
13.350000000000001	0.
13.355000000000002	0.
13.360000000000001	0.
13.365000000000002	0.
13.370000000000001	0.
13.375000000000002	0.
13.38	0.
13.385000000000002	0.
13.39	0.
13.395000000000001	0.
13.400000000000002	0.
13.405000000000001	0.
13.410000000000002	0.
13.415000000000001	0.
13.420000000000002	0.
13.425	0.
13.430000000000001	0.
13.435000000000002	0.
13.440000000000001	0.
13.445000000000002	0.
13.450000000000001	0.
13.455000000000002	0.
13.46	0.
13.465000000000002	0.
13.470000000000002	0.
13.475000000000001	0.
13.480000000000002	0.
13.485000000000001	0.
13.490000000000002	0.
13.495000000000001	0.
13.500000000000002	0.
13.505	0.
13.510000000000002	0.
13.515	0.
13.520000000000001	0.
13.525000000000002	0.
13.530000000000001	0.
13.535000000000002	0.
13.540000000000001	0.
13.545000000000002	0.
13.55	0.
13.555000000000001	0.
13.560000000000002	0.
13.565000000000001	0.
13.570000000000002	0.
13.575000000000001	0.
13.580000000000002	0.
13.585	0.
13.590000000000002	0.
13.595000000000002	0.
13.600000000000001	0.
13.605000000000002	0.
13.610000000000001	0.
13.615000000000002	0.
13.620000000000001	0.
13.625000000000002	0.
13.63	0.
13.635000000000002	0.
13.64	0.
13.645000000000001	0.
13.650000000000002	0.
13.655000000000001	0.
13.660000000000002	0.
13.665000000000001	0.
13.670000000000002	0.
13.675	0.
13.680000000000001	0.
13.685000000000002	0.
13.690000000000001	0.
13.695000000000002	0.
13.700000000000001	0.
13.705000000000002	0.
13.71	0.
13.715000000000002	0.
13.720000000000002	0.
13.725000000000001	0.
13.730000000000002	0.
13.735000000000001	0.
13.740000000000002	0.
13.745000000000001	0.
13.750000000000002	0.
13.755	0.
13.760000000000002	0.
13.765	0.
13.770000000000001	0.
13.775000000000002	0.
13.780000000000001	0.
13.785000000000002	0.
13.790000000000001	0.
13.795000000000002	0.
13.8	0.
13.805000000000001	0.
13.810000000000002	0.
13.815000000000001	0.
13.820000000000002	0.
13.825000000000001	0.
13.830000000000002	0.
13.835	0.
13.840000000000002	0.
13.845000000000002	0.
13.850000000000001	0.
13.855000000000002	0.
13.860000000000001	0.
13.865000000000002	0.
13.870000000000001	0.
13.875000000000002	0.
13.88	0.
13.885000000000002	0.
13.89	0.
13.895000000000001	0.
13.900000000000002	0.
13.905000000000001	0.
13.910000000000002	0.
13.915000000000001	0.
13.920000000000002	0.
13.925	0.
13.930000000000001	0.
13.935000000000002	0.
13.940000000000001	0.
13.945000000000002	0.
13.950000000000001	0.
13.955000000000002	0.
13.96	0.
13.965000000000002	0.
13.970000000000002	0.
13.975000000000001	0.
13.980000000000002	0.
13.985000000000001	0.
13.990000000000002	0.
13.995000000000001	0.
14.	0.