0.005	0.
0.01	0.
0.015	0.
0.02	0.
0.025	0.
0.030000000000000002	0.
0.034999999999999996	0.
0.04	0.
0.045	0.
0.049999999999999996	0.
0.055	0.
0.06	0.22496146090215058
0.065	0.3257855191773477
0.07	0.3790331169483737
0.07500000000000001	0.41093629604099946
0.08	0.4306790555541808
0.085	0.4427623385571165
0.09000000000000001	0.44974343791811155
0.095	0.4532039463340047
0.1	0.45417778044453194
0.10500000000000001	0.45336787914815574
0.11	0.45126635111424435
0.115	0.4482255882411467
0.12000000000000001	0.44450248492559913
0.125	0.4402870176071693
0.13	0.435721300995931
0.135	0.430912625579888
0.14	0.4259425725409611
0.14500000000000002	0.4208735051617601
0.15	0.41575326632112675
0.155	0.4106186256155703
0.16	0.40549784021689067
0.165	0.400412578168763
0.17	0.39537937694199865
0.17500000000000002	0.3904107591920978
0.18000000000000002	0.3855160929552889
0.185	0.3807022594701085
0.19	0.37597417491117563
0.195	0.3713352002925596
0.2	0.366787465134944
0.20500000000000002	0.36233212418489513
0.21000000000000002	0.3579695618388911
0.215	0.35369955548587223
0.22	0.34952140640880774
0.225	0.3454340449462285
0.23	0.34143611514023886
0.23500000000000001	0.33752604297139926
0.24000000000000002	0.3337020914110491
0.245	0.32996240486098427
0.25	0.32630504499159735
0.255	0.3227280196508269
0.26	0.31922930610457073
0.265	0.31580686968882143
0.27	0.31245867871224114
0.275	0.30918271629902183
0.28	0.305976989731541
0.28500000000000003	0.3028395377482242
0.29000000000000004	0.299768436168819
0.295	0.2967618021517483
0.3	0.2938177973333445
0.305	0.29093463005424874
0.31	0.2881105568419163
0.315	0.2853438832884069
0.32	0.28263296443827013
0.325	0.27997620478131846
0.33	0.2773720579285697
0.335	0.2748190260360583
0.34	0.27231565902995475
0.34500000000000003	0.26986055367715167
0.35000000000000003	0.26745235253774097
0.35500000000000004	0.2650897428294258
0.36	0.2627714552285942
0.365	0.2604962626283464
0.37	0.2582629788701178
0.375	0.25607045746245044
0.38	0.25391759029793587
0.385	0.2518033063772215
0.39	0.2497265705472015
0.395	0.24768638225905662
0.4	0.2456817743505596
0.405	0.24371181185607016
0.41000000000000003	0.24177559084678427
0.41500000000000004	0.23987223730311052
0.42000000000000004	0.238000906020469
0.425	0.2361607795493251
0.43	0.23435106716990223
0.435	0.23257100390166782
0.44	0.23081984954745355
0.445	0.22909688777186318
0.45	0.22740142521342302
0.455	0.22573279062985124
0.46	0.22409033407566795
0.465	0.22247342611133497
0.47000000000000003	0.22088145704301704
0.47500000000000003	0.21931383619205638
0.48000000000000004	0.21776999119319407
0.485	0.21624936732057395
0.49	0.21475142684055792
0.495	0.21327564839037655
0.5	0.2118215263816644
0.505	0.2103885704279148
0.51	0.20897630479494422
0.515	0.2075842678734448
0.52	0.2062120116727426
0.525	0.20485910133490015
0.53	0.20352511466833603
0.535	0.2022096417001462
0.54	0.20091228424635063
0.545	0.19963265549932044
0.55	0.1983703796316515
0.555	0.19712509141579695
0.56	0.19589643585878824
0.5650000000000001	0.19468406785140224
0.5700000000000001	0.1934876518311586
0.5750000000000001	0.19230686145855783
0.5800000000000001	0.1911413793059983
0.585	0.18999089655882284
0.59	0.18885511272798705
0.595	0.18773373537384666
0.6	0.18662647984059066
0.605	0.18553306900087138
0.61	0.18445323301019434
0.615	0.18338670907065416
0.62	0.182333241203624
0.625	0.18129258003101387
0.63	0.1802644825647484
0.635	0.17924871200410522
0.64	0.17824503754059476
0.645	0.1772532341700611
0.65	0.17627308251170673
0.655	0.17530436863375276
0.66	0.1743468838854568
0.665	0.1734004247352348
0.67	0.17246479261462544
0.675	0.17153979376787015
0.68	0.17062523910686722
0.685	0.16972094407129465
0.6900000000000001	0.1688267284936823
0.6950000000000001	0.16794241646923905
0.7000000000000001	0.16706783623024726
0.7050000000000001	0.16620282002483322
0.71	0.16534720399994893
0.715	0.16450082808839453
0.72	0.16366353589971866
0.725	0.16283517461485278
0.73	0.16201559488432454
0.735	0.1612046507299207
0.74	0.1604021994496518
0.745	0.15960810152591032
0.75	0.1588222205366812
0.755	0.15804442306970082
0.76	0.15727457863944624
0.765	0.1565125596068487
0.77	0.15575824110162909
0.775	0.15501150094715835
0.78	0.15427221958774412
0.785	0.1535402800182598
0.79	0.1528155677160221
0.795	0.15209797057484153
0.8	0.1513873788411601
0.805	0.15068368505220248
0.81	0.14998678397606968
0.8150000000000001	0.1492965725536999
0.8200000000000001	0.14861294984263432
0.8250000000000001	0.14793581696252042
0.8300000000000001	0.14726507704228897
0.8350000000000001	0.1466006351689534
0.84	0.1459423983379624
0.845	0.14529027540505954
0.85	0.14464417703959673
0.855	0.14400401567924662
0.86	0.14336970548606598
0.865	0.1427411623038705
0.87	0.1421183036168644
0.875	0.1415010485094922
0.88	0.14088931762746415
0.885	0.14028303313992047
0.89	0.13968211870269054
0.895	0.13908649942261717
0.9	0.1384961018229017
0.905	0.13791085380944546
0.91	0.13733068463814635
0.915	0.13675552488312231
0.92	0.1361853064058345
0.925	0.13561996232507528
0.93	0.1350594269877927
0.935	0.1345036359407319
0.9400000000000001	0.13395252590285825
0.9450000000000001	0.13340603473854118
0.9500000000000001	0.13286410143147534
0.9550000000000001	0.13232666605931248
0.9600000000000001	0.1317936697689846
0.965	0.1312650547526938
0.97	0.13074076422455022
0.975	0.13022074239783668
0.98	0.1297049344628795
0.985	0.12919328656550888
0.99	0.1286857457860891
0.995	0.12818226011910194
1.	0.12768277845326337
1.005	0.12718725055216415
1.01	0.12669562703540865
1.015	0.12620785936024684
1.02	0.1257238998036775
1.025	0.12524370144500957
1.0299999999999998	0.12476721814887293
1.035	0.12429440454865884
1.0399999999999998	0.12382521603038066
1.045	0.12335960871694159
1.0499999999999998	0.1228975394527993
1.055	0.12243896578901249
1.0599999999999998	0.12198384596865945
1.065	0.12153213891262249
1.0699999999999998	0.12108380420571749
1.075	0.12063880208317082
1.0799999999999998	0.12019709341742255
1.085	0.11975863970525491
1.0899999999999999	0.11932340305523269
1.095	0.11889134617544748
1.0999999999999999	0.11846243236155635
1.105	0.1180366254851088
1.1099999999999999	0.11761388998215473
1.115	0.11719419084211695
1.1199999999999999	0.1167774935969361
1.125	0.1163637643104657
1.13	0.11595296956811985
1.135	0.11554507646676124
1.14	0.11514005260482779
1.145	0.11473786607268534
1.15	0.11433848544320857
1.155	0.11394187976257227
1.16	0.11354801854126158
1.1649999999999998	0.11315687174528272
1.17	0.11276840978757542
1.1749999999999998	0.11238260351962134
1.18	0.11199942422324143
1.1849999999999998	0.1116188436025771
1.19	0.1112408337762538
1.1949999999999998	0.11086536726971741
1.2	0.1104924170077422
1.2049999999999998	0.11012195630710575
1.21	0.10975395886942362
1.2149999999999999	0.10938839877414522
1.22	0.10902525047169889
1.2249999999999999	0.10866448877679097
1.23	0.10830608886184805
1.2349999999999999	0.10795002625060288
1.24	0.10759627681181694
1.2449999999999999	0.10724481675314203
1.25	0.10689562261510806
1.255	0.10654867126524495
1.26	0.10620393989232463
1.265	0.10586140600073005
1.27	0.10552104740493869
1.275	0.10518284222412509
1.28	0.10484676887687608
1.285	0.10451280607601611
1.2899999999999998	0.1041809328235406
1.295	0.10385112840565386
1.2999999999999998	0.10352337238791146
1.305	0.1031976446104605
1.3099999999999998	0.10287392518337865
1.315	0.10255219448210937
1.3199999999999998	0.10223243314298872
1.325	0.10191462205886395
1.3299999999999998	0.10159874237480077
1.335	0.10128477548387693
1.3399999999999999	0.10097270302306145
1.345	0.10066250686917408
1.3499999999999999	0.10035416913492845
1.355	0.10004767216505182
1.3599999999999999	0.09974299853248245
1.365	0.09944013103464247
1.3699999999999999	0.09913905268978382
1.375	0.09883974673340587
1.38	0.09854219661474359
1.385	0.09824638599332323
1.39	0.09795229873558658
1.395	0.09765991891157907
1.4	0.09736923079170214
1.405	0.09708021884352894
1.41	0.0967928677286802
1.4149999999999998	0.09650716229976064
1.42	0.09622308759735183
1.4249999999999998	0.09594062884706551
1.43	0.09565977145664929
1.4349999999999998	0.09538050101314896
1.44	0.09510280328012376
1.4449999999999998	0.09482666419491352
1.45	0.09455206986595623
1.4549999999999998	0.09427900657015785
1.46	0.09400746075030866
1.4649999999999999	0.09373741901254765
1.47	0.0934688681238755
1.4749999999999999	0.09320179500971064
1.48	0.09293618675149234
1.4849999999999999	0.09267203058432685
1.49	0.09240931389467576
1.4949999999999999	0.09214802421808659
1.5	0.09188814923696545
1.505	0.09162967677838864
1.51	0.09137259481195453
1.515	0.09111689144767288
1.52	0.09086255493389254
1.525	0.09060957365526698
1.53	0.09035793613075349
1.535	0.09010763101165128
1.54	0.08985864707966966
1.545	0.08961097324503615
1.5499999999999998	0.08936459854463087
1.555	0.08911951214016016
1.5599999999999998	0.08887570331635711
1.565	0.08863316147921632
1.5699999999999998	0.08839187615425757
1.575	0.0881518369848211
1.5799999999999998	0.08791303373038982
1.585	0.08767545626494365
1.5899999999999999	0.08743909457533909
1.595	0.0872039387597178
1.5999999999999999	0.0869699790259422
1.605	0.08673720569005781
1.6099999999999999	0.08650560917478059
1.615	0.08627518000801128
1.6199999999999999	0.0860459088213742
1.625	0.08581778634877915
1.63	0.08559080342501005
1.635	0.0853649509843344
1.64	0.08514022005913836
1.645	0.08491660177858219
1.65	0.08469408736727964
1.655	0.08447266814399801
1.66	0.08425233552038047
1.665	0.0840330809996886
1.67	0.08381489617556577
1.6749999999999998	0.08359777273082059
1.68	0.08338170243623091
1.6849999999999998	0.08316667714936554
1.69	0.08295268881342653
1.6949999999999998	0.0827397294561099
1.7	0.0825277911884834
1.7049999999999998	0.08231686620388438
1.71	0.08210694677683311
1.7149999999999999	0.0818980252619653
1.72	0.08169009409298
1.7249999999999999	0.08148314578160555
1.73	0.08127717291658064
1.7349999999999999	0.08107216816265245
1.74	0.08086812425958957
1.7449999999999999	0.08066503402121235
1.75	0.0804628903344348
1.755	0.08026168615832563
1.76	0.0800614145231804
1.765	0.07986206852961128
1.77	0.07966364134764715
1.775	0.07946612621585125
1.78	0.07926951644044992
1.785	0.07907380539447544
1.79	0.07887898651692302
1.795	0.07868505331191838
1.7999999999999998	0.07849199934790087
1.805	0.07829981825681594
1.8099999999999998	0.07810850373332269
1.815	0.07791804953401092
1.8199999999999998	0.07772844947663232
1.825	0.07753969743934085
1.8299999999999998	0.07735178735994655
1.835	0.07716471323517908
1.8399999999999999	0.07697846911996287
1.845	0.07679304912670325
1.8499999999999999	0.07660844742458249
1.855	0.07642465823886668
1.8599999999999999	0.07624167585022304
1.865	0.07605949459404689
1.8699999999999999	0.07587810885979843
1.875	0.0756975130903496
1.88	0.0755177017813402
1.885	0.07533866948054373
1.89	0.0751604107872419
1.895	0.07498292035160874
1.9	0.07480619287410324
1.905	0.07463022310487058
1.91	0.07445500584315318
1.915	0.07428053593670844
1.92	0.07410680828123566
1.9249999999999998	0.07393381781981188
1.93	0.07376155954233464
1.9349999999999998	0.07359002848497238
1.94	0.07341921972962447
1.9449999999999998	0.07324912840338696
1.95	0.07307974967802633
1.9549999999999998	0.07291107876946187
1.96	0.07274311093725337
1.9649999999999999	0.07257584148409747
1.97	0.0724092657553306
1.9749999999999999	0.0722433791384383
1.98	0.07207817706257238
1.9849999999999999	0.0719136549980738
1.99	0.07174980845600293
1.9949999999999999	0.07158663298767562
2.	0.07142412418420627
2.005	0.07126227767605657
2.01	0.07110108913259093
2.015	0.07094055426163746
2.02	0.07078066880905597
2.025	0.07062142855831038
2.03	0.07046282933004752
2.035	0.07030486698168319
2.04	0.07014753740699033
2.045	0.06999083653569647
2.05	0.06983476033308438
2.0549999999999997	0.06967930479959826
2.06	0.069524465970456
2.065	0.0693702399152661
2.07	0.06921662273764986
2.0749999999999997	0.06906361057486801
2.08	0.06891119959745307
2.085	0.06875938600884672
2.09	0.06860816604504066
2.0949999999999998	0.06845753597422367
2.1	0.06830749209643229
2.105	0.06815803074320682
2.11	0.06800914827725096
2.1149999999999998	0.06786084109209703
2.12	0.06771310561177399
2.125	0.06756593829048192
2.13	0.06741933561226827
2.135	0.06727329409071017
2.14	0.0671278102685999
2.145	0.06698288071763482
2.15	0.06683850203811106
2.155	0.0666946708586213
2.16	0.06655138383575598
2.165	0.066408637653809
2.17	0.06626642902448684
2.175	0.06612475468662103
2.18	0.06598361140588466
2.185	0.06584299597451279
2.19	0.06570290521102556
2.195	0.0655633359599551
2.1999999999999997	0.06542428509157654
2.205	0.06528574950164132
2.21	0.06514772611111444
2.215	0.06501021186591524
2.2199999999999998	0.06487320373666064
2.225	0.064736698718412
2.23	0.0646006938304254
2.235	0.0644651861159043
2.2399999999999998	0.0643301726417561
2.245	0.06419565049835102
2.25	0.06406161679928399
2.255	0.06392806868114022
2.26	0.0637950033032622
2.265	0.06366241784752129
2.27	0.06353030951809076
2.275	0.06339867554122182
2.28	0.06326751316502319
2.285	0.06313681965924207
2.29	0.06300659231504908
2.295	0.0628768284448245
2.3	0.0627475253819482
2.305	0.06261868048059128
2.31	0.062490291115510514
2.315	0.062362354681845755
2.32	0.062234868594918474
2.3249999999999997	0.062107830290034007
2.33	0.06198123722228584
2.335	0.061855086866361264
2.34	0.06172937671635075
2.3449999999999998	0.061604104285558244
2.35	0.06147926710631532
2.355	0.06135486272979549
2.36	0.06123088872583218
2.3649999999999998	0.06110734268273871
2.37	0.06098422220712942
2.375	0.060861524923744234
2.38	0.06073924847527375
2.385	0.060617390522187876
2.39	0.06049594874256555
2.395	0.06037492083192634
2.4	0.0602543045030647
2.405	0.060134097485885066
2.41	0.06001429752724051
2.415	0.059894902390771144
2.42	0.05977590985674607
2.425	0.05965731772190641
2.43	0.05953912379931
2.435	0.05942132591817865
2.44	0.059303921923745784
2.445	0.05918690967710738
2.4499999999999997	0.059070287055072945
2.455	0.05895405195002009
2.46	0.058838202269748834
2.465	0.05872273593733867
2.4699999999999998	0.05860765089100718
2.475	0.058492945083969565
2.48	0.05837861648430094
2.485	0.05826466307479859
2.4899999999999998	0.05815108285284703
2.495	0.05803787383028425
2.5	0.05792503403326901
2.505	0.05781256150215021
2.51	0.05770045429133733
2.515	0.057588710469172015
2.52	0.0574773281178021
2.525	0.057366305333056
2.53	0.05725564022431851
2.535	0.05714533091440914
2.54	0.05703537553946011
2.545	0.05692577224879695
2.55	0.056816519204819664
2.555	0.05670761458288582
2.56	0.05659905657119433
2.565	0.05649084337067057
2.57	0.056382973194853275
2.5749999999999997	0.05627544426978179
2.58	0.056168254833885434
2.585	0.05606140313787335
2.59	0.05595488744462593
2.5949999999999998	0.055848706029087127
2.6	0.05574285717815811
2.605	0.055637339190592515
2.61	0.05553215037689144
2.6149999999999998	0.05542728905920102
2.62	0.05532275357121021
2.625	0.055218542258050146
2.63	0.05511465347619418
2.635	0.05501108559335922
2.64	0.05490783698840793
2.645	0.05480490605125228
2.65	0.054702291182757594
2.655	0.054599990794647994
2.66	0.05449800330941291
2.665	0.054396327160214177
2.67	0.05429496079079422
2.675	0.05419390265538542
2.68	0.05409315121862047
2.685	0.05399270495544303
2.69	0.053892562351019926
2.695	0.053792721900654414
2.7	0.053693182109699325
2.705	0.053593941493472144
2.71	0.05349499857717071
2.715	0.053396351895789555
2.7199999999999998	0.05329799999403679
2.725	0.053199941426252895
2.73	0.05310217475632926
2.735	0.053004698557627856
2.7399999999999998	0.05290751141290274
2.745	0.05281061191421985
2.75	0.05271399866288096
2.755	0.05261767026934539
2.76	0.05252162535315452
2.765	0.05242586254285579
2.77	0.052330380475928355
2.775	0.052235177798709176
2.78	0.05214025316631917
2.785	0.05204560524259172
2.79	0.05195123269999995
2.795	0.0518571342195864
2.8	0.05176330849089195
2.8049999999999997	0.051669754211887055
2.81	0.05157647008890193
2.815	0.051483454836558806
2.82	0.05139070717770401
2.825	0.05129822584334143
2.83	0.0512060095725658
2.835	0.051114057112497266
2.84	0.051022367218216375
2.8449999999999998	0.05093093865269972
2.85	0.05083977018675623
2.855	0.05074886059896395
2.86	0.05065820867560779
2.8649999999999998	0.05056781321061739
2.87	0.05047767300550605
2.875	0.05038778686930973
2.88	0.050298153618527325
2.885	0.050208772077060974
2.89	0.050119641076157066
2.895	0.050030759454347776
2.9	0.04994212605739351
2.905	0.04985373973822525
2.91	0.04976559935688845
2.915	0.04967770378048597
2.92	0.049590051883123404
2.925	0.04950264254585322
2.9299999999999997	0.04941547465662044
2.935	0.04932854711020864
2.94	0.04924185880818633
2.945	0.049155408658853664
2.95	0.0490691955771905
2.955	0.04898321848480365
2.96	0.048897476309875475
2.965	0.04881196798711335
2.9699999999999998	0.04872669245769837
2.975	0.048641648669235454
2.98	0.04855683557570388
2.985	0.04847225213740773
2.9899999999999998	0.048387897320927485
2.995	0.04830377009907159
3.	0.04821986945082847
3.005	0.04813619436131937
3.01	0.04805274382175127
3.015	0.04796951682937037
3.02	0.04788651238741625
3.025	0.04780372950507558
3.03	0.047721167197437526
3.035	0.04763882448544859
3.04	0.04755670039586814
3.045	0.04747479396122467
3.05	0.04739310421977183
3.0549999999999997	0.04731163021544533
3.06	0.047230370997820535
3.065	0.04714932562206942
3.07	0.04706849314891852
3.075	0.04698787264460796
3.08	0.04690746318084949
3.085	0.04682726383478573
3.09	0.0467472736889498
3.0949999999999998	0.046667491831224865
3.1	0.04658791735480465
3.105	0.046508549358153635
3.11	0.04642938694496803
3.115	0.046350429224137284
3.12	0.04627167530970536
3.125	0.04619312432083255
3.13	0.04611477538175835
3.135	0.04603662762176338
3.14	0.04595868017513257
3.145	0.04588093218111857
3.15	0.045803382783905215
3.155	0.04572603113257137
3.16	0.04564887638105533
3.165	0.04557191768811901
3.17	0.045495154217313316
3.175	0.04541858513694293
3.1799999999999997	0.04534220962003181
3.185	0.04526602684428912
3.19	0.0451900359920752
3.195	0.04511423625036784
3.2	0.0450386268107292
3.205	0.04496320686927252
3.21	0.04488797562662932
3.215	0.044812932287917356
3.2199999999999998	0.044738076062707764
3.225	0.044663406164993605
3.23	0.04458892181315806
3.235	0.044514622229943165
3.24	0.04444050664241877
3.245	0.04436657428195106
3.25	0.044292824384173014
3.255	0.04421925618895331
3.26	0.044145868940366685
3.265	0.04407266188666385
3.27	0.04399963428024216
3.275	0.04392678537761629
3.28	0.04385411443938931
3.285	0.04378162073022332
3.29	0.043709303518811936
3.295	0.0436371620778509
3.3	0.043565195684010655
3.3049999999999997	0.04349340361790854
3.31	0.04342178516408078
3.315	0.04335033961095562
3.32	0.04327906625082554
3.325	0.043207964379821114
3.33	0.04313703329788391
3.335	0.043066272308739904
3.34	0.04299568071987349
3.3449999999999998	0.04292525784250152
3.35	0.04285500299154712
3.355	0.04278491548561474
3.36	0.04271499464696411
3.365	0.04264523980148557
3.37	0.04257565027867466
3.375	0.04250622541160787
3.38	0.042436964536917844
3.385	0.04236786699476883
3.39	0.04229893212883295
3.395	0.042230159286266104
3.4	0.04216154781768401
3.405	0.04209309707713893
3.41	0.04202480642209618
3.415	0.041956675213411045
3.42	0.041888702815305635
3.425	0.04182088859534624
3.4299999999999997	0.04175323192442083
3.435	0.041685732176716145
3.44	0.04161838872969609
3.445	0.04155120096407922
3.45	0.0414841682638171
3.455	0.0414172900160725
3.46	0.04135056561119771
3.465	0.04128399444271366
3.4699999999999998	0.04121757590728809
3.475	0.04115130940471495
3.48	0.041085194337893614
3.485	0.04101923011280781
3.49	0.04095341613850557
3.495	0.040887751827078496
3.5	0.04082223659364166
3.505	0.0407568698563139
3.51	0.04069165103619742
3.515	0.04062657955735841
3.52	0.04056165484680747
3.525	0.040496876334480236
3.53	0.040432243453217796
3.535	0.040367755638748136
3.54	0.04030341232966669
3.545	0.040239212967417996
3.55	0.04017515699627649
3.5549999999999997	0.04011124386332864
3.56	0.04004747301845414
3.565	0.03998384391430791
3.5700000000000003	0.03992035600630164
3.575	0.03985700875258666
3.58	0.03979380161403525
3.585	0.03973073405422356
3.59	0.03966780553941388
3.5949999999999998	0.0396050155385373
3.5999999999999996	0.03954236352317655
3.605	0.03947984896754859
3.61	0.039417471348488255
3.615	0.039355230145430416
3.62	0.03929312484039429
3.625	0.039231154917966325
3.63	0.03916931986528376
3.635	0.03910761917201829
3.6399999999999997	0.03904605233035995
3.645	0.038984618835000935
3.65	0.03892331818311983
3.6550000000000002	0.038862149874365495
3.66	0.038801113410841484
3.665	0.03874020829709043
3.67	0.03867943404007855
3.675	0.038618790149180265
3.6799999999999997	0.038558276136163146
3.685	0.03849789151517221
3.69	0.038437635802715774
3.6950000000000003	0.03837750851764978
3.7	0.0383175091811632
3.705	0.0382576373167636
3.71	0.0381978924502626
3.715	0.03813827410976078
3.7199999999999998	0.038078781825633956
3.7249999999999996	0.03801941513051885
3.73	0.037960173559298566
3.735	0.03790105664908914
3.74	0.037842063939224894
3.745	0.03778319497124555
3.75	0.037724449288881357
3.755	0.03766582643804046
3.76	0.0376073259667948
3.7649999999999997	0.03754894742536695
3.77	0.03749069036611671
3.775	0.03743255434352787
3.7800000000000002	0.037374538914195066
3.785	0.03731664363681073
3.79	0.03725886807215251
3.795	0.037201211783069704
3.8	0.03714367433447117
3.8049999999999997	0.03708625529331247
3.81	0.03702895422858304
3.815	0.036971770711294386
3.8200000000000003	0.036914704314466716
3.825	0.036857754613117695
3.83	0.03680092118424949
3.835	0.036744203606837014
3.84	0.036687601461815836
3.8449999999999998	0.0366311143320702
3.8499999999999996	0.0365747418024213
3.855	0.036518483459615225
3.86	0.03646233889231168
3.865	0.03640630769107205
3.87	0.03635038944834812
3.875	0.036294583758470604
3.88	0.03623889021763755
3.885	0.03618330842390347
3.8899999999999997	0.036127837977167856
3.895	0.03607247847916403
3.9	0.03601722953344866
3.9050000000000002	0.03596209074539011
3.91	0.03590706172215792
3.915	0.03585214207271204
3.92	0.03579733140779199
3.925	0.03574262933990621
3.9299999999999997	0.0356880354833217
3.935	0.03563354945405335
3.94	0.03557917086985363
3.9450000000000003	0.03552489935020175
3.95	0.03547073451629447
3.955	0.03541667599103481
3.96	0.03536272339902254
3.965	0.03530887636654382
3.9699999999999998	0.03525513452156137
3.9749999999999996	0.03520149749370472
3.98	0.03514796491425992
3.985	0.03509453641616018
3.99	0.03504121163397584
3.995	0.0349879902039052
4.	0.03493487176376408
4.005	0.034881855952977374
4.01	0.03482894241256877
4.015	0.03477613078515201
4.02	0.034723420714920725
4.025	0.03467081184764041
4.03	0.03461830383063793
4.035	0.03456589631279343
4.04	0.034513588944530674
4.045	0.03446138137780821
4.05	0.03440927326611059
4.055	0.034357264264439205
4.0600000000000005	0.034305354029303785
4.0649999999999995	0.034253542218713406
4.07	0.03420182849216782
4.075	0.03415021251064896
4.08	0.03409869393661237
4.085	0.034047272433978405
4.09	0.03399594766812402
4.095	0.033944719305874414
4.1	0.03389358701549443
4.105	0.03384255046668048
4.109999999999999	0.033791609330552294
4.115	0.033740763279644585
4.12	0.03369001198789907
4.125	0.033639355130656426
4.13	0.03358879238464805
4.135	0.033538323427988403
4.14	0.03348794794016682
4.145	0.033437665602039854
4.15	0.03338747609582342
4.155	0.0333373791050848
4.16	0.03328737431473578
4.165	0.03323746141102341
4.17	0.03318764008152435
4.175	0.033137910015135635
4.18	0.03308827090206819
4.1850000000000005	0.03303872243383927
4.1899999999999995	0.03298926430326448
4.195	0.03293989620445108
4.2	0.032890617832790146
4.205	0.03284142888494988
4.21	0.032792329058868
4.215	0.03274331805374458
4.22	0.032694395570035166
4.225	0.032645561309443585
4.23	0.03259681497491468
4.234999999999999	0.03254815627062786
4.24	0.0324995849019899
4.245	0.03245110057562754
4.25	0.03240270299938198
4.255	0.03235439188230039
4.26	0.03230616693463054
4.265	0.03225802786781336
4.27	0.03220997439447652
4.275	0.032162006228427784
4.28	0.03211412308464833
4.285	0.0320663246792864
4.29	0.032018610729650454
4.295	0.031970980954203185
4.3	0.03192343507255483
4.305	0.031875972805456676
4.3100000000000005	0.03182859387479513
4.3149999999999995	0.03178129800358497
4.32	0.03173408491596355
4.325	0.03168695433718377
4.33	0.03163990599360927
4.335	0.031592939612706976
4.34	0.031546054923041605
4.345	0.03149925165426967
4.35	0.03145252953713332
4.355	0.03140588830345392
4.359999999999999	0.031359327686127245
4.365	0.03131284741911623
4.37	0.03126644723744615
4.375	0.03122012687719849
4.38	0.031173886075504625
4.385	0.031127724570540558
4.39	0.031081642101521492
4.395	0.03103563840869504
4.4	0.030989713233337275
4.405	0.030943866317745077
4.41	0.030898097405232586
4.415	0.030852406240123777
4.42	0.030806792567748553
4.425	0.030761256134435987
4.43	0.030715796687509823
4.4350000000000005	0.030670413975282387
4.4399999999999995	0.030625107747049744
4.445	0.030579877753085943
4.45	0.030534723744637806
4.455	0.03048964547391984
4.46	0.03044464269410859
4.465	0.030399715159338037
4.47	0.030354862624693734
4.475	0.03031008484620807
4.48	0.030265381580854938
4.484999999999999	0.03022075258654488
4.49	0.03017619762211989
4.495	0.030131716447347932
4.5	0.030087308822919306
4.505	0.030042974510439753
4.51	0.02999871327242688
4.515	0.029954524872305
4.52	0.029910409074400148
4.525	0.029866365643934998
4.53	0.029822394347024217
4.535	0.029778494950669893
4.54	0.029734667222756545
4.545	0.029690910932046066
4.55	0.02964722584817367
4.555	0.0296036117416431
4.5600000000000005	0.029560068383821195
4.5649999999999995	0.029516595546933897
4.57	0.029473193004062165
4.575	0.029429860529136268
4.58	0.02938659789693198
4.585	0.029343404883065523
4.59	0.02930028126398997
4.595000000000001	0.02925722681698981
4.6	0.02921424132017716
4.605	0.029171324552486846
4.609999999999999	0.029128476293672323
4.615	0.029085696324301316
4.62	0.029042984425751518
4.625	0.029000340380205922
4.63	0.02895776397064898
4.635	0.02891525498086204
4.640000000000001	0.02887281319541919
4.645	0.028830438399683047
4.65	0.02878813037980069
4.654999999999999	0.028745888922699282
4.66	0.02870371381608179
4.665	0.028661604848423523
4.67	0.028619561808967298
4.675	0.028577584487719666
4.68	0.028535672675447012
4.6850000000000005	0.0284938261636712
4.6899999999999995	0.028452044744665925
4.695	0.028410328211452188
4.7	0.028368676357795254
4.705	0.02832708897819957
4.71	0.028285565867905937
4.715	0.02824410682288669
4.720000000000001	0.0282027116398422
4.725	0.02816138011619763
4.73	0.02812011205009807
4.734999999999999	0.028078907240404904
4.74	0.028037765486693216
4.745	0.027996686589246214
4.75	0.027955670349053028
4.755	0.02791471656780391
4.76	0.027873825047887185
4.765000000000001	0.02783299559238529
4.77	0.02779222800507111
4.775	0.02775152209040467
4.779999999999999	0.027710877653528712
4.785	0.027670294500265934
4.79	0.027629772437115258
4.795	0.02758931127124785
4.8	0.027548910810503358
4.805	0.027508570863387538
4.8100000000000005	0.027468291239068077
4.8149999999999995	0.027428071747370525
4.82	0.027387912198775403
4.825	0.027347812404415386
4.83	0.02730777217607038
4.835	0.02726779132616517
4.84	0.027227869667766295
4.845000000000001	0.027188007014577152
4.85	0.027148203180936883
4.855	0.027108457981814455
4.859999999999999	0.02706877123280765
4.865	0.027029142750138204
4.87	0.026989572350649395
4.875	0.026950059851802204
4.88	0.02691060507167248
4.885	0.026871207828947398
4.890000000000001	0.026831867942922562
4.895	0.026792585233498166
4.9	0.026753359521176783
4.904999999999999	0.026714190627059257
4.91	0.026675078372841925
4.915	0.026636022580813837
4.92	0.026597023073852855
4.925	0.026558079675423066
4.93	0.02651919220957177
4.9350000000000005	0.026480360500926083
4.9399999999999995	0.026441584374689988
4.945	0.026402863656641577
4.95	0.026364198173129325
4.955	0.02632558775106979
4.96	0.026287032217944054
4.965	0.026248531401795637
4.970000000000001	0.026210085131225982
4.975	0.02617169323539323
4.98	0.026133355544008214
4.984999999999999	0.02609507188733158
4.99	0.02605684209617113
4.995	0.026018666001878993
5.	0.02598054343634869
5.005	0.02594247423201222
5.01	0.02590445822183672
5.015000000000001	0.02586649523932283
5.02	0.025828585118500398
5.025	0.025790727693927058
5.029999999999999	0.02575292280068401
5.035	0.025715170274374862
5.04	0.025677469951121207
5.045	0.02563982166756126
5.05	0.02560222526084597
5.055	0.025564680568636925
5.0600000000000005	0.025527187429104033
5.0649999999999995	0.025489745680921255
5.07	0.02545235516326614
5.075	0.025415015715815188
5.08	0.025377727178742142
5.085	0.025340489392715118
5.09	0.02530330219889411
5.095000000000001	0.025266165438927745
5.1	0.02522907895495209
5.105	0.025192042589586124
5.109999999999999	0.025155056185930558
5.115	0.025118119587564765
5.12	0.025081232638544018
5.125	0.025044395183397728
5.13	0.025007607067125837
5.135	0.024970868135196937
5.14	0.024934178233545316
5.145	0.024897537208569385
5.15	0.024860944907127765
5.155	0.02482440117653767
5.16	0.024787905864572628
5.165	0.024751458819459542
5.17	0.02471505988987599
5.175	0.024678708924948497
5.18	0.024642405774249972
5.185	0.024606150287796152
5.19	0.02456994231604518
5.195	0.024533781709892982
5.2	0.024497668320673294
5.205	0.02446160200015277
5.21	0.02442558260053045
5.215	0.02438960997443454
5.22	0.024353683974920437
5.225	0.024317804455467947
5.23	0.024281971269979313
5.235	0.024246184272777128
5.24	0.02421044331860137
5.245	0.024174748262607255
5.25	0.024139098960363474
5.255	0.024103495267849266
5.26	0.02406793704145244
5.265	0.024032424137967252
5.27	0.023996956414591795
5.275	0.023961533728925993
5.28	0.023926155938969254
5.285	0.02389082290311789
5.29	0.023855534480164097
5.295	0.023820290529292142
5.3	0.023785090910077574
5.305	0.0237499354824837
5.31	0.023714824106860724
5.315	0.023679756643942187
5.32	0.023644732954844462
5.325	0.02360975290106261
5.33	0.023574816344470215
5.335	0.023539923147315813
5.34	0.023505073172221155
5.345	0.023470266282179467
5.35	0.023435502340552746
5.355	0.02340078121107021
5.36	0.023366102757825444
5.365	0.023331466845275203
5.37	0.023296873338236605
5.375	0.02326232210188538
5.38	0.02322781300175395
5.385	0.023193345903728207
5.39	0.023158920674047786
5.395	0.023124537179301536
5.4	0.02309019528642722
5.405	0.023055894862707975
5.41	0.02302163577577189
5.415	0.022987417893588605
5.42	0.022953241084468366
5.425	0.022919105217059414
5.43	0.022885010160345602
5.435	0.02285095578364531
5.44	0.022816941956609174
5.445	0.022782968549217273
5.45	0.022749035431778867
5.455	0.022715142474928066
5.46	0.022681289549624423
5.465	0.02264747652714902
5.47	0.022613703279103045
5.475	0.022579969677406726
5.48	0.02254627559429615
5.485	0.022512620902322034
5.49	0.022479005474347728
5.495	0.022445429183547017
5.5	0.022411891903402245
5.505	0.022378393507702838
5.51	0.022344933870542788
5.515	0.02231151286631951
5.52	0.022278130369731003
5.525	0.022244786255774553
5.53	0.02221148039974484
5.535	0.022178212677232096
5.54	0.022144982964119604
5.545	0.022111791136583056
5.55	0.022078637071087048
5.555	0.02204552064438489
5.56	0.022012441733515683
5.565	0.02197940021580267
5.57	0.02194639596885178
5.575	0.021913428870549197
5.58	0.021880498799059945
5.585	0.02184760563282608
5.59	0.021814749250564473
5.595	0.02178192953126566
5.6	0.02174914635419095
5.605	0.021716399598872175
5.61	0.021683689145107852
5.615	0.02165101487296352
5.62	0.0216183766627686
5.625	0.021585774395114773
5.63	0.021553207950854466
5.635	0.021520677211098474
5.64	0.021488182057215803
5.645	0.021455722370829437
5.65	0.021423298033816863
5.655	0.021390908928306907
5.66	0.02135855493667776
5.665	0.021326235941556942
5.67	0.021293951825817767
5.675	0.021261702472578
5.68	0.02122948776519897
5.6850000000000005	0.02119730758728283
5.69	0.021165161822670944
5.695	0.021133050355442554
5.7	0.021100973069913334
5.705	0.021068929850632356
5.71	0.021036920582381376
5.715	0.021004945150173492
5.72	0.020973003439249797
5.725	0.020941095335079492
5.73	0.02090922072335705
5.735	0.020877379490000656
5.74	0.020845571521150637
5.745	0.020813796703168037
5.75	0.020782054922632215
5.755	0.020750346066339548
5.76	0.02071867002130209
5.765	0.020687026674744705
5.77	0.02065541591410478
5.775	0.020623837627029556
5.78	0.020592291701374832
5.785	0.02056077802520306
5.79	0.020529296486781787
5.795	0.02049784697458163
5.8	0.020466429377275757
5.805	0.02043504358373643
5.8100000000000005	0.02040368948303436
5.815	0.020372366964437175
5.82	0.020341075917407202
5.825	0.020309816231600056
5.83	0.020278587796862806
5.835	0.020247390503232505
5.84	0.020216224240934177
5.845	0.020185088900379625
5.85	0.020153984372165333
5.855	0.02012291054707102
5.86	0.020091867316057516
5.865	0.020060854570266087
5.87	0.020029872201015587
5.875	0.019998920099801355
5.88	0.019967998158293813
5.885	0.01993710626833604
5.89	0.019906244321943052
5.895	0.01987541221129917
5.9	0.019844609828756663
5.905	0.019813837066835205
5.91	0.019783093818217787
5.915	0.01975237997575155
5.92	0.019721695432444435
5.925	0.01969104008146425
5.93	0.019660413816137156
5.9350000000000005	0.019629816529945374
5.94	0.019599248116525442
5.945	0.019568708469667934
5.95	0.019538197483313913
5.955	0.019507715051554277
5.96	0.019477261068628265
5.965	0.019446835428921387
5.97	0.019416438026963176
5.975	0.019386068757427263
5.98	0.01935572751512759
5.985	0.01932541419501807
5.99	0.01929512869219077
5.995	0.019264870901873565
6.	0.019234640719429538
6.005	0.019204438040354207
6.01	0.019174262760274233
6.015	0.019144114774946354
6.02	0.019113993980254543
6.025	0.019083900272209336
6.03	0.01905383354694533
6.035	0.01902379370072049
6.04	0.01899378062991345
6.045	0.018963794231022034
6.05	0.01893383440066252
6.055	0.018903901035566408
6.0600000000000005	0.018873994032579673
6.065	0.018844113288661056
6.07	0.018814258700880045
6.075	0.018784430166415397
6.08	0.0187546275825531
6.085	0.018724850846685168
6.09	0.018695099856307264
6.095	0.01866537450901771
6.1	0.01863567470251518
6.105	0.018606000334597327
6.11	0.018576351303158673
6.115	0.018546727506189513
6.12	0.01851712884177353
6.125	0.018487555208086197
6.13	0.018458006503393392
6.135	0.018428482626049517
6.140000000000001	0.01839898347449552
6.145	0.018369508947256655
6.15	0.01834005894294233
6.155	0.018310633360242978
6.16	0.01828123209792811
6.165	0.018251855054845823
6.17	0.018222502129919806
6.175	0.018193173222148654
6.18	0.01816386823060261
6.1850000000000005	0.018134587054423223
6.1899999999999995	0.01810532959282109
6.195	0.018076095745073597
6.2	0.018046885410523225
6.205	0.018017698488576397
6.21	0.0179885348787019
6.215	0.0179593944804264
6.22	0.017930277193337014
6.225	0.017901182917075115
6.23	0.017872111551337798
6.235	0.017843062995873776
6.24	0.017814037150483412
6.245	0.017785033915015132
6.25	0.01775605318936463
6.255	0.01772709487347267
6.26	0.017698158867323413
6.265000000000001	0.017669245070942342
6.27	0.017640353384394198
6.275	0.017611483707781803
6.28	0.017582635941242944
6.285	0.017553809984949684
6.29	0.01752500573910616
6.295	0.017496223103946034
6.3	0.017467461979730654
6.305	0.017438722266748686
6.3100000000000005	0.01741000386531197
6.3149999999999995	0.01738130667575447
6.32	0.01735263059843051
6.325	0.017323975533713246
6.33	0.017295341381991368
6.335	0.017266728043668456
6.34	0.017238135419159945
6.345	0.01720956340889134
6.35	0.017181011913297427
6.355	0.01715248083281859
6.36	0.017123970067899175
6.365	0.017095479518986163
6.37	0.0170670090865266
6.375	0.01703855867096572
6.38	0.017010128172744755
6.385	0.016981717492298484
6.390000000000001	0.016953326530054325
6.395	0.01692495518642848
6.4	0.016896603361825795
6.405	0.016868270956636
6.41	0.016839957871232266
6.415	0.01681166400596954
6.42	0.016783389261181156
6.425	0.01675513353717756
6.43	0.016726896734244757
6.4350000000000005	0.01669867875264017
6.4399999999999995	0.01667047949259241
6.445	0.01664229885429813
6.45	0.01661413673791934
6.455	0.016585993043582485
6.46	0.016557867671375112
6.465	0.01652976052134436
6.47	0.01650167149349381
6.475	0.016473600487781674
6.48	0.016445547404118955
6.485	0.016417512142366402
6.49	0.016389494602332202
6.495	0.016361494683770152
6.5	0.016333512286377565
6.505	0.01630554730979142
6.51	0.016277599653587146
6.515000000000001	0.016249669217276677
6.52	0.01622175590030448
6.525	0.01619385960204681
6.53	0.016165980221807586
6.535	0.01613811765881754
6.54	0.016110271812230854
6.545	0.0160824425811222
6.55	0.016054629864485897
6.555	0.016026833561231316
6.5600000000000005	0.01599905357018145
6.5649999999999995	0.015971289790070817
6.57	0.015943542119541892
6.575	0.015915810457143274
6.58	0.01588809470132585
6.585	0.015860394750441622
6.59	0.015832710502740665
6.595	0.015805041856367916
6.6	0.015777388709360084
6.605	0.015749750959645085
6.61	0.015722128505036563
6.615	0.015694521243233513
6.62	0.015666929071815577
6.625	0.015639351888241202
6.63	0.015611789589845255
6.635	0.015584242073834973
6.640000000000001	0.015556709237288484
6.645	0.015529190977150609
6.65	0.015501687190230809
6.655	0.01547419777320035
6.66	0.015446722622588532
6.665	0.01541926163478039
6.67	0.015391814706013546
6.675	0.015364381732375601
6.68	0.015336962609799375
6.6850000000000005	0.015309557234062594
6.6899999999999995	0.015282165500782673
6.695	0.015254787305414106
6.7	0.01522742254324576
6.705	0.01520007110939724
6.71	0.01517273289881585
6.715	0.01514540780627337
6.72	0.015118095726363035
6.725	0.015090796553495682
6.73	0.015063510181897215
6.735	0.015036236505604315
6.74	0.015008975418461905
6.745	0.014981726814119675
6.75	0.014954490586028074
6.755	0.014927266627435268
6.76	0.01490005483138373
6.765000000000001	0.01487285509070661
6.77	0.01484566729802365
6.775	0.01481849134573927
6.78	0.014791327126036778
6.785	0.01476417453087611
6.79	0.014737033451989684
6.795	0.014709903780878992
6.8	0.01468278540881068
6.805	0.014655678226812558
6.8100000000000005	0.014628582125669384
6.8149999999999995	0.014601496995921419
6.82	0.014574422727856943
6.825	0.014547359211510366
6.83	0.014520306336658927
6.835	0.014493263992816457
6.84	0.01446623206923171
6.845	0.014439210454882796
6.85	0.014412199038473227
6.855	0.01438519770842803
6.86	0.014358206352889922
6.865	0.014331224859714482
6.87	0.014304253116465292
6.875	0.014277291010411327
6.88	0.01425033842852124
6.885	0.014223395257458644
6.890000000000001	0.014196461383579578
6.895	0.014169536692924973
6.9	0.014142621071219835
6.905	0.014115714403864676
6.91	0.014088816575934313
6.915	0.014061927472170613
6.92	0.014035046976979146
6.925	0.014008174974424106
6.93	0.013981311348223292
6.9350000000000005	0.013954455981743219
6.9399999999999995	0.013927608757994734
6.945	0.013900769559626349
6.95	0.013873938268921712
6.955	0.013847114767791243
6.96	0.013820298937771121
6.965	0.013793490660014089
6.97	0.013766689815285815
6.975	0.013739896283960511
6.98	0.01371310994601387
6.985	0.013686330681018143
6.99	0.013659558368137441
6.995	0.013632792886120529
7.	0.013606034113296786
7.005	0.013579281927569362
7.01	0.0135525362064102
7.015000000000001	0.013525796826853263
7.02	0.01349906366548954
7.025	0.013472336598460748
7.03	0.013445615501452608
7.035	0.013418900249689806
7.04	0.013392190717929289
7.045	0.013365486780453505
7.05	0.013338788311065306
7.055	0.0133120951830798
7.0600000000000005	0.013285407269319547
7.0649999999999995	0.013258724442107026
7.07	0.01323204657325786
7.075	0.013205373534074987
7.08	0.013178705195340904
7.085	0.013152041427310721
7.09	0.01312538209970697
7.095	0.013098727081709088
7.1	0.013072076241950385
7.105	0.013045429448507298
7.11	0.013018786568894472
7.115	0.01299214747005484
7.12	0.012965512018355479
7.125	0.01293888007957686
7.13	0.012912251518906924
7.135	0.01288562620093212
7.140000000000001	0.012859003989630911
7.145	0.012832384748364128
7.15	0.012805768339869407
7.155	0.012779154626248679
7.16	0.012752543468964235
7.165	0.01272593472882814
7.17	0.01269932826599378
7.175	0.012672723939947563
7.18	0.012646121609499725
7.1850000000000005	0.012619521132776838
7.1899999999999995	0.012592922367210284
7.195	0.012566325169529585
7.2	0.01253972939575171
7.205	0.012513134901172588
7.21	0.012486541540356628
7.215	0.012459949167127756
7.220000000000001	0.012433357634560261
7.225	0.012406766794967022
7.23	0.012380176499891685
7.234999999999999	0.012353586600096823
7.24	0.012326996945554638
7.245	0.0123004073854363
7.25	0.012273817768100862
7.255	0.012247227941085095
7.26	0.012220637751092379
7.265000000000001	0.012194047043981865
7.27	0.012167455664756587
7.275	0.012140863457553528
7.28	0.012114270265630266
7.285	0.012087675931354881
7.29	0.012061080296193294
7.295	0.012034483200697322
7.300000000000001	0.012007884484492764
7.305	0.011981283986266775
7.3100000000000005	0.011954681543755027
7.3149999999999995	0.011928076993730352
7.32	0.01190147017198747
7.325	0.011874860913332714
7.33	0.011848249051568187
7.335	0.01182163441947945
7.34	0.011795016848822362
7.345000000000001	0.011768396170307392
7.35	0.011741772213587898
7.355	0.01171514480724406
7.359999999999999	0.011688513778768108
7.365	0.011661878954551003
7.37	0.011635240159866351
7.375	0.011608597218855975
7.38	0.011581949954513376
7.385	0.011555298188669166
7.390000000000001	0.011528641741974233
7.395	0.011501980433884158
7.4	0.011475314082642822
7.405	0.011448642505264723
7.41	0.011421965517519398
7.415	0.011395282933913726
7.42	0.011368594567673383
7.425000000000001	0.011341900230726393
7.43	0.011315199733684925
7.4350000000000005	0.011288492885825868
7.4399999999999995	0.011261779495073534
7.445	0.01123505936797964
7.45	0.011208332309704822
7.455	0.011181598123998831
7.46	0.011154856613179607
7.465	0.011128107578114933
7.470000000000001	0.011101350818200543
7.475	0.01107458613133977
7.48	0.011047813313921658
7.484999999999999	0.011021032160800293
7.49	0.010994242465271966
7.495	0.010967444019053365
7.5	0.010940636612258834
7.505	0.0109138200333769
7.51	0.010886994069246946
7.515000000000001	0.010860158505035565
7.52	0.010833313124212072
7.525	0.010806457708523627
7.53	0.010779592037970097
7.535	0.010752715890778955
7.54	0.010725829043378491
7.545	0.010698931270371212
7.550000000000001	0.01067202234450828
7.555	0.010645102036660331
7.5600000000000005	0.010618170115790443
7.5649999999999995	0.010591226348925393
7.57	0.010564270501127076
7.575	0.010537302335462812
7.58	0.010510321612975085
7.585	0.010483328092651038
7.59	0.010456321531391845
7.595000000000001	0.010429301683980633
7.6	0.010402268303050572
7.605	0.01037522113905135
7.609999999999999	0.010348159940215871
7.615	0.010321084452527184
7.62	0.010293994419682087
7.625	0.01026688958305724
7.63	0.010239769681672034
7.635	0.010212634452152652
7.640000000000001	0.010185483628693679
7.645	0.010158316943021255
7.65	0.010131134124352969
7.655	0.0101039348993587
7.66	0.010076718992120313
7.665	0.010049486124090583
7.67	0.010022236014050303
7.675000000000001	0.009994968378066698
7.68	0.009967682929449004
7.685	0.009940379378703902
7.6899999999999995	0.009913057433490443
7.694999999999999	0.009885716798573243
7.699999999999999	0.009858357175775717
7.704999999999999	0.009830978263931868
7.71	0.009803579758836122
7.715	0.009776161353194519
7.72	0.009748722736572393
7.725	0.00972126359534254
7.7299999999999995	0.009693783612631911
7.734999999999999	0.009666282468266525
7.739999999999999	0.009638759838717117
7.744999999999999	0.009611215397040717
7.75	0.009583648812823939
7.755	0.009556059752123187
7.76	0.009528447877404471
7.765	0.009500812847481138
7.77	0.00947315431745169
7.7749999999999995	0.009445471938634226
7.779999999999999	0.00941776535850143
7.784999999999999	0.00939003422061292
7.79	0.009362278164546656
7.795	0.009334496825828466
7.8	0.009306689835860454
7.805	0.009278856821847365
7.81	0.00925099740672161
7.8149999999999995	0.009223111209066825
7.819999999999999	0.009195197843038648
7.824999999999999	0.009167256918285141
7.829999999999999	0.009139288039864777
7.835	0.009111290808161407
7.84	0.009083264818799957
7.845	0.009055209662557148
7.85	0.009027124925272292
7.8549999999999995	0.008999010187755452
7.859999999999999	0.008970865025692103
7.864999999999999	0.008942689009548109
7.869999999999999	0.00891448170447007
7.875	0.008886242670184662
7.88	0.008857971460894957
7.885	0.008829667625174602
7.89	0.008801330705858996
7.895	0.008772960239934232
7.8999999999999995	0.008744555758423152
7.904999999999999	0.008716116786268395
7.909999999999999	0.008687642842212963
7.915	0.008659133438677623
7.92	0.008630588081634895
7.925	0.008602006270480248
7.93	0.00857338749790035
7.935	0.008544731249736726
7.9399999999999995	0.008516037004847567
7.944999999999999	0.008487304234964767
7.949999999999999	0.008458532404547293
7.955	0.008429720970631879
7.96	0.008400869382678294
7.965	0.008371977082411544
7.97	0.008343043503659197
7.975	0.008314068072185283
7.9799999999999995	0.008285050205518804
7.984999999999999	0.008255989312777701
7.989999999999999	0.00822688479448924
7.994999999999999	0.00819773604240335
8.	0.008168542439303015
8.004999999999999	0.008139303358807793
8.01	0.008110018165172695
8.014999999999999	0.008080686213081528
8.02	0.00805130684743334
8.025	0.008021879403124476
8.03	0.007992403204822713
8.035	0.007962877566736188
8.04	0.007933301792374916
8.045	0.007903675174305479
8.049999999999999	0.007873996993898971
8.055	0.00784426652107069
8.059999999999999	0.007814483014013126
8.065	0.007784645718919854
8.07	0.007754753869702152
8.075	0.0077248066876961525
8.08	0.007694803381361844
8.084999999999999	0.0076647431459722325
8.09	0.007634625163293244
8.094999999999999	0.007604448601253655
8.1	0.007574212613604019
8.105	0.007543916339566172
8.11	0.007513558903470501
8.115	0.007483139414381555
8.12	0.007452656965712532
8.125	0.007422110634826471
8.129999999999999	0.0073914994826242645
8.135	0.007360822553120179
8.139999999999999	0.007330078873002126
8.145	0.007299267451177361
8.15	0.007268387278304189
8.155	0.007237437326305745
8.16	0.007206416547869115
8.165	0.0071753238759259775
8.17	0.00714415822311541
8.174999999999999	0.0071129184812283395
8.18	0.007081603520632347
8.184999999999999	0.007050212189675414
8.19	0.007018743314069214
8.195	0.006987195696249879
8.2	0.006955568114714506
8.205	0.006923859323335928
8.209999999999999	0.006892068050648316
8.215	0.006860192999110336
8.219999999999999	0.006828232844337412
8.225	0.006796186234306618
8.23	0.006764051788530485
8.235	0.006731828097199635
8.24	0.006699513720291055
8.245	0.006667107186642665
8.25	0.006634606992990384
8.254999999999999	0.006602011602967577
8.26	0.006569319446062982
8.264999999999999	0.006536528916537868
8.27	0.006503638372298574
8.275	0.006470646133720437
8.28	0.006437550482426376
8.285	0.006404349660010086
8.29	0.006371041866708343
8.295	0.0063376252600141885
8.299999999999999	0.006304097953231209
8.305	0.006270458013963262
8.309999999999999	0.00623670346253979
8.315	0.006202832270369048
8.32	0.006168842358217238
8.325	0.0061347315944114125
8.33	0.006100497792957324
8.334999999999999	0.006066138711570775
8.34	0.006031652049617725
8.344999999999999	0.005997035445956524
8.35	0.005962286476675135
8.355	0.005927402652720211
8.36	0.005892381417411832
8.365	0.005857220143832481
8.37	0.005821916132085865
8.375	0.005786466606421235
8.379999999999999	0.005750868712204336
8.385	0.005715119512736796
8.389999999999999	0.005679215985908363
8.395	0.005643155020669381
8.4	0.005606933413317538
8.405	0.005570547863583654
8.41	0.005533994970497722
8.415	0.005497271228034829
8.42	0.0054603730205064075
8.424999999999999	0.005423296617698301
8.43	0.005386038169719942
8.434999999999999	0.005348593701563135
8.44	0.005310959107330284
8.445	0.00527313014412047
8.45	0.005235102425546975
8.455	0.005196871414851996
8.459999999999999	0.005158432417594118
8.465	0.005119780573872061
8.469999999999999	0.005080910850052974
8.475	0.00504181802995831
8.48	0.005002496705470749
8.485	0.004962941266512583
8.49	0.004923145890340182
8.495	0.004883104530101279
8.5	0.004842810902591501
8.504999999999999	0.0048022584751371295
8.51	0.004761440451529493
8.515	0.004720349756928885
8.52	0.004678979021633683
8.525	0.004637320563623548
8.53	0.004595366369750695
8.535	0.004553108075452119
8.54	0.004510536942839059
8.545	0.004467643837004303
8.549999999999999	0.004424419200359712
8.555	0.004380853024813367
8.559999999999999	0.004336934821540185
8.565	0.0042926535881119676
8.57	0.0042479977726753845
8.575	0.004202955234864605
8.58	0.0041575132030694534
8.584999999999999	0.004111658227635124
8.59	0.0040653761295176526
8.594999999999999	0.004018651943833844
8.6	0.00397146985767734
8.605	0.003923813141477318
8.61	0.0038756640730504823
8.615	0.0038270038533850205
8.62	0.0037778125130188194
8.625	0.0037280688077074753
8.629999999999999	0.003677750101838658
8.635	0.0036268322377883233
8.64	0.003575289389098109
8.645	0.003523093894944294
8.65	0.0034702160729187218
8.655	0.0034166240065302846
8.66	0.003362283303136113
8.665	0.0033071568171185264
8.67	0.0032512043320031903
8.674999999999999	0.003194382193830902
8.68	0.00313664288631975
8.684999999999999	0.003077934536139624
8.69	0.00301820033367366
8.695	0.0029573778509832237
8.7	0.0028953982337274805
8.705	0.0028321852373929548
8.709999999999999	0.0027676540695001995
8.715	0.0027017099878661973
8.719999999999999	0.0026342465890021186
8.725	0.0025651436986025614
8.73	0.00249426474494338
8.735	0.002421453451332154
8.74	0.0023465296186394886
8.745	0.0022692836719907256
8.75	0.0021894694981106693
8.754999999999999	0.0021067948691455146
8.76	0.0020209083780720815
8.765	0.0019313811946615413
8.77	0.001837680887598319
8.775	0.0017391326394775757
8.78	0.0016348595324589428
8.785	0.0015236861884454726
8.79	0.0014039738489196132
8.795	0.001273315788988274
8.799999999999999	0.0011279138707868672
8.805	0.0009610987907870642
8.809999999999999	0.0007588775742507268
8.815	0.00047826883868738756
8.82	0.
8.825	0.
8.83	0.
8.834999999999999	0.
8.84	0.
8.844999999999999	0.
8.85	0.
8.855	0.
8.86	0.
8.865	0.
8.87	0.
8.875	0.
8.879999999999999	0.
8.885	0.
8.89	0.
8.895	0.
8.9	0.
8.905	0.
8.91	0.
8.915	0.
8.92	0.
8.924999999999999	0.
8.93	0.
8.934999999999999	0.
8.94	0.
8.945	0.
8.95	0.
8.955	0.
8.959999999999999	0.
8.965	0.
8.969999999999999	0.
8.975	0.
8.98	0.
8.985	0.
8.99	0.
8.995	0.
9.	0.
9.004999999999999	0.
9.01	0.
9.015	0.
9.02	0.
9.025	0.
9.03	0.
9.035	0.
9.04	0.
9.045	0.
9.049999999999999	0.
9.055	0.
9.059999999999999	0.
9.065	0.
9.07	0.
9.075	0.
9.08	0.
9.084999999999999	0.
9.09	0.
9.094999999999999	0.
9.1	0.
9.105	0.
9.11	0.
9.115	0.
9.12	0.
9.125	0.
9.129999999999999	0.
9.135	0.
9.14	0.
9.145	0.
9.15	0.
9.155	0.
9.16	0.
9.165	0.
9.17	0.
9.174999999999999	0.
9.18	0.
9.184999999999999	0.
9.19	0.
9.195	0.
9.2	0.
9.205	0.
9.209999999999999	0.
9.215	0.
9.219999999999999	0.
9.225	0.
9.23	0.
9.235	0.
9.24	0.
9.245	0.
9.25	0.
9.254999999999999	0.
9.26	0.
9.265	0.
9.27	0.
9.275	0.
9.28	0.
9.285	0.
9.29	0.
9.295	0.
9.299999999999999	0.
9.305	0.
9.309999999999999	0.
9.315	0.
9.32	0.
9.325	0.
9.33	0.
9.334999999999999	0.
9.34	0.
9.344999999999999	0.
9.35	0.
9.355	0.
9.36	0.
9.365	0.
9.37	0.
9.375	0.
9.379999999999999	0.
9.385	0.
9.39	0.
9.395	0.
9.4	0.
9.405	0.
9.41	0.
9.415	0.
9.42	0.
9.424999999999999	0.
9.43	0.
9.434999999999999	0.
9.44	0.
9.445	0.
9.45	0.
9.455	0.
9.459999999999999	0.
9.465	0.
9.469999999999999	0.
9.475	0.
9.48	0.
9.485	0.
9.49	0.
9.495	0.
9.5	0.
9.504999999999999	0.
9.51	0.
9.515	0.
9.52	0.
9.525	0.
9.53	0.
9.535	0.
9.54	0.
9.545	0.
9.549999999999999	0.
9.555	0.
9.559999999999999	0.
9.565	0.
9.57	0.
9.575	0.
9.58	0.
9.584999999999999	0.
9.59	0.
9.594999999999999	0.
9.6	0.
9.605	0.
9.61	0.
9.615	0.
9.62	0.
9.625	0.
9.629999999999999	0.
9.635	0.
9.64	0.
9.645	0.
9.65	0.
9.655	0.
9.66	0.
9.665	0.
9.67	0.
9.674999999999999	0.
9.68	0.
9.684999999999999	0.
9.69	0.
9.695	0.
9.7	0.
9.705	0.
9.709999999999999	0.
9.715	0.
9.719999999999999	0.
9.725	0.
9.73	0.
9.735	0.
9.74	0.
9.745	0.
9.75	0.
9.754999999999999	0.
9.76	0.
9.765	0.
9.77	0.
9.774999999999999	0.
9.78	0.
9.785	0.
9.79	0.
9.795	0.
9.8	0.
9.805	0.
9.809999999999999	0.
9.815	0.
9.82	0.
9.825	0.
9.83	0.
9.834999999999999	0.
9.84	0.
9.844999999999999	0.
9.85	0.
9.855	0.
9.86	0.
9.865	0.
9.87	0.
9.875	0.
9.879999999999999	0.
9.885	0.
9.89	0.
9.895	0.
9.899999999999999	0.
9.905	0.
9.91	0.
9.915	0.
9.92	0.
9.925	0.
9.93	0.
9.934999999999999	0.
9.94	0.
9.945	0.
9.95	0.
9.955	0.
9.959999999999999	0.
9.965	0.
9.969999999999999	0.
9.975	0.
9.98	0.
9.985	0.
9.99	0.
9.995	0.
10.	0.
10.004999999999999	0.
10.01	0.
10.015	0.
10.02	0.
10.024999999999999	0.
10.03	0.
10.035	0.
10.04	0.
10.045	0.
10.05	0.
10.055	0.
10.059999999999999	0.
10.065	0.
10.07	0.
10.075	0.
10.08	0.
10.084999999999999	0.
10.09	0.
10.094999999999999	0.
10.1	0.
10.105	0.
10.11	0.
10.115	0.
10.12	0.
10.125	0.
10.129999999999999	0.
10.135	0.
10.14	0.
10.145	0.
10.149999999999999	0.
10.155	0.
10.16	0.
10.165	0.
10.17	0.
10.175	0.
10.18	0.
10.184999999999999	0.
10.19	0.
10.195	0.
10.2	0.
10.205	0.
10.209999999999999	0.
10.215	0.
10.219999999999999	0.
10.225	0.
10.23	0.
10.235	0.
10.24	0.
10.245000000000001	0.
10.250000000000002	0.
10.255	0.
10.260000000000002	0.
10.265	0.
10.270000000000001	0.
10.275	0.
10.280000000000001	0.
10.285	0.
10.290000000000001	0.
10.295000000000002	0.
10.3	0.
10.305000000000001	0.
10.31	0.
10.315000000000001	0.
10.32	0.
10.325000000000001	0.
10.330000000000002	0.
10.335	0.
10.340000000000002	0.
10.345	0.
10.350000000000001	0.
10.355	0.
10.360000000000001	0.
10.365	0.
10.370000000000001	0.
10.375000000000002	0.
10.38	0.
10.385000000000002	0.
10.39	0.
10.395000000000001	0.
10.4	0.
10.405000000000001	0.
10.41	0.
10.415000000000001	0.
10.420000000000002	0.
10.425	0.
10.430000000000001	0.
10.435	0.
10.440000000000001	0.
10.445	0.
10.450000000000001	0.
10.455000000000002	0.
10.46	0.
10.465000000000002	0.
10.47	0.
10.475000000000001	0.
10.48	0.
10.485000000000001	0.
10.49	0.
10.495000000000001	0.
10.500000000000002	0.
10.505	0.
10.510000000000002	0.
10.515	0.
10.520000000000001	0.
10.525	0.
10.530000000000001	0.
10.535	0.
10.540000000000001	0.
10.545000000000002	0.
10.55	0.
10.555000000000001	0.
10.56	0.
10.565000000000001	0.
10.57	0.
10.575000000000001	0.
10.580000000000002	0.
10.585	0.
10.590000000000002	0.
10.595	0.
10.600000000000001	0.
10.605	0.
10.610000000000001	0.
10.615	0.
10.620000000000001	0.
10.625000000000002	0.
10.63	0.
10.635000000000002	0.
10.64	0.
10.645000000000001	0.
10.65	0.
10.655000000000001	0.
10.66	0.
10.665000000000001	0.
10.670000000000002	0.
10.675	0.
10.680000000000001	0.
10.685	0.
10.690000000000001	0.
10.695	0.
10.700000000000001	0.
10.705000000000002	0.
10.71	0.
10.715000000000002	0.
10.72	0.
10.725000000000001	0.
10.73	0.
10.735000000000001	0.
10.74	0.
10.745000000000001	0.
10.750000000000002	0.
10.755	0.
10.760000000000002	0.
10.765	0.
10.770000000000001	0.
10.775	0.
10.780000000000001	0.
10.785	0.
10.790000000000001	0.
10.795000000000002	0.
10.8	0.
10.805000000000001	0.
10.81	0.
10.815000000000001	0.
10.82	0.
10.825000000000001	0.
10.830000000000002	0.
10.835	0.
10.840000000000002	0.
10.845	0.
10.850000000000001	0.
10.855	0.
10.860000000000001	0.
10.865	0.
10.870000000000001	0.
10.875000000000002	0.
10.88	0.
10.885000000000002	0.
10.89	0.
10.895000000000001	0.
10.9	0.
10.905000000000001	0.
10.91	0.
10.915000000000001	0.
10.920000000000002	0.
10.925	0.
10.930000000000001	0.
10.935	0.
10.940000000000001	0.
10.945	0.
10.950000000000001	0.
10.955000000000002	0.
10.96	0.
10.965000000000002	0.
10.97	0.
10.975000000000001	0.
10.98	0.
10.985000000000001	0.
10.99	0.
10.995000000000001	0.
11.000000000000002	0.
11.005	0.
11.010000000000002	0.
11.015	0.
11.020000000000001	0.
11.025	0.
11.030000000000001	0.
11.035	0.
11.040000000000001	0.
11.045000000000002	0.
11.05	0.
11.055000000000001	0.
11.06	0.
11.065000000000001	0.
11.07	0.
11.075000000000001	0.
11.080000000000002	0.
11.085	0.
11.090000000000002	0.
11.095	0.
11.100000000000001	0.
11.105	0.
11.110000000000001	0.
11.115	0.
11.120000000000001	0.
11.125000000000002	0.
11.13	0.
11.135000000000002	0.
11.14	0.
11.145000000000001	0.
11.15	0.
11.155000000000001	0.
11.16	0.
11.165000000000001	0.
11.170000000000002	0.
11.175	0.
11.180000000000001	0.
11.185	0.
11.190000000000001	0.
11.195	0.
11.200000000000001	0.
11.205000000000002	0.
11.21	0.
11.215000000000002	0.
11.22	0.
11.225000000000001	0.
11.23	0.
11.235000000000001	0.
11.24	0.
11.245000000000001	0.
11.250000000000002	0.
11.255	0.
11.260000000000002	0.
11.265	0.
11.270000000000001	0.
11.275	0.
11.280000000000001	0.
11.285	0.
11.290000000000001	0.
11.295000000000002	0.
11.3	0.
11.305000000000001	0.
11.31	0.
11.315000000000001	0.
11.32	0.
11.325000000000001	0.
11.330000000000002	0.
11.335	0.
11.340000000000002	0.
11.345	0.
11.350000000000001	0.
11.355	0.
11.360000000000001	0.
11.365000000000002	0.
11.370000000000001	0.
11.375000000000002	0.
11.38	0.
11.385000000000002	0.
11.39	0.
11.395000000000001	0.
11.4	0.
11.405000000000001	0.
11.41	0.
11.415000000000001	0.
11.420000000000002	0.
11.425	0.
11.430000000000001	0.
11.435	0.
11.440000000000001	0.
11.445	0.
11.450000000000001	0.
11.455000000000002	0.
11.46	0.
11.465000000000002	0.
11.47	0.
11.475000000000001	0.
11.48	0.
11.485000000000001	0.
11.490000000000002	0.
11.495000000000001	0.
11.500000000000002	0.
11.505	0.
11.510000000000002	0.
11.515	0.
11.520000000000001	0.
11.525	0.
11.530000000000001	0.
11.535	0.
11.540000000000001	0.
11.545000000000002	0.
11.55	0.
11.555000000000001	0.
11.56	0.
11.565000000000001	0.
11.57	0.
11.575000000000001	0.
11.580000000000002	0.
11.585	0.
11.590000000000002	0.
11.595	0.
11.600000000000001	0.
11.605	0.
11.610000000000001	0.
11.615000000000002	0.
11.620000000000001	0.
11.625000000000002	0.
11.63	0.
11.635000000000002	0.
11.64	0.
11.645000000000001	0.
11.65	0.
11.655000000000001	0.
11.66	0.
11.665000000000001	0.
11.670000000000002	0.
11.675	0.
11.680000000000001	0.
11.685	0.
11.690000000000001	0.
11.695	0.
11.700000000000001	0.
11.705000000000002	0.
11.71	0.
11.715000000000002	0.
11.72	0.
11.725000000000001	0.
11.73	0.
11.735000000000001	0.
11.740000000000002	0.
11.745000000000001	0.
11.750000000000002	0.
11.755	0.
11.760000000000002	0.
11.765	0.
11.770000000000001	0.
11.775	0.
11.780000000000001	0.
11.785	0.
11.790000000000001	0.
11.795000000000002	0.
11.8	0.
11.805000000000001	0.
11.81	0.
11.815000000000001	0.
11.82	0.
11.825000000000001	0.
11.830000000000002	0.
11.835	0.
11.840000000000002	0.
11.845	0.
11.850000000000001	0.
11.855	0.
11.860000000000001	0.
11.865000000000002	0.
11.870000000000001	0.
11.875000000000002	0.
11.88	0.
11.885000000000002	0.
11.89	0.
11.895000000000001	0.
11.9	0.
11.905000000000001	0.
11.91	0.
11.915000000000001	0.
11.920000000000002	0.
11.925	0.
11.930000000000001	0.
11.935	0.
11.940000000000001	0.
11.945	0.
11.950000000000001	0.
11.955000000000002	0.
11.96	0.
11.965000000000002	0.
11.97	0.
11.975000000000001	0.
11.98	0.
11.985000000000001	0.
11.990000000000002	0.
11.995000000000001	0.
12.000000000000002	4.183244565458937e-9
12.005	0.
12.010000000000002	0.
12.015	0.
12.020000000000001	0.
12.025	0.
12.030000000000001	0.
12.035	0.
12.040000000000001	0.
12.045000000000002	0.
12.05	0.
12.055000000000001	0.
12.06	0.
12.065000000000001	0.
12.07	0.
12.075000000000001	0.
12.080000000000002	0.
12.085	0.
12.090000000000002	0.
12.095	0.
12.100000000000001	0.
12.105	0.
12.110000000000001	0.
12.115000000000002	0.
12.120000000000001	0.
12.125000000000002	0.
12.13	0.
12.135000000000002	0.
12.14	0.
12.145000000000001	0.
12.15	0.
12.155000000000001	0.
12.16	0.
12.165000000000001	0.
12.170000000000002	0.
12.175	0.
12.180000000000001	0.
12.185	0.
12.190000000000001	0.
12.195	0.
12.200000000000001	0.
12.205000000000002	0.
12.21	0.
12.215000000000002	0.
12.22	0.
12.225000000000001	0.
12.23	0.
12.235000000000001	0.
12.240000000000002	0.
12.245000000000001	0.
12.25	0.
12.255	0.
12.260000000000002	0.
12.265	0.
12.270000000000001	0.
12.275000000000002	0.
12.280000000000001	0.
12.285	0.
12.290000000000001	0.
12.295000000000002	0.
12.3	0.
12.305000000000001	0.
12.31	0.
12.315000000000001	0.
12.32	0.
12.325000000000001	0.
12.330000000000002	0.
12.335	0.
12.340000000000002	0.
12.345	0.
12.350000000000001	0.
12.355	0.
12.360000000000001	0.
12.365000000000002	0.
12.370000000000001	0.
12.375	0.
12.38	0.
12.385000000000002	0.
12.39	0.
12.395000000000001	0.
12.400000000000002	0.
12.405000000000001	0.
12.41	0.
12.415000000000001	0.
12.420000000000002	0.
12.425	0.
12.430000000000001	0.
12.435	0.
12.440000000000001	0.
12.445	0.
12.450000000000001	0.
12.455000000000002	0.
12.46	0.
12.465000000000002	0.
12.47	0.
12.475000000000001	0.
12.48	0.
12.485000000000001	0.
12.490000000000002	0.
12.495000000000001	0.
12.5	0.
12.505	0.
12.510000000000002	0.
12.515	0.
12.520000000000001	0.
12.525000000000002	0.
12.530000000000001	0.
12.535	0.
12.540000000000001	0.
12.545000000000002	0.
12.55	0.
12.555000000000001	0.
12.56	0.
12.565000000000001	0.
12.57	0.
12.575000000000001	0.
12.580000000000002	0.
12.585	0.
12.590000000000002	0.
12.595	0.
12.600000000000001	0.
12.605	0.
12.610000000000001	0.
12.615000000000002	0.
12.620000000000001	0.
12.625	0.
12.63	0.
12.635000000000002	0.
12.64	0.
12.645000000000001	0.
12.650000000000002	0.
12.655000000000001	0.
12.66	0.
12.665000000000001	0.
12.670000000000002	0.
12.675	0.
12.680000000000001	0.
12.685	0.
12.690000000000001	0.
12.695	0.
12.700000000000001	0.
12.705000000000002	0.
12.71	0.
12.715000000000002	0.
12.72	0.
12.725000000000001	0.
12.73	0.
12.735000000000001	0.
12.740000000000002	0.
12.745000000000001	0.
12.75	0.
12.755	0.
12.760000000000002	0.
12.765	0.
12.770000000000001	0.
12.775000000000002	0.
12.780000000000001	0.
12.785	0.
12.790000000000001	0.
12.795000000000002	0.
12.8	0.
12.805000000000001	0.
12.810000000000002	0.
12.815000000000001	0.
12.820000000000002	0.
12.825000000000001	0.
12.830000000000002	0.
12.835	0.
12.840000000000002	0.
12.845	0.
12.850000000000001	0.
12.855000000000002	0.
12.860000000000001	0.
12.865000000000002	0.
12.870000000000001	0.
12.875000000000002	0.
12.88	0.
12.885000000000002	0.
12.890000000000002	0.
12.895000000000001	0.
12.900000000000002	0.
12.905000000000001	0.
12.910000000000002	0.
12.915000000000001	0.
12.920000000000002	0.
12.925	0.
12.930000000000001	0.
12.935000000000002	0.
12.940000000000001	0.
12.945000000000002	0.
12.950000000000001	0.
12.955000000000002	0.
12.96	0.
12.965000000000002	0.
12.97	0.
12.975000000000001	0.
12.980000000000002	0.
12.985000000000001	0.
12.990000000000002	0.
12.995000000000001	0.
13.000000000000002	0.
13.005	0.
13.010000000000002	0.
13.015000000000002	0.
13.020000000000001	0.
13.025000000000002	0.
13.030000000000001	0.
13.035000000000002	0.
13.040000000000001	0.
13.045000000000002	0.
13.05	0.
13.055000000000001	0.
13.060000000000002	0.
13.065000000000001	0.
13.070000000000002	0.
13.075000000000001	0.
13.080000000000002	0.
13.085	0.
13.090000000000002	0.
13.095	0.
13.100000000000001	0.
13.105000000000002	0.
13.110000000000001	0.
13.115000000000002	0.
13.120000000000001	0.
13.125000000000002	0.
13.13	0.
13.135000000000002	0.
13.140000000000002	0.
13.145000000000001	0.
13.150000000000002	0.
13.155000000000001	0.
13.160000000000002	0.
13.165000000000001	0.
13.170000000000002	0.
13.175	0.
13.180000000000001	0.
13.185000000000002	0.
13.190000000000001	0.
13.195000000000002	0.
13.200000000000001	0.
13.205000000000002	0.
13.21	0.
13.215000000000002	0.
13.220000000000002	0.
13.225000000000001	0.
13.230000000000002	0.
13.235000000000001	0.
13.240000000000002	0.
13.245000000000001	0.
13.250000000000002	0.
13.255	0.
13.260000000000002	0.
13.265000000000002	0.
13.270000000000001	0.
13.275000000000002	0.
13.280000000000001	0.
13.285000000000002	0.
13.290000000000001	0.
13.295000000000002	0.
13.3	0.
13.305000000000001	0.
13.310000000000002	0.
13.315000000000001	0.
13.320000000000002	0.
13.325000000000001	0.
13.330000000000002	0.
13.335	0.
13.340000000000002	0.
13.345000000000002	0.
13.350000000000001	0.
13.355000000000002	0.
13.360000000000001	0.
13.365000000000002	0.
13.370000000000001	0.
13.375000000000002	0.
13.38	0.
13.385000000000002	0.
13.39	0.
13.395000000000001	0.
13.400000000000002	0.
13.405000000000001	0.
13.410000000000002	0.
13.415000000000001	0.
13.420000000000002	0.
13.425	0.
13.430000000000001	0.
13.435000000000002	0.
13.440000000000001	0.
13.445000000000002	0.
13.450000000000001	0.
13.455000000000002	0.
13.46	0.
13.465000000000002	0.
13.470000000000002	0.
13.475000000000001	0.
13.480000000000002	0.
13.485000000000001	0.
13.490000000000002	0.
13.495000000000001	0.
13.500000000000002	0.
13.505	0.
13.510000000000002	0.
13.515	0.
13.520000000000001	0.
13.525000000000002	0.
13.530000000000001	0.
13.535000000000002	0.
13.540000000000001	0.
13.545000000000002	0.
13.55	0.
13.555000000000001	0.
13.560000000000002	0.
13.565000000000001	0.
13.570000000000002	0.
13.575000000000001	0.
13.580000000000002	0.
13.585	0.
13.590000000000002	0.
13.595000000000002	0.
13.600000000000001	0.
13.605000000000002	0.
13.610000000000001	0.
13.615000000000002	0.
13.620000000000001	0.
13.625000000000002	0.
13.63	0.
13.635000000000002	0.
13.64	0.
13.645000000000001	0.
13.650000000000002	0.
13.655000000000001	0.
13.660000000000002	0.
13.665000000000001	0.
13.670000000000002	0.
13.675	0.
13.680000000000001	0.
13.685000000000002	0.
13.690000000000001	0.
13.695000000000002	0.
13.700000000000001	0.
13.705000000000002	0.
13.71	0.
13.715000000000002	0.
13.720000000000002	0.
13.725000000000001	0.
13.730000000000002	0.
13.735000000000001	0.
13.740000000000002	0.
13.745000000000001	0.
13.750000000000002	0.
13.755	0.
13.760000000000002	0.
13.765	0.
13.770000000000001	0.
13.775000000000002	0.
13.780000000000001	0.
13.785000000000002	0.
13.790000000000001	0.
13.795000000000002	0.
13.8	0.
13.805000000000001	0.
13.810000000000002	0.
13.815000000000001	0.
13.820000000000002	0.
13.825000000000001	0.
13.830000000000002	0.
13.835	0.
13.840000000000002	0.
13.845000000000002	0.
13.850000000000001	0.
13.855000000000002	0.
13.860000000000001	0.
13.865000000000002	0.
13.870000000000001	0.
13.875000000000002	0.
13.88	0.
13.885000000000002	0.
13.89	0.
13.895000000000001	0.
13.900000000000002	0.
13.905000000000001	0.
13.910000000000002	0.
13.915000000000001	0.
13.920000000000002	0.
13.925	0.
13.930000000000001	0.
13.935000000000002	0.
13.940000000000001	0.
13.945000000000002	0.
13.950000000000001	0.
13.955000000000002	0.
13.96	0.
13.965000000000002	0.
13.970000000000002	0.
13.975000000000001	0.
13.980000000000002	0.
13.985000000000001	0.
13.990000000000002	0.
13.995000000000001	0.
14.	0.