0.005	0.
0.01	0.
0.015	0.
0.02	0.
0.025	0.
0.030000000000000002	0.
0.034999999999999996	0.
0.04	0.
0.045	0.
0.049999999999999996	0.
0.055	0.
0.06	0.
0.065	0.
0.07	0.
0.07500000000000001	0.
0.08	0.
0.085	0.
0.09000000000000001	0.
0.095	0.
0.1	0.
0.10500000000000001	0.
0.11	0.
0.115	0.
0.12000000000000001	0.
0.125	0.
0.13	0.
0.135	0.
0.14	0.
0.14500000000000002	0.
0.15	0.
0.155	0.
0.16	0.
0.165	0.
0.17	0.0643960075942556
0.17500000000000002	0.09945130085946884
0.18000000000000002	0.12242037121986556
0.185	0.1396918773704625
0.19	0.15342518513892697
0.195	0.16468598657961694
0.2	0.17410040151191958
0.20500000000000002	0.1820760855442503
0.21000000000000002	0.1888970804085845
0.215	0.19477102793658693
0.22	0.1998552272767529
0.225	0.20427215517706235
0.23	0.2081192694669544
0.23500000000000001	0.21147549711915564
0.24000000000000002	0.21440569394155592
0.245	0.21696380764971213
0.25	0.21919518114351033
0.255	0.22113826766475328
0.26	0.2228259328131116
0.265	0.2242864595685144
0.27	0.22554433547111605
0.275	0.2266208771579932
0.28	0.2275347315467783
0.28500000000000003	0.22830228214641668
0.29000000000000004	0.22893798147874822
0.295	0.22945462529988975
0.3	0.2298635805084234
0.305	0.23017497585589355
0.31	0.23039786252703454
0.315	0.23054035012453195
0.32	0.23060972243300193
0.325	0.23061253644939242
0.33	0.23055470748141338
0.335	0.23044158258120293
0.34	0.23027800416131214
0.34500000000000003	0.23006836530733024
0.35000000000000003	0.2298166580358549
0.35500000000000004	0.22952651553319223
0.36	0.22920124923763363
0.365	0.22884388148784027
0.37	0.22845717434512805
0.375	0.22804365510307587
0.38	0.22760563891989502
0.385	0.22714524894429972
0.39	0.2266644342516229
0.395	0.2261649858617413
0.4	0.22564855107237264
0.405	0.22511664630925018
0.41000000000000003	0.22457066866753778
0.41500000000000004	0.22401190629575488
0.42000000000000004	0.2234415477538338
0.425	0.22286069046009946
0.43	0.22227034832753903
0.435	0.22167145867730842
0.44	0.22106488850673717
0.445	0.22045144017981685
0.45	0.21983185660015958
0.455	0.21920682591942303
0.46	0.21857698582811005
0.465	0.21794292747041089
0.47000000000000003	0.21730519902004888
0.47500000000000003	0.2166643089500698
0.48000000000000004	0.21602072902592948
0.485	0.2153748970481002
0.49	0.21472721936764466
0.495	0.21407807319576738
0.5	0.21342780872616474
0.505	0.2127767510871212
0.51	0.21212520213856095
0.515	0.21147344212776484
0.52	0.2108217312161148
0.525	0.2101703108880507
0.53	0.20951940525228271
0.535	0.20886922224444854
0.54	0.20821995473944993
0.545	0.20757178158098605
0.55	0.20692486853510325
0.555	0.20627936917395817
0.56	0.20563542569540819
0.5650000000000001	0.20499316968359724
0.5700000000000001	0.20435272281518704
0.5750000000000001	0.20371419751551662
0.5800000000000001	0.20307769756859467
0.585	0.20244331868447937
0.59	0.20181114902731745
0.595	0.20118126970701325
0.6	0.20055375523729144
0.605	0.1999286739626538
0.61	0.19930608845649325
0.615	0.19868605589257815
0.62	0.1980686283917491
0.625	0.19745385334568094
0.63	0.19684177371934142
0.635	0.19623242833367466
0.64	0.19562585212988592
0.645	0.19502207641664468
0.65	0.194421129101396
0.655	0.19382303490685587
0.66	0.1932278155737463
0.665	0.1926354900506924
0.67	0.19204607467213328
0.675	0.1914595833251171
0.68	0.19087602760562317
0.685	0.19029541696525104
0.6900000000000001	0.18971775884874745
0.6950000000000001	0.18914305882312898
0.7000000000000001	0.18857132069885588
0.7050000000000001	0.18800254664355695
0.71	0.18743673728891744
0.715	0.18687389183100306
0.72	0.18631400812454924
0.725	0.1857570827715636
0.73	0.1852031112046083
0.735	0.18465208776507064
0.74	0.1841040057767978
0.745	0.18355885761530802
0.75	0.1830166347728948
0.755	0.18247732791987722
0.76	0.1819409269622461
0.765	0.18140742109583785
0.77	0.18087679885740301
0.775	0.18034904817259753
0.78	0.17982415640119354
0.785	0.17930211037960334
0.79	0.17878289646094145
0.795	0.1782665005527374
0.8	0.17775290815237643
0.805	0.17724210438057666
0.81	0.1767340740127901
0.8150000000000001	0.17622880150884923
0.8200000000000001	0.17572627104082997
0.8250000000000001	0.1752264665193172
0.8300000000000001	0.1747293716180911
0.8350000000000001	0.17423496979738176
0.84	0.17374324432578186
0.845	0.17325417830080186
0.85	0.17276775466830632
0.855	0.17228395624070889
0.86	0.17180276571415623
0.865	0.17132416568461398
0.87	0.17084813866313325
0.875	0.17037466709002386
0.88	0.16990373334830208
0.885	0.16943531977629298
0.89	0.1689694086794522
0.895	0.16850598234148612
0.9	0.16804502303478192
0.905	0.16758651303019176
0.91	0.16713043460624097
0.915	0.16667677005769752
0.92	0.16622550170367215
0.925	0.16577661189508874
0.93	0.1653300830219305
0.935	0.16488589751960914
0.9400000000000001	0.16444403787539658
0.9450000000000001	0.16400448663401135
0.9500000000000001	0.16356722640306423
0.9550000000000001	0.1631322398581101
0.9600000000000001	0.16269950974724823
0.965	0.1622690188955693
0.97	0.16184075020918257
0.975	0.16141468667881578
0.98	0.16099081138351953
0.985	0.16056910749372608
0.99	0.16014955827428826
0.995	0.15973214708720132
1.	0.15931685739412527
1.005	0.15890367275865255
1.01	0.15849257684841012
1.015	0.15808355343684657
1.02	0.15767658641303653
1.025	0.15727165975168433
1.0299999999999998	0.15686875756297172
1.035	0.15646786406449645
1.0399999999999998	0.15606896358101996
1.045	0.15567204055244305
1.0499999999999998	0.15527707953652647
1.055	0.15488406520527417
1.0599999999999998	0.1544929823481226
1.065	0.15410381587120045
1.0699999999999998	0.15371655079881646
1.075	0.15333117227299847
1.0799999999999998	0.15294766555412165
1.085	0.15256601602131775
1.0899999999999999	0.15218620917220793
1.095	0.1518082306232579
1.0999999999999999	0.15143206610974513
1.105	0.15105770148544723
1.1099999999999999	0.1506851227228862
1.115	0.15031431591275474
1.1199999999999999	0.1499452672639423
1.125	0.14957796310328023
1.13	0.14921238987488897
1.135	0.14884853414010318
1.14	0.1484863825770105
1.145	0.1481259219797907
1.15	0.14776713925854118
1.155	0.14741002143840512
1.16	0.147054555659357
1.1649999999999998	0.14670072917527896
1.17	0.1463485293536502
1.1749999999999998	0.1459979436746596
1.18	0.1456489597308064
1.1849999999999998	0.14530156522590792
1.19	0.14495574797472002
1.1949999999999998	0.144611495901934
1.2	0.14426879704167223
1.2049999999999998	0.14392763953655263
1.21	0.14358801163706122
1.2149999999999999	0.1432499017007
1.22	0.14291329819123266
1.2249999999999999	0.1425781896778797
1.23	0.14224456483445908
1.2349999999999999	0.14191241243868621
1.24	0.14158172137120145
1.2449999999999999	0.14125248061487602
1.25	0.14092467925388946
1.255	0.14059830647291238
1.26	0.14027335155632384
1.265	0.1399498038872382
1.27	0.1396276529467794
1.275	0.13930688831310617
1.28	0.13898749966070154
1.285	0.13866947675941357
1.2899999999999998	0.1383528094736182
1.295	0.13803748776135583
1.2999999999999998	0.13772350167355632
1.305	0.13741084135309012
1.3099999999999998	0.13709949703397017
1.315	0.13678945904045253
1.3199999999999998	0.13648071778625687
1.325	0.13617326377368175
1.3299999999999998	0.13586708759272215
1.335	0.13556217992035366
1.3399999999999999	0.1352585315195688
1.345	0.13495613323859593
1.3499999999999999	0.13465497601009113
1.355	0.13435505085028762
1.3599999999999999	0.1340563488581852
1.365	0.13375886121473415
1.3699999999999999	0.1334625791820477
1.375	0.13316749410252332
1.38	0.1328735973981628
1.385	0.13258088056969036
1.39	0.13228933519576602
1.395	0.13199895293224
1.4	0.13170972551135887
1.405	0.1314216447410139
1.41	0.13113470250389916
1.4149999999999998	0.1308488907568937
1.42	0.13056420153012735
1.4249999999999998	0.13028062692640027
1.43	0.12999815912034604
1.4349999999999998	0.12971679035772413
1.44	0.12943651295465713
1.4449999999999998	0.12915731929699628
1.45	0.12887920183949458
1.4549999999999998	0.12860215310516404
1.46	0.1283261656845642
1.4649999999999999	0.12805123223512346
1.47	0.12777734548037317
1.4749999999999999	0.12750449820933515
1.48	0.12723268327582232
1.4849999999999999	0.12696189359777635
1.49	0.12669212215657688
1.4949999999999999	0.12642336199641047
1.5	0.12615560622361519
1.505	0.12588884800600658
1.51	0.12562308057227292
1.515	0.12535829721132757
1.52	0.1250944912716693
1.525	0.12483165616081626
1.53	0.12456978534460655
1.535	0.12430887234665698
1.54	0.12404891074774815
1.545	0.12378989418520844
1.5499999999999998	0.12353181635234556
1.555	0.12327467099786156
1.5599999999999998	0.12301845192527072
1.565	0.12276315299232916
1.5699999999999998	0.12250876811045708
1.575	0.12225529124421176
1.5799999999999998	0.12200271641072842
1.585	0.12175103767914135
1.5899999999999999	0.12150024917006844
1.595	0.12125034505508572
1.5999999999999999	0.1210013195561743
1.605	0.12075316694520757
1.6099999999999999	0.12050588154346228
1.615	0.12025945772101979
1.6199999999999999	0.12001388989637674
1.625	0.1197691725358445
1.63	0.11952530015313842
1.635	0.11928226730880324
1.64	0.11904006860978081
1.645	0.11879869870893257
1.65	0.11855815230454166
1.655	0.11831842413986146
1.66	0.11807950900263871
1.665	0.11784140172468362
1.67	0.11760409718135366
1.6749999999999998	0.11736759029119628
1.68	0.11713187601542513
1.6849999999999998	0.11689694935753629
1.69	0.11666280536282618
1.6949999999999998	0.1164294391180124
1.7	0.11619684575077768
1.7049999999999998	0.11596502042937044
1.71	0.11573395836215884
1.7149999999999999	0.11550365479726908
1.72	0.11527410502215026
1.7249999999999999	0.11504530436316884
1.73	0.11481724818521331
1.7349999999999999	0.11458993189134425
1.74	0.11436335092235592
1.7449999999999999	0.11413750075640153
1.75	0.1139123769086457
1.755	0.11368797493086938
1.76	0.11346429041110095
1.765	0.11324131897324578
1.77	0.11301905627673217
1.775	0.1127974980161434
1.78	0.1125766399209113
1.785	0.11235647775488246
1.79	0.11213700731603249
1.795	0.11191822443612279
1.7999999999999998	0.11170012498035724
1.805	0.11148270484701635
1.8099999999999998	0.11126595996716489
1.815	0.11104988630433142
1.8199999999999998	0.11083447985414284
1.825	0.11061973664402748
1.8299999999999998	0.11040565273292496
1.835	0.11019222421094159
1.8399999999999999	0.10997944719903793
1.845	0.10976731784875893
1.8499999999999999	0.10955583234189836
1.855	0.10934498689021367
1.8599999999999999	0.10913477773513272
1.865	0.10892520114747038
1.8699999999999999	0.10871625342709638
1.875	0.1085079309027282
1.88	0.10830022993157955
1.885	0.10809314689910086
1.89	0.10788667821873323
1.895	0.10768082033158546
1.9	0.10747556970621192
1.905	0.1072709228383171
1.91	0.1070668762505094
1.915	0.10686342649200949
1.92	0.10666057013843708
1.9249999999999998	0.10645830379153298
1.93	0.1062566240788937
1.9349999999999998	0.1060555276537515
1.94	0.10585501119470687
1.9449999999999998	0.10565507140548329
1.95	0.10545570501470056
1.9549999999999998	0.1052569087756396
1.96	0.10505867946597973
1.9649999999999999	0.10486101388759665
1.97	0.10466390886630565
1.9749999999999999	0.10446736125165793
1.98	0.10427136791669953
1.9849999999999999	0.1040759257577472
1.99	0.10388103169417885
1.9949999999999999	0.10368668266819532
2.	0.10349287564464556
2.005	0.10329960761076391
2.01	0.10310687557597839
2.015	0.1029146765717179
2.02	0.10272300765119213
2.025	0.10253186588917963
2.03	0.10234124838183226
2.035	0.10215115224649073
2.04	0.10196157462146327
2.045	0.1017725126658336
2.05	0.10158396355928319
2.0549999999999997	0.10139592450189576
2.06	0.10120839271394373
2.065	0.10102136543574808
2.07	0.1008348399274272
2.0749999999999997	0.10064881346878939
2.08	0.10046328335908812
2.085	0.10027824691687341
2.09	0.10009370147982692
2.0949999999999998	0.09990964440454947
2.1	0.09972607306640531
2.105	0.09954298485936558
2.11	0.09936037719581935
2.1149999999999998	0.0991782475064093
2.12	0.09899659323985574
2.125	0.09881541186282804
2.13	0.09863470085974307
2.135	0.09845445773261108
2.14	0.09827468000088468
2.145	0.09809536520132209
2.15	0.09791651088778011
2.155	0.09773811463109153
2.16	0.09756017401892945
2.165	0.09738268665562505
2.17	0.09720565016201022
2.175	0.09702906217531486
2.18	0.09685292034896908
2.185	0.09667722235251645
2.19	0.0965019658713841
2.195	0.09632714860684792
2.1999999999999997	0.09615276827580506
2.205	0.09597882261066612
2.21	0.09580530935923766
2.215	0.09563222628455227
2.2199999999999998	0.09545957116474789
2.225	0.09528734179293166
2.23	0.0951155359770725
2.235	0.0949441515398259
2.2399999999999998	0.0947731863184294
2.245	0.09460263816458409
2.25	0.0944325049443137
2.255	0.09426278453783436
2.26	0.09409347483944498
2.265	0.09392457375739038
2.27	0.09375607921375913
2.275	0.09358798914434398
2.28	0.0934203014985168
2.285	0.09325301423915303
2.29	0.09308612534245331
2.295	0.09291963279788308
2.3	0.09275353460802713
2.305	0.09258782878847653
2.31	0.09242251336773771
2.315	0.09225758638709072
2.32	0.09209304590052825
2.3249999999999997	0.09192888997457085
2.33	0.09176511668823296
2.335	0.09160172413288127
2.34	0.09143871041214154
2.3449999999999998	0.09127607364176624
2.35	0.09111381194956812
2.355	0.09095192347530101
2.36	0.09079040637054563
2.3649999999999998	0.09062925879864407
2.37	0.0904684789345577
2.375	0.09030806496480537
2.38	0.09014801508733339
2.385	0.0899883275114503
2.39	0.08982900045771336
2.395	0.08967003215783341
2.4	0.08951142085458459
2.405	0.08935316480171303
2.41	0.08919526226384258
2.415	0.08903771151638443
2.42	0.08888051084544743
2.425	0.08872365854774836
2.43	0.08856715293053234
2.435	0.08841099231145548
2.44	0.08825517501853442
2.445	0.0880996993900467
2.4499999999999997	0.08794456377442678
2.455	0.08778976653022405
2.46	0.08763530602597518
2.465	0.0874811806401433
2.4699999999999998	0.08732738876104341
2.475	0.0871739287867283
2.48	0.08702079912495975
2.485	0.08686799819308282
2.4899999999999998	0.08671552441796404
2.495	0.08656337623591694
2.5	0.08641155209262408
2.505	0.08626005044305611
2.51	0.08610886975138352
2.515	0.08595800849093982
2.52	0.08580746514410519
2.525	0.085657238202249
2.53	0.08550732616566964
2.535	0.0853577275435058
2.54	0.08520844085365031
2.545	0.08505946462272891
2.55	0.08491079738597296
2.555	0.0847624376871864
2.56	0.08461438407866838
2.565	0.08446663512112028
2.57	0.08431918938363715
2.5749999999999997	0.08417204544356295
2.58	0.08402520188648634
2.585	0.08387865730614792
2.59	0.08373241030436872
2.5949999999999998	0.08358645949101329
2.6	0.08344080348388534
2.605	0.08329544090870301
2.61	0.08315037039900713
2.6149999999999998	0.08300559059612278
2.62	0.08286110014906908
2.625	0.08271689771452197
2.63	0.08257298195675267
2.635	0.08242935154753975
2.64	0.0822860051661447
2.645	0.08214294149923351
2.65	0.08200015924081358
2.655	0.08185765709219599
2.66	0.08171543376191363
2.665	0.08157348796568364
2.67	0.08143181842633243
2.675	0.08129042387376288
2.68	0.08114930304488142
2.685	0.08100845468353327
2.69	0.08086787754047967
2.695	0.08072757037331317
2.7	0.08058753194642002
2.705	0.08044776103092634
2.71	0.08030825640463526
2.715	0.08016901685198083
2.7199999999999998	0.08003004116398223
2.725	0.07989132813818202
2.73	0.07975287657859872
2.735	0.07961468529567771
2.7399999999999998	0.07947675310624315
2.745	0.07933907883343852
2.75	0.07920166130669078
2.755	0.07906449936165172
2.76	0.07892759184014683
2.765	0.07879093759014591
2.77	0.0786545354656907
2.775	0.07851838432686573
2.78	0.07838248303974188
2.785	0.07824683047633366
2.79	0.0781114255145512
2.795	0.0779762670381593
2.8	0.07784135393672445
2.8049999999999997	0.07770668510557842
2.81	0.07757225944576414
2.815	0.07743807586400418
2.82	0.07730413327264046
2.825	0.07717043058960721
2.83	0.07703696673837845
2.835	0.07690374064792098
2.84	0.07677075125267087
2.8449999999999998	0.07663799749246547
2.85	0.07650547831252058
2.855	0.07637319266339007
2.86	0.07624113950090491
2.8649999999999998	0.07610931778615658
2.87	0.07597772648544218
2.875	0.07584636457022376
2.88	0.07571523101710138
2.885	0.07558432480775883
2.89	0.0754536449289308
2.895	0.0753231903723697
2.9	0.07519296013479476
2.905	0.07506295321786559
2.91	0.07493316862813587
2.915	0.07480360537702456
2.92	0.074674262480767
2.925	0.07454513896038825
2.9299999999999997	0.07441623384165948
2.935	0.07428754615506941
2.94	0.07415907493577684
2.945	0.07403081922358569
2.95	0.07390277806290349
2.955	0.07377495050270846
2.96	0.07364733559651171
2.965	0.07351993240232485
2.9699999999999998	0.07339273998262456
2.975	0.0732657574043219
2.98	0.07313898373871815
2.985	0.0730124180614864
2.9899999999999998	0.07288605945262396
2.995	0.07275990699642458
3.	0.07263395978144917
3.005	0.07250821690048881
3.01	0.07238267745053155
3.015	0.07225734053273275
3.02	0.07213220525238404
3.025	0.07200727071887511
3.03	0.07188253604566838
3.035	0.07175800035026873
3.04	0.07163366275418667
3.045	0.0715095223829114
3.05	0.07138557836587871
3.0549999999999997	0.07126182983644393
3.06	0.07113827593184409
3.065	0.07101491579317544
3.07	0.07089174856536348
3.075	0.07076877339712605
3.08	0.070645989440952
3.085	0.07052339585306955
3.09	0.07040099179341569
3.0949999999999998	0.07027877642560561
3.1	0.07015674891691405
3.105	0.07003490843823264
3.11	0.06991325416405529
3.115	0.06979178527243926
3.12	0.06967050094498815
3.125	0.06954940036681156
3.13	0.06942848272650926
3.135	0.06930774721613951
3.14	0.0691871930311902
3.145	0.06906681937055532
3.15	0.06894662543650368
3.155	0.06882661043466104
3.16	0.0687067735739756
3.165	0.06858711406669142
3.17	0.06846763112833175
3.175	0.06834832397766474
3.1799999999999997	0.06822919183667925
3.185	0.06811023393056106
3.19	0.06799144948766889
3.195	0.0678728377395057
3.2	0.06775439792069703
3.205	0.06763612926896308
3.21	0.06751803102509693
3.215	0.06740010243293934
3.2199999999999998	0.067282342739352
3.225	0.06716475119419756
3.23	0.06704732705031313
3.235	0.06693006956348435
3.24	0.0668129779924278
3.245	0.06669605159875967
3.25	0.06657928964698087
3.255	0.06646269140444408
3.26	0.06634625614133928
3.265	0.06622998313066542
3.27	0.06611387164821045
3.275	0.0659979209725262
3.28	0.06588213038490812
3.285	0.06576649916936989
3.29	0.06565102661262405
3.295	0.06553571200405905
3.3	0.06542055463571537
3.3049999999999997	0.06530555380226494
3.31	0.06519070880099043
3.315	0.0650760189317596
3.32	0.0649614834970092
3.325	0.06484710180171889
3.33	0.06473287315339266
3.335	0.06461879686203438
3.34	0.06450487224013232
3.3449999999999998	0.06439109860263041
3.35	0.06427747526691502
3.355	0.06416400155278877
3.36	0.06405067678245151
3.365	0.06393750028048124
3.37	0.06382447137381013
3.375	0.06371158939170932
3.38	0.06359885366576254
3.385	0.06348626352985097
3.39	0.06337381832013045
3.395	0.06326151737501148
3.4	0.0631493600351428
3.405	0.06303734564338462
3.41	0.06292547354479741
3.415	0.06281374308661591
3.42	0.06270215361823102
3.425	0.06259070449117332
3.4299999999999997	0.06247939505908958
3.435	0.06236822467772655
3.44	0.062257192704912485
3.445	0.062146298500531064
3.45	0.06203554142651401
3.455	0.06192492084681183
3.46	0.06181443612738014
3.465	0.06170408663615908
3.4699999999999998	0.06159387174305674
3.475	0.061483790819928656
3.48	0.06137384324055935
3.485	0.06126402838064475
3.49	0.06115434561777286
3.495	0.06104479433140888
3.5	0.06093537390286857
3.505	0.060826083715309516
3.51	0.06071692315371092
3.515	0.06060789160484966
3.52	0.0604989884572879
3.525	0.060390213101356505
3.53	0.060281564929130504
3.535	0.0601730433344173
3.54	0.0600646477127365
3.545	0.059956377461304784
3.55	0.05984823197901315
3.5549999999999997	0.05974021066641447
3.56	0.05963231292570409
3.565	0.059524538160701905
3.5700000000000003	0.059416885776834454
3.575	0.059309355181122424
3.58	0.059201945782154645
3.585	0.05909465699007843
3.59	0.05898748821657804
3.5949999999999998	0.05888043887486367
3.5999999999999996	0.058773508379645845
3.605	0.05866669614712262
3.61	0.05856000159496498
3.615	0.05845342414229518
3.62	0.058346963209671705
3.625	0.05824061821907722
3.63	0.05813438859389162
3.635	0.05802827375888431
3.6399999999999997	0.057922273140194144
3.645	0.05781638616530748
3.65	0.05771061226305683
3.6550000000000002	0.05760495086358187
3.66	0.05749940139833602
3.665	0.057393963300050116
3.67	0.05728863600272828
3.675	0.057183418941626506
3.6799999999999997	0.057078311553242674
3.685	0.05697331327528385
3.69	0.05686842354667096
3.6950000000000003	0.05676364180750485
3.7	0.05665896749906176
3.705	0.05655440006376763
3.71	0.056449938945189924
3.715	0.056345583588016356
3.7199999999999998	0.05624133343803706
3.7249999999999996	0.05613718794213646
3.73	0.0560331465482657
3.735	0.055929208705437126
3.74	0.05582537386369723
3.745	0.05572164147411877
3.75	0.05561801098878449
3.755	0.05551448186076185
3.76	0.05541105354409813
3.7649999999999997	0.05530772549379824
3.77	0.05520449716580615
3.775	0.055101368016992856
3.7800000000000002	0.05499833750514134
3.785	0.05489540508892417
3.79	0.05479257022789633
3.795	0.05468983238246409
3.8	0.05458719101388862
3.8049999999999997	0.05448464558425231
3.81	0.05438219555645217
3.815	0.0542798403941795
3.8200000000000003	0.054177579561905394
3.825	0.05407541252486513
3.83	0.053973338749035836
3.835	0.05387135770113236
3.84	0.05376946884857759
3.8449999999999998	0.053667671659490115
3.8499999999999996	0.05356596560267744
3.855	0.053464350147603576
3.86	0.05336282476438618
3.865	0.05326138892376984
3.87	0.05316004209711791
3.875	0.05305878375638924
3.88	0.05295761337412967
3.885	0.052856530423444584
3.8899999999999997	0.05275553437799219
3.895	0.052654624711958746
3.9	0.05255380090005406
3.9050000000000002	0.052453062417473446
3.91	0.05235240873990455
3.915	0.052251839343505246
3.92	0.05215135370486157
3.925	0.0520509513010114
3.9299999999999997	0.05195063160939264
3.935	0.051850394107852894
3.94	0.05175023827461203
3.9450000000000003	0.05165016358825452
3.95	0.05155016952771587
3.955	0.05145025557224913
3.96	0.05135042120143123
3.965	0.05125066589513328
3.9699999999999998	0.051150989133489505
3.9749999999999996	0.05105139039691211
3.98	0.05095186916604322
3.985	0.050852424921757636
3.99	0.05075305714512874
3.995	0.05065376531742815
4.	0.05055454892009229
4.005	0.05045540743471213
4.01	0.05035634034302516
4.015	0.05025734712686459
4.02	0.05015842726818791
4.025	0.05005958024902903
4.03	0.04996080555146812
4.035	0.049862102657650974
4.04	0.04976347104973817
4.045	0.049664910209903115
4.05	0.04956641962030901
4.055	0.04946799876309855
4.0600000000000005	0.04936964712035335
4.0649999999999995	0.04927136417408966
4.07	0.04917314940625737
4.075	0.049075002298674134
4.08	0.04897692233305432
4.085	0.04887890899096471
4.09	0.048780961753807396
4.095	0.04868308010280335
4.1	0.04858526351897895
4.105	0.04848751148313046
4.109999999999999	0.048389823475821554
4.115	0.048292198977345845
4.12	0.04819463746772758
4.125	0.048097138426687586
4.13	0.04799970133361707
4.135	0.04790232566757225
4.14	0.047805010907249694
4.145	0.04770775653096634
4.15	0.047610562016615884
4.155	0.047513426841686114
4.16	0.0474163504832194
4.165	0.04731933241778046
4.17	0.04722237212144786
4.175	0.047125469069795374
4.18	0.047028622737860286
4.1850000000000005	0.04693183260013067
4.1899999999999995	0.04683509813050411
4.195	0.04673841880230293
4.2	0.046641794088212944
4.205	0.04654522346027584
4.21	0.04644870638987417
4.215	0.04635224234769498
4.22	0.046255830803722746
4.225	0.04615947122719604
4.23	0.046063163086592106
4.234999999999999	0.04596690584962158
4.24	0.04587069898317438
4.245	0.045774541953308774
4.25	0.045678434225232635
4.255	0.045582375263272176
4.26	0.04548636453084807
4.265	0.04539040149045269
4.27	0.04529448560362404
4.275	0.04519861633091892
4.28	0.045102793131882514
4.285	0.0450070154650372
4.29	0.044911282787839076
4.295	0.044815594556660746
4.3	0.04471995022676978
4.305	0.04462434925228227
4.3100000000000005	0.04452879108616847
4.3149999999999995	0.0444332751801884
4.32	0.044337800984880604
4.325	0.04424236794954872
4.33	0.04414697552221247
4.335	0.044051623149576426
4.34	0.04395631027703044
4.345	0.043861036348573745
4.35	0.043765800806843495
4.355	0.043670603093030086
4.359999999999999	0.04357544264687716
4.365	0.04348031890665031
4.37	0.04338523130909532
4.375	0.043290179289416454
4.38	0.043195162281233386
4.385	0.04310017971656487
4.39	0.043005231025790375
4.395	0.042910315637607666
4.4	0.04281543297902088
4.405	0.04272058247527414
4.41	0.042625763549862444
4.415	0.0425309756244635
4.42	0.042436218118912315
4.425	0.042341490451161895
4.43	0.04224679203727309
4.4350000000000005	0.04215212229134717
4.4399999999999995	0.04205748062549581
4.445	0.04196286644982745
4.45	0.04186827917238614
4.455	0.041773718199118806
4.46	0.04167918293384725
4.465	0.04158467277822705
4.47	0.041490187131694264
4.475	0.041395725391442505
4.48	0.04130128695238869
4.484999999999999	0.04120687120710398
4.49	0.041112477545799934
4.495	0.041018105356281274
4.5	0.040923754023905815
4.505	0.04082942293152291
4.51	0.04073511145944995
4.515	0.04064081898543857
4.52	0.04054654488460043
4.525	0.04045228852938773
4.53	0.04035804928953141
4.535	0.04026382653201093
4.54	0.04016961962098828
4.545	0.04007542791779078
4.55	0.039981250780827156
4.555	0.039887087565567816
4.5600000000000005	0.03979293762447689
4.5649999999999995	0.03969880030697415
4.57	0.03960467495938505
4.575	0.039510560924891414
4.58	0.03941645754344416
4.585	0.03932236415177893
4.59	0.03922828008329478
4.595000000000001	0.03913420466805055
4.6	0.03904013723266157
4.605	0.03894607710030523
4.609999999999999	0.038852023590612676
4.615	0.038757976019617155
4.62	0.038663933699735205
4.625	0.0385698959396634
4.63	0.038475862044325335
4.635	0.03838183131484374
4.640000000000001	0.038287803048443085
4.645	0.03819377653839823
4.65	0.038099751073982925
4.654999999999999	0.03800572594038065
4.66	0.037911700418630685
4.665	0.03781767378558361
4.67	0.03772364531378851
4.675	0.03762961427146249
4.68	0.03753557992240299
4.6850000000000005	0.03744154152593407
4.6899999999999995	0.0373474983367961
4.695	0.03725344960511077
4.7	0.037159394576306175
4.705	0.037065332491001336
4.71	0.036971262584978355
4.715	0.0368771840890767
4.720000000000001	0.03678309622910927
4.725	0.03668899822580327
4.73	0.03659488929470688
4.734999999999999	0.036500768646097775
4.74	0.03640663548490494
4.745	0.03631248901063584
4.75	0.03621832841726686
4.755	0.036124152893159255
4.76	0.03602996162098173
4.765000000000001	0.03593575377761109
4.77	0.03584152853402383
4.775	0.03574728505521345
4.779999999999999	0.03565302250011678
4.785	0.035558740021451415
4.79	0.035464436765695474
4.795	0.035370111872905605
4.8	0.035275764476680724
4.805	0.035181393704018585
4.8100000000000005	0.03508699867520096
4.8149999999999995	0.034992578503723976
4.82	0.03489813229613055
4.825	0.034803659151955414
4.83	0.03470915816355711
4.835	0.03461462841603137
4.84	0.034520068987085005
4.845000000000001	0.03442547894689624
4.85	0.03433085735802325
4.855	0.03423620327523831
4.859999999999999	0.034141515745428404
4.865	0.0340467938074427
4.87	0.03395203649196372
4.875	0.03385724282138987
4.88	0.03376241180965208
4.885	0.03366754246211903
4.890000000000001	0.03357263377542163
4.895	0.03347768473730275
4.9	0.03338269432649077
4.904999999999999	0.03328766151252484
4.91	0.03319258525559911
4.915	0.033097464506410684
4.92	0.03300229820598921
4.925	0.03290708528552993
4.93	0.032811824666232475
4.9350000000000005	0.0327165152591236
4.9399999999999995	0.03262115596485891
4.945	0.03252574567357295
4.95	0.03243028326468211
4.955	0.03233476760669154
4.96	0.032239197557008256
4.965	0.03214357196173205
4.970000000000001	0.032047889655479916
4.975	0.03195214946116046
4.98	0.03185635018976904
4.984999999999999	0.0317604906401786
4.99	0.03166456959891603
4.995	0.03156858583994291
5.	0.031472538124426304
5.005	0.031376425200507166
5.01	0.03128024580305805
5.015000000000001	0.031183998653440553
5.02	0.031087682459268042
5.025	0.030991295914124778
5.029999999999999	0.03089483769734593
5.035	0.03079830647371898
5.04	0.030701700893214907
5.045	0.030605019590726562
5.05	0.030508261185765797
5.055	0.03041142428219411
5.0600000000000005	0.030314507467914323
5.0649999999999995	0.030217509314551118
5.07	0.030120428377156096
5.075	0.03002326319389796
5.08	0.029926012285704344
5.085	0.029828674155961202
5.09	0.029731247290156967
5.095000000000001	0.02963373015552257
5.1	0.02953612120067792
5.105	0.02943841885528366
5.109999999999999	0.029340621529634632
5.115	0.02924272761427622
5.12	0.02914473547964714
5.125	0.029046643475621987
5.13	0.02894844993113666
5.135	0.0288501531537388
5.14	0.028751751429158735
5.145	0.02865324302084732
5.15	0.02855462616955955
5.155	0.028455899092834337
5.16	0.028357059984520587
5.165	0.028258107014318024
5.17	0.028159038327223156
5.175	0.028059852043030308
5.18	0.027960546255790978
5.185	0.027861119033257022
5.19	0.027761568416330554
5.195	0.027661892418463833
5.2	0.027562089025082507
5.205	0.027462156192957624
5.21	0.027362091849583246
5.215	0.02726189389252925
5.22	0.027161560188767548
5.225	0.02706108857401304
5.23	0.026960476851989854
5.235	0.02685972279373015
5.24	0.026758824136822065
5.245	0.026657778584645627
5.25	0.026556583805587487
5.255	0.026455237432227018
5.26	0.026353737060511768
5.265	0.02625208024890148
5.27	0.026150264517465403
5.275	0.02604828734698389
5.28	0.02594614617801868
5.285	0.025843838409940055
5.29	0.025741361399930853
5.295	0.02563871246196165
5.3	0.025535888865729703
5.305	0.02543288783558538
5.31	0.025329706549388868
5.315	0.025226342137346154
5.32	0.02512279168084474
5.325	0.02501905221118088
5.33	0.02491512070831014
5.335	0.024810994099522206
5.34	0.02470666925807963
5.345	0.024602143001817726
5.35	0.024497412091683005
5.355	0.0243924732302657
5.36	0.0242873230602044
5.365	0.024181958162640006
5.37	0.02407637505549428
5.375	0.023970570191798782
5.38	0.023864539957934475
5.385	0.023758280671742047
5.39	0.02365178858067502
5.395	0.02354505985980761
5.4	0.023438090609794602
5.405	0.023330876854775466
5.41	0.023223414540177165
5.415	0.023115699530433576
5.42	0.02300772760665695
5.425	0.02289949446418221
5.43	0.022790995710042786
5.435	0.022682226860338543
5.44	0.02257318333750942
5.445	0.02246386046749383
5.45	0.022354253476812528
5.455	0.022244357489473194
5.46	0.022134167523820494
5.465	0.022023678489212824
5.47	0.02191288518259019
5.475	0.02180178228488814
5.48	0.021690364357329905
5.485	0.021578625837518628
5.49	0.02146656103541985
5.495	0.021354164129136474
5.5	0.021241429160521023
5.505	0.021128350030602348
5.51	0.02101492049478718
5.515	0.02090113415790068
5.52	0.020786984468964508
5.525	0.02067246471575157
5.53	0.020557568019110198
5.535	0.02044228732702666
5.54	0.02032661540839416
5.545	0.020210544846510112
5.55	0.020094068032283436
5.555	0.019977177157075414
5.56	0.019859864205247352
5.565	0.019742120946307774
5.57	0.019623938926702278
5.575	0.019505309461181477
5.58	0.019386223623745015
5.585	0.019266672238124293
5.59	0.01914664586777787
5.595	0.019026134805374777
5.6	0.018905129061715945
5.605	0.018783618354086606
5.61	0.01866159209396907
5.615	0.018539039374091307
5.62	0.01841594895477626
5.625	0.018292309249525938
5.63	0.018168108309788746
5.635	0.018043333808870205
5.64	0.017917973024910203
5.645	0.017792012822871524
5.65	0.017665439635453334
5.655	0.017538239442871726
5.66	0.017410397751404023
5.665	0.017281899570616918
5.67	0.017152729389167475
5.675	0.017022871149083057
5.68	0.016892308218380184
5.6850000000000005	0.01676102336190242
5.69	0.01662899871023992
5.695	0.01649621572655258
5.7	0.016362655171149862
5.705	0.016228297063611983
5.71	0.01609312064226093
5.715	0.01595710432074007
5.72	0.015820225641456003
5.725	0.01568246122558418
5.73	0.015543786719347925
5.735	0.015404176736206724
5.74	0.01526360479457145
5.745	0.015122043250624119
5.75	0.014979463225745435
5.755	0.014835834528054943
5.76	0.014691125567394018
5.765	0.014545303263162944
5.77	0.01439833294418235
5.775	0.014250178239776897
5.78	0.014100800961096132
5.785	0.01395016097157265
5.79	0.013798216045317165
5.795	0.013644921712019007
5.8	0.01349023108673112
5.805	0.01333409468276088
5.8100000000000005	0.013176460205515408
5.815	0.013017272324903626
5.82	0.012856472423486202
5.825	0.012693998317204061
5.83	0.012529783944865156
5.835	0.012363759022033386
5.84	0.012195848654296756
5.845	0.012025972903765982
5.85	0.011854046301874175
5.855	0.011679977300010799
5.86	0.01150366764808438
5.865	0.011325011689052446
5.87	0.011143895555182888
5.875	0.010960196248764752
5.88	0.010773780586240189
5.885	0.010584503980276634
5.89	0.010392209028114129
5.895	0.010196723867409559
5.9	0.00999786025074044
5.905	0.009795411277939384
5.91	0.009589148708572599
5.915	0.0093788197558757
5.92	0.00916414323411571
5.925	0.00894480489272095
5.93	0.008720451717126012
5.9350000000000005	0.008490684902194293
5.94	0.008255051099692887
5.945	0.0080130313918577
5.95	0.0077640272248765355
5.955	0.007507342210575769
5.96	0.007242158209618243
5.965	0.006967503333911428
5.97	0.006682208259217483
5.975	0.006384845163574565
5.98	0.00607364002064151
5.985	0.0057463424943122
5.99	0.005400025328085577
5.995	0.005030760032988722
6.	0.004633060542190859
6.005	0.004198852590159984
6.01	0.003715355289675269
6.015	0.0031600213255576146
6.02	0.002485146256046659
6.025	0.0015409398729933665
6.03	0.
6.035	0.
6.04	0.
6.045	0.
6.05	0.
6.055	0.
6.0600000000000005	0.
6.065	0.
6.07	0.
6.075	0.
6.08	0.
6.085	0.
6.09	0.
6.095	0.
6.1	0.
6.105	0.
6.11	0.
6.115	0.
6.12	0.
6.125	0.
6.13	0.
6.135	0.
6.140000000000001	0.
6.145	0.
6.15	0.
6.155	0.
6.16	0.
6.165	0.
6.17	0.
6.175	0.
6.18	0.
6.1850000000000005	0.
6.1899999999999995	0.
6.195	0.
6.2	0.
6.205	0.
6.21	0.
6.215	0.
6.22	0.
6.225	0.
6.23	0.
6.235	0.
6.24	0.
6.245	0.
6.25	0.
6.255	0.
6.26	0.
6.265000000000001	0.
6.27	0.
6.275	0.
6.28	0.
6.285	0.
6.29	0.
6.295	0.
6.3	0.
6.305	0.
6.3100000000000005	0.
6.3149999999999995	0.
6.32	0.
6.325	0.
6.33	0.
6.335	0.
6.34	0.
6.345	0.
6.35	0.
6.355	0.
6.36	0.
6.365	0.
6.37	0.
6.375	0.
6.38	0.
6.385	0.
6.390000000000001	0.
6.395	0.
6.4	0.
6.405	0.
6.41	0.
6.415	0.
6.42	0.
6.425	0.
6.43	0.
6.4350000000000005	0.
6.4399999999999995	0.
6.445	0.
6.45	0.
6.455	0.
6.46	0.
6.465	0.
6.47	0.
6.475	0.
6.48	0.
6.485	0.
6.49	0.
6.495	0.
6.5	0.
6.505	0.
6.51	0.
6.515000000000001	0.
6.52	0.
6.525	0.
6.53	0.
6.535	0.
6.54	0.
6.545	0.
6.55	0.
6.555	0.
6.5600000000000005	0.
6.5649999999999995	0.
6.57	0.
6.575	0.
6.58	0.
6.585	0.
6.59	0.
6.595	0.
6.6	0.
6.605	0.
6.61	0.
6.615	0.
6.62	0.
6.625	0.
6.63	0.
6.635	0.
6.640000000000001	0.
6.645	0.
6.65	0.
6.655	0.
6.66	0.
6.665	0.
6.67	0.
6.675	0.
6.68	0.
6.6850000000000005	0.
6.6899999999999995	0.
6.695	0.
6.7	0.
6.705	0.
6.71	0.
6.715	0.
6.72	0.
6.725	0.
6.73	0.
6.735	0.
6.74	0.
6.745	0.
6.75	0.
6.755	0.
6.76	0.
6.765000000000001	0.
6.77	0.
6.775	0.
6.78	0.
6.785	0.
6.79	0.
6.795	0.
6.8	0.
6.805	0.
6.8100000000000005	0.
6.8149999999999995	0.
6.82	0.
6.825	0.
6.83	0.
6.835	0.
6.84	0.
6.845	0.
6.85	0.
6.855	0.
6.86	0.
6.865	0.
6.87	0.
6.875	0.
6.88	0.
6.885	0.
6.890000000000001	0.
6.895	0.
6.9	0.
6.905	0.
6.91	0.
6.915	0.
6.92	0.
6.925	0.
6.93	0.
6.9350000000000005	0.
6.9399999999999995	0.
6.945	0.
6.95	0.
6.955	0.
6.96	0.
6.965	0.
6.97	0.
6.975	0.
6.98	0.
6.985	0.
6.99	0.
6.995	0.
7.	0.
7.005	0.
7.01	0.
7.015000000000001	0.
7.02	0.
7.025	0.
7.03	0.
7.035	0.
7.04	0.
7.045	0.
7.05	0.
7.055	0.
7.0600000000000005	0.
7.0649999999999995	0.
7.07	0.
7.075	0.
7.08	0.
7.085	0.
7.09	0.
7.095	0.
7.1	0.
7.105	0.
7.11	0.
7.115	0.
7.12	0.
7.125	0.
7.13	0.
7.135	0.
7.140000000000001	0.
7.145	0.
7.15	0.
7.155	0.
7.16	0.
7.165	0.
7.17	0.
7.175	0.
7.18	0.
7.1850000000000005	0.
7.1899999999999995	0.
7.195	0.
7.2	0.
7.205	0.
7.21	0.
7.215	0.
7.220000000000001	0.
7.225	0.
7.23	0.
7.234999999999999	0.
7.24	0.
7.245	0.
7.25	0.
7.255	0.
7.26	0.
7.265000000000001	0.
7.27	0.
7.275	0.
7.28	0.
7.285	0.
7.29	0.
7.295	0.
7.300000000000001	0.
7.305	0.
7.3100000000000005	0.
7.3149999999999995	0.
7.32	0.
7.325	0.
7.33	0.
7.335	0.
7.34	0.
7.345000000000001	0.
7.35	0.
7.355	0.
7.359999999999999	0.
7.365	0.
7.37	0.
7.375	0.
7.38	0.
7.385	0.
7.390000000000001	0.
7.395	0.
7.4	0.
7.405	0.
7.41	0.
7.415	0.
7.42	0.
7.425000000000001	0.
7.43	0.
7.4350000000000005	0.
7.4399999999999995	0.
7.445	0.
7.45	0.
7.455	0.
7.46	0.
7.465	0.
7.470000000000001	0.
7.475	0.
7.48	0.
7.484999999999999	0.
7.49	0.
7.495	0.
7.5	0.
7.505	0.
7.51	0.
7.515000000000001	0.
7.52	0.
7.525	0.
7.53	0.
7.535	0.
7.54	0.
7.545	0.
7.550000000000001	0.
7.555	0.
7.5600000000000005	0.
7.5649999999999995	0.
7.57	0.
7.575	0.
7.58	0.
7.585	0.
7.59	0.
7.595000000000001	0.
7.6	0.
7.605	0.
7.609999999999999	0.
7.615	0.
7.62	0.
7.625	0.
7.63	0.
7.635	0.
7.640000000000001	0.
7.645	0.
7.65	0.
7.655	0.
7.66	0.
7.665	0.
7.67	0.
7.675000000000001	0.
7.68	0.
7.685	0.
7.6899999999999995	0.
7.694999999999999	0.
7.699999999999999	0.
7.704999999999999	0.
7.71	0.
7.715	0.
7.72	0.
7.725	0.
7.7299999999999995	0.
7.734999999999999	0.
7.739999999999999	0.
7.744999999999999	0.
7.75	0.
7.755	0.
7.76	0.
7.765	0.
7.77	0.
7.7749999999999995	0.
7.779999999999999	0.
7.784999999999999	0.
7.79	0.
7.795	0.
7.8	0.
7.805	0.
7.81	0.
7.8149999999999995	0.
7.819999999999999	0.
7.824999999999999	0.
7.829999999999999	0.
7.835	0.
7.84	0.
7.845	0.
7.85	0.
7.8549999999999995	0.
7.859999999999999	0.
7.864999999999999	0.
7.869999999999999	0.
7.875	0.
7.88	0.
7.885	0.
7.89	0.
7.895	0.
7.8999999999999995	0.
7.904999999999999	0.
7.909999999999999	0.
7.915	0.
7.92	0.
7.925	0.
7.93	0.
7.935	0.
7.9399999999999995	0.
7.944999999999999	0.
7.949999999999999	0.
7.955	0.
7.96	0.
7.965	0.
7.97	0.
7.975	0.
7.9799999999999995	0.
7.984999999999999	0.
7.989999999999999	0.
7.994999999999999	0.
8.	0.
8.004999999999999	0.
8.01	0.
8.014999999999999	0.
8.02	0.
8.025	0.
8.03	0.
8.035	0.
8.04	0.
8.045	0.
8.049999999999999	0.
8.055	0.
8.059999999999999	0.
8.065	0.
8.07	0.
8.075	0.
8.08	0.
8.084999999999999	0.
8.09	0.
8.094999999999999	0.
8.1	0.
8.105	0.
8.11	0.
8.115	0.
8.12	0.
8.125	0.
8.129999999999999	0.
8.135	0.
8.139999999999999	0.
8.145	0.
8.15	0.
8.155	0.
8.16	0.
8.165	0.
8.17	0.
8.174999999999999	0.
8.18	0.
8.184999999999999	0.
8.19	0.
8.195	0.
8.2	0.
8.205	0.
8.209999999999999	0.
8.215	0.
8.219999999999999	0.
8.225	0.
8.23	0.
8.235	0.
8.24	0.
8.245	0.
8.25	0.
8.254999999999999	0.
8.26	0.
8.264999999999999	0.
8.27	0.
8.275	0.
8.28	0.
8.285	0.
8.29	0.
8.295	0.
8.299999999999999	0.
8.305	0.
8.309999999999999	0.
8.315	0.
8.32	0.
8.325	0.
8.33	0.
8.334999999999999	0.
8.34	0.
8.344999999999999	0.
8.35	0.
8.355	0.
8.36	0.
8.365	0.
8.37	0.
8.375	0.
8.379999999999999	0.
8.385	0.
8.389999999999999	0.
8.395	0.
8.4	0.
8.405	0.
8.41	0.
8.415	0.
8.42	0.
8.424999999999999	0.
8.43	0.
8.434999999999999	0.
8.44	0.
8.445	0.
8.45	0.
8.455	0.
8.459999999999999	0.
8.465	0.
8.469999999999999	0.
8.475	0.
8.48	0.
8.485	0.
8.49	0.
8.495	0.
8.5	0.
8.504999999999999	0.
8.51	0.
8.515	0.
8.52	0.
8.525	0.
8.53	0.
8.535	0.
8.54	0.
8.545	0.
8.549999999999999	0.
8.555	0.
8.559999999999999	0.
8.565	0.
8.57	0.
8.575	0.
8.58	0.
8.584999999999999	0.
8.59	0.
8.594999999999999	0.
8.6	0.
8.605	0.
8.61	0.
8.615	0.
8.62	0.
8.625	0.
8.629999999999999	0.
8.635	0.
8.64	0.
8.645	0.
8.65	0.
8.655	0.
8.66	0.
8.665	0.
8.67	0.
8.674999999999999	0.
8.68	0.
8.684999999999999	0.
8.69	0.
8.695	0.
8.7	0.
8.705	0.
8.709999999999999	0.
8.715	0.
8.719999999999999	0.
8.725	0.
8.73	0.
8.735	0.
8.74	0.
8.745	0.
8.75	0.
8.754999999999999	0.
8.76	0.
8.765	0.
8.77	0.
8.775	0.
8.78	0.
8.785	0.
8.79	0.
8.795	0.
8.799999999999999	0.
8.805	0.
8.809999999999999	0.
8.815	0.
8.82	0.
8.825	0.
8.83	0.
8.834999999999999	0.
8.84	0.
8.844999999999999	0.
8.85	0.
8.855	0.
8.86	0.
8.865	0.
8.87	0.
8.875	0.
8.879999999999999	0.
8.885	0.
8.89	0.
8.895	0.
8.9	0.
8.905	0.
8.91	0.
8.915	0.
8.92	0.
8.924999999999999	0.
8.93	0.
8.934999999999999	0.
8.94	0.
8.945	0.
8.95	0.
8.955	0.
8.959999999999999	0.
8.965	0.
8.969999999999999	0.
8.975	0.
8.98	0.
8.985	0.
8.99	0.
8.995	0.
9.	0.
9.004999999999999	0.
9.01	0.
9.015	0.
9.02	0.
9.025	0.
9.03	0.
9.035	0.
9.04	0.
9.045	0.
9.049999999999999	0.
9.055	0.
9.059999999999999	0.
9.065	0.
9.07	0.
9.075	0.
9.08	0.
9.084999999999999	0.
9.09	0.
9.094999999999999	0.
9.1	0.
9.105	0.
9.11	0.
9.115	0.
9.12	0.
9.125	0.
9.129999999999999	0.
9.135	0.
9.14	0.
9.145	0.
9.15	0.
9.155	0.
9.16	0.
9.165	0.
9.17	0.
9.174999999999999	0.
9.18	0.
9.184999999999999	0.
9.19	0.
9.195	0.
9.2	0.
9.205	0.
9.209999999999999	0.
9.215	0.
9.219999999999999	0.
9.225	0.
9.23	0.
9.235	0.
9.24	0.
9.245	0.
9.25	0.
9.254999999999999	0.
9.26	0.
9.265	0.
9.27	0.
9.275	0.
9.28	0.
9.285	0.
9.29	0.
9.295	0.
9.299999999999999	0.
9.305	0.
9.309999999999999	0.
9.315	0.
9.32	0.
9.325	0.
9.33	0.
9.334999999999999	0.
9.34	0.
9.344999999999999	0.
9.35	0.
9.355	0.
9.36	0.
9.365	0.
9.37	0.
9.375	0.
9.379999999999999	0.
9.385	0.
9.39	0.
9.395	0.
9.4	0.
9.405	0.
9.41	0.
9.415	0.
9.42	0.
9.424999999999999	0.
9.43	0.
9.434999999999999	0.
9.44	0.
9.445	0.
9.45	0.
9.455	0.
9.459999999999999	0.
9.465	0.
9.469999999999999	0.
9.475	0.
9.48	0.
9.485	0.
9.49	0.
9.495	0.
9.5	0.
9.504999999999999	0.
9.51	0.
9.515	0.
9.52	0.
9.525	0.
9.53	0.
9.535	0.
9.54	0.
9.545	0.
9.549999999999999	0.
9.555	0.
9.559999999999999	0.
9.565	0.
9.57	0.
9.575	0.
9.58	0.
9.584999999999999	0.
9.59	0.
9.594999999999999	0.
9.6	0.
9.605	0.
9.61	0.
9.615	0.
9.62	0.
9.625	0.
9.629999999999999	0.
9.635	0.
9.64	0.
9.645	0.
9.65	0.
9.655	0.
9.66	0.
9.665	0.
9.67	0.
9.674999999999999	0.
9.68	0.
9.684999999999999	0.
9.69	0.
9.695	0.
9.7	0.
9.705	0.
9.709999999999999	0.
9.715	0.
9.719999999999999	0.
9.725	0.
9.73	0.
9.735	0.
9.74	0.
9.745	0.
9.75	0.
9.754999999999999	0.
9.76	0.
9.765	0.
9.77	0.
9.774999999999999	0.
9.78	0.
9.785	0.
9.79	0.
9.795	0.
9.8	0.
9.805	0.
9.809999999999999	0.
9.815	0.
9.82	0.
9.825	0.
9.83	0.
9.834999999999999	0.
9.84	0.
9.844999999999999	0.
9.85	0.
9.855	0.
9.86	0.
9.865	0.
9.87	0.
9.875	0.
9.879999999999999	0.
9.885	0.
9.89	0.
9.895	0.
9.899999999999999	0.
9.905	0.
9.91	0.
9.915	0.
9.92	0.
9.925	0.
9.93	0.
9.934999999999999	0.
9.94	0.
9.945	0.
9.95	0.
9.955	0.
9.959999999999999	0.
9.965	0.
9.969999999999999	0.
9.975	0.
9.98	0.
9.985	0.
9.99	0.
9.995	0.
10.	0.
10.004999999999999	0.
10.01	0.
10.015	0.
10.02	0.
10.024999999999999	0.
10.03	0.
10.035	0.
10.04	0.
10.045	0.
10.05	0.
10.055	0.
10.059999999999999	0.
10.065	0.
10.07	0.
10.075	0.
10.08	0.
10.084999999999999	0.
10.09	0.
10.094999999999999	0.
10.1	0.
10.105	0.
10.11	0.
10.115	0.
10.12	0.
10.125	0.
10.129999999999999	0.
10.135	0.
10.14	0.
10.145	0.
10.149999999999999	0.
10.155	0.
10.16	0.
10.165	0.
10.17	0.
10.175	0.
10.18	0.
10.184999999999999	0.
10.19	0.
10.195	0.
10.2	0.
10.205	0.
10.209999999999999	0.
10.215	0.
10.219999999999999	0.
10.225	0.
10.23	0.
10.235	0.
10.24	0.
10.245000000000001	0.
10.250000000000002	0.
10.255	0.
10.260000000000002	0.
10.265	0.
10.270000000000001	0.
10.275	0.
10.280000000000001	0.
10.285	0.
10.290000000000001	0.
10.295000000000002	0.
10.3	0.
10.305000000000001	0.
10.31	0.
10.315000000000001	0.
10.32	0.
10.325000000000001	0.
10.330000000000002	0.
10.335	0.
10.340000000000002	0.
10.345	0.
10.350000000000001	0.
10.355	0.
10.360000000000001	0.
10.365	0.
10.370000000000001	0.
10.375000000000002	0.
10.38	0.
10.385000000000002	0.
10.39	0.
10.395000000000001	0.
10.4	0.
10.405000000000001	0.
10.41	0.
10.415000000000001	0.
10.420000000000002	0.
10.425	0.
10.430000000000001	0.
10.435	0.
10.440000000000001	0.
10.445	0.
10.450000000000001	0.
10.455000000000002	0.
10.46	0.
10.465000000000002	0.
10.47	0.
10.475000000000001	0.
10.48	0.
10.485000000000001	0.
10.49	0.
10.495000000000001	0.
10.500000000000002	0.
10.505	0.
10.510000000000002	0.
10.515	0.
10.520000000000001	0.
10.525	0.
10.530000000000001	0.
10.535	0.
10.540000000000001	0.
10.545000000000002	0.
10.55	0.
10.555000000000001	0.
10.56	0.
10.565000000000001	0.
10.57	0.
10.575000000000001	0.
10.580000000000002	0.
10.585	0.
10.590000000000002	0.
10.595	0.
10.600000000000001	0.
10.605	0.
10.610000000000001	0.
10.615	0.
10.620000000000001	0.
10.625000000000002	0.
10.63	0.
10.635000000000002	0.
10.64	0.
10.645000000000001	0.
10.65	0.
10.655000000000001	0.
10.66	0.
10.665000000000001	0.
10.670000000000002	0.
10.675	0.
10.680000000000001	0.
10.685	0.
10.690000000000001	0.
10.695	0.
10.700000000000001	0.
10.705000000000002	0.
10.71	0.
10.715000000000002	0.
10.72	0.
10.725000000000001	0.
10.73	0.
10.735000000000001	0.
10.74	0.
10.745000000000001	0.
10.750000000000002	0.
10.755	0.
10.760000000000002	0.
10.765	0.
10.770000000000001	0.
10.775	0.
10.780000000000001	0.
10.785	0.
10.790000000000001	0.
10.795000000000002	0.
10.8	0.
10.805000000000001	0.
10.81	0.
10.815000000000001	0.
10.82	0.
10.825000000000001	0.
10.830000000000002	0.
10.835	0.
10.840000000000002	0.
10.845	0.
10.850000000000001	0.
10.855	0.
10.860000000000001	0.
10.865	0.
10.870000000000001	0.
10.875000000000002	0.
10.88	0.
10.885000000000002	0.
10.89	0.
10.895000000000001	0.
10.9	0.
10.905000000000001	0.
10.91	0.
10.915000000000001	0.
10.920000000000002	0.
10.925	0.
10.930000000000001	0.
10.935	0.
10.940000000000001	0.
10.945	0.
10.950000000000001	0.
10.955000000000002	0.
10.96	0.
10.965000000000002	0.
10.97	0.
10.975000000000001	0.
10.98	0.
10.985000000000001	0.
10.99	0.
10.995000000000001	0.
11.000000000000002	0.
11.005	0.
11.010000000000002	0.
11.015	0.
11.020000000000001	0.
11.025	0.
11.030000000000001	0.
11.035	0.
11.040000000000001	0.
11.045000000000002	0.
11.05	0.
11.055000000000001	0.
11.06	0.
11.065000000000001	0.
11.07	0.
11.075000000000001	0.
11.080000000000002	0.
11.085	0.
11.090000000000002	0.
11.095	0.
11.100000000000001	0.
11.105	0.
11.110000000000001	0.
11.115	0.
11.120000000000001	0.
11.125000000000002	0.
11.13	0.
11.135000000000002	0.
11.14	0.
11.145000000000001	0.
11.15	0.
11.155000000000001	0.
11.16	0.
11.165000000000001	0.
11.170000000000002	0.
11.175	0.
11.180000000000001	0.
11.185	0.
11.190000000000001	0.
11.195	0.
11.200000000000001	0.
11.205000000000002	0.
11.21	0.
11.215000000000002	0.
11.22	0.
11.225000000000001	0.
11.23	0.
11.235000000000001	0.
11.24	0.
11.245000000000001	0.
11.250000000000002	0.
11.255	0.
11.260000000000002	0.
11.265	0.
11.270000000000001	0.
11.275	0.
11.280000000000001	0.
11.285	0.
11.290000000000001	0.
11.295000000000002	0.
11.3	0.
11.305000000000001	0.
11.31	0.
11.315000000000001	0.
11.32	0.
11.325000000000001	0.
11.330000000000002	0.
11.335	0.
11.340000000000002	0.
11.345	0.
11.350000000000001	0.
11.355	0.
11.360000000000001	0.
11.365000000000002	0.
11.370000000000001	0.
11.375000000000002	0.
11.38	0.
11.385000000000002	0.
11.39	0.
11.395000000000001	0.
11.4	0.
11.405000000000001	0.
11.41	0.
11.415000000000001	0.
11.420000000000002	0.
11.425	0.
11.430000000000001	0.
11.435	0.
11.440000000000001	0.
11.445	0.
11.450000000000001	0.
11.455000000000002	0.
11.46	0.
11.465000000000002	0.
11.47	0.
11.475000000000001	0.
11.48	0.
11.485000000000001	0.
11.490000000000002	0.
11.495000000000001	0.
11.500000000000002	0.
11.505	0.
11.510000000000002	0.
11.515	0.
11.520000000000001	0.
11.525	0.
11.530000000000001	0.
11.535	0.
11.540000000000001	0.
11.545000000000002	0.
11.55	0.
11.555000000000001	0.
11.56	0.
11.565000000000001	0.
11.57	0.
11.575000000000001	0.
11.580000000000002	0.
11.585	0.
11.590000000000002	0.
11.595	0.
11.600000000000001	0.
11.605	0.
11.610000000000001	0.
11.615000000000002	0.
11.620000000000001	0.
11.625000000000002	0.
11.63	0.
11.635000000000002	0.
11.64	0.
11.645000000000001	0.
11.65	0.
11.655000000000001	0.
11.66	0.
11.665000000000001	0.
11.670000000000002	0.
11.675	0.
11.680000000000001	0.
11.685	0.
11.690000000000001	0.
11.695	0.
11.700000000000001	0.
11.705000000000002	0.
11.71	0.
11.715000000000002	0.
11.72	0.
11.725000000000001	0.
11.73	0.
11.735000000000001	0.
11.740000000000002	0.
11.745000000000001	0.
11.750000000000002	0.
11.755	0.
11.760000000000002	0.
11.765	0.
11.770000000000001	0.
11.775	0.
11.780000000000001	0.
11.785	0.
11.790000000000001	0.
11.795000000000002	0.
11.8	0.
11.805000000000001	0.
11.81	0.
11.815000000000001	0.
11.82	0.
11.825000000000001	0.
11.830000000000002	0.
11.835	0.
11.840000000000002	0.
11.845	0.
11.850000000000001	0.
11.855	0.
11.860000000000001	0.
11.865000000000002	0.
11.870000000000001	0.
11.875000000000002	0.
11.88	0.
11.885000000000002	0.
11.89	0.
11.895000000000001	0.
11.9	0.
11.905000000000001	0.
11.91	0.
11.915000000000001	0.
11.920000000000002	0.
11.925	0.
11.930000000000001	0.
11.935	0.
11.940000000000001	0.
11.945	0.
11.950000000000001	0.
11.955000000000002	0.
11.96	0.
11.965000000000002	0.
11.97	0.
11.975000000000001	0.
11.98	0.
11.985000000000001	0.
11.990000000000002	0.
11.995000000000001	0.
12.000000000000002	0.
12.005	0.
12.010000000000002	0.
12.015	0.
12.020000000000001	0.
12.025	0.
12.030000000000001	0.
12.035	0.
12.040000000000001	0.
12.045000000000002	0.
12.05	0.
12.055000000000001	0.
12.06	0.
12.065000000000001	0.
12.07	0.
12.075000000000001	0.
12.080000000000002	0.
12.085	0.
12.090000000000002	0.
12.095	0.
12.100000000000001	0.
12.105	0.
12.110000000000001	0.
12.115000000000002	0.
12.120000000000001	0.
12.125000000000002	0.
12.13	0.
12.135000000000002	0.
12.14	0.
12.145000000000001	0.
12.15	0.
12.155000000000001	0.
12.16	0.
12.165000000000001	0.
12.170000000000002	0.
12.175	0.
12.180000000000001	0.
12.185	0.
12.190000000000001	0.
12.195	0.
12.200000000000001	0.
12.205000000000002	0.
12.21	0.
12.215000000000002	0.
12.22	0.
12.225000000000001	0.
12.23	0.
12.235000000000001	0.
12.240000000000002	0.
12.245000000000001	0.
12.25	0.
12.255	0.
12.260000000000002	0.
12.265	0.
12.270000000000001	0.
12.275000000000002	0.
12.280000000000001	0.
12.285	0.
12.290000000000001	0.
12.295000000000002	0.
12.3	0.
12.305000000000001	0.
12.31	0.
12.315000000000001	0.
12.32	0.
12.325000000000001	0.
12.330000000000002	0.
12.335	0.
12.340000000000002	0.
12.345	0.
12.350000000000001	0.
12.355	0.
12.360000000000001	0.
12.365000000000002	0.
12.370000000000001	0.
12.375	0.
12.38	0.
12.385000000000002	0.
12.39	0.
12.395000000000001	0.
12.400000000000002	0.
12.405000000000001	0.
12.41	0.
12.415000000000001	0.
12.420000000000002	0.
12.425	0.
12.430000000000001	0.
12.435	0.
12.440000000000001	0.
12.445	0.
12.450000000000001	0.
12.455000000000002	0.
12.46	0.
12.465000000000002	0.
12.47	0.
12.475000000000001	0.
12.48	0.
12.485000000000001	0.
12.490000000000002	0.
12.495000000000001	0.
12.5	0.
12.505	0.
12.510000000000002	0.
12.515	0.
12.520000000000001	0.
12.525000000000002	0.
12.530000000000001	0.
12.535	0.
12.540000000000001	0.
12.545000000000002	0.
12.55	0.
12.555000000000001	0.
12.56	0.
12.565000000000001	0.
12.57	0.
12.575000000000001	0.
12.580000000000002	0.
12.585	0.
12.590000000000002	0.
12.595	0.
12.600000000000001	0.
12.605	0.
12.610000000000001	0.
12.615000000000002	0.
12.620000000000001	0.
12.625	0.
12.63	0.
12.635000000000002	0.
12.64	0.
12.645000000000001	0.
12.650000000000002	0.
12.655000000000001	0.
12.66	0.
12.665000000000001	0.
12.670000000000002	0.
12.675	0.
12.680000000000001	0.
12.685	0.
12.690000000000001	0.
12.695	0.
12.700000000000001	0.
12.705000000000002	0.
12.71	0.
12.715000000000002	0.
12.72	0.
12.725000000000001	0.
12.73	0.
12.735000000000001	0.
12.740000000000002	0.
12.745000000000001	0.
12.75	0.
12.755	0.
12.760000000000002	0.
12.765	0.
12.770000000000001	0.
12.775000000000002	0.
12.780000000000001	0.
12.785	0.
12.790000000000001	0.
12.795000000000002	0.
12.8	0.
12.805000000000001	0.
12.810000000000002	0.
12.815000000000001	0.
12.820000000000002	0.
12.825000000000001	0.
12.830000000000002	0.
12.835	0.
12.840000000000002	0.
12.845	0.
12.850000000000001	0.
12.855000000000002	0.
12.860000000000001	0.
12.865000000000002	0.
12.870000000000001	0.
12.875000000000002	0.
12.88	0.
12.885000000000002	0.
12.890000000000002	0.
12.895000000000001	0.
12.900000000000002	0.
12.905000000000001	0.
12.910000000000002	0.
12.915000000000001	0.
12.920000000000002	0.
12.925	0.
12.930000000000001	0.
12.935000000000002	0.
12.940000000000001	0.
12.945000000000002	0.
12.950000000000001	0.
12.955000000000002	0.
12.96	0.
12.965000000000002	0.
12.97	0.
12.975000000000001	0.
12.980000000000002	0.
12.985000000000001	0.
12.990000000000002	0.
12.995000000000001	0.
13.000000000000002	0.
13.005	0.
13.010000000000002	0.
13.015000000000002	0.
13.020000000000001	0.
13.025000000000002	0.
13.030000000000001	0.
13.035000000000002	0.
13.040000000000001	0.
13.045000000000002	0.
13.05	0.
13.055000000000001	0.
13.060000000000002	0.
13.065000000000001	0.
13.070000000000002	0.
13.075000000000001	0.
13.080000000000002	0.
13.085	0.
13.090000000000002	0.
13.095	0.
13.100000000000001	0.
13.105000000000002	0.
13.110000000000001	0.
13.115000000000002	0.
13.120000000000001	0.
13.125000000000002	0.
13.13	0.
13.135000000000002	0.
13.140000000000002	0.
13.145000000000001	0.
13.150000000000002	0.
13.155000000000001	0.
13.160000000000002	0.
13.165000000000001	0.
13.170000000000002	0.
13.175	0.
13.180000000000001	0.
13.185000000000002	0.
13.190000000000001	0.
13.195000000000002	0.
13.200000000000001	0.
13.205000000000002	0.
13.21	0.
13.215000000000002	0.
13.220000000000002	0.
13.225000000000001	0.
13.230000000000002	0.
13.235000000000001	0.
13.240000000000002	0.
13.245000000000001	0.
13.250000000000002	0.
13.255	0.
13.260000000000002	0.
13.265000000000002	0.
13.270000000000001	0.
13.275000000000002	0.
13.280000000000001	0.
13.285000000000002	0.
13.290000000000001	0.
13.295000000000002	0.
13.3	0.
13.305000000000001	0.
13.310000000000002	0.
13.315000000000001	0.
13.320000000000002	0.
13.325000000000001	0.
13.330000000000002	0.
13.335	0.
13.340000000000002	0.
13.345000000000002	0.
13.350000000000001	0.
13.355000000000002	0.
13.360000000000001	0.
13.365000000000002	0.
13.370000000000001	0.
13.375000000000002	0.
13.38	0.
13.385000000000002	0.
13.39	0.
13.395000000000001	0.
13.400000000000002	0.
13.405000000000001	0.
13.410000000000002	0.
13.415000000000001	0.
13.420000000000002	0.
13.425	0.
13.430000000000001	0.
13.435000000000002	0.
13.440000000000001	0.
13.445000000000002	0.
13.450000000000001	0.
13.455000000000002	0.
13.46	0.
13.465000000000002	0.
13.470000000000002	0.
13.475000000000001	0.
13.480000000000002	0.
13.485000000000001	0.
13.490000000000002	0.
13.495000000000001	0.
13.500000000000002	0.
13.505	0.
13.510000000000002	0.
13.515	0.
13.520000000000001	0.
13.525000000000002	0.
13.530000000000001	0.
13.535000000000002	0.
13.540000000000001	0.
13.545000000000002	0.
13.55	0.
13.555000000000001	0.
13.560000000000002	0.
13.565000000000001	0.
13.570000000000002	0.
13.575000000000001	0.
13.580000000000002	0.
13.585	0.
13.590000000000002	0.
13.595000000000002	0.
13.600000000000001	0.
13.605000000000002	0.
13.610000000000001	0.
13.615000000000002	0.
13.620000000000001	0.
13.625000000000002	0.
13.63	0.
13.635000000000002	0.
13.64	0.
13.645000000000001	0.
13.650000000000002	0.
13.655000000000001	0.
13.660000000000002	0.
13.665000000000001	0.
13.670000000000002	0.
13.675	0.
13.680000000000001	0.
13.685000000000002	0.
13.690000000000001	0.
13.695000000000002	0.
13.700000000000001	0.
13.705000000000002	0.
13.71	0.
13.715000000000002	0.
13.720000000000002	0.
13.725000000000001	0.
13.730000000000002	0.
13.735000000000001	0.
13.740000000000002	0.
13.745000000000001	0.
13.750000000000002	0.
13.755	0.
13.760000000000002	0.
13.765	0.
13.770000000000001	0.
13.775000000000002	0.
13.780000000000001	0.
13.785000000000002	0.
13.790000000000001	0.
13.795000000000002	0.
13.8	0.
13.805000000000001	0.
13.810000000000002	0.
13.815000000000001	0.
13.820000000000002	0.
13.825000000000001	0.
13.830000000000002	0.
13.835	0.
13.840000000000002	0.
13.845000000000002	0.
13.850000000000001	0.
13.855000000000002	0.
13.860000000000001	0.
13.865000000000002	0.
13.870000000000001	0.
13.875000000000002	0.
13.88	0.
13.885000000000002	0.
13.89	0.
13.895000000000001	0.
13.900000000000002	0.
13.905000000000001	0.
13.910000000000002	0.
13.915000000000001	0.
13.920000000000002	0.
13.925	0.
13.930000000000001	0.
13.935000000000002	0.
13.940000000000001	0.
13.945000000000002	0.
13.950000000000001	0.
13.955000000000002	0.
13.96	0.
13.965000000000002	0.
13.970000000000002	0.
13.975000000000001	0.
13.980000000000002	0.
13.985000000000001	0.
13.990000000000002	0.
13.995000000000001	0.
14.	0.