0.005	0.
0.01	0.
0.015	0.
0.02	0.
0.025	0.
0.030000000000000002	0.
0.034999999999999996	0.
0.04	0.
0.045	0.
0.049999999999999996	0.
0.055	0.
0.06	0.
0.065	0.
0.07	0.
0.07500000000000001	0.
0.08	0.
0.085	0.
0.09000000000000001	0.
0.095	0.
0.1	0.
0.10500000000000001	0.
0.11	0.
0.115	0.
0.12000000000000001	0.
0.125	0.
0.13	0.
0.135	0.
0.14	0.
0.14500000000000002	0.
0.15	0.
0.155	0.
0.16	0.
0.165	0.
0.17	0.
0.17500000000000002	0.07151100111176194
0.18000000000000002	0.1018476411975026
0.185	0.12269514958357462
0.19	0.1386560535671456
0.195	0.15147970049580292
0.2	0.1620710594597134
0.20500000000000002	0.17097597167883827
0.21000000000000002	0.17855588340434658
0.215	0.1850656458547229
0.22	0.19069321953769072
0.225	0.1955819838798873
0.23	0.19984420690259205
0.23500000000000001	0.20356964429907617
0.24000000000000002	0.20683127927497955
0.245	0.20968929580492304
0.25	0.21219391339413365
0.255	0.21438746172230133
0.26	0.21630593231333997
0.265	0.2179801609739935
0.27	0.2194367436354127
0.275	0.2206987558872799
0.28	0.2217863254384139
0.28500000000000003	0.22271709268451553
0.29000000000000004	0.22350658497326836
0.295	0.22416852348060665
0.3	0.22471507687997125
0.305	0.22515707257778345
0.31	0.22550417379649382
0.315	0.22576502894021622
0.32	0.22594739829300117
0.325	0.22605826204908014
0.33	0.22610391286889409
0.335	0.22609003553131504
0.34	0.22602177576553287
0.34500000000000003	0.22590379996272472
0.35000000000000003	0.22574034716338243
0.35500000000000004	0.2255352744730423
0.36	0.22529209686350538
0.365	0.22501402215824462
0.37	0.22470398187167556
0.375	0.22436465846631215
0.38	0.2239985095048315
0.385	0.223607789102131
0.39	0.223194567022606
0.395	0.2227607457179886
0.4	0.2223080755592069
0.405	0.22183816848048218
0.41000000000000003	0.2213525102241602
0.41500000000000004	0.22085247134951044
0.42000000000000004	0.22033931714728405
0.425	0.21981421658350983
0.43	0.21927825038031498
0.435	0.2187324183281198
0.44	0.2181776459119555
0.445	0.21761479032465045
0.45	0.21704464593098396
0.455	0.21646794923936086
0.46	0.21588538343109115
0.465	0.2152975824915921
0.47000000000000003	0.21470513498290905
0.47500000000000003	0.21410858749254322
0.48000000000000004	0.2135084477898245
0.485	0.21290518771763578
0.49	0.2122992458443773
0.495	0.21169102989844682
0.5	0.2110809190051955
0.505	0.21046926574428063
0.51	0.20985639804352324
0.515	0.20924262092377288
0.52	0.20862821810786572
0.525	0.20801345350544
0.53	0.20739857258429573
0.535	0.20678380363793378
0.54	0.20616935895800237
0.545	0.20555543591955536
0.55	0.20494221798635007
0.555	0.20432987564265886
0.56	0.20371856725759788
0.5650000000000001	0.20310843988730898
0.5700000000000001	0.20249963001999002
0.5750000000000001	0.20189226426824136
0.5800000000000001	0.20128646001281417
0.585	0.20068232600155084
0.59	0.20007996290693011
0.595	0.19947946384536883
0.6	0.1988809148611256
0.605	0.19828439537751885
0.61	0.19768997861779575
0.615	0.19709773199795336
0.62	0.1965077174935096
0.625	0.19591999198212479
0.63	0.19533460756381296
0.635	0.19475161186031176
0.64	0.1941710482951328
0.645	0.19359295635559465
0.65	0.1930173718381168
0.655	0.19244432707794332
0.66	0.19187385116435735
0.665	0.19130597014236167
0.67	0.19074070720174244
0.675	0.19017808285441407
0.68	0.18961811510074764
0.685	0.18906081958569104
0.6900000000000001	0.1885062097452856
0.6950000000000001	0.18795429694427573
0.7000000000000001	0.187405090605356
0.7050000000000001	0.18685859833056895
0.71	0.18631482601543087
0.715	0.1857737779561941
0.72	0.18523545695067262
0.725	0.1846998643931275
0.73	0.18416700036346517
0.735	0.18363686371118654
0.74	0.18310945213437782
0.745	0.18258476225408296
0.75	0.18206278968429984
0.755	0.18154352909789706
0.76	0.18102697428866993
0.765	0.18051311822983357
0.77	0.18000195312910486
0.775	0.17949347048055309
0.78	0.17898766111354525
0.785	0.17848451523881967
0.79	0.1779840224918868
0.795	0.17748617197400987
0.8	0.17699095229072487
0.805	0.17649835158831162
0.81	0.17600835758801306
0.8150000000000001	0.175520957618405
0.8200000000000001	0.17503613864586715
0.8250000000000001	0.1745538873033284
0.8300000000000001	0.17407418991742016
0.8350000000000001	0.17359703253393008
0.84	0.1731224009419795
0.845	0.17265028069672272
0.85	0.1721806571407371
0.855	0.17171351542422317
0.86	0.17124884052406825
0.865	0.17078661726172167
0.87	0.17032683032017834
0.875	0.1698694642598467
0.88	0.16941450353360227
0.885	0.16896193250087738
0.89	0.16851173544104076
0.895	0.16806389656589973
0.9	0.16761840003154022
0.905	0.16717522994940603
0.91	0.1667343703967731
0.915	0.16629580542658823
0.92	0.16585951907671798
0.925	0.16542549537863618
0.93	0.16499371836567125
0.935	0.16456417208052568
0.9400000000000001	0.1641368405826191
0.9450000000000001	0.1637117079547949
0.9500000000000001	0.16328875830969464
0.9550000000000001	0.16286797579568946
0.9600000000000001	0.16244934460236857
0.965	0.16203284896591677
0.97	0.16161847317378167
0.975	0.16120620156948023
0.98	0.16079601855663417
0.985	0.16038790860296273
0.99	0.15998185624422143
0.995	0.15957784608725514
1.	0.15917586281356552
1.005	0.15877589118204266
1.01	0.15837791603186402
1.015	0.15798192228487606
1.02	0.15758789494840453
1.025	0.15719581911565875
1.0299999999999998	0.15680567999997688
1.035	0.15641746279227178
1.0399999999999998	0.15603115294234687
1.045	0.15564673588453012
1.0499999999999998	0.15526419717729734
1.055	0.15488352247570594
1.0599999999999998	0.15450469753177976
1.065	0.15412770819769991
1.0699999999999998	0.15375254042555822
1.075	0.15337918026836345
1.0799999999999998	0.1530076138803607
1.085	0.15263782751853613
1.0899999999999999	0.1522698075421184
1.095	0.15190354041355267
1.0999999999999999	0.15153901269899928
1.105	0.15117621106820253
1.1099999999999999	0.15081512229486607
1.115	0.1504557332571073
1.1199999999999999	0.15009803093689564
1.125	0.14974200242077063
1.13	0.14938763489943777
1.135	0.14903491566756358
1.14	0.14868383212409994
1.145	0.14833437177169498
1.15	0.14798652221661393
1.155	0.14764027116857448
1.16	0.14729560644029424
1.1649999999999998	0.14695251594728273
1.17	0.146610987707361
1.1749999999999998	0.1462710098404258
1.18	0.14593257056777834
1.1849999999999998	0.14559565821192721
1.19	0.14526026119598573
1.1949999999999998	0.14492636804310444
1.2	0.14459396737609329
1.2049999999999998	0.14426304791678962
1.21	0.14393359848541845
1.2149999999999999	0.14360560800025873
1.22	0.14327906547669536
1.2249999999999999	0.14295396002690933
1.23	0.1426302808591096
1.2349999999999999	0.1423080172768765
1.24	0.14198715867857964
1.2449999999999999	0.14166769455662415
1.25	0.14134961449686137
1.255	0.14103290817790853
1.26	0.14071756537036376
1.265	0.14040357593620048
1.27	0.14009092982804347
1.275	0.1397796170884292
1.28	0.13946962784910738
1.285	0.13916095233034756
1.2899999999999998	0.13885358084018337
1.295	0.138547503773663
1.2999999999999998	0.1382427116122827
1.305	0.13793919492298892
1.3099999999999998	0.1376369443576392
1.315	0.13733595065230794
1.3199999999999998	0.13703620462632243
1.325	0.13673769718181178
1.3299999999999998	0.13644041930275697
1.335	0.1361443620543845
1.3399999999999999	0.13584951658236247
1.345	0.13555587411214304
1.3499999999999999	0.13526342594817048
1.355	0.1349721634732046
1.3599999999999999	0.13468207814753097
1.365	0.13439316150832267
1.3699999999999999	0.13410540516888517
1.375	0.13381880081789768
1.38	0.13353334021880775
1.385	0.1332490152090074
1.39	0.1329658176991968
1.395	0.13268373967266373
1.4	0.13240277318458046
1.405	0.13212291036134277
1.41	0.13184414339985062
1.4149999999999998	0.13156646456679016
1.42	0.1312898661980463
1.4249999999999998	0.1310143406979383
1.43	0.1307398805386035
1.4349999999999998	0.13046647825929134
1.44	0.1301941264657383
1.4449999999999998	0.12992281782949222
1.45	0.12965254508726623
1.4549999999999998	0.1293833010402405
1.46	0.12911507855354798
1.4649999999999999	0.1288478705555284
1.47	0.12858167003707502
1.4749999999999999	0.12831647005112368
1.48	0.12805226371196438
1.4849999999999999	0.12778904419457734
1.49	0.1275268047341323
1.4949999999999999	0.12726553862530024
1.5	0.12700523922168308
1.505	0.12674589993521398
1.51	0.12648751423557789
1.515	0.1262300756496128
1.52	0.12597357776074866
1.525	0.1257180142084158
1.53	0.12546337868749607
1.535	0.1252096649477541
1.54	0.12495686679325167
1.545	0.12470497808187264
1.5499999999999998	0.12445399272467521
1.555	0.12420390468545256
1.5599999999999998	0.12395470798010942
1.565	0.12370639667620523
1.5699999999999998	0.12345896489236033
1.575	0.12321240679779528
1.5799999999999998	0.12296671661180233
1.585	0.12272188860319358
1.5899999999999999	0.12247791708987672
1.595	0.12223479643826816
1.5999999999999999	0.12199252106286367
1.605	0.12175108542572069
1.6099999999999999	0.12151048403598559
1.615	0.12127071144942264
1.6199999999999999	0.1210317622678899
1.625	0.1207936311389525
1.63	0.12055631275536578
1.635	0.12031980185461061
1.64	0.12008409321847138
1.645	0.1198491816725697
1.65	0.11961506208593697
1.655	0.11938172937050834
1.66	0.11914917848078424
1.665	0.11891740441335341
1.67	0.11868640220644769
1.6749999999999998	0.11845616693955142
1.68	0.11822669373298525
1.6849999999999998	0.11799797774744407
1.69	0.11777001418369444
1.6949999999999998	0.11754279828203766
1.7	0.11731632532201651
1.7049999999999998	0.11709059062199793
1.71	0.1168655895386967
1.7149999999999999	0.11664131746694531
1.72	0.11641776983917813
1.7249999999999999	0.11619494212511583
1.73	0.115972829831371
1.7349999999999999	0.11575142850107997
1.74	0.11553073371356279
1.7449999999999999	0.11531074108392733
1.75	0.11509144626273883
1.755	0.11487284493562964
1.76	0.11465493282300095
1.765	0.11443770567962377
1.77	0.1142211592943523
1.775	0.11400528948972657
1.78	0.11379009212167596
1.785	0.11357556307918518
1.79	0.11336169828395341
1.795	0.11314849369007583
1.7999999999999998	0.1129359452837316
1.805	0.11272404908286593
1.8099999999999998	0.11251280113685659
1.815	0.11230219752622146
1.8199999999999998	0.11209223436232324
1.825	0.11188290778702813
1.8299999999999998	0.11167421397246798
1.835	0.11146614912066516
1.8399999999999999	0.11125870946330578
1.845	0.11105189126142875
1.8499999999999999	0.11084569080511357
1.855	0.11064010441323235
1.8599999999999999	0.11043512843316276
1.865	0.11023075924048102
1.8699999999999999	0.11002699323873485
1.875	0.1098238268591199
1.88	0.10962125656026393
1.885	0.10941927882792483
1.89	0.10921789017473808
1.895	0.10901708713994863
1.9	0.1088168662891937
1.905	0.10861722421417819
1.91	0.10841815753249577
1.915	0.10821966288733079
1.92	0.1080217369472412
1.9249999999999998	0.10782437640590922
1.93	0.10762757798185799
1.9349999999999998	0.1074313384183044
1.94	0.10723565448283572
1.9449999999999998	0.10704052296722343
1.95	0.1068459406871796
1.9549999999999998	0.10665190448214411
1.96	0.10645841121502189
1.9649999999999999	0.1062654577720084
1.97	0.10607304106233038
1.9749999999999999	0.10588115801805846
1.98	0.10568980559386697
1.9849999999999999	0.10549898076682555
1.99	0.1053086805361947
1.9949999999999999	0.10511890192322071
2.	0.1049296419709359
2.005	0.10474089774392009
2.01	0.10455266632812342
2.015	0.10436494483067514
2.02	0.10417773037966431
2.025	0.10399102012396931
2.03	0.10380481123302003
2.035	0.10361910089668269
2.04	0.1034338863249649
2.045	0.10324916474793762
2.05	0.10306493341547537
2.0549999999999997	0.10288118959708953
2.06	0.10269793058176936
2.065	0.10251515367777739
2.07	0.10233285621250018
2.0749999999999997	0.10215103553221978
2.08	0.10196968900199616
2.085	0.10178881400547639
2.09	0.10160840794470709
2.0949999999999998	0.10142846823998396
2.1	0.10124899232968503
2.105	0.10106997767009634
2.11	0.10089142173525766
2.1149999999999998	0.10071332201678801
2.12	0.10053567602374434
2.125	0.10035848128246316
2.13	0.10018173533636891
2.135	0.10000543574586429
2.14	0.09982958008814963
2.145	0.09965416595708565
2.15	0.09947919096303494
2.155	0.09930465273271323
2.16	0.09913054890905301
2.165	0.098956877151028
2.17	0.0987836351335644
2.175	0.09861082054733637
2.18	0.09843843109867662
2.185	0.09826646450938552
2.19	0.09809491851664905
2.195	0.09792379087286893
2.1999999999999997	0.09775307934551837
2.205	0.09758278171704149
2.21	0.09741289578468651
2.215	0.09724341936040853
2.2199999999999998	0.09707435027070153
2.225	0.09690568635649632
2.23	0.09673742547304114
2.235	0.09656956548974306
2.2399999999999998	0.09640210429006087
2.245	0.09623503977139229
2.25	0.09606836984494421
2.255	0.09590209243560234
2.26	0.09573620548181949
2.265	0.09557070693549018
2.27	0.09540559476185706
2.275	0.09524086693935731
2.28	0.09507652145955103
2.285	0.09491255632695149
2.29	0.09474896955896858
2.295	0.09458575918576494
2.3	0.09442292325016717
2.305	0.0942604598075208
2.31	0.094098366925614
2.315	0.09393664268456726
2.32	0.09377528517671944
2.3249999999999997	0.09361429250651357
2.33	0.09345366279041846
2.335	0.09329339415678908
2.34	0.09313348474580381
2.3449999999999998	0.09297393270934995
2.35	0.09281473621089735
2.355	0.09265589342544259
2.36	0.09249740253937601
2.3649999999999998	0.09233926175039232
2.37	0.09218146926742117
2.375	0.09202402331049676
2.38	0.09186692211067274
2.385	0.09171016390995199
2.39	0.09155374696114463
2.395	0.09139766952784188
2.4	0.09124192988427376
2.405	0.09108652631522705
2.41	0.09093145711598806
2.415	0.09077672059220299
2.42	0.09062231505984562
2.425	0.09046823884508975
2.43	0.09031449028423838
2.435	0.0901610677236417
2.44	0.09000796951961423
2.445	0.08985519403834201
2.4499999999999997	0.08970273965579637
2.455	0.08955060475768307
2.46	0.08939878773931412
2.465	0.08924728700557186
2.4699999999999998	0.0890961009707969
2.475	0.08894522805873349
2.48	0.08879466670243738
2.485	0.08864441534419767
2.4899999999999998	0.08849447243547312
2.495	0.08834483643679307
2.5	0.08819550581771846
2.505	0.08804647905672675
2.51	0.08789775464116699
2.515	0.08774933106717879
2.52	0.08760120683961302
2.525	0.08745338047196433
2.53	0.08730585048631158
2.535	0.08715861541322295
2.54	0.08701167379171573
2.545	0.0868650241691622
2.55	0.086718665101221
2.555	0.08657259515180789
2.56	0.08642681289296691
2.565	0.08628131690485956
2.57	0.08613610577566415
2.5749999999999997	0.08599117810152351
2.58	0.08584653248648733
2.585	0.08570216754240995
2.59	0.08555808188896495
2.5949999999999998	0.08541427415348292
2.6	0.08527074297095988
2.605	0.08512748698399006
2.61	0.08498450484265152
2.6149999999999998	0.08484179520451182
2.62	0.08469935673453008
2.625	0.0845571881049883
2.63	0.08441528799547111
2.635	0.08427365509277729
2.64	0.0841322880908609
2.645	0.08399118569078404
2.65	0.08385034660066093
2.655	0.0837097695355882
2.66	0.08356945321760892
2.665	0.08342939637563236
2.67	0.08328959774539513
2.675	0.08315005606940826
2.68	0.0830107700968894
2.685	0.08287173858371537
2.69	0.0827329602923708
2.695	0.08259443399190171
2.7	0.08245615845784258
2.705	0.08231813247218607
2.71	0.0821803548233129
2.715	0.08204282430595987
2.7199999999999998	0.08190553972114864
2.725	0.08176849987615152
2.73	0.08163170358443611
2.735	0.08149514966561111
2.7399999999999998	0.0813588369453829
2.745	0.08122276425550265
2.75	0.08108693043372538
2.755	0.08095133432375134
2.76	0.08081597477518912
2.765	0.08068085064349988
2.77	0.0805459607899538
2.775	0.08041130408158656
2.78	0.08027687939114664
2.785	0.08014268559706168
2.79	0.08000872158338011
2.795	0.07987498623972995
2.8	0.07974147846127487
2.8049999999999997	0.07960819714867963
2.81	0.07947514120805173
2.815	0.07934230955090056
2.82	0.07920970109410638
2.825	0.07907731475986042
2.83	0.07894514947563791
2.835	0.0788132041741351
2.84	0.07868147779326465
2.8449999999999998	0.07854996927607125
2.85	0.07841867757071364
2.855	0.07828760163043019
2.86	0.07815674041347567
2.8649999999999998	0.07802609288309978
2.87	0.07789565800750341
2.875	0.0777654347597914
2.88	0.07763542211794446
2.885	0.07750561906477214
2.89	0.07737602458787676
2.895	0.077246637679616
2.9	0.07711745733706438
2.905	0.07698848256197234
2.91	0.07685971236073433
2.915	0.0767311457443445
2.92	0.07660278172837046
2.925	0.07647461933290696
2.9299999999999997	0.07634665758253956
2.935	0.0762188955063174
2.94	0.07609133213770322
2.945	0.07596396651455783
2.95	0.07583679767908365
2.955	0.07570982467780353
2.96	0.07558304656151858
2.965	0.0754564623852815
2.9699999999999998	0.07533007120834985
2.975	0.0752038720941656
2.98	0.07507786411031672
2.985	0.0749520463284907
2.9899999999999998	0.07482641782446658
2.995	0.07470097767806047
3.	0.07457572497309715
3.005	0.07445065879738852
3.01	0.07432577824268541
3.015	0.07420108240465714
3.02	0.07407657038285524
3.025	0.07395224128067719
3.03	0.073828094205346
3.035	0.07370412826786914
3.04	0.07358034258300654
3.045	0.07345673626925221
3.05	0.07333330844879217
3.0549999999999997	0.07321005824746978
3.06	0.07308698479477238
3.065	0.0729640872237855
3.07	0.07284136467117058
3.075	0.07271881627713346
3.08	0.07259644118539481
3.085	0.07247423854316265
3.09	0.07235220750109908
3.0949999999999998	0.07223034721329356
3.1	0.07210865683723973
3.105	0.07198713553379223
3.11	0.0718657824671567
3.115	0.0717445968048479
3.12	0.07162357771766543
3.125	0.07150272437966747
3.13	0.07138203596814773
3.135	0.07126151166359404
3.14	0.07114115064967531
3.145	0.07102095211320324
3.15	0.07090091524411611
3.155	0.07078103923544292
3.16	0.07066132328328523
3.165	0.07054176658677466
3.17	0.07042236834806653
3.175	0.07030312777230527
3.1799999999999997	0.07018404406758989
3.185	0.07006511644496263
3.19	0.06994634411837036
3.195	0.06982772630464879
3.2	0.06970926222349359
3.205	0.06959095109742927
3.21	0.06947279215179311
3.215	0.06935478461470647
3.2199999999999998	0.06923692771704472
3.225	0.06911922069242256
3.23	0.06900166277715943
3.235	0.06888425321026224
3.24	0.06876699123339587
3.245	0.06864987609086219
3.25	0.06853290702957464
3.255	0.0684160832990326
3.26	0.06829940415130081
3.265	0.06818286884098423
3.27	0.0680664766252006
3.275	0.06795022676356474
3.28	0.0678341185181567
3.285	0.06771815115350459
3.29	0.06760232393655707
3.295	0.06748663613666347
3.3	0.06737108702554834
3.3049999999999997	0.0672556758772906
3.31	0.0671404019682991
3.315	0.06702526457728993
3.32	0.06691026298526465
3.325	0.06679539647548854
3.33	0.06668066433346465
3.335	0.06656606584691702
3.34	0.06645160030576203
3.3449999999999998	0.06633726700209266
3.35	0.06622306523015106
3.355	0.06610899428630959
3.36	0.06599505346904858
3.365	0.06588124207893323
3.37	0.06576755941859484
3.375	0.06565400479270496
3.38	0.06554057750795561
3.385	0.0654272768730414
3.39	0.06531410219863305
3.395	0.06520105279735716
3.4	0.06508812798377787
3.405	0.06497532707437258
3.41	0.06486264938751214
3.415	0.06475009424344004
3.42	0.06463766096425047
3.425	0.06452534887386793
3.4299999999999997	0.06441315729802742
3.435	0.06430108556425237
3.44	0.06418913300183557
3.445	0.06407729894181403
3.45	0.06396558271695447
3.455	0.06385398366173099
3.46	0.06374250111230177
3.465	0.06363113440648877
3.4699999999999998	0.06351988288376355
3.475	0.06340874588522108
3.48	0.06329772275355781
3.485	0.06318681283305835
3.49	0.06307601546957105
3.495	0.06296533001048717
3.5	0.0628547558047238
3.505	0.0627442922027004
3.51	0.06263393855632313
3.515	0.06252369421895675
3.52	0.06241355854541801
3.525	0.06230353089194048
3.53	0.06219361061617081
3.535	0.06208379707713137
3.54	0.06197408963521304
3.545	0.06186448765215793
3.55	0.06175499049102217
3.5549999999999997	0.061645597516177666
3.56	0.06153630809327807
3.565	0.061427121589242434
3.5700000000000003	0.06131803737223882
3.575	0.06120905481166445
3.58	0.06110017327811731
3.585	0.060991392143392324
3.59	0.06088271078044679
3.5949999999999998	0.06077412856338819
3.5999999999999996	0.060665644867455015
3.605	0.0605572590689958
3.61	0.0604489705454496
3.615	0.06034077867532197
3.62	0.06023268283817649
3.625	0.06012468241460485
3.63	0.06001677678621302
3.635	0.05990896533559934
3.6399999999999997	0.059801247446333666
3.645	0.05969362250294348
3.65	0.059586089890891376
3.6550000000000002	0.059478648996544425
3.66	0.059371299207183065
3.665	0.05926403991095057
3.67	0.05915687049684904
3.675	0.05904979035472116
3.6799999999999997	0.0589427988752221
3.685	0.05883589544981009
3.69	0.05872907947071566
3.6950000000000003	0.058622350330933715
3.7	0.05851570742419206
3.705	0.05840915014494722
3.71	0.05830267788834578
3.715	0.05819629005021558
3.7199999999999998	0.05808998602705144
3.7249999999999996	0.05798376521597913
3.73	0.057877627014755545
3.735	0.057771570821730234
3.74	0.05766559603582968
3.745	0.05755970205655833
3.75	0.057453888283945855
3.755	0.05734815411854547
3.76	0.0572424989614153
3.7649999999999997	0.05713692221409562
3.77	0.057031423278584265
3.775	0.05692600155731686
3.7800000000000002	0.05682065645315069
3.785	0.056715387369350834
3.79	0.056610193709550734
3.795	0.05650507487775295
3.8	0.056400030278285856
3.8049999999999997	0.0562950593158179
3.81	0.05619016139528622
3.815	0.056085335921928624
3.8200000000000003	0.05598058230122843
3.825	0.05587589993890719
3.83	0.05577128824089938
3.835	0.05566674661333525
3.84	0.05556227446251309
3.8449999999999998	0.055457871194886287
3.8499999999999996	0.05535353621703798
3.855	0.05524926893566158
3.86	0.05514506875753553
3.865	0.0550409350894995
3.87	0.05493686733845225
3.875	0.05483286491129961
3.88	0.05472892721495629
3.885	0.05462505365631614
3.8899999999999997	0.05452124364222888
3.895	0.054417496579470814
3.9	0.054313811874754654
3.9050000000000002	0.05421018893465651
3.91	0.05410662716563522
3.915	0.05400312597400064
3.92	0.053899684765870336
3.925	0.053796302947168306
3.9299999999999997	0.05369297992360822
3.935	0.053589715100636585
3.94	0.05348650788344696
3.9450000000000003	0.053383357676936756
3.95	0.05328026388568682
3.955	0.053177225913932286
3.96	0.05307424316556703
3.965	0.05297131504407081
3.9699999999999998	0.05286844095253011
3.9749999999999996	0.0527656202935981
3.98	0.05266285246945725
3.985	0.05256013688181604
3.99	0.05245747293186392
3.995	0.05235486002027292
4.	0.05225229754715083
4.005	0.05214978491201492
4.01	0.05204732151377834
4.015	0.0519449067507283
4.02	0.05184254002048161
4.025	0.05174022071997105
4.03	0.051637948245426966
4.035	0.05153572199233278
4.04	0.051433541355412137
4.045	0.051331405728585515
4.05	0.05122931450498309
4.055	0.05112726707686
4.0600000000000005	0.05102526283561708
4.0649999999999995	0.050923301171749
4.07	0.050821381474826115
4.075	0.05071950313346263
4.08	0.05061766553527605
4.085	0.050515868066905494
4.09	0.05041411011390438
4.095	0.05031239106078645
4.1	0.05021071029096428
4.105	0.05010906718671084
4.109999999999999	0.05000746112915465
4.115	0.04990589149821833
4.12	0.04980435767261386
4.125	0.04970285902981352
4.13	0.049601394945994665
4.135	0.0494999647960296
4.14	0.04939856795346196
4.145	0.049297203790435916
4.15	0.049195871677706844
4.155	0.04909457098458365
4.16	0.048993301078906225
4.165	0.04889206132701492
4.17	0.04879085109371247
4.175	0.048689669742213504
4.18	0.048588516634153686
4.1850000000000005	0.04848739112950468
4.1899999999999995	0.04838629258658468
4.195	0.04828522036198727
4.2	0.04818417381058127
4.205	0.04808315228542741
4.21	0.04798215513778868
4.215	0.04788118171706742
4.22	0.0477802313707771
4.225	0.04767930344451649
4.23	0.04757839728189781
4.234999999999999	0.04747751222454289
4.24	0.047376647612031836
4.245	0.0472758027818496
4.25	0.047174977069387385
4.255	0.04707416980784215
4.26	0.0469733803282348
4.265	0.04687260795933165
4.27	0.04677185202763049
4.275	0.04667111185728725
4.28	0.046570386770094105
4.285	0.046469676085437235
4.29	0.046368979120249565
4.295	0.04626829518895376
4.3	0.04616762360345505
4.305	0.04606696367304287
4.3100000000000005	0.045966314704390936
4.3149999999999995	0.045865676001490545
4.32	0.04576504686560603
4.325	0.04566442659523104
4.33	0.04556381448603731
4.335	0.045463209830823956
4.34	0.04536261191947141
4.345	0.045262020038893895
4.35	0.045161433472996976
4.355	0.045060851502598614
4.359999999999999	0.044960273405400465
4.365	0.04485969845594133
4.37	0.04475912592551825
4.375	0.044658555082153384
4.38	0.044557985190533625
4.385	0.044457415511954174
4.39	0.04435684530425954
4.395	0.044256273821794034
4.4	0.044155700315342855
4.405	0.04405512403207268
4.41	0.04395454421545389
4.415	0.04385396010523334
4.42	0.0437533709373543
4.425	0.04365277594389586
4.43	0.04355217435301338
4.4350000000000005	0.04345156538887258
4.4399999999999995	0.043350948271585414
4.445	0.043250322217140535
4.45	0.04314968643736149
4.455	0.04304904013978416
4.46	0.042948382527652526
4.465	0.042847712799809076
4.47	0.04274703015064129
4.475	0.042646333769985695
4.48	0.042545622843099734
4.484999999999999	0.04244489655054082
4.49	0.04234415406812015
4.495	0.04224339456682228
4.5	0.04214261721272481
4.505	0.04204182116690345
4.51	0.04194100558538587
4.515	0.04184016961904922
4.52	0.0417393124135553
4.525	0.041638433109220795
4.53	0.041537530840983695
4.535	0.04143660473831167
4.54	0.041335653925087014
4.545	0.04123467751953633
4.55	0.041133674634129265
4.555	0.041032644375513724
4.5600000000000005	0.04093158584437951
4.5649999999999995	0.04083049813540124
4.57	0.040729380337118204
4.575	0.04062823153184364
4.58	0.04052705079557858
4.585	0.04042583719789057
4.59	0.04032458980179685
4.595000000000001	0.04022330766372439
4.6	0.04012198983332724
4.605	0.04002063535340384
4.609999999999999	0.03991924325982193
4.615	0.03981781258135236
4.62	0.03971634233958649
4.625	0.03961483154880445
4.63	0.03951327921587939
4.635	0.039411684340128886
4.640000000000001	0.03931004591322285
4.645	0.0392083629189972
4.65	0.039106634333436134
4.654999999999999	0.039004859124425584
4.66	0.03890303625168275
4.665	0.03880116466663107
4.67	0.038699243312224324
4.675	0.03859727112282698
4.68	0.038495247024093245
4.6850000000000005	0.03839316993277731
4.6899999999999995	0.03829103875662731
4.695	0.038188852394215794
4.7	0.03808660973479167
4.705	0.03798430965810226
4.71	0.03788195103429771
4.715	0.03777953272369311
4.720000000000001	0.03767705357663923
4.725	0.03757451243336909
4.73	0.03747190812380468
4.734999999999999	0.037369239467381306
4.74	0.03726650527288245
4.745	0.037163704338251155
4.75	0.03706083545040732
4.755	0.036957897385056344
4.76	0.03685488890648924
4.765000000000001	0.03675180876740653
4.77	0.03664865570869563
4.775	0.03654542845925976
4.779999999999999	0.03644212573574569
4.785	0.0363387462423843
4.79	0.036235288670784745
4.795	0.036131751699653214
4.8	0.03602813399461109
4.805	0.03592443420796168
4.8100000000000005	0.03582065097842429
4.8149999999999995	0.03571678293092686
4.82	0.03561282867634143
4.825	0.03550878681123051
4.83	0.03540465591759249
4.835	0.03530043456262287
4.84	0.03519612129839647
4.845000000000001	0.035091714661627964
4.85	0.03498721317339135
4.855	0.034882615338835
4.859999999999999	0.034777919646838
4.865	0.03467312456980067
4.87	0.03456822856326644
4.875	0.034463230065608974
4.88	0.034358127497787806
4.885	0.03425291926292048
4.890000000000001	0.034147603745993675
4.895	0.03404217931354432
4.9	0.03393664431328576
4.904999999999999	0.0338309970737153
4.91	0.03372523590380036
4.915	0.03361935909258123
4.92	0.03351336490877244
4.925	0.03340725160039045
4.93	0.0333010173943352
4.9350000000000005	0.03319466049596405
4.9399999999999995	0.03308817908872851
4.945	0.03298157133363533
4.95	0.03287483536892395
4.955	0.032767969309505554
4.96	0.03266097124655726
4.965	0.03255383924702501
4.970000000000001	0.03244657135314059
4.975	0.03233916558189787
4.98	0.032231619924559494
4.984999999999999	0.032123932346128904
4.99	0.03201610078476425
4.995	0.031908123151315804
5.	0.03179999732863254
5.005	0.03169172117108992
5.01	0.03158329250388733
5.015000000000001	0.031474709122535666
5.02	0.03136596879212422
5.025	0.03125706924674953
5.029999999999999	0.031148008188781755
5.035	0.03103878328823204
5.04	0.030929392182014445
5.045	0.030819832473233857
5.05	0.030710101730439955
5.055	0.030600197486861623
5.0600000000000005	0.030490117239628942
5.0649999999999995	0.030379858448937005
5.07	0.030269418537259778
5.075	0.03015879488843957
5.08	0.030047984846866452
5.085	0.029936985716528926
5.09	0.029825794760105714
5.095000000000001	0.029714409197987138
5.1	0.029602826207312093
5.105	0.02949104292094058
5.109999999999999	0.029379056426404055
5.115	0.029266863764833995
5.12	0.02915446192984103
5.125	0.029041847866397647
5.13	0.02892901846962843
5.135	0.02881597058361282
5.14	0.028702701000119145
5.145	0.028589206457320025
5.15	0.02847548363848474
5.155	0.02836152917054334
5.16	0.02824733962272932
5.165	0.028132911505082982
5.17	0.028018241266931178
5.175	0.02790332529535869
5.18	0.027788159913580992
5.185	0.027672741379240723
5.19	0.027557065882757015
5.195	0.02744112954549123
5.2	0.027324928417924974
5.205	0.027208458477757505
5.21	0.027091715627938828
5.215	0.02697469569462689
5.22	0.026857394425093658
5.225	0.02673980748553071
5.23	0.026621930458796173
5.235	0.02650375884207485
5.24	0.02638528804446123
5.245	0.02626651338441489
5.25	0.026147430087231437
5.255	0.02602803328224607
5.26	0.025908318000118773
5.265	0.02578827916987843
5.27	0.02566791161592061
5.275	0.025547210054886742
5.28	0.025426169092414443
5.285	0.025304783219747204
5.29	0.025183046810231133
5.295	0.0250609541156731
5.3	0.024938499262550203
5.305	0.024815676248063655
5.31	0.024692478936028526
5.315	0.024568901052606465
5.32	0.02444493618186855
5.325	0.024320577761127435
5.33	0.024195819076159135
5.335	0.02407065325612673
5.34	0.023945073268351536
5.345	0.0238190719128283
5.35	0.02369264181652837
5.355	0.023565775427414996
5.36	0.023438465008210334
5.365	0.02331070262989793
5.37	0.02318248016489519
5.375	0.023053789279953992
5.38	0.022924621428696276
5.385	0.022794967843812613
5.39	0.02266481952890053
5.395	0.02253416724990481
5.4	0.022403001526150528
5.405	0.022271312620906796
5.41	0.022139090531556178
5.415	0.022006324979179575
5.42	0.021873005397693393
5.425	0.021739120922389974
5.43	0.021604660377915273
5.435	0.021469612265567515
5.44	0.021333964749998366
5.445	0.021197705645147044
5.45	0.021060822399423206
5.455	0.02092330208009564
5.46	0.020785131356812734
5.465	0.02064629648417283
5.47	0.02050678328334203
5.475	0.020366577122587645
5.48	0.02022566289668623
5.485	0.020084025005113765
5.49	0.019941647328932482
5.495	0.019798513206286075
5.5	0.019654605406365436
5.505	0.01950990610178027
5.51	0.01936439683916027
5.515	0.01921805850790223
5.52	0.01907087130685785
5.525	0.018922814708840954
5.53	0.018773867422762384
5.535	0.01862400735318599
5.54	0.018473211557099738
5.545	0.01832145619766477
5.55	0.01816871649466876
5.555	0.01801496667140878
5.56	0.01786017989766702
5.565	0.017704328228437427
5.57	0.017547382537998077
5.575	0.01738931244890258
5.58	0.017230086255389347
5.585	0.01706967084067533
5.59	0.016908031587527846
5.595	0.016745132281425948
5.6	0.01658093500553371
5.605	0.016415400026681615
5.61	0.016248485671323018
5.615	0.016080148190414083
5.62	0.015910341611977193
5.625	0.01573901757992453
5.63	0.015566125177613273
5.635	0.015391610734213731
5.64	0.015215417611913596
5.645	0.01503748597152607
5.65	0.01485775251376595
5.655	0.01467615019308721
5.66	0.014492607900362102
5.665	0.014307050110225992
5.67	0.014119396488108286
5.675	0.01392956145118683
5.68	0.013737453676563002
5.6850000000000005	0.013542975548544072
5.69	0.013346022535728641
5.695	0.013146482486508508
5.7	0.012944234829775544
5.705	0.012739149664491687
5.71	0.012531086718918163
5.715	0.01231989415573721
5.72	0.012105407194405919
5.725	0.011887446515194881
5.73	0.011665816401322244
5.735	0.011440302564586247
5.74	0.011210669585898676
5.745	0.010976657884151125
5.75	0.010737980102617114
5.755	0.01049431676998718
5.76	0.010245311049759712
5.765	0.009990562332628891
5.77	0.009729618343895727
5.775	0.009461965322982794
5.78	0.009187015665841097
5.785	0.008904092180799373
5.79	0.008612407749334862
5.795	0.008311038639056724
5.8	0.007998888865406523
5.805	0.00767464163589975
5.8100000000000005	0.007336691648531355
5.815	0.006983048122777928
5.82	0.0066111914369360175
5.825	0.0062178529712398675
5.83	0.005798660971241518
5.835	0.00534753687777841
5.84	0.004855586311040655
5.845	0.004308845608772428
5.85	0.003682991314886877
5.855	0.0029277158896772702
5.86	0.001894047184884999
5.865	0.
5.87	0.
5.875	0.
5.88	0.
5.885	0.
5.89	0.
5.895	0.
5.9	0.
5.905	0.
5.91	0.
5.915	0.
5.92	0.
5.925	0.
5.93	0.
5.9350000000000005	0.
5.94	0.
5.945	0.
5.95	0.
5.955	0.
5.96	0.
5.965	0.
5.97	0.
5.975	0.
5.98	0.
5.985	0.
5.99	0.
5.995	0.
6.	0.
6.005	0.
6.01	0.
6.015	0.
6.02	0.
6.025	0.
6.03	0.
6.035	0.
6.04	0.
6.045	0.
6.05	0.
6.055	0.
6.0600000000000005	0.
6.065	0.
6.07	0.
6.075	0.
6.08	0.
6.085	0.
6.09	0.
6.095	0.
6.1	0.
6.105	0.
6.11	0.
6.115	0.
6.12	0.
6.125	0.
6.13	0.
6.135	0.
6.140000000000001	0.
6.145	0.
6.15	0.
6.155	0.
6.16	0.
6.165	0.
6.17	0.
6.175	0.
6.18	0.
6.1850000000000005	0.
6.1899999999999995	0.
6.195	0.
6.2	0.
6.205	0.
6.21	0.
6.215	0.
6.22	0.
6.225	0.
6.23	0.
6.235	0.
6.24	0.
6.245	0.
6.25	0.
6.255	0.
6.26	0.
6.265000000000001	0.
6.27	0.
6.275	0.
6.28	0.
6.285	0.
6.29	0.
6.295	0.
6.3	0.
6.305	0.
6.3100000000000005	0.
6.3149999999999995	0.
6.32	0.
6.325	0.
6.33	0.
6.335	0.
6.34	0.
6.345	0.
6.35	0.
6.355	0.
6.36	0.
6.365	0.
6.37	0.
6.375	0.
6.38	0.
6.385	0.
6.390000000000001	0.
6.395	0.
6.4	0.
6.405	0.
6.41	0.
6.415	0.
6.42	0.
6.425	0.
6.43	0.
6.4350000000000005	0.
6.4399999999999995	0.
6.445	0.
6.45	0.
6.455	0.
6.46	0.
6.465	0.
6.47	0.
6.475	0.
6.48	0.
6.485	0.
6.49	0.
6.495	0.
6.5	0.
6.505	0.
6.51	0.
6.515000000000001	0.
6.52	0.
6.525	0.
6.53	0.
6.535	0.
6.54	0.
6.545	0.
6.55	0.
6.555	0.
6.5600000000000005	0.
6.5649999999999995	0.
6.57	0.
6.575	0.
6.58	0.
6.585	0.
6.59	0.
6.595	0.
6.6	0.
6.605	0.
6.61	0.
6.615	0.
6.62	0.
6.625	0.
6.63	0.
6.635	0.
6.640000000000001	0.
6.645	0.
6.65	0.
6.655	0.
6.66	0.
6.665	0.
6.67	0.
6.675	0.
6.68	0.
6.6850000000000005	0.
6.6899999999999995	0.
6.695	0.
6.7	0.
6.705	0.
6.71	0.
6.715	0.
6.72	0.
6.725	0.
6.73	0.
6.735	0.
6.74	0.
6.745	0.
6.75	0.
6.755	0.
6.76	0.
6.765000000000001	0.
6.77	0.
6.775	0.
6.78	0.
6.785	0.
6.79	0.
6.795	0.
6.8	0.
6.805	0.
6.8100000000000005	0.
6.8149999999999995	0.
6.82	0.
6.825	0.
6.83	0.
6.835	0.
6.84	0.
6.845	0.
6.85	0.
6.855	0.
6.86	0.
6.865	0.
6.87	0.
6.875	0.
6.88	0.
6.885	0.
6.890000000000001	0.
6.895	0.
6.9	0.
6.905	0.
6.91	0.
6.915	0.
6.92	0.
6.925	0.
6.93	0.
6.9350000000000005	0.
6.9399999999999995	0.
6.945	0.
6.95	0.
6.955	0.
6.96	0.
6.965	0.
6.97	0.
6.975	0.
6.98	0.
6.985	0.
6.99	0.
6.995	0.
7.	0.
7.005	0.
7.01	0.
7.015000000000001	0.
7.02	0.
7.025	0.
7.03	0.
7.035	0.
7.04	0.
7.045	0.
7.05	0.
7.055	0.
7.0600000000000005	0.
7.0649999999999995	0.
7.07	0.
7.075	0.
7.08	0.
7.085	0.
7.09	0.
7.095	0.
7.1	0.
7.105	0.
7.11	0.
7.115	0.
7.12	0.
7.125	0.
7.13	0.
7.135	0.
7.140000000000001	0.
7.145	0.
7.15	0.
7.155	0.
7.16	0.
7.165	0.
7.17	0.
7.175	0.
7.18	0.
7.1850000000000005	0.
7.1899999999999995	0.
7.195	0.
7.2	0.
7.205	0.
7.21	0.
7.215	0.
7.220000000000001	0.
7.225	0.
7.23	0.
7.234999999999999	0.
7.24	0.
7.245	0.
7.25	0.
7.255	0.
7.26	0.
7.265000000000001	0.
7.27	0.
7.275	0.
7.28	0.
7.285	0.
7.29	0.
7.295	0.
7.300000000000001	0.
7.305	0.
7.3100000000000005	0.
7.3149999999999995	0.
7.32	0.
7.325	0.
7.33	0.
7.335	0.
7.34	0.
7.345000000000001	0.
7.35	0.
7.355	0.
7.359999999999999	0.
7.365	0.
7.37	0.
7.375	0.
7.38	0.
7.385	0.
7.390000000000001	0.
7.395	0.
7.4	0.
7.405	0.
7.41	0.
7.415	0.
7.42	0.
7.425000000000001	0.
7.43	0.
7.4350000000000005	0.
7.4399999999999995	0.
7.445	0.
7.45	0.
7.455	0.
7.46	0.
7.465	0.
7.470000000000001	0.
7.475	0.
7.48	0.
7.484999999999999	0.
7.49	0.
7.495	0.
7.5	0.
7.505	0.
7.51	0.
7.515000000000001	0.
7.52	0.
7.525	0.
7.53	0.
7.535	0.
7.54	0.
7.545	0.
7.550000000000001	0.
7.555	0.
7.5600000000000005	0.
7.5649999999999995	0.
7.57	0.
7.575	0.
7.58	0.
7.585	0.
7.59	0.
7.595000000000001	0.
7.6	0.
7.605	0.
7.609999999999999	0.
7.615	0.
7.62	0.
7.625	0.
7.63	0.
7.635	0.
7.640000000000001	0.
7.645	0.
7.65	0.
7.655	0.
7.66	0.
7.665	0.
7.67	0.
7.675000000000001	0.
7.68	0.
7.685	0.
7.6899999999999995	0.
7.694999999999999	0.
7.699999999999999	0.
7.704999999999999	0.
7.71	0.
7.715	0.
7.72	0.
7.725	0.
7.7299999999999995	0.
7.734999999999999	0.
7.739999999999999	0.
7.744999999999999	0.
7.75	0.
7.755	0.
7.76	0.
7.765	0.
7.77	0.
7.7749999999999995	0.
7.779999999999999	0.
7.784999999999999	0.
7.79	0.
7.795	0.
7.8	0.
7.805	0.
7.81	0.
7.8149999999999995	0.
7.819999999999999	0.
7.824999999999999	0.
7.829999999999999	0.
7.835	0.
7.84	0.
7.845	0.
7.85	0.
7.8549999999999995	0.
7.859999999999999	0.
7.864999999999999	0.
7.869999999999999	0.
7.875	0.
7.88	0.
7.885	0.
7.89	0.
7.895	0.
7.8999999999999995	0.
7.904999999999999	0.
7.909999999999999	0.
7.915	0.
7.92	0.
7.925	0.
7.93	0.
7.935	0.
7.9399999999999995	0.
7.944999999999999	0.
7.949999999999999	0.
7.955	0.
7.96	0.
7.965	0.
7.97	0.
7.975	0.
7.9799999999999995	0.
7.984999999999999	0.
7.989999999999999	0.
7.994999999999999	0.
8.	0.
8.004999999999999	0.
8.01	0.
8.014999999999999	0.
8.02	0.
8.025	0.
8.03	0.
8.035	0.
8.04	0.
8.045	0.
8.049999999999999	0.
8.055	0.
8.059999999999999	0.
8.065	0.
8.07	0.
8.075	0.
8.08	0.
8.084999999999999	0.
8.09	0.
8.094999999999999	0.
8.1	0.
8.105	0.
8.11	0.
8.115	0.
8.12	0.
8.125	0.
8.129999999999999	0.
8.135	0.
8.139999999999999	0.
8.145	0.
8.15	0.
8.155	0.
8.16	0.
8.165	0.
8.17	0.
8.174999999999999	0.
8.18	0.
8.184999999999999	0.
8.19	0.
8.195	0.
8.2	0.
8.205	0.
8.209999999999999	0.
8.215	0.
8.219999999999999	0.
8.225	0.
8.23	0.
8.235	0.
8.24	0.
8.245	0.
8.25	0.
8.254999999999999	0.
8.26	0.
8.264999999999999	0.
8.27	0.
8.275	0.
8.28	0.
8.285	0.
8.29	0.
8.295	0.
8.299999999999999	0.
8.305	0.
8.309999999999999	0.
8.315	0.
8.32	0.
8.325	0.
8.33	0.
8.334999999999999	0.
8.34	0.
8.344999999999999	0.
8.35	0.
8.355	0.
8.36	0.
8.365	0.
8.37	0.
8.375	0.
8.379999999999999	0.
8.385	0.
8.389999999999999	0.
8.395	0.
8.4	0.
8.405	0.
8.41	0.
8.415	0.
8.42	0.
8.424999999999999	0.
8.43	0.
8.434999999999999	0.
8.44	0.
8.445	0.
8.45	0.
8.455	0.
8.459999999999999	0.
8.465	0.
8.469999999999999	0.
8.475	0.
8.48	0.
8.485	0.
8.49	0.
8.495	0.
8.5	0.
8.504999999999999	0.
8.51	0.
8.515	0.
8.52	0.
8.525	0.
8.53	0.
8.535	0.
8.54	0.
8.545	0.
8.549999999999999	0.
8.555	0.
8.559999999999999	0.
8.565	0.
8.57	0.
8.575	0.
8.58	0.
8.584999999999999	0.
8.59	0.
8.594999999999999	0.
8.6	0.
8.605	0.
8.61	0.
8.615	0.
8.62	0.
8.625	0.
8.629999999999999	0.
8.635	0.
8.64	0.
8.645	0.
8.65	0.
8.655	0.
8.66	0.
8.665	0.
8.67	0.
8.674999999999999	0.
8.68	0.
8.684999999999999	0.
8.69	0.
8.695	0.
8.7	0.
8.705	0.
8.709999999999999	0.
8.715	0.
8.719999999999999	0.
8.725	0.
8.73	0.
8.735	0.
8.74	0.
8.745	0.
8.75	0.
8.754999999999999	0.
8.76	0.
8.765	0.
8.77	0.
8.775	0.
8.78	0.
8.785	0.
8.79	0.
8.795	0.
8.799999999999999	0.
8.805	0.
8.809999999999999	0.
8.815	0.
8.82	0.
8.825	0.
8.83	0.
8.834999999999999	0.
8.84	0.
8.844999999999999	0.
8.85	0.
8.855	0.
8.86	0.
8.865	0.
8.87	0.
8.875	0.
8.879999999999999	0.
8.885	0.
8.89	0.
8.895	0.
8.9	0.
8.905	0.
8.91	0.
8.915	0.
8.92	0.
8.924999999999999	0.
8.93	0.
8.934999999999999	0.
8.94	0.
8.945	0.
8.95	0.
8.955	0.
8.959999999999999	0.
8.965	0.
8.969999999999999	0.
8.975	0.
8.98	0.
8.985	0.
8.99	0.
8.995	0.
9.	0.
9.004999999999999	0.
9.01	0.
9.015	0.
9.02	0.
9.025	0.
9.03	0.
9.035	0.
9.04	0.
9.045	0.
9.049999999999999	0.
9.055	0.
9.059999999999999	0.
9.065	0.
9.07	0.
9.075	0.
9.08	0.
9.084999999999999	0.
9.09	0.
9.094999999999999	0.
9.1	0.
9.105	0.
9.11	0.
9.115	0.
9.12	0.
9.125	0.
9.129999999999999	0.
9.135	0.
9.14	0.
9.145	0.
9.15	0.
9.155	0.
9.16	0.
9.165	0.
9.17	0.
9.174999999999999	0.
9.18	0.
9.184999999999999	0.
9.19	0.
9.195	0.
9.2	0.
9.205	0.
9.209999999999999	0.
9.215	0.
9.219999999999999	0.
9.225	0.
9.23	0.
9.235	0.
9.24	0.
9.245	0.
9.25	0.
9.254999999999999	0.
9.26	0.
9.265	0.
9.27	0.
9.275	0.
9.28	0.
9.285	0.
9.29	0.
9.295	0.
9.299999999999999	0.
9.305	0.
9.309999999999999	0.
9.315	0.
9.32	0.
9.325	0.
9.33	0.
9.334999999999999	0.
9.34	0.
9.344999999999999	0.
9.35	0.
9.355	0.
9.36	0.
9.365	0.
9.37	0.
9.375	0.
9.379999999999999	0.
9.385	0.
9.39	0.
9.395	0.
9.4	0.
9.405	0.
9.41	0.
9.415	0.
9.42	0.
9.424999999999999	0.
9.43	0.
9.434999999999999	0.
9.44	0.
9.445	0.
9.45	0.
9.455	0.
9.459999999999999	0.
9.465	0.
9.469999999999999	0.
9.475	0.
9.48	0.
9.485	0.
9.49	0.
9.495	0.
9.5	0.
9.504999999999999	0.
9.51	0.
9.515	0.
9.52	0.
9.525	0.
9.53	0.
9.535	0.
9.54	0.
9.545	0.
9.549999999999999	0.
9.555	0.
9.559999999999999	0.
9.565	0.
9.57	0.
9.575	0.
9.58	0.
9.584999999999999	0.
9.59	0.
9.594999999999999	0.
9.6	0.
9.605	0.
9.61	0.
9.615	0.
9.62	0.
9.625	0.
9.629999999999999	0.
9.635	0.
9.64	0.
9.645	0.
9.65	0.
9.655	0.
9.66	0.
9.665	0.
9.67	0.
9.674999999999999	0.
9.68	0.
9.684999999999999	0.
9.69	0.
9.695	0.
9.7	0.
9.705	0.
9.709999999999999	0.
9.715	0.
9.719999999999999	0.
9.725	0.
9.73	0.
9.735	0.
9.74	0.
9.745	0.
9.75	0.
9.754999999999999	0.
9.76	0.
9.765	0.
9.77	0.
9.774999999999999	0.
9.78	0.
9.785	0.
9.79	0.
9.795	0.
9.8	0.
9.805	0.
9.809999999999999	0.
9.815	0.
9.82	0.
9.825	0.
9.83	0.
9.834999999999999	0.
9.84	0.
9.844999999999999	0.
9.85	0.
9.855	0.
9.86	0.
9.865	0.
9.87	0.
9.875	0.
9.879999999999999	0.
9.885	0.
9.89	0.
9.895	0.
9.899999999999999	0.
9.905	0.
9.91	0.
9.915	0.
9.92	0.
9.925	0.
9.93	0.
9.934999999999999	0.
9.94	0.
9.945	0.
9.95	0.
9.955	0.
9.959999999999999	0.
9.965	0.
9.969999999999999	0.
9.975	0.
9.98	0.
9.985	0.
9.99	0.
9.995	0.
10.	0.
10.004999999999999	0.
10.01	0.
10.015	0.
10.02	0.
10.024999999999999	0.
10.03	0.
10.035	0.
10.04	0.
10.045	0.
10.05	0.
10.055	0.
10.059999999999999	0.
10.065	0.
10.07	0.
10.075	0.
10.08	0.
10.084999999999999	0.
10.09	0.
10.094999999999999	0.
10.1	0.
10.105	0.
10.11	0.
10.115	0.
10.12	0.
10.125	0.
10.129999999999999	0.
10.135	0.
10.14	0.
10.145	0.
10.149999999999999	0.
10.155	0.
10.16	0.
10.165	0.
10.17	0.
10.175	0.
10.18	0.
10.184999999999999	0.
10.19	0.
10.195	0.
10.2	0.
10.205	0.
10.209999999999999	0.
10.215	0.
10.219999999999999	0.
10.225	0.
10.23	0.
10.235	0.
10.24	0.
10.245000000000001	0.
10.250000000000002	0.
10.255	0.
10.260000000000002	0.
10.265	0.
10.270000000000001	0.
10.275	0.
10.280000000000001	0.
10.285	0.
10.290000000000001	0.
10.295000000000002	0.
10.3	0.
10.305000000000001	0.
10.31	0.
10.315000000000001	0.
10.32	0.
10.325000000000001	0.
10.330000000000002	0.
10.335	0.
10.340000000000002	0.
10.345	0.
10.350000000000001	0.
10.355	0.
10.360000000000001	0.
10.365	0.
10.370000000000001	0.
10.375000000000002	0.
10.38	0.
10.385000000000002	0.
10.39	0.
10.395000000000001	0.
10.4	0.
10.405000000000001	0.
10.41	0.
10.415000000000001	0.
10.420000000000002	0.
10.425	0.
10.430000000000001	0.
10.435	0.
10.440000000000001	0.
10.445	0.
10.450000000000001	0.
10.455000000000002	0.
10.46	0.
10.465000000000002	0.
10.47	0.
10.475000000000001	0.
10.48	0.
10.485000000000001	0.
10.49	0.
10.495000000000001	0.
10.500000000000002	0.
10.505	0.
10.510000000000002	0.
10.515	0.
10.520000000000001	0.
10.525	0.
10.530000000000001	0.
10.535	0.
10.540000000000001	0.
10.545000000000002	0.
10.55	0.
10.555000000000001	0.
10.56	0.
10.565000000000001	0.
10.57	0.
10.575000000000001	0.
10.580000000000002	0.
10.585	0.
10.590000000000002	0.
10.595	0.
10.600000000000001	0.
10.605	0.
10.610000000000001	0.
10.615	0.
10.620000000000001	0.
10.625000000000002	0.
10.63	0.
10.635000000000002	0.
10.64	0.
10.645000000000001	0.
10.65	0.
10.655000000000001	0.
10.66	0.
10.665000000000001	0.
10.670000000000002	0.
10.675	0.
10.680000000000001	0.
10.685	0.
10.690000000000001	0.
10.695	0.
10.700000000000001	0.
10.705000000000002	0.
10.71	0.
10.715000000000002	0.
10.72	0.
10.725000000000001	0.
10.73	0.
10.735000000000001	0.
10.74	0.
10.745000000000001	0.
10.750000000000002	0.
10.755	0.
10.760000000000002	0.
10.765	0.
10.770000000000001	0.
10.775	0.
10.780000000000001	0.
10.785	0.
10.790000000000001	0.
10.795000000000002	0.
10.8	0.
10.805000000000001	0.
10.81	0.
10.815000000000001	0.
10.82	0.
10.825000000000001	0.
10.830000000000002	0.
10.835	0.
10.840000000000002	0.
10.845	0.
10.850000000000001	0.
10.855	0.
10.860000000000001	0.
10.865	0.
10.870000000000001	0.
10.875000000000002	0.
10.88	0.
10.885000000000002	0.
10.89	0.
10.895000000000001	0.
10.9	0.
10.905000000000001	0.
10.91	0.
10.915000000000001	0.
10.920000000000002	0.
10.925	0.
10.930000000000001	0.
10.935	0.
10.940000000000001	0.
10.945	0.
10.950000000000001	0.
10.955000000000002	0.
10.96	0.
10.965000000000002	0.
10.97	0.
10.975000000000001	0.
10.98	0.
10.985000000000001	0.
10.99	0.
10.995000000000001	0.
11.000000000000002	0.
11.005	0.
11.010000000000002	0.
11.015	0.
11.020000000000001	0.
11.025	0.
11.030000000000001	0.
11.035	0.
11.040000000000001	0.
11.045000000000002	0.
11.05	0.
11.055000000000001	0.
11.06	0.
11.065000000000001	0.
11.07	0.
11.075000000000001	0.
11.080000000000002	0.
11.085	0.
11.090000000000002	0.
11.095	0.
11.100000000000001	0.
11.105	0.
11.110000000000001	0.
11.115	0.
11.120000000000001	0.
11.125000000000002	0.
11.13	0.
11.135000000000002	0.
11.14	0.
11.145000000000001	0.
11.15	0.
11.155000000000001	0.
11.16	0.
11.165000000000001	0.
11.170000000000002	0.
11.175	0.
11.180000000000001	0.
11.185	0.
11.190000000000001	0.
11.195	0.
11.200000000000001	0.
11.205000000000002	0.
11.21	0.
11.215000000000002	0.
11.22	0.
11.225000000000001	0.
11.23	0.
11.235000000000001	0.
11.24	0.
11.245000000000001	0.
11.250000000000002	0.
11.255	0.
11.260000000000002	0.
11.265	0.
11.270000000000001	0.
11.275	0.
11.280000000000001	0.
11.285	0.
11.290000000000001	0.
11.295000000000002	0.
11.3	0.
11.305000000000001	0.
11.31	0.
11.315000000000001	0.
11.32	0.
11.325000000000001	0.
11.330000000000002	0.
11.335	0.
11.340000000000002	0.
11.345	0.
11.350000000000001	0.
11.355	0.
11.360000000000001	0.
11.365000000000002	0.
11.370000000000001	0.
11.375000000000002	0.
11.38	0.
11.385000000000002	0.
11.39	0.
11.395000000000001	0.
11.4	0.
11.405000000000001	0.
11.41	0.
11.415000000000001	0.
11.420000000000002	0.
11.425	0.
11.430000000000001	0.
11.435	0.
11.440000000000001	0.
11.445	0.
11.450000000000001	0.
11.455000000000002	0.
11.46	0.
11.465000000000002	0.
11.47	0.
11.475000000000001	0.
11.48	0.
11.485000000000001	0.
11.490000000000002	0.
11.495000000000001	0.
11.500000000000002	0.
11.505	0.
11.510000000000002	0.
11.515	0.
11.520000000000001	0.
11.525	0.
11.530000000000001	0.
11.535	0.
11.540000000000001	0.
11.545000000000002	0.
11.55	0.
11.555000000000001	0.
11.56	0.
11.565000000000001	0.
11.57	0.
11.575000000000001	0.
11.580000000000002	0.
11.585	0.
11.590000000000002	0.
11.595	0.
11.600000000000001	0.
11.605	0.
11.610000000000001	0.
11.615000000000002	0.
11.620000000000001	0.
11.625000000000002	0.
11.63	0.
11.635000000000002	0.
11.64	0.
11.645000000000001	0.
11.65	0.
11.655000000000001	0.
11.66	0.
11.665000000000001	0.
11.670000000000002	0.
11.675	0.
11.680000000000001	0.
11.685	0.
11.690000000000001	0.
11.695	0.
11.700000000000001	0.
11.705000000000002	0.
11.71	0.
11.715000000000002	0.
11.72	0.
11.725000000000001	0.
11.73	0.
11.735000000000001	0.
11.740000000000002	0.
11.745000000000001	0.
11.750000000000002	0.
11.755	0.
11.760000000000002	0.
11.765	0.
11.770000000000001	0.
11.775	0.
11.780000000000001	0.
11.785	0.
11.790000000000001	0.
11.795000000000002	0.
11.8	0.
11.805000000000001	0.
11.81	0.
11.815000000000001	0.
11.82	0.
11.825000000000001	0.
11.830000000000002	0.
11.835	0.
11.840000000000002	0.
11.845	0.
11.850000000000001	0.
11.855	0.
11.860000000000001	0.
11.865000000000002	0.
11.870000000000001	0.
11.875000000000002	0.
11.88	0.
11.885000000000002	0.
11.89	0.
11.895000000000001	0.
11.9	0.
11.905000000000001	0.
11.91	0.
11.915000000000001	0.
11.920000000000002	0.
11.925	0.
11.930000000000001	0.
11.935	0.
11.940000000000001	0.
11.945	0.
11.950000000000001	0.
11.955000000000002	0.
11.96	0.
11.965000000000002	0.
11.97	0.
11.975000000000001	0.
11.98	0.
11.985000000000001	0.
11.990000000000002	0.
11.995000000000001	0.
12.000000000000002	0.
12.005	0.
12.010000000000002	0.
12.015	0.
12.020000000000001	0.
12.025	0.
12.030000000000001	0.
12.035	0.
12.040000000000001	0.
12.045000000000002	0.
12.05	0.
12.055000000000001	0.
12.06	0.
12.065000000000001	0.
12.07	0.
12.075000000000001	0.
12.080000000000002	0.
12.085	0.
12.090000000000002	0.
12.095	0.
12.100000000000001	0.
12.105	0.
12.110000000000001	0.
12.115000000000002	0.
12.120000000000001	0.
12.125000000000002	0.
12.13	0.
12.135000000000002	0.
12.14	0.
12.145000000000001	0.
12.15	0.
12.155000000000001	0.
12.16	0.
12.165000000000001	0.
12.170000000000002	0.
12.175	0.
12.180000000000001	0.
12.185	0.
12.190000000000001	0.
12.195	0.
12.200000000000001	0.
12.205000000000002	0.
12.21	0.
12.215000000000002	0.
12.22	0.
12.225000000000001	0.
12.23	0.
12.235000000000001	0.
12.240000000000002	0.
12.245000000000001	0.
12.25	0.
12.255	0.
12.260000000000002	0.
12.265	0.
12.270000000000001	0.
12.275000000000002	0.
12.280000000000001	0.
12.285	0.
12.290000000000001	0.
12.295000000000002	0.
12.3	0.
12.305000000000001	0.
12.31	0.
12.315000000000001	0.
12.32	0.
12.325000000000001	0.
12.330000000000002	0.
12.335	0.
12.340000000000002	0.
12.345	0.
12.350000000000001	0.
12.355	0.
12.360000000000001	0.
12.365000000000002	0.
12.370000000000001	0.
12.375	0.
12.38	0.
12.385000000000002	0.
12.39	0.
12.395000000000001	0.
12.400000000000002	0.
12.405000000000001	0.
12.41	0.
12.415000000000001	0.
12.420000000000002	0.
12.425	0.
12.430000000000001	0.
12.435	0.
12.440000000000001	0.
12.445	0.
12.450000000000001	0.
12.455000000000002	0.
12.46	0.
12.465000000000002	0.
12.47	0.
12.475000000000001	0.
12.48	0.
12.485000000000001	0.
12.490000000000002	0.
12.495000000000001	0.
12.5	0.
12.505	0.
12.510000000000002	0.
12.515	0.
12.520000000000001	0.
12.525000000000002	0.
12.530000000000001	0.
12.535	0.
12.540000000000001	0.
12.545000000000002	0.
12.55	0.
12.555000000000001	0.
12.56	0.
12.565000000000001	0.
12.57	0.
12.575000000000001	0.
12.580000000000002	0.
12.585	0.
12.590000000000002	0.
12.595	0.
12.600000000000001	0.
12.605	0.
12.610000000000001	0.
12.615000000000002	0.
12.620000000000001	0.
12.625	0.
12.63	0.
12.635000000000002	0.
12.64	0.
12.645000000000001	0.
12.650000000000002	0.
12.655000000000001	0.
12.66	0.
12.665000000000001	0.
12.670000000000002	0.
12.675	0.
12.680000000000001	0.
12.685	0.
12.690000000000001	0.
12.695	0.
12.700000000000001	0.
12.705000000000002	0.
12.71	0.
12.715000000000002	0.
12.72	0.
12.725000000000001	0.
12.73	0.
12.735000000000001	0.
12.740000000000002	0.
12.745000000000001	0.
12.75	0.
12.755	0.
12.760000000000002	0.
12.765	0.
12.770000000000001	0.
12.775000000000002	0.
12.780000000000001	0.
12.785	0.
12.790000000000001	0.
12.795000000000002	0.
12.8	0.
12.805000000000001	0.
12.810000000000002	0.
12.815000000000001	0.
12.820000000000002	0.
12.825000000000001	0.
12.830000000000002	0.
12.835	0.
12.840000000000002	0.
12.845	0.
12.850000000000001	0.
12.855000000000002	0.
12.860000000000001	0.
12.865000000000002	0.
12.870000000000001	0.
12.875000000000002	0.
12.88	0.
12.885000000000002	0.
12.890000000000002	0.
12.895000000000001	0.
12.900000000000002	0.
12.905000000000001	0.
12.910000000000002	0.
12.915000000000001	0.
12.920000000000002	0.
12.925	0.
12.930000000000001	0.
12.935000000000002	0.
12.940000000000001	0.
12.945000000000002	0.
12.950000000000001	0.
12.955000000000002	0.
12.96	0.
12.965000000000002	0.
12.97	0.
12.975000000000001	0.
12.980000000000002	0.
12.985000000000001	0.
12.990000000000002	0.
12.995000000000001	0.
13.000000000000002	0.
13.005	0.
13.010000000000002	0.
13.015000000000002	0.
13.020000000000001	0.
13.025000000000002	0.
13.030000000000001	0.
13.035000000000002	0.
13.040000000000001	0.
13.045000000000002	0.
13.05	0.
13.055000000000001	0.
13.060000000000002	0.
13.065000000000001	0.
13.070000000000002	0.
13.075000000000001	0.
13.080000000000002	0.
13.085	0.
13.090000000000002	0.
13.095	0.
13.100000000000001	0.
13.105000000000002	0.
13.110000000000001	0.
13.115000000000002	0.
13.120000000000001	0.
13.125000000000002	0.
13.13	0.
13.135000000000002	0.
13.140000000000002	0.
13.145000000000001	0.
13.150000000000002	0.
13.155000000000001	0.
13.160000000000002	0.
13.165000000000001	0.
13.170000000000002	0.
13.175	0.
13.180000000000001	0.
13.185000000000002	0.
13.190000000000001	0.
13.195000000000002	0.
13.200000000000001	0.
13.205000000000002	0.
13.21	0.
13.215000000000002	0.
13.220000000000002	0.
13.225000000000001	0.
13.230000000000002	0.
13.235000000000001	0.
13.240000000000002	0.
13.245000000000001	0.
13.250000000000002	0.
13.255	0.
13.260000000000002	0.
13.265000000000002	0.
13.270000000000001	0.
13.275000000000002	0.
13.280000000000001	0.
13.285000000000002	0.
13.290000000000001	0.
13.295000000000002	0.
13.3	0.
13.305000000000001	0.
13.310000000000002	0.
13.315000000000001	0.
13.320000000000002	0.
13.325000000000001	0.
13.330000000000002	0.
13.335	0.
13.340000000000002	0.
13.345000000000002	0.
13.350000000000001	0.
13.355000000000002	0.
13.360000000000001	0.
13.365000000000002	0.
13.370000000000001	0.
13.375000000000002	0.
13.38	0.
13.385000000000002	0.
13.39	0.
13.395000000000001	0.
13.400000000000002	0.
13.405000000000001	0.
13.410000000000002	0.
13.415000000000001	0.
13.420000000000002	0.
13.425	0.
13.430000000000001	0.
13.435000000000002	0.
13.440000000000001	0.
13.445000000000002	0.
13.450000000000001	0.
13.455000000000002	0.
13.46	0.
13.465000000000002	0.
13.470000000000002	0.
13.475000000000001	0.
13.480000000000002	0.
13.485000000000001	0.
13.490000000000002	0.
13.495000000000001	0.
13.500000000000002	0.
13.505	0.
13.510000000000002	0.
13.515	0.
13.520000000000001	0.
13.525000000000002	0.
13.530000000000001	0.
13.535000000000002	0.
13.540000000000001	0.
13.545000000000002	0.
13.55	0.
13.555000000000001	0.
13.560000000000002	0.
13.565000000000001	0.
13.570000000000002	0.
13.575000000000001	0.
13.580000000000002	0.
13.585	0.
13.590000000000002	0.
13.595000000000002	0.
13.600000000000001	0.
13.605000000000002	0.
13.610000000000001	0.
13.615000000000002	0.
13.620000000000001	0.
13.625000000000002	0.
13.63	0.
13.635000000000002	0.
13.64	0.
13.645000000000001	0.
13.650000000000002	0.
13.655000000000001	0.
13.660000000000002	0.
13.665000000000001	0.
13.670000000000002	0.
13.675	0.
13.680000000000001	0.
13.685000000000002	0.
13.690000000000001	0.
13.695000000000002	0.
13.700000000000001	0.
13.705000000000002	0.
13.71	0.
13.715000000000002	0.
13.720000000000002	0.
13.725000000000001	0.
13.730000000000002	0.
13.735000000000001	0.
13.740000000000002	0.
13.745000000000001	0.
13.750000000000002	0.
13.755	0.
13.760000000000002	0.
13.765	0.
13.770000000000001	0.
13.775000000000002	0.
13.780000000000001	0.
13.785000000000002	0.
13.790000000000001	0.
13.795000000000002	0.
13.8	0.
13.805000000000001	0.
13.810000000000002	0.
13.815000000000001	0.
13.820000000000002	0.
13.825000000000001	0.
13.830000000000002	0.
13.835	0.
13.840000000000002	0.
13.845000000000002	0.
13.850000000000001	0.
13.855000000000002	0.
13.860000000000001	0.
13.865000000000002	0.
13.870000000000001	0.
13.875000000000002	0.
13.88	0.
13.885000000000002	0.
13.89	0.
13.895000000000001	0.
13.900000000000002	0.
13.905000000000001	0.
13.910000000000002	0.
13.915000000000001	0.
13.920000000000002	0.
13.925	0.
13.930000000000001	0.
13.935000000000002	0.
13.940000000000001	0.
13.945000000000002	0.
13.950000000000001	0.
13.955000000000002	0.
13.96	0.
13.965000000000002	0.
13.970000000000002	0.
13.975000000000001	0.
13.980000000000002	0.
13.985000000000001	0.
13.990000000000002	0.
13.995000000000001	0.
14.	0.