0.005	0.
0.01	0.
0.015	0.
0.02	0.
0.025	0.
0.030000000000000002	0.
0.034999999999999996	0.
0.04	0.
0.045	0.
0.049999999999999996	0.
0.055	0.
0.06	0.
0.065	0.
0.07	0.
0.07500000000000001	0.
0.08	0.
0.085	0.
0.09000000000000001	0.
0.095	0.
0.1	0.
0.10500000000000001	0.
0.11	0.
0.115	0.
0.12000000000000001	0.
0.125	0.
0.13	0.
0.135	0.
0.14	0.
0.14500000000000002	0.023775944044537627
0.15	0.09849740431146956
0.155	0.13282911082289983
0.16	0.15670936148336814
0.165	0.17488511930998923
0.17	0.1893223860068968
0.17500000000000002	0.20107899183917613
0.18000000000000002	0.21080737704955205
0.185	0.21894543313166392
0.19	0.2258044051707309
0.195	0.23161485931075718
0.2	0.23655299688774342
0.20500000000000002	0.240756776660976
0.21000000000000002	0.2443363288875028
0.215	0.24738097263233866
0.22	0.24996411020284787
0.225	0.25214674009330496
0.23	0.25398003990459933
0.23500000000000001	0.25550730487615725
0.24000000000000002	0.2567654287609243
0.245	0.2577860526192397
0.25	0.25859646809184383
0.255	0.25922033612822976
0.26	0.25967826495799634
0.265	0.25998827929273643
0.27	0.26016620448704697
0.275	0.2602259835054779
0.28	0.2601799402870669
0.28500000000000003	0.26003899997653424
0.29000000000000004	0.2598128741698407
0.295	0.2595102175754003
0.3	0.2591387611640622
0.305	0.2587054258606398
0.31	0.25821642003867573
0.315	0.25767732346148325
0.32	0.25709315982487135
0.325	0.2564684596697436
0.33	0.25580731512313204
0.335	0.2551134276770961
0.34	0.25439015001318616
0.34500000000000003	0.2536405227159571
0.35000000000000003	0.25286730658457673
0.35500000000000004	0.25207301114101505
0.36	0.2512599198418855
0.365	0.25043011242515123
0.37	0.2495854847596304
0.375	0.24872776651230663
0.38	0.24785853690393836
0.385	0.24697923878594838
0.39	0.24609119123983633
0.395	0.24519560087339476
0.4	0.24429357196504506
0.405	0.2433861155880329
0.41000000000000003	0.24247415782940115
0.41500000000000004	0.24155854720423925
0.42000000000000004	0.2406400613532918
0.425	0.23971941310128594
0.43	0.23879725594401754
0.435	0.237874189024242
0.44	0.2369507616493596
0.445	0.236027477397825
0.45	0.23510479785583846
0.455	0.23418314602127654
0.46	0.23326290940768485
0.465	0.23234444287757555
0.47000000000000003	0.23142807123114978
0.47500000000000003	0.23051409157375188
0.48000000000000004	0.2296027754828992
0.485	0.22869437099360793
0.49	0.22778910441874706
0.495	0.22688718201951527
0.5	0.22598879153955798
0.505	0.22509410361494228
0.51	0.22420327307097063
0.515	0.22331644011577395
0.52	0.22243373143965073
0.525	0.22155526122825367
0.53	0.22068113209698084
0.535	0.21981143595324631
0.54	0.2189462547926391
0.545	0.2180856614344805
0.55	0.21722972020178655
0.555	0.21637848755013322
0.56	0.21553201264961055
0.5650000000000001	0.21469033792358175
0.5700000000000001	0.21385349954775457
0.5750000000000001	0.21302152791262796
0.5800000000000001	0.21219444805225618
0.585	0.21137228004191713
0.59	0.2105550393670858
0.595	0.20974273726593926
0.6	0.20893538104739307
0.605	0.20813297438651673
0.61	0.20733551759905772
0.615	0.20654300789658733
0.62	0.20575543962375392
0.625	0.20497280447892394
0.63	0.2041950917194562
0.635	0.20342228835270862
0.64	0.2026543793138162
0.645	0.20189134763119246
0.65	0.2011331745806413
0.655	0.20037983982885776
0.66	0.19963132156711705
0.665	0.19888759663579733
0.67	0.19814864064039475
0.675	0.19741442805964907
0.68	0.19668493234624207
0.685	0.19596012602072774
0.6900000000000001	0.1952399807589753
0.6950000000000001	0.19452446747375327
0.7000000000000001	0.19381355639067185
0.7050000000000001	0.19310721711904463
0.71	0.19240541871784564
0.715	0.19170812975725238
0.72	0.19101531837589142
0.725	0.19032695233424743
0.73	0.18964299906437723
0.735	0.18896342571620112
0.74	0.1882881992006492
0.745	0.18761728622972854
0.75	0.18695065335391958
0.755	0.18628826699690826
0.76	0.18563009348785883
0.765	0.18497609909146082
0.77	0.18432625003584235
0.775	0.18368051253843
0.78	0.18303885283005666
0.785	0.1824012371772272
0.79	0.18176763190275821
0.795	0.18113800340499886
0.8	0.18051231817547225
0.805	0.17989054281531744
0.81	0.17927264405030657
0.8150000000000001	0.17865858874501714
0.8200000000000001	0.1780483439154645
0.8250000000000001	0.17744187656154015
0.8300000000000001	0.17683915457510851
0.8350000000000001	0.17624014495657372
0.84	0.17564481561542597
0.845	0.1750531344851572
0.85	0.174465069707863
0.855	0.17388058964188932
0.86	0.17329966286814683
0.865	0.17272225819570403
0.87	0.17214834466677154
0.875	0.17157789156154318
0.88	0.17101086840191632
0.885	0.17044724495532979
0.89	0.16988699123797824
0.895	0.16933007751739185
0.9	0.16877647431501033
0.905	0.168226152408137
0.91	0.1676790828316468
0.915	0.16713523687940074
0.92	0.1665945861054026
0.925	0.16605710232458865
0.93	0.1655227576134417
0.935	0.16499152431035308
0.9400000000000001	0.16446337501580205
0.9450000000000001	0.16393828259224444
0.9500000000000001	0.16341622016390317
0.9550000000000001	0.16289716111636077
0.9600000000000001	0.16238107909596355
0.965	0.16186794800907583
0.97	0.16135774202123368
0.975	0.16085043555613954
0.98	0.16034600329456403
0.985	0.1598444201730699
0.99	0.15934566138269077
0.995	0.15884970236761115
1.	0.158356518823471
1.005	0.15786608669593805
1.01	0.1573783821789546
1.015	0.15689338171306183
1.02	0.1564110619835907
1.025	0.15593139991878877
1.0299999999999998	0.15545437268798448
1.035	0.15497995769961898
1.0399999999999998	0.15450813259926444
1.045	0.15403887526761445
1.0499999999999998	0.15357216381845593
1.055	0.15310797659658104
1.0599999999999998	0.1526462921756675
1.065	0.15218708935619957
1.0699999999999998	0.15173034716330655
1.075	0.1512760448446067
1.0799999999999998	0.15082416186803788
1.085	0.15037467791969897
1.0899999999999999	0.14992757290166095
1.095	0.1494828269297346
1.0999999999999999	0.14904042033134643
1.105	0.1486003336432841
1.1099999999999999	0.14816254760952788
1.115	0.14772704317904167
1.1199999999999999	0.14729380150359098
1.125	0.14686280393556558
1.13	0.1464340320257592
1.135	0.14600746752126184
1.14	0.1455830923632122
1.145	0.14516088868472046
1.15	0.14474083880866537
1.155	0.1443229252456086
1.16	0.14390713069160674
1.1649999999999998	0.1434934380261883
1.17	0.14308183031018823
1.1749999999999998	0.1426722907836911
1.18	0.14226480286399332
1.1849999999999998	0.14185935014349446
1.19	0.14145591638771524
1.1949999999999998	0.14105448553326078
1.2	0.1406550416858206
1.2049999999999998	0.14025756911818374
1.21	0.1398620522682766
1.2149999999999999	0.13946847573721116
1.22	0.1390768242873559
1.2249999999999999	0.13868708284043732
1.23	0.13829923647563191
1.2349999999999999	0.1379132704276963
1.24	0.13752917008510698
1.2449999999999999	0.1371469209882539
1.25	0.13676650882757488
1.255	0.13638791944180498
1.26	0.13601113881616306
1.265	0.13563615308062507
1.27	0.1352629485081548
1.275	0.13489151151299855
1.28	0.13452182864899098
1.285	0.13415388660785935
1.2899999999999998	0.1337876722175653
1.295	0.13342317244066837
1.2999999999999998	0.13306037437269636
1.305	0.1326992652405493
1.3099999999999998	0.1323398324008805
1.315	0.13198206333860116
1.3199999999999998	0.13162594566524807
1.325	0.13127146711750967
1.3299999999999998	0.1309186155556938
1.335	0.13056737896224482
1.3399999999999999	0.1302177454402698
1.345	0.12986970321206445
1.3499999999999999	0.12952324061770856
1.355	0.12917834611361184
1.3599999999999999	0.1288350082711331
1.365	0.1284932157751912
1.3699999999999999	0.12815295742289373
1.375	0.12781422212219587
1.38	0.1274769988905601
1.385	0.1271412768536416
1.39	0.12680704524399405
1.395	0.12647429339978827
1.4	0.1261430107635296
1.405	0.12581318688083906
1.41	0.12548481139918682
1.4149999999999998	0.12515787406670828
1.42	0.12483236473097076
1.4249999999999998	0.12450827333781037
1.43	0.12418558993014615
1.4349999999999998	0.12386430464684217
1.44	0.12354440772154798
1.4449999999999998	0.12322588948158829
1.45	0.12290874034684039
1.4549999999999998	0.12259295082865014
1.46	0.12227851152873591
1.4649999999999999	0.12196541313814452
1.47	0.12165364643616433
1.4749999999999999	0.12134320228931592
1.48	0.12103407165030673
1.4849999999999999	0.12072624555703546
1.49	0.12041971513156458
1.4949999999999999	0.12011447157917475
1.5	0.11981050618735066
1.505	0.11950781032485182
1.51	0.11920637544075194
1.515	0.11890619306350038
1.52	0.11860725479999672
1.525	0.11830955233470543
1.53	0.11801307742872522
1.535	0.11771782191891868
1.54	0.11742377771703291
1.545	0.117130936808844
1.5499999999999998	0.11683929125328969
1.555	0.11654883318164365
1.5599999999999998	0.11625955479667537
1.565	0.11597144837183325
1.5699999999999998	0.11568450625044219
1.575	0.11539872084489747
1.5799999999999998	0.1151140846358784
1.585	0.11483059017159063
1.5899999999999999	0.11454823006696366
1.595	0.11426699700292833
1.5999999999999999	0.11398688372564601
1.605	0.11370788304578927
1.6099999999999999	0.11342998783780835
1.615	0.11315319103920564
1.6199999999999999	0.11287748564984276
1.625	0.1126028647312219
1.63	0.11232932140581776
1.635	0.1120568488563782
1.64	0.11178544032526375
1.645	0.11151508911378538
1.65	0.11124578858153007
1.655	0.11097753214574285
1.66	0.11071031328066934
1.665	0.1104441255169331
1.67	0.1101789624409125
1.6749999999999998	0.10991481769413176
1.68	0.10965168497264857
1.6849999999999998	0.10938955802645793
1.69	0.10912843065890912
1.6949999999999998	0.10886829672611248
1.7	0.10860915013637423
1.7049999999999998	0.10835098484962732
1.71	0.10809379487686173
1.7149999999999999	0.10783757427958611
1.72	0.10758231716926793
1.7249999999999999	0.10732801770680436
1.73	0.10707467010198762
1.7349999999999999	0.10682226861297503
1.74	0.10657080754577711
1.7449999999999999	0.10632028125374343
1.75	0.10607068413704976
1.755	0.10582201064221286
1.76	0.1055742552615866
1.765	0.10532741253287743
1.77	0.10508147703866753
1.775	0.1048364434059353
1.78	0.1045923063055958
1.785	0.104349060452024
1.79	0.10410670060260714
1.795	0.10386522155730243
1.7999999999999998	0.10362461815816597
1.805	0.10338488528894786
1.8099999999999998	0.10314601787462019
1.815	0.10290801088097497
1.8199999999999998	0.10267085931419669
1.825	0.10243455822042977
1.8299999999999998	0.10219910268538313
1.835	0.10196448783390828
1.8399999999999999	0.1017307088296085
1.845	0.10149776087442643
1.8499999999999999	0.10126563920826484
1.855	0.10103433910859065
1.8599999999999999	0.10080385589005293
1.865	0.10057418490410092
1.8699999999999999	0.10034532153862186
1.875	0.10011726121755138
1.88	0.09988999940052844
1.885	0.09966353158252088
1.89	0.09943785329347611
1.895	0.09921296009796544
1.9	0.09898884759484117
1.905	0.09876551141688215
1.91	0.09854294723047279
1.915	0.09832115073524889
1.92	0.09810011766377653
1.9249999999999998	0.09787984378122468
1.93	0.09766032488504058
1.9349999999999998	0.09744155680462364
1.94	0.09722353540102331
1.9449999999999998	0.09700625656661506
1.95	0.09678971622480043
1.9549999999999998	0.09657391032969546
1.96	0.09635883486583256
1.9649999999999999	0.09614448584787151
1.97	0.09593085932028791
1.9749999999999999	0.0957179513570995
1.98	0.09550575806157127
1.9849999999999999	0.09529427556593453
1.99	0.0950835000311011
1.9949999999999999	0.09487342764639564
2.	0.09466405462927535
2.005	0.09445537722505912
2.01	0.09424739170666949
2.015	0.09404009437435168
2.02	0.09383348155542769
2.025	0.0936275496040333
2.03	0.09342229490085753
2.035	0.09321771385290135
2.04	0.0930138028932176
2.045	0.09281055848066645
2.05	0.09260797709968377
2.0549999999999997	0.09240605526002069
2.06	0.09220478949652455
2.065	0.09200417636888815
2.07	0.09180421246143099
2.0749999999999997	0.09160489438285402
2.08	0.09140621876602749
2.085	0.0912081822677564
2.09	0.09101078156856182
2.0949999999999998	0.09081401337245906
2.1	0.09061787440674175
2.105	0.09042236142177372
2.11	0.09022747119075834
2.1149999999999998	0.09003320050955199
2.12	0.08983954619643605
2.125	0.0896465050919257
2.13	0.08945407405856069
2.135	0.08926224998070023
2.14	0.08907102976433814
2.145	0.08888041033689538
2.15	0.0886903886470205
2.155	0.08850096166441812
2.16	0.08831212637963907
2.165	0.08812387980390145
2.17	0.08793621896890574
2.175	0.08774914092664732
2.18	0.08756264274923706
2.185	0.08737672152872167
2.19	0.08719137437690383
2.195	0.0870065984251727
2.1999999999999997	0.08682239082431975
2.205	0.08663874874437588
2.21	0.08645566937443755
2.215	0.08627314992249847
2.2199999999999998	0.08609118761528572
2.225	0.08590977969808934
2.23	0.08572892343460649
2.235	0.085548616106776
2.2399999999999998	0.08536885501461812
2.245	0.08518963747608058
2.25	0.08501096082688255
2.255	0.08483282242035467
2.26	0.08465521962729315
2.265	0.08447814983580249
2.27	0.08430161045115434
2.275	0.08412559889562715
2.28	0.08395011260837416
2.285	0.08377514904526807
2.29	0.083600705678763
2.295	0.08342677999774743
2.3	0.08325336950741143
2.305	0.0830804717291048
2.31	0.08290808420019333
2.315	0.08273620447393434
2.32	0.08256483011933351
2.3249999999999997	0.08239395872101395
2.33	0.08222358787908665
2.335	0.08205371520901794
2.34	0.08188433834149982
2.3449999999999998	0.08171545492232653
2.35	0.0815470626122625
2.355	0.08137915908692031
2.36	0.08121174203663754
2.3649999999999998	0.08104480916635205
2.37	0.08087835819548145
2.375	0.08071238685780745
2.38	0.08054689290134869
2.385	0.08038187408824639
2.39	0.08021732819465453
2.395	0.08005325301061636
2.4	0.07988964633995292
2.405	0.0797265060001475
2.41	0.0795638298222429
2.415	0.07940161565072047
2.42	0.07923986134339293
2.425	0.07907856477130366
2.43	0.07891772381860732
2.435	0.07875733638247229
2.44	0.07859740037297082
2.445	0.07843791371298074
2.4499999999999997	0.07827887433807272
2.455	0.07812028019641853
2.46	0.07796212924868047
2.465	0.07780441946791916
2.4699999999999998	0.07764714883949042
2.475	0.07749031536094474
2.48	0.07733391704193814
2.485	0.07717795190412548
2.4899999999999998	0.07702241798107405
2.495	0.07686731331816253
2.5	0.07671263597249309
2.505	0.07655838401279613
2.51	0.07640455551933661
2.515	0.07625114858382608
2.52	0.07609816130933353
2.525	0.07594559181019364
2.53	0.07579343821191899
2.535	0.0756416986511159
2.54	0.07549037127539392
2.545	0.07533945424328158
2.55	0.07518894572414381
2.555	0.0750388438980931
2.56	0.07488914695591134
2.565	0.07473985309896286
2.57	0.07459096053911775
2.5749999999999997	0.07444246749866645
2.58	0.07429437221024186
2.585	0.07414667291673836
2.59	0.07399936787123645
2.5949999999999998	0.0738524553369203
2.6	0.0737059335870046
2.605	0.07355980090465647
2.61	0.07341405558291904
2.6149999999999998	0.07326869592463793
2.62	0.07312372024238453
2.625	0.07297912685838759
2.63	0.07283491410445221
2.635	0.07269108032189497
2.64	0.07254762386146962
2.645	0.072404543083294
2.65	0.07226183635678367
2.655	0.07211950206057811
2.66	0.07197753858247713
2.665	0.07183594431936655
2.67	0.07169471767715313
2.675	0.0715538570706991
2.68	0.07141336092375451
2.685	0.07127322766888852
2.69	0.07113345574742734
2.695	0.07099404360939017
2.7	0.07085498971342152
2.705	0.07071629252672927
2.71	0.07057795052502483
2.715	0.07043996219245528
2.7199999999999998	0.0703023260215455
2.725	0.07016504051313387
2.73	0.07002810417631557
2.735	0.06989151552837869
2.7399999999999998	0.06975527309474557
2.745	0.06961937540891404
2.75	0.0694838210123989
2.755	0.0693486084546737
2.76	0.06921373629311246
2.765	0.0690792030929341
2.77	0.06894500742714352
2.775	0.06881114787647809
2.78	0.06867762302935043
2.785	0.0685444314817944
2.79	0.06841157183740847
2.795	0.06827904270730396
2.8	0.06814684271005024
2.8049999999999997	0.06801497047162103
2.81	0.06788342462534379
2.815	0.06775220381184374
2.82	0.06762130667899563
2.825	0.0674907318818709
2.83	0.06736047808268615
2.835	0.06723054395075323
2.84	0.06710092816243036
2.8449999999999998	0.06697162940106975
2.85	0.06684264635697015
2.855	0.06671397772732911
2.86	0.06658562221619199
2.8649999999999998	0.06645757853440576
2.87	0.06632984539957111
2.875	0.06620242153599502
2.88	0.066075305674644
2.885	0.06594849655309876
2.89	0.06582199291550589
2.895	0.0656957935125348
2.9	0.06556989710133108
2.905	0.06544430244547197
2.91	0.06531900831492267
2.915	0.06519401348599013
2.92	0.06506931674128165
2.925	0.06494491686966165
2.9299999999999997	0.06482081266620567
2.935	0.06469700293216091
2.94	0.06457348647490245
2.945	0.06445026210789213
2.95	0.06432732865063566
2.955	0.06420468492864341
2.96	0.06408232977338665
2.965	0.06396026202226038
2.9699999999999998	0.0638384805185399
2.975	0.06371698411134286
2.98	0.06359577165559001
2.985	0.06347484201196325
2.9899999999999998	0.06335419404687037
2.995	0.06323382663240353
3.	0.06311373864630225
3.005	0.06299392897191501
3.01	0.062874396498162
3.015	0.06275514011949718
3.02	0.06263615873587139
3.025	0.06251745125269567
3.03	0.06239901658080475
3.035	0.06228085363642075
3.04	0.06216296134111718
3.045	0.06204533862178331
3.05	0.06192798441058901
3.0549999999999997	0.06181089764494946
3.06	0.06169407726749102
3.065	0.0615775222260152
3.07	0.061461231473465924
3.075	0.061345203967894925
3.08	0.06122943867242831
3.085	0.061113934555232736
3.09	0.06099869058948196
3.0949999999999998	0.06088370575332513
3.1	0.060768979029852434
3.105	0.06065450940706458
3.11	0.06054029587783851
3.115	0.060426337439897906
3.12	0.06031263309577917
3.125	0.06019918185280106
3.13	0.060085982723034476
3.135	0.05997303472326962
3.14	0.059860336874986604
3.145	0.05974788820432441
3.15	0.05963568774205071
3.155	0.059523734523532684
3.16	0.0594120275887057
3.165	0.05930056598204529
3.17	0.059189348752536966
3.175	0.0590783749536471
3.1799999999999997	0.05896764364329408
3.185	0.05885715388382022
3.19	0.05874690474196296
3.195	0.05863689528882633
3.2	0.058527124599853125
3.205	0.0584175917547975
3.21	0.058308295837696526
3.215	0.05819923593684356
3.2199999999999998	0.05809041114476077
3.225	0.05798182055817222
3.23	0.057873463277975996
3.235	0.057765338409220685
3.24	0.05765744506107483
3.245	0.05754978234680403
3.25	0.057442349383743256
3.255	0.05733514529327104
3.26	0.057228169200785384
3.265	0.05712142023567618
3.27	0.05701489753130137
3.275	0.05690860022496179
3.28	0.0568025274578753
3.285	0.056696678375152944
3.29	0.05659105212577485
3.295	0.056485647862564825
3.3	0.05638046474216612
3.3049999999999997	0.05627550192501866
3.31	0.05617075857533384
3.315	0.05606623386107221
3.32	0.05596192695391823
3.325	0.05585783702925899
3.33	0.055753963266159716
3.335	0.05565030484734074
3.34	0.05554686095915528
3.3449999999999998	0.055443630791566306
3.35	0.05534061353812494
3.355	0.055237808395946546
3.36	0.05513521456568948
3.365	0.055032831251533854
3.37	0.05493065766115774
3.375	0.05482869300571694
3.38	0.054726936499823436
3.385	0.054625387361521935
3.39	0.05452404481227171
3.395	0.054422908076923
3.4	0.05432197638369778
3.405	0.054221248964166996
3.41	0.05412072505323144
3.415	0.054020403889100385
3.42	0.053920284713271996
3.425	0.05382036677051213
3.4299999999999997	0.053720649308834696
3.435	0.05362113157948142
3.44	0.053521812836902445
3.445	0.05342269233873561
3.45	0.05332376934578808
3.455	0.053225043122017174
3.46	0.053126512934507805
3.465	0.05302817805345774
3.4699999999999998	0.05293003775215556
3.475	0.052832091306963466
3.48	0.05273433799729629
3.485	0.05263677710560463
3.49	0.05253940791735632
3.495	0.05244222972101696
3.5	0.052345241808031566
3.505	0.05224844347280794
3.51	0.052151834012696664
3.515	0.05205541272797448
3.52	0.051959178921825305
3.525	0.051863131900323794
3.53	0.051767270972416415
3.535	0.05167159544990583
3.54	0.05157610464743009
3.545	0.05148079788244981
3.55	0.0513856744752277
3.5549999999999997	0.051290733748812094
3.56	0.05119597502902105
3.565	0.05110139764442579
3.5700000000000003	0.05100700092633117
3.575	0.050912784208762656
3.58	0.05081874682844714
3.585	0.05072488812479794
3.59	0.050631207439898226
3.5949999999999998	0.05053770411848431
3.5999999999999996	0.05044437750793063
3.605	0.05035122695823188
3.61	0.05025825182198901
3.615	0.05016545145439328
3.62	0.05007282521320819
3.625	0.049980372458757485
3.63	0.049888092553907255
3.635	0.04979598486404979
3.6399999999999997	0.049704048757091404
3.645	0.04961228360343456
3.65	0.04952068877596288
3.6550000000000002	0.04942926365002714
3.66	0.04933800760343077
3.665	0.0492469200164133
3.67	0.04915600027163718
3.675	0.04906524775417049
3.6799999999999997	0.04897466185147617
3.685	0.04888424195339503
3.69	0.04879398745213178
3.6950000000000003	0.048703897742239995
3.7	0.0486139722206107
3.705	0.048524210286453574
3.71	0.0484346113412872
3.715	0.04834517478892321
3.7199999999999998	0.048255900035451584
3.7249999999999996	0.048166786489228786
3.73	0.04807783356086175
3.735	0.04798904066319698
3.74	0.047900407211304306
3.745	0.047811932622464325
3.75	0.047723616316155036
3.755	0.0476354577140397
3.76	0.04754745623995096
3.7649999999999997	0.047459611319880406
3.77	0.04737192238196218
3.775	0.04728438885646461
3.7800000000000002	0.04719701017577074
3.785	0.04710978577437235
3.79	0.04702271508885267
3.795	0.046935797557875227
3.8	0.046849032622169245
3.8049999999999997	0.04676241972452064
3.81	0.04667595830975529
3.815	0.04658964782473138
3.8200000000000003	0.04650348771832007
3.825	0.04641747744140124
3.83	0.04633161644684457
3.835	0.046245904189500996
3.84	0.04616034012619022
3.8449999999999998	0.04607492371568642
3.8499999999999996	0.04598965441870788
3.855	0.04590453169790679
3.86	0.04581955501785283
3.865	0.045734723845025596
3.87	0.04565003764779948
3.875	0.045565495896436846
3.88	0.045481098063069825
3.885	0.04539684362169251
3.8899999999999997	0.04531273204815104
3.895	0.045228762820128506
3.9	0.045144935417134734
3.9050000000000002	0.04506124932049654
3.91	0.044977704013342515
3.915	0.044894298980599726
3.92	0.04481103370897092
3.925	0.04472790768693286
3.9299999999999997	0.04464492040472372
3.935	0.04456207135432649
3.94	0.04447936002946497
3.9450000000000003	0.044396785925588135
3.95	0.04431434853986244
3.955	0.04423204737115735
3.96	0.04414988192003952
3.965	0.04406785168875704
3.9699999999999998	0.04398595618123159
3.9749999999999996	0.04390419490304875
3.98	0.04382256736144411
3.985	0.04374107306529536
3.99	0.0436597115251115
3.995	0.043578482253021134
4.	0.04349738476276439
4.005	0.04341641856967984
4.01	0.04333558319069624
4.015	0.04325487814432232
4.02	0.043174302950634284
4.025	0.04309385713126865
4.03	0.04301354020941198
4.035	0.042933351709786384
4.04	0.04285329115864699
4.045	0.04277335808376392
4.05	0.042693552014418545
4.055	0.04261387248139174
4.0600000000000005	0.04253431901695324
4.0649999999999995	0.042454891154850356
4.07	0.04237558843030435
4.075	0.042296410379992044
4.08	0.04221735654204327
4.085	0.04213842645602917
4.09	0.04205961966294989
4.095	0.0419809357052279
4.1	0.041902374126699865
4.105	0.041823934472602804
4.109999999999999	0.04174561628956611
4.115	0.04166741912560685
4.12	0.04158934253011251
4.125	0.04151138605383828
4.13	0.04143354924889338
4.135	0.041355831668734064
4.14	0.04127823286815615
4.145	0.04120075240327972
4.15	0.04112338983154656
4.155	0.041046144711706596
4.16	0.04096901660381261
4.165	0.04089200506920784
4.17	0.04081510967051631
4.175	0.04073832997163783
4.18	0.04066166553773892
4.1850000000000005	0.04058511593523768
4.1899999999999995	0.04050868073180022
4.195	0.040432359496332004
4.2	0.04035615179896758
4.205	0.04028005721105713
4.21	0.04020407530516942
4.215	0.04012820565507262
4.22	0.04005244783572608
4.225	0.03997680142328101
4.23	0.03990126599505649
4.234999999999999	0.03982584112954792
4.24	0.03975052640640376
4.245	0.03967532140642461
4.25	0.039600225711558114
4.255	0.039525238904878225
4.26	0.039450360570585784
4.265	0.039375590294001825
4.27	0.03930092766155095
4.275	0.03922637226075767
4.28	0.03915192368024178
4.285	0.039077581509698804
4.29	0.03900334533990477
4.295	0.03892921476269575
4.3	0.0388551893709719
4.305	0.0387812687586752
4.3100000000000005	0.03870745252079308
4.3149999999999995	0.038633740253343964
4.32	0.03856013155337075
4.325	0.038486626018930575
4.33	0.03841322324909012
4.335	0.03833992284391464
4.34	0.03826672440446091
4.345	0.03819362753276633
4.35	0.03812063183184607
4.355	0.038047736905680765
4.359999999999999	0.037974942359207634
4.365	0.03790224779831777
4.37	0.03782965282983906
4.375	0.037757157061538274
4.38	0.03768476010210624
4.385	0.03761246156114987
4.39	0.0375402610491889
4.395	0.03746815817764044
4.4	0.037396152558819354
4.405	0.03732424380592435
4.41	0.03725243153302995
4.415	0.03718071535508241
4.42	0.03710909488788747
4.425	0.03703756974810555
4.43	0.036966139553242815
4.4350000000000005	0.03689480392163949
4.4399999999999995	0.036823562472469436
4.445	0.03675241482572544
4.45	0.03668136060221341
4.455	0.03661039942354538
4.46	0.0365395309121319
4.465	0.03646875469117206
4.47	0.03639807038464431
4.475	0.0363274776173042
4.48	0.0362569760146728
4.484999999999999	0.03618656520302442
4.49	0.03611624480938767
4.495	0.03604601446153138
4.5	0.035975873787958745
4.505	0.035905822417897665
4.51	0.03583585998129518
4.515	0.03576598610880845
4.52	0.035696200431794715
4.525	0.03562650258230938
4.53	0.035556892193090814
4.535	0.03548736889755373
4.54	0.035417932329790756
4.545	0.035348582124548986
4.55	0.03527931791723393
4.555	0.035210139343896746
4.5600000000000005	0.035141046041227746
4.5649999999999995	0.035072037646547524
4.57	0.03500311379779853
4.575	0.03493427413353855
4.58	0.034865518292931746
4.585	0.034796845915741316
4.59	0.03472825664232135
4.595000000000001	0.03465975011360761
4.6	0.03459132597110974
4.605	0.03452298385690813
4.609999999999999	0.03445472341363797
4.615	0.03438654428448535
4.62	0.034318446113179836
4.625	0.03425042854398561
4.63	0.03418249122169286
4.635	0.03411463379160936
4.640000000000001	0.03404685589955391
4.645	0.03397915719184616
4.65	0.03391153731530346
4.654999999999999	0.03384399591722296
4.66	0.03377653264538245
4.665	0.0337091471480317
4.67	0.0336418390738776
4.675	0.03357460807208112
4.68	0.033507453792250466
4.6850000000000005	0.03344037588442491
4.6899999999999995	0.03337337399907886
4.695	0.033306447787100575
4.7	0.03323959689979384
4.705	0.033172820988864545
4.71	0.033106119706411516
4.715	0.0330394927049246
4.720000000000001	0.03297293963726714
4.725	0.032906460156673326
4.73	0.032840053916742364
4.734999999999999	0.03277372057141859
4.74	0.03270745977500015
4.745	0.03264127118211179
4.75	0.032575154447711814
4.755	0.03250910922707237
4.76	0.03244313517577973
4.765000000000001	0.03237723194971814
4.77	0.032311399205065705
4.775	0.032245636598285374
4.779999999999999	0.03217994378611273
4.785	0.03211432042555063
4.79	0.0320487661738607
4.795	0.0319832806885496
4.8	0.03191786362736809
4.805	0.031852514648295735
4.8100000000000005	0.03178723340953403
4.8149999999999995	0.031722019569494116
4.82	0.03165687278679668
4.825	0.03159179272025106
4.83	0.031526779028857525
4.835	0.03146183137178874
4.84	0.03139694940838698
4.845000000000001	0.03133213279814884
4.85	0.031267381200722776
4.855	0.031202694275894814
4.859999999999999	0.031138071683580987
4.865	0.031073513083817873
4.87	0.03100901813675222
4.875	0.030944586502633313
4.88	0.03088021784179998
4.885	0.030815911814673053
4.890000000000001	0.030751668081748364
4.895	0.03068748630358036
4.9	0.030623366140779443
4.904999999999999	0.030559307253996155
4.91	0.030495309303915544
4.915	0.03043137195124624
4.92	0.03036749485670562
4.925	0.03030367768101751
4.93	0.030239920084895823
4.9350000000000005	0.030176221729038426
4.9399999999999995	0.030112582274114997
4.945	0.030049001380753497
4.95	0.02998547870953782
4.955	0.02992201392098858
4.96	0.02985860667555615
4.965	0.029795256633614636
4.970000000000001	0.029731963455440425
4.975	0.029668726801211704
4.98	0.02960554633099344
4.984999999999999	0.029542421704722564
4.99	0.029479352582204174
4.995	0.029416338623099655
5.	0.029353379486906667
5.005	0.02929047483295823
5.01	0.029227624320400776
5.015000000000001	0.029164827608199988
5.02	0.029102084355109872
5.025	0.02903939421967203
5.029999999999999	0.028976756860201364
5.035	0.028914171934773844
5.04	0.028851639101217578
5.045	0.028789158017094366
5.05	0.02872672833969331
5.055	0.028664349726017786
5.0600000000000005	0.02860202183277072
5.0649999999999995	0.02853974431634295
5.07	0.02847751683280674
5.075	0.02841533903788826
5.08	0.02835321058697056
5.085	0.028291131135075046
5.09	0.028229100336847
5.095000000000001	0.028167117846539025
5.1	0.028105183318010134
5.105	0.02804329640469938
5.109999999999999	0.02798145675961612
5.115	0.027919664035332293
5.12	0.027857917883960838
5.125	0.02779621795714916
5.13	0.027734563906057875
5.135	0.027672955381352105
5.14	0.027611392033183475
5.145	0.027549873511179733
5.15	0.027488399464427396
5.155	0.027426969541459432
5.16	0.027365583390234476
5.165	0.02730424065813231
5.17	0.027242940991928002
5.175	0.02718168403778381
5.18	0.027120469441231535
5.185	0.027059296847156637
5.19	0.02699816589978076
5.195	0.0269370762426509
5.2	0.026876027518619627
5.205	0.026815019369828927
5.21	0.02675405143769514
5.215	0.02669312336288965
5.22	0.026632234785326097
5.225	0.026571385344142787
5.23	0.02651057467768079
5.235	0.026449802423474066
5.24	0.026389068218224322
5.245	0.026328371697790873
5.25	0.02626771249716624
5.255	0.026207090250461834
5.26	0.026146504590888235
5.265	0.026085955150737406
5.27	0.026025441561361835
5.275	0.02596496345316169
5.28	0.02590452045555619
5.285	0.02584411219697141
5.29	0.025783738304820118
5.295	0.025723398405477996
5.3	0.025663092124267022
5.305	0.0256028190854331
5.31	0.025542578912127238
5.315	0.02548237122638168
5.32	0.025422195649095813
5.325	0.025362051800004018
5.33	0.025301939297663396
5.335	0.025241857759425168
5.34	0.02518180680142003
5.345	0.025121786038528278
5.35	0.02506179508436143
5.355	0.02500183355123579
5.36	0.024941901050154005
5.365	0.024881997190774465
5.37	0.02482212158139478
5.375	0.024762273828923223
5.38	0.024702453538856212
5.385	0.02464266031524756
5.39	0.024582893760690092
5.395	0.024523153476290326
5.4	0.024463439061638826
5.405	0.024403750114780604
5.41	0.024344086232197956
5.415	0.024284447008777018
5.42	0.024224832037777547
5.425	0.02416524091081578
5.43	0.024105673217824537
5.435	0.024046128547030667
5.44	0.023986606484924795
5.445	0.02392710661623449
5.45	0.023867628523891724
5.455	0.02380817178899741
5.46	0.02374873599080394
5.465	0.0236893207066709
5.47	0.023629925512042772
5.475	0.023570549980410485
5.48	0.023511193683281955
5.485	0.023451856190148803
5.49	0.023392537068451163
5.495	0.023333235883549464
5.5	0.023273952198678956
5.505	0.023214685574926147
5.51	0.02315543557118736
5.515	0.023096201744131642
5.52	0.023036983648167746
5.525	0.02297778083540312
5.53	0.02291859285561085
5.535	0.02285941925618476
5.54	0.02280025958210849
5.545	0.02274111337590773
5.55	0.022681980177613296
5.555	0.022622859524724395
5.56	0.022563750952158977
5.565	0.022504653992215105
5.57	0.0224455681745347
5.575	0.022386493026047997
5.58	0.022327428070935802
5.585	0.022268372830584266
5.59	0.022209326823540692
5.595	0.022150289565462215
5.6	0.022091260569068946
5.605	0.022032239344102183
5.61	0.02197322539726902
5.615	0.021914218232194946
5.62	0.021855217349372534
5.625	0.021796222246111444
5.63	0.02173723241648324
5.635	0.02167824735127101
5.64	0.021619266537914447
5.645	0.021560289460451958
5.65	0.021501315599471355
5.655	0.021442344432044468
5.66	0.02138337543167277
5.665	0.021324408068233245
5.67	0.02126544180790839
5.675	0.021206476113128685
5.68	0.021147510442519137
5.6850000000000005	0.021088544250821184
5.69	0.021029576988837957
5.695	0.020970608103366362
5.7	0.02091163703712529
5.705	0.020852663228697152
5.71	0.020793686112447717
5.715	0.020734705118463724
5.72	0.02067571967247493
5.725	0.020616729195783955
5.73	0.020557733105190438
5.735	0.02049873081291351
5.74	0.020439721726517122
5.745	0.02038070524882856
5.75	0.020321680777856916
5.755	0.02026264770671191
5.76	0.02020360542352147
5.765	0.020144553311341695
5.77	0.020085490748077053
5.775	0.020026417106385128
5.78	0.019967331753585303
5.785	0.019908234051569627
5.79	0.019849123356709995
5.795	0.019789999019757688
5.8	0.01973086038574581
5.805	0.019671706793892407
5.8100000000000005	0.0196125375774921
5.815	0.01955335206381999
5.82	0.01949414957401773
5.825	0.01943492942298814
5.83	0.01937569091928307
5.835	0.019316433364992724
5.84	0.01925715605562652
5.845	0.019197858279997152
5.85	0.019138539320097493
5.855	0.01907919845098304
5.86	0.019019834940637248
5.865	0.018960448049848772
5.87	0.018901037032084126
5.875	0.01884160113334259
5.88	0.018782139592026684
5.885	0.01872265163880017
5.89	0.01866313649644408
5.895	0.018603593379713346
5.9	0.01854402149518137
5.905	0.01848442004109163
5.91	0.018424788207198083
5.915	0.018365125174606943
5.92	0.018305430115613967
5.925	0.018245702193533605
5.93	0.018185940562528594
5.9350000000000005	0.018126144367435253
5.94	0.018066312743584063
5.945	0.018006444816616007
5.95	0.017946539702292905
5.955	0.01788659650630642
5.96	0.01782661432408043
5.965	0.0177665922405696
5.97	0.01770652933005176
5.975	0.01764642465591672
5.98	0.017586277270449698
5.985	0.017526086214607033
5.99	0.01746585051779228
5.995	0.017405569197619812
6.	0.01734524125967674
6.005	0.017284865697275838
6.01	0.017224441491206777
6.015	0.017163967609479736
6.02	0.01710344300705454
6.025	0.017042866625577774
6.03	0.01698223739309789
6.035	0.016921554223784076
6.04	0.016860816017631713
6.045	0.016800021660163186
6.05	0.016739170022117642
6.055	0.016678259959135983
6.0600000000000005	0.016617290311432737
6.065	0.016556259903470007
6.07	0.01649516754360574
6.075	0.01643401202374448
6.08	0.016372792118977353
6.085	0.01631150658721184
6.09	0.01625015416878236
6.095	0.016188733586064548
6.1	0.016127243543069176
6.105	0.016065682725026426
6.11	0.016004049797958136
6.115	0.015942343408240876
6.12	0.015880562182153394
6.125	0.015818704725410096
6.13	0.01575676962268032
6.135	0.01569475543710491
6.140000000000001	0.015632660709777944
6.145	0.015570483959230452
6.15	0.015508223680893529
6.155	0.015445878346537717
6.16	0.015383446403710303
6.165	0.015320926275139745
6.17	0.015258316358132693
6.175	0.015195615023950136
6.18	0.015132820617159502
6.1850000000000005	0.015069931454968035
6.1899999999999995	0.015006945826542039
6.195	0.014943861992293259
6.2	0.014880678183151851
6.205	0.014817392599812431
6.21	0.014754003411950068
6.215	0.014690508757420692
6.22	0.01462690674142881
6.225	0.014563195435668155
6.23	0.014499372877434044
6.235	0.014435437068706878
6.24	0.014371385975201647
6.245	0.014307217525389665
6.25	0.0142429296094811
6.255	0.014178520078372848
6.26	0.01411398674256742
6.265000000000001	0.014049327371040718
6.27	0.013984539690079638
6.275	0.013919621382073701
6.28	0.013854570084263515
6.285	0.013789383387442074
6.29	0.01372405883461447
6.295	0.013658593919598916
6.3	0.013592986085580865
6.305	0.013527232723613274
6.3100000000000005	0.013461331171056043
6.3149999999999995	0.013395278709960655
6.32	0.013329072565385933
6.325	0.01326270990365468
6.33	0.013196187830537186
6.335	0.013129503389364893
6.34	0.013062653559067714
6.345	0.012995635252132124
6.35	0.012928445312475827
6.355	0.012861080513237368
6.36	0.012793537554469337
6.365	0.012725813060738505
6.37	0.012657903578626136
6.375	0.012589805574115254
6.38	0.012521515429872369
6.385	0.01245302944240712
6.390000000000001	0.012384343819108017
6.395	0.012315454675146975
6.4	0.012246358030245324
6.405	0.012177049805293109
6.41	0.012107525818814776
6.415	0.0120377817832718
6.42	0.011967813301191435
6.425	0.011897615861115169
6.43	0.011827184833354296
6.4350000000000005	0.011756515465539132
6.4399999999999995	0.011685602877955491
6.445	0.011614442058646698
6.45	0.011543027858280576
6.455	0.011471354984749707
6.46	0.011399417997504015
6.465	0.011327211301588376
6.47	0.011254729141373682
6.475	0.011181965593955677
6.48	0.011108914562206874
6.485	0.011035569767448149
6.49	0.010961924741729712
6.495	0.010887972819679499
6.5	0.010813707129901528
6.505	0.010739120585888579
6.51	0.010664205876411979
6.515000000000001	0.010588955455355997
6.52	0.010513361530962318
6.525	0.010437416054422369
6.53	0.010361110707797149
6.535	0.010284436891192546
6.54	0.010207385709137309
6.545	0.010129947956117599
6.55	0.01005211410118451
6.555	0.009973874271568742
6.5600000000000005	0.009895218235227618
6.5649999999999995	0.009816135382230279
6.57	0.009736614704885502
6.575	0.00965664477652444
6.58	0.009576213728793897
6.585	0.009495309227353923
6.59	0.009413918445843918
6.595	0.009332028037939703
6.6	0.009249624107354715
6.605	0.00916669217557833
6.61	0.009083217147157098
6.615	0.008999183272262627
6.62	0.008914574106309768
6.625	0.008829372466313911
6.63	0.008743560383675927
6.635	0.008657119053020499
6.640000000000001	0.008570028776680097
6.645	0.008482268904372387
6.65	0.008393817767536279
6.655	0.008304652607752828
6.66	0.008214749498582096
6.665	0.008124083260050796
6.67	0.00803262736495382
6.675	0.007940353835962453
6.68	0.007847233132436867
6.6850000000000005	0.007753234025642265
6.6899999999999995	0.007658323460889733
6.695	0.007562466404888908
6.7	0.007465625676336632
6.705	0.007367761757402174
6.71	0.007268832583468006
6.715	0.00716879330793629
6.72	0.007067596038395273
6.725	0.0069651895398111585
6.73	0.006861518899515247
6.735	0.006756525147815525
6.74	0.006650144826881856
6.745	0.00654230949895739
6.75	0.006432945183169656
6.755	0.00632197170785112
6.76	0.006209301962345275
6.765000000000001	0.006094841028550607
6.77	0.005978485167778536
6.775	0.005860120632244976
6.78	0.005739622262726924
6.785	0.005616851823381419
6.79	0.00549165601089478
6.795	0.005363864056709249
6.8	0.0052332848157383835
6.805	0.005099703200608464
6.8100000000000005	0.004962875772107428
6.8149999999999995	0.004822525228311137
6.82	0.004678333436544009
6.825	0.004529932507768761
6.83	0.004376893196594883
6.835	0.004218709577333598
6.84	0.004054778422467797
6.845	0.003884370857675703
6.85	0.0037065924349270023
6.855	0.0035203252565070863
6.86	0.003324141181126383
6.865	0.0031161662160985285
6.87	0.002893857666453853
6.875	0.002653613752262195
6.88	0.002390030043413244
6.885	0.002094310310741881
6.890000000000001	0.0017502378933620813
6.895	0.0013205397333806066
6.9	0.0006539142020861229
6.905	0.
6.91	0.
6.915	0.
6.92	0.
6.925	0.
6.93	0.
6.9350000000000005	0.
6.9399999999999995	0.
6.945	0.
6.95	0.
6.955	0.
6.96	0.
6.965	0.
6.97	0.
6.975	0.
6.98	0.
6.985	0.
6.99	0.
6.995	0.
7.	0.
7.005	0.
7.01	0.
7.015000000000001	0.
7.02	0.
7.025	0.
7.03	0.
7.035	0.
7.04	0.
7.045	0.
7.05	0.
7.055	0.
7.0600000000000005	0.
7.0649999999999995	0.
7.07	0.
7.075	0.
7.08	0.
7.085	0.
7.09	0.
7.095	0.
7.1	0.
7.105	0.
7.11	0.
7.115	0.
7.12	0.
7.125	0.
7.13	0.
7.135	0.
7.140000000000001	0.
7.145	0.
7.15	0.
7.155	0.
7.16	0.
7.165	0.
7.17	0.
7.175	0.
7.18	0.
7.1850000000000005	0.
7.1899999999999995	0.
7.195	0.
7.2	0.
7.205	0.
7.21	0.
7.215	0.
7.220000000000001	0.
7.225	0.
7.23	0.
7.234999999999999	0.
7.24	0.
7.245	0.
7.25	0.
7.255	0.
7.26	0.
7.265000000000001	0.
7.27	0.
7.275	0.
7.28	0.
7.285	0.
7.29	0.
7.295	0.
7.300000000000001	0.
7.305	0.
7.3100000000000005	0.
7.3149999999999995	0.
7.32	0.
7.325	0.
7.33	0.
7.335	0.
7.34	0.
7.345000000000001	0.
7.35	0.
7.355	0.
7.359999999999999	0.
7.365	0.
7.37	0.
7.375	0.
7.38	0.
7.385	0.
7.390000000000001	0.
7.395	0.
7.4	0.
7.405	0.
7.41	0.
7.415	0.
7.42	0.
7.425000000000001	0.
7.43	0.
7.4350000000000005	0.
7.4399999999999995	0.
7.445	0.
7.45	0.
7.455	0.
7.46	0.
7.465	0.
7.470000000000001	0.
7.475	0.
7.48	0.
7.484999999999999	0.
7.49	0.
7.495	0.
7.5	0.
7.505	0.
7.51	0.
7.515000000000001	0.
7.52	0.
7.525	0.
7.53	0.
7.535	0.
7.54	0.
7.545	0.
7.550000000000001	0.
7.555	0.
7.5600000000000005	0.
7.5649999999999995	0.
7.57	0.
7.575	0.
7.58	0.
7.585	0.
7.59	0.
7.595000000000001	0.
7.6	0.
7.605	0.
7.609999999999999	0.
7.615	0.
7.62	0.
7.625	0.
7.63	0.
7.635	0.
7.640000000000001	0.
7.645	0.
7.65	0.
7.655	0.
7.66	0.
7.665	0.
7.67	0.
7.675000000000001	0.
7.68	0.
7.685	0.
7.6899999999999995	0.
7.694999999999999	0.
7.699999999999999	0.
7.704999999999999	0.
7.71	0.
7.715	0.
7.72	0.
7.725	0.
7.7299999999999995	0.
7.734999999999999	0.
7.739999999999999	0.
7.744999999999999	0.
7.75	0.
7.755	0.
7.76	0.
7.765	0.
7.77	0.
7.7749999999999995	0.
7.779999999999999	0.
7.784999999999999	0.
7.79	0.
7.795	0.
7.8	0.
7.805	0.
7.81	0.
7.8149999999999995	0.
7.819999999999999	0.
7.824999999999999	0.
7.829999999999999	0.
7.835	0.
7.84	0.
7.845	0.
7.85	0.
7.8549999999999995	0.
7.859999999999999	0.
7.864999999999999	0.
7.869999999999999	0.
7.875	0.
7.88	0.
7.885	0.
7.89	0.
7.895	0.
7.8999999999999995	0.
7.904999999999999	0.
7.909999999999999	0.
7.915	0.
7.92	0.
7.925	0.
7.93	0.
7.935	0.
7.9399999999999995	0.
7.944999999999999	0.
7.949999999999999	0.
7.955	0.
7.96	0.
7.965	0.
7.97	0.
7.975	0.
7.9799999999999995	0.
7.984999999999999	0.
7.989999999999999	0.
7.994999999999999	0.
8.	0.
8.004999999999999	0.
8.01	0.
8.014999999999999	0.
8.02	0.
8.025	0.
8.03	0.
8.035	0.
8.04	0.
8.045	0.
8.049999999999999	0.
8.055	0.
8.059999999999999	0.
8.065	0.
8.07	0.
8.075	0.
8.08	0.
8.084999999999999	0.
8.09	0.
8.094999999999999	0.
8.1	0.
8.105	0.
8.11	0.
8.115	0.
8.12	0.
8.125	0.
8.129999999999999	0.
8.135	0.
8.139999999999999	0.
8.145	0.
8.15	0.
8.155	0.
8.16	0.
8.165	0.
8.17	0.
8.174999999999999	0.
8.18	0.
8.184999999999999	0.
8.19	0.
8.195	0.
8.2	0.
8.205	0.
8.209999999999999	0.
8.215	0.
8.219999999999999	0.
8.225	0.
8.23	0.
8.235	0.
8.24	0.
8.245	0.
8.25	0.
8.254999999999999	0.
8.26	0.
8.264999999999999	0.
8.27	0.
8.275	0.
8.28	0.
8.285	0.
8.29	0.
8.295	0.
8.299999999999999	0.
8.305	0.
8.309999999999999	0.
8.315	0.
8.32	0.
8.325	0.
8.33	0.
8.334999999999999	0.
8.34	0.
8.344999999999999	0.
8.35	0.
8.355	0.
8.36	0.
8.365	0.
8.37	0.
8.375	0.
8.379999999999999	0.
8.385	0.
8.389999999999999	0.
8.395	0.
8.4	0.
8.405	0.
8.41	0.
8.415	0.
8.42	0.
8.424999999999999	0.
8.43	0.
8.434999999999999	0.
8.44	0.
8.445	0.
8.45	0.
8.455	0.
8.459999999999999	0.
8.465	0.
8.469999999999999	0.
8.475	0.
8.48	0.
8.485	0.
8.49	0.
8.495	0.
8.5	0.
8.504999999999999	0.
8.51	0.
8.515	0.
8.52	0.
8.525	0.
8.53	0.
8.535	0.
8.54	0.
8.545	0.
8.549999999999999	0.
8.555	0.
8.559999999999999	0.
8.565	0.
8.57	0.
8.575	0.
8.58	0.
8.584999999999999	0.
8.59	0.
8.594999999999999	0.
8.6	0.
8.605	0.
8.61	0.
8.615	0.
8.62	0.
8.625	0.
8.629999999999999	0.
8.635	0.
8.64	0.
8.645	0.
8.65	0.
8.655	0.
8.66	0.
8.665	0.
8.67	0.
8.674999999999999	0.
8.68	0.
8.684999999999999	0.
8.69	0.
8.695	0.
8.7	0.
8.705	0.
8.709999999999999	0.
8.715	0.
8.719999999999999	0.
8.725	0.
8.73	0.
8.735	0.
8.74	0.
8.745	0.
8.75	0.
8.754999999999999	0.
8.76	0.
8.765	0.
8.77	0.
8.775	0.
8.78	0.
8.785	0.
8.79	0.
8.795	0.
8.799999999999999	0.
8.805	0.
8.809999999999999	0.
8.815	0.
8.82	0.
8.825	0.
8.83	0.
8.834999999999999	0.
8.84	0.
8.844999999999999	0.
8.85	0.
8.855	0.
8.86	0.
8.865	0.
8.87	0.
8.875	0.
8.879999999999999	0.
8.885	0.
8.89	0.
8.895	0.
8.9	0.
8.905	0.
8.91	0.
8.915	0.
8.92	0.
8.924999999999999	0.
8.93	0.
8.934999999999999	0.
8.94	0.
8.945	0.
8.95	0.
8.955	0.
8.959999999999999	0.
8.965	0.
8.969999999999999	0.
8.975	0.
8.98	0.
8.985	0.
8.99	0.
8.995	0.
9.	0.
9.004999999999999	0.
9.01	0.
9.015	0.
9.02	0.
9.025	0.
9.03	0.
9.035	0.
9.04	0.
9.045	0.
9.049999999999999	0.
9.055	0.
9.059999999999999	0.
9.065	0.
9.07	0.
9.075	0.
9.08	0.
9.084999999999999	0.
9.09	0.
9.094999999999999	0.
9.1	0.
9.105	0.
9.11	0.
9.115	0.
9.12	0.
9.125	0.
9.129999999999999	0.
9.135	0.
9.14	0.
9.145	0.
9.15	0.
9.155	0.
9.16	0.
9.165	0.
9.17	0.
9.174999999999999	0.
9.18	0.
9.184999999999999	0.
9.19	0.
9.195	0.
9.2	0.
9.205	0.
9.209999999999999	0.
9.215	0.
9.219999999999999	0.
9.225	0.
9.23	0.
9.235	0.
9.24	0.
9.245	0.
9.25	0.
9.254999999999999	0.
9.26	0.
9.265	0.
9.27	0.
9.275	0.
9.28	0.
9.285	0.
9.29	0.
9.295	0.
9.299999999999999	0.
9.305	0.
9.309999999999999	0.
9.315	0.
9.32	0.
9.325	0.
9.33	0.
9.334999999999999	0.
9.34	0.
9.344999999999999	0.
9.35	0.
9.355	0.
9.36	0.
9.365	0.
9.37	0.
9.375	0.
9.379999999999999	0.
9.385	0.
9.39	0.
9.395	0.
9.4	0.
9.405	0.
9.41	0.
9.415	0.
9.42	0.
9.424999999999999	0.
9.43	0.
9.434999999999999	0.
9.44	0.
9.445	0.
9.45	0.
9.455	0.
9.459999999999999	0.
9.465	0.
9.469999999999999	0.
9.475	0.
9.48	0.
9.485	0.
9.49	0.
9.495	0.
9.5	0.
9.504999999999999	0.
9.51	0.
9.515	0.
9.52	0.
9.525	0.
9.53	0.
9.535	0.
9.54	0.
9.545	0.
9.549999999999999	0.
9.555	0.
9.559999999999999	0.
9.565	0.
9.57	0.
9.575	0.
9.58	0.
9.584999999999999	0.
9.59	0.
9.594999999999999	0.
9.6	0.
9.605	0.
9.61	0.
9.615	0.
9.62	0.
9.625	0.
9.629999999999999	0.
9.635	0.
9.64	0.
9.645	0.
9.65	0.
9.655	0.
9.66	0.
9.665	0.
9.67	0.
9.674999999999999	0.
9.68	0.
9.684999999999999	0.
9.69	0.
9.695	0.
9.7	0.
9.705	0.
9.709999999999999	0.
9.715	0.
9.719999999999999	0.
9.725	0.
9.73	0.
9.735	0.
9.74	0.
9.745	0.
9.75	0.
9.754999999999999	0.
9.76	0.
9.765	0.
9.77	0.
9.774999999999999	0.
9.78	0.
9.785	0.
9.79	0.
9.795	0.
9.8	0.
9.805	0.
9.809999999999999	0.
9.815	0.
9.82	0.
9.825	0.
9.83	0.
9.834999999999999	0.
9.84	0.
9.844999999999999	0.
9.85	0.
9.855	0.
9.86	0.
9.865	0.
9.87	0.
9.875	0.
9.879999999999999	0.
9.885	0.
9.89	0.
9.895	0.
9.899999999999999	0.
9.905	0.
9.91	0.
9.915	0.
9.92	0.
9.925	0.
9.93	0.
9.934999999999999	0.
9.94	0.
9.945	0.
9.95	0.
9.955	0.
9.959999999999999	0.
9.965	0.
9.969999999999999	0.
9.975	0.
9.98	0.
9.985	0.
9.99	0.
9.995	0.
10.	0.
10.004999999999999	0.
10.01	0.
10.015	0.
10.02	0.
10.024999999999999	0.
10.03	0.
10.035	0.
10.04	0.
10.045	0.
10.05	0.
10.055	0.
10.059999999999999	0.
10.065	0.
10.07	0.
10.075	0.
10.08	0.
10.084999999999999	0.
10.09	0.
10.094999999999999	0.
10.1	0.
10.105	0.
10.11	0.
10.115	0.
10.12	0.
10.125	0.
10.129999999999999	0.
10.135	0.
10.14	0.
10.145	0.
10.149999999999999	0.
10.155	0.
10.16	0.
10.165	0.
10.17	0.
10.175	0.
10.18	0.
10.184999999999999	0.
10.19	0.
10.195	0.
10.2	0.
10.205	0.
10.209999999999999	0.
10.215	0.
10.219999999999999	0.
10.225	0.
10.23	0.
10.235	0.
10.24	0.
10.245000000000001	0.
10.250000000000002	0.
10.255	0.
10.260000000000002	0.
10.265	0.
10.270000000000001	0.
10.275	0.
10.280000000000001	0.
10.285	0.
10.290000000000001	0.
10.295000000000002	0.
10.3	0.
10.305000000000001	0.
10.31	0.
10.315000000000001	0.
10.32	0.
10.325000000000001	0.
10.330000000000002	0.
10.335	0.
10.340000000000002	0.
10.345	0.
10.350000000000001	0.
10.355	0.
10.360000000000001	0.
10.365	0.
10.370000000000001	0.
10.375000000000002	0.
10.38	0.
10.385000000000002	0.
10.39	0.
10.395000000000001	0.
10.4	0.
10.405000000000001	0.
10.41	0.
10.415000000000001	0.
10.420000000000002	0.
10.425	0.
10.430000000000001	0.
10.435	0.
10.440000000000001	0.
10.445	0.
10.450000000000001	0.
10.455000000000002	0.
10.46	0.
10.465000000000002	0.
10.47	0.
10.475000000000001	0.
10.48	0.
10.485000000000001	0.
10.49	0.
10.495000000000001	0.
10.500000000000002	0.
10.505	0.
10.510000000000002	0.
10.515	0.
10.520000000000001	0.
10.525	0.
10.530000000000001	0.
10.535	0.
10.540000000000001	0.
10.545000000000002	0.
10.55	0.
10.555000000000001	0.
10.56	0.
10.565000000000001	0.
10.57	0.
10.575000000000001	0.
10.580000000000002	0.
10.585	0.
10.590000000000002	0.
10.595	0.
10.600000000000001	0.
10.605	0.
10.610000000000001	0.
10.615	0.
10.620000000000001	0.
10.625000000000002	0.
10.63	0.
10.635000000000002	0.
10.64	0.
10.645000000000001	0.
10.65	0.
10.655000000000001	0.
10.66	0.
10.665000000000001	0.
10.670000000000002	0.
10.675	0.
10.680000000000001	0.
10.685	0.
10.690000000000001	0.
10.695	0.
10.700000000000001	0.
10.705000000000002	0.
10.71	0.
10.715000000000002	0.
10.72	0.
10.725000000000001	0.
10.73	0.
10.735000000000001	0.
10.74	0.
10.745000000000001	0.
10.750000000000002	0.
10.755	0.
10.760000000000002	0.
10.765	0.
10.770000000000001	0.
10.775	0.
10.780000000000001	0.
10.785	0.
10.790000000000001	0.
10.795000000000002	0.
10.8	0.
10.805000000000001	0.
10.81	0.
10.815000000000001	0.
10.82	0.
10.825000000000001	0.
10.830000000000002	0.
10.835	0.
10.840000000000002	0.
10.845	0.
10.850000000000001	0.
10.855	0.
10.860000000000001	0.
10.865	0.
10.870000000000001	0.
10.875000000000002	0.
10.88	0.
10.885000000000002	0.
10.89	0.
10.895000000000001	0.
10.9	0.
10.905000000000001	0.
10.91	0.
10.915000000000001	0.
10.920000000000002	0.
10.925	0.
10.930000000000001	0.
10.935	0.
10.940000000000001	0.
10.945	0.
10.950000000000001	0.
10.955000000000002	0.
10.96	0.
10.965000000000002	0.
10.97	0.
10.975000000000001	0.
10.98	0.
10.985000000000001	0.
10.99	0.
10.995000000000001	0.
11.000000000000002	0.
11.005	0.
11.010000000000002	0.
11.015	0.
11.020000000000001	0.
11.025	0.
11.030000000000001	0.
11.035	0.
11.040000000000001	0.
11.045000000000002	0.
11.05	0.
11.055000000000001	0.
11.06	0.
11.065000000000001	0.
11.07	0.
11.075000000000001	0.
11.080000000000002	0.
11.085	0.
11.090000000000002	0.
11.095	0.
11.100000000000001	0.
11.105	0.
11.110000000000001	0.
11.115	0.
11.120000000000001	0.
11.125000000000002	0.
11.13	0.
11.135000000000002	0.
11.14	0.
11.145000000000001	0.
11.15	0.
11.155000000000001	0.
11.16	0.
11.165000000000001	0.
11.170000000000002	0.
11.175	0.
11.180000000000001	0.
11.185	0.
11.190000000000001	0.
11.195	0.
11.200000000000001	0.
11.205000000000002	0.
11.21	0.
11.215000000000002	0.
11.22	0.
11.225000000000001	0.
11.23	0.
11.235000000000001	0.
11.24	0.
11.245000000000001	0.
11.250000000000002	0.
11.255	0.
11.260000000000002	0.
11.265	0.
11.270000000000001	0.
11.275	0.
11.280000000000001	0.
11.285	0.
11.290000000000001	0.
11.295000000000002	0.
11.3	0.
11.305000000000001	0.
11.31	0.
11.315000000000001	0.
11.32	0.
11.325000000000001	0.
11.330000000000002	0.
11.335	0.
11.340000000000002	0.
11.345	0.
11.350000000000001	0.
11.355	0.
11.360000000000001	0.
11.365000000000002	0.
11.370000000000001	0.
11.375000000000002	0.
11.38	0.
11.385000000000002	0.
11.39	0.
11.395000000000001	0.
11.4	0.
11.405000000000001	0.
11.41	0.
11.415000000000001	0.
11.420000000000002	0.
11.425	0.
11.430000000000001	0.
11.435	0.
11.440000000000001	0.
11.445	0.
11.450000000000001	0.
11.455000000000002	0.
11.46	0.
11.465000000000002	0.
11.47	0.
11.475000000000001	0.
11.48	0.
11.485000000000001	0.
11.490000000000002	0.
11.495000000000001	0.
11.500000000000002	0.
11.505	0.
11.510000000000002	0.
11.515	0.
11.520000000000001	0.
11.525	0.
11.530000000000001	0.
11.535	0.
11.540000000000001	0.
11.545000000000002	0.
11.55	0.
11.555000000000001	0.
11.56	0.
11.565000000000001	0.
11.57	0.
11.575000000000001	0.
11.580000000000002	0.
11.585	0.
11.590000000000002	0.
11.595	0.
11.600000000000001	0.
11.605	0.
11.610000000000001	0.
11.615000000000002	0.
11.620000000000001	0.
11.625000000000002	0.
11.63	0.
11.635000000000002	0.
11.64	0.
11.645000000000001	0.
11.65	0.
11.655000000000001	0.
11.66	0.
11.665000000000001	0.
11.670000000000002	0.
11.675	0.
11.680000000000001	0.
11.685	0.
11.690000000000001	0.
11.695	0.
11.700000000000001	0.
11.705000000000002	0.
11.71	0.
11.715000000000002	0.
11.72	0.
11.725000000000001	0.
11.73	0.
11.735000000000001	0.
11.740000000000002	0.
11.745000000000001	0.
11.750000000000002	0.
11.755	0.
11.760000000000002	0.
11.765	0.
11.770000000000001	0.
11.775	0.
11.780000000000001	0.
11.785	0.
11.790000000000001	0.
11.795000000000002	0.
11.8	0.
11.805000000000001	0.
11.81	0.
11.815000000000001	0.
11.82	0.
11.825000000000001	0.
11.830000000000002	0.
11.835	0.
11.840000000000002	0.
11.845	0.
11.850000000000001	0.
11.855	0.
11.860000000000001	0.
11.865000000000002	0.
11.870000000000001	0.
11.875000000000002	0.
11.88	0.
11.885000000000002	0.
11.89	0.
11.895000000000001	0.
11.9	0.
11.905000000000001	0.
11.91	0.
11.915000000000001	0.
11.920000000000002	0.
11.925	0.
11.930000000000001	0.
11.935	0.
11.940000000000001	0.
11.945	0.
11.950000000000001	0.
11.955000000000002	0.
11.96	0.
11.965000000000002	0.
11.97	0.
11.975000000000001	0.
11.98	0.
11.985000000000001	0.
11.990000000000002	0.
11.995000000000001	0.
12.000000000000002	0.
12.005	0.
12.010000000000002	0.
12.015	0.
12.020000000000001	0.
12.025	0.
12.030000000000001	0.
12.035	0.
12.040000000000001	0.
12.045000000000002	0.
12.05	0.
12.055000000000001	0.
12.06	0.
12.065000000000001	0.
12.07	0.
12.075000000000001	0.
12.080000000000002	0.
12.085	0.
12.090000000000002	0.
12.095	0.
12.100000000000001	0.
12.105	0.
12.110000000000001	0.
12.115000000000002	0.
12.120000000000001	0.
12.125000000000002	0.
12.13	0.
12.135000000000002	0.
12.14	0.
12.145000000000001	0.
12.15	0.
12.155000000000001	0.
12.16	0.
12.165000000000001	0.
12.170000000000002	0.
12.175	0.
12.180000000000001	0.
12.185	0.
12.190000000000001	0.
12.195	0.
12.200000000000001	0.
12.205000000000002	0.
12.21	0.
12.215000000000002	0.
12.22	0.
12.225000000000001	0.
12.23	0.
12.235000000000001	0.
12.240000000000002	0.
12.245000000000001	0.
12.25	0.
12.255	0.
12.260000000000002	0.
12.265	0.
12.270000000000001	0.
12.275000000000002	0.
12.280000000000001	0.
12.285	0.
12.290000000000001	0.
12.295000000000002	0.
12.3	0.
12.305000000000001	0.
12.31	0.
12.315000000000001	0.
12.32	0.
12.325000000000001	0.
12.330000000000002	0.
12.335	0.
12.340000000000002	0.
12.345	0.
12.350000000000001	0.
12.355	0.
12.360000000000001	0.
12.365000000000002	0.
12.370000000000001	0.
12.375	0.
12.38	0.
12.385000000000002	0.
12.39	0.
12.395000000000001	0.
12.400000000000002	0.
12.405000000000001	0.
12.41	0.
12.415000000000001	0.
12.420000000000002	0.
12.425	0.
12.430000000000001	0.
12.435	0.
12.440000000000001	0.
12.445	0.
12.450000000000001	0.
12.455000000000002	0.
12.46	0.
12.465000000000002	0.
12.47	0.
12.475000000000001	0.
12.48	0.
12.485000000000001	0.
12.490000000000002	0.
12.495000000000001	0.
12.5	0.
12.505	0.
12.510000000000002	0.
12.515	0.
12.520000000000001	0.
12.525000000000002	0.
12.530000000000001	0.
12.535	0.
12.540000000000001	0.
12.545000000000002	0.
12.55	0.
12.555000000000001	0.
12.56	0.
12.565000000000001	0.
12.57	0.
12.575000000000001	0.
12.580000000000002	0.
12.585	0.
12.590000000000002	0.
12.595	0.
12.600000000000001	0.
12.605	0.
12.610000000000001	0.
12.615000000000002	0.
12.620000000000001	0.
12.625	0.
12.63	0.
12.635000000000002	0.
12.64	0.
12.645000000000001	0.
12.650000000000002	0.
12.655000000000001	0.
12.66	0.
12.665000000000001	0.
12.670000000000002	0.
12.675	0.
12.680000000000001	0.
12.685	0.
12.690000000000001	0.
12.695	0.
12.700000000000001	0.
12.705000000000002	0.
12.71	0.
12.715000000000002	0.
12.72	0.
12.725000000000001	0.
12.73	0.
12.735000000000001	0.
12.740000000000002	0.
12.745000000000001	0.
12.75	0.
12.755	0.
12.760000000000002	0.
12.765	0.
12.770000000000001	0.
12.775000000000002	0.
12.780000000000001	0.
12.785	0.
12.790000000000001	0.
12.795000000000002	0.
12.8	0.
12.805000000000001	0.
12.810000000000002	0.
12.815000000000001	0.
12.820000000000002	0.
12.825000000000001	0.
12.830000000000002	0.
12.835	0.
12.840000000000002	0.
12.845	0.
12.850000000000001	0.
12.855000000000002	0.
12.860000000000001	0.
12.865000000000002	0.
12.870000000000001	0.
12.875000000000002	0.
12.88	0.
12.885000000000002	0.
12.890000000000002	0.
12.895000000000001	0.
12.900000000000002	0.
12.905000000000001	0.
12.910000000000002	0.
12.915000000000001	0.
12.920000000000002	0.
12.925	0.
12.930000000000001	0.
12.935000000000002	0.
12.940000000000001	0.
12.945000000000002	0.
12.950000000000001	0.
12.955000000000002	0.
12.96	0.
12.965000000000002	0.
12.97	0.
12.975000000000001	0.
12.980000000000002	0.
12.985000000000001	0.
12.990000000000002	0.
12.995000000000001	0.
13.000000000000002	0.
13.005	0.
13.010000000000002	0.
13.015000000000002	0.
13.020000000000001	0.
13.025000000000002	0.
13.030000000000001	0.
13.035000000000002	0.
13.040000000000001	0.
13.045000000000002	0.
13.05	0.
13.055000000000001	0.
13.060000000000002	0.
13.065000000000001	0.
13.070000000000002	0.
13.075000000000001	0.
13.080000000000002	0.
13.085	0.
13.090000000000002	0.
13.095	0.
13.100000000000001	0.
13.105000000000002	0.
13.110000000000001	0.
13.115000000000002	0.
13.120000000000001	0.
13.125000000000002	0.
13.13	0.
13.135000000000002	0.
13.140000000000002	0.
13.145000000000001	0.
13.150000000000002	0.
13.155000000000001	0.
13.160000000000002	0.
13.165000000000001	0.
13.170000000000002	0.
13.175	0.
13.180000000000001	0.
13.185000000000002	0.
13.190000000000001	0.
13.195000000000002	0.
13.200000000000001	0.
13.205000000000002	0.
13.21	0.
13.215000000000002	0.
13.220000000000002	0.
13.225000000000001	0.
13.230000000000002	0.
13.235000000000001	0.
13.240000000000002	0.
13.245000000000001	0.
13.250000000000002	0.
13.255	0.
13.260000000000002	0.
13.265000000000002	0.
13.270000000000001	0.
13.275000000000002	0.
13.280000000000001	0.
13.285000000000002	0.
13.290000000000001	0.
13.295000000000002	0.
13.3	0.
13.305000000000001	0.
13.310000000000002	0.
13.315000000000001	0.
13.320000000000002	0.
13.325000000000001	0.
13.330000000000002	0.
13.335	0.
13.340000000000002	0.
13.345000000000002	0.
13.350000000000001	0.
13.355000000000002	0.
13.360000000000001	0.
13.365000000000002	0.
13.370000000000001	0.
13.375000000000002	0.
13.38	0.
13.385000000000002	0.
13.39	0.
13.395000000000001	0.
13.400000000000002	0.
13.405000000000001	0.
13.410000000000002	0.
13.415000000000001	0.
13.420000000000002	0.
13.425	0.
13.430000000000001	0.
13.435000000000002	0.
13.440000000000001	0.
13.445000000000002	0.
13.450000000000001	0.
13.455000000000002	0.
13.46	0.
13.465000000000002	0.
13.470000000000002	0.
13.475000000000001	0.
13.480000000000002	0.
13.485000000000001	0.
13.490000000000002	0.
13.495000000000001	0.
13.500000000000002	0.
13.505	0.
13.510000000000002	0.
13.515	0.
13.520000000000001	0.
13.525000000000002	0.
13.530000000000001	0.
13.535000000000002	0.
13.540000000000001	0.
13.545000000000002	0.
13.55	0.
13.555000000000001	0.
13.560000000000002	0.
13.565000000000001	0.
13.570000000000002	0.
13.575000000000001	0.
13.580000000000002	0.
13.585	0.
13.590000000000002	0.
13.595000000000002	0.
13.600000000000001	0.
13.605000000000002	0.
13.610000000000001	0.
13.615000000000002	0.
13.620000000000001	0.
13.625000000000002	0.
13.63	0.
13.635000000000002	0.
13.64	0.
13.645000000000001	0.
13.650000000000002	0.
13.655000000000001	0.
13.660000000000002	0.
13.665000000000001	0.
13.670000000000002	0.
13.675	0.
13.680000000000001	0.
13.685000000000002	0.
13.690000000000001	0.
13.695000000000002	0.
13.700000000000001	0.
13.705000000000002	0.
13.71	0.
13.715000000000002	0.
13.720000000000002	0.
13.725000000000001	0.
13.730000000000002	0.
13.735000000000001	0.
13.740000000000002	0.
13.745000000000001	0.
13.750000000000002	0.
13.755	0.
13.760000000000002	0.
13.765	0.
13.770000000000001	0.
13.775000000000002	0.
13.780000000000001	0.
13.785000000000002	0.
13.790000000000001	0.
13.795000000000002	0.
13.8	0.
13.805000000000001	0.
13.810000000000002	0.
13.815000000000001	0.
13.820000000000002	0.
13.825000000000001	0.
13.830000000000002	0.
13.835	0.
13.840000000000002	0.
13.845000000000002	0.
13.850000000000001	0.
13.855000000000002	0.
13.860000000000001	0.
13.865000000000002	0.
13.870000000000001	0.
13.875000000000002	0.
13.88	0.
13.885000000000002	0.
13.89	0.
13.895000000000001	0.
13.900000000000002	0.
13.905000000000001	0.
13.910000000000002	0.
13.915000000000001	0.
13.920000000000002	0.
13.925	0.
13.930000000000001	0.
13.935000000000002	0.
13.940000000000001	0.
13.945000000000002	0.
13.950000000000001	0.
13.955000000000002	0.
13.96	0.
13.965000000000002	0.
13.970000000000002	0.
13.975000000000001	0.
13.980000000000002	0.
13.985000000000001	0.
13.990000000000002	0.
13.995000000000001	0.
14.	0.