0.005	0.
0.01	0.
0.015	0.
0.02	0.
0.025	0.
0.030000000000000002	0.
0.034999999999999996	0.
0.04	0.
0.045	0.
0.049999999999999996	0.
0.055	0.
0.06	0.
0.065	0.
0.07	0.
0.07500000000000001	0.
0.08	0.
0.085	0.
0.09000000000000001	0.
0.095	0.
0.1	0.
0.10500000000000001	0.
0.11	0.
0.115	0.
0.12000000000000001	0.
0.125	0.
0.13	0.
0.135	0.
0.14	0.
0.14500000000000002	0.
0.15	0.
0.155	0.
0.16	0.
0.165	0.
0.17	0.05633264086593403
0.17500000000000002	0.09461005477398479
0.18000000000000002	0.1186563638612885
0.185	0.1365164734123362
0.19	0.1506351578203342
0.195	0.16217395695189543
0.2	0.17180149078219584
0.20500000000000002	0.17994754071838492
0.21000000000000002	0.18690895648647304
0.215	0.1929013780944565
0.22	0.19808739262281838
0.225	0.2025931323150957
0.23	0.20651867422253256
0.23500000000000001	0.20994487813908472
0.24000000000000002	0.21293806177207758
0.245	0.2155533019515599
0.25	0.21783682951368272
0.255	0.21982780699703572
0.26	0.22155967444048855
0.265	0.22306118573848763
0.27	0.22435721868478517
0.275	0.22546941648383861
0.28	0.22641670173356257
0.28500000000000003	0.2272156925222529
0.29000000000000004	0.22788104242770904
0.295	0.22842572067379852
0.3	0.22886124473646768
0.305	0.2291978748086715
0.31	0.22944477740779376
0.315	0.22961016382132354
0.32	0.22970140788662627
0.325	0.22972514668423005
0.33	0.22968736701705736
0.335	0.22959347999771113
0.34	0.22944838563384723
0.34500000000000003	0.2292565289597552
0.35000000000000003	0.2290219489897402
0.35500000000000004	0.2287483215501266
0.36	0.2284389968700143
0.365	0.22809703266731482
0.37	0.22772522334923104
0.375	0.22732612584993098
0.38	0.22690208254854646
0.385	0.22645524164455624
0.39	0.22598757531261277
0.395	0.22550089591274528
0.4	0.22499687049322706
0.405	0.22447703379070874
0.41000000000000003	0.22394279990459784
0.41500000000000004	0.22339547279921812
0.42000000000000004	0.22283625576722801
0.425	0.2222662599707517
0.43	0.22168651216193247
0.435	0.22109796167210724
0.44	0.2205014867478403
0.445	0.2198979003027283
0.45	0.21928795514572147
0.455	0.21867234873962416
0.46	0.21805172753729746
0.465	0.21742669093770056
0.47000000000000003	0.2167977948992081
0.47500000000000003	0.21616555524354594
0.48000000000000004	0.21553045068001103
0.485	0.2148929255765487
0.49	0.21425339250135386
0.495	0.21361223455629363
0.5	0.2129698075211574
0.505	0.21232644182587226
0.51	0.2116824443660679
0.515	0.21103810017585797
0.52	0.2103936739703139
0.525	0.20974941156894802
0.53	0.2091055412103603
0.535	0.20846227476733822
0.54	0.20781980887069962
0.545	0.20717832594952484
0.55	0.20653799519461905
0.555	0.2058989734515073
0.56	0.20526140604860363
0.5650000000000001	0.2046254275657834
0.5700000000000001	0.20399116254806243
0.5750000000000001	0.20335872616871922
0.5800000000000001	0.20272822484576483
0.585	0.20209975681538372
0.59	0.2014734126656536
0.595	0.20084927583352855
0.6	0.2002274230678701
0.605	0.19960792486106416
0.61	0.19899084585153182
0.615	0.19837624519929697
0.62	0.19776417693657403
0.625	0.1971546902951388
0.63	0.19654783001222098
0.635	0.19594363661639708
0.64	0.19534214669491
0.645	0.19474339314374461
0.65	0.19414740540161055
0.655	0.193554209669016
0.66	0.19296382911338136
0.665	0.1923762840612319
0.67	0.19179159217825284
0.675	0.1912097686381046
0.68	0.19063082628071215
0.685	0.19005477576073784
0.6900000000000001	0.18948162568685356
0.6950000000000001	0.18891138275252797
0.7000000000000001	0.18834405185870398
0.7050000000000001	0.18777963622908495
0.71	0.18721813751833935
0.715	0.18665955591382136
0.72	0.1861038902310874
0.725	0.18555113800375164
0.73	0.1850012955678647
0.735	0.184454358141329
0.74	0.1839103198985304
0.745	0.18336917404057
0.75	0.18283091286131692
0.755	0.1822955278095479
0.76	0.18176300954743013
0.765	0.18123334800559016
0.77	0.18070653243489068
0.775	0.18018255145521284
0.78	0.1796613931013744
0.785	0.17914304486634347
0.79	0.17862749374193784
0.795	0.17811472625718727
0.8	0.17760472851435974
0.805	0.17709748622301577
0.81	0.17659298473196822
0.8150000000000001	0.176091209059446
0.8200000000000001	0.17559214392145692
0.8250000000000001	0.17509577375855084
0.8300000000000001	0.17460208276097697
0.8350000000000001	0.17411105489233508
0.84	0.1736226739119867
0.845	0.17313692339598816
0.85	0.17265378675688156
0.855	0.17217324726236305
0.86	0.1716952880527058
0.865	0.1712198921573273
0.87	0.17074704251028436
0.875	0.17027672196483057
0.88	0.16980891330715342
0.885	0.1693435992692761
0.89	0.1688807625411852
0.895	0.16842038578218482
0.9	0.1679624516316638
0.905	0.16750694271906902
0.91	0.16705384167336843
0.915	0.16660313113191613
0.92	0.16615479374873135
0.925	0.16570881220221556
0.93	0.16526516920256712
0.935	0.1648238474984627
0.9400000000000001	0.16438482988352396
0.9450000000000001	0.1639480992022421
0.9500000000000001	0.163513638355576
0.9550000000000001	0.16308143030612682
0.9600000000000001	0.16265145808298032
0.965	0.16222370478627254
0.97	0.16179815359132724
0.975	0.16137478775265904
0.98	0.16095359060748143
0.985	0.16053454557914473
0.99	0.16011763618026303
0.995	0.1597028460155435
1.	0.15929015878445663
1.005	0.15887955828369613
1.01	0.15847102840938052
1.015	0.15806455315888499
1.02	0.15766011663396898
1.025	0.15725770304297199
1.0299999999999998	0.1568572966897155
1.035	0.15645888200456956
1.0399999999999998	0.15606244351396972
1.045	0.1556679658576724
1.0499999999999998	0.15527543378904476
1.055	0.15488483217142487
1.0599999999999998	0.15449614598187986
1.065	0.1541093603111374
1.0699999999999998	0.15372446036458243
1.075	0.15334143146182802
1.0799999999999998	0.15296025903765517
1.085	0.15258092864236358
1.0899999999999999	0.15220342594184827
1.095	0.15182773671738803
1.0999999999999999	0.15145384686643162
1.105	0.15108174240193906
1.1099999999999999	0.15071140945275
1.115	0.15034283426316897
1.1199999999999999	0.14997600319281298
1.125	0.14961090271689012
1.13	0.14924751942507702
1.135	0.1488858400219056
1.14	0.14852585132596444
1.145	0.14816754026984164
1.15	0.14781089389932797
1.155	0.1474558993732317
1.16	0.1471025439627696
1.1649999999999998	0.14675081505095444
1.17	0.14640070013220677
1.1749999999999998	0.14605218681146057
1.18	0.14570526280403
1.1849999999999998	0.1453599159344202
1.19	0.1450161341361363
1.1949999999999998	0.14467390545067138
1.2	0.14433321802702118
1.2049999999999998	0.14399406012087787
1.21	0.14365642009392363
1.2149999999999999	0.1433202864131159
1.22	0.142985647649898
1.2249999999999999	0.14265249247946032
1.23	0.14232080967994057
1.2349999999999999	0.14199058813168425
1.24	0.14166181681642892
1.2449999999999999	0.14133448481651253
1.25	0.1410085813140128
1.255	0.1406840955901167
1.26	0.14036101702400733
1.265	0.14003933509237051
1.27	0.1397190393683398
1.275	0.13940011952079953
1.28	0.13908256531343466
1.285	0.13876636660408476
1.2899999999999998	0.1384515133437381
1.295	0.1381379955757803
1.2999999999999998	0.1378258034351929
1.305	0.13751492714768576
1.3099999999999998	0.13720535702881154
1.315	0.13689708348331514
1.3199999999999998	0.13659009700407473
1.325	0.13628438817148533
1.3299999999999998	0.13597994765248558
1.335	0.1356767661998805
1.3399999999999999	0.13537483465139552
1.345	0.13507414392893424
1.3499999999999999	0.13477468503778656
1.355	0.13447644906574305
1.3599999999999999	0.1341794271823955
1.365	0.13388361063825396
1.3699999999999999	0.13358899076404565
1.375	0.13329555896981976
1.38	0.13300330674426783
1.385	0.13271222565387317
1.39	0.13242230734216798
1.395	0.13213354352900566
1.4	0.13184592600967673
1.405	0.13155944665431746
1.41	0.13127409740701923
1.4149999999999998	0.13098987028518128
1.42	0.1307067573786923
1.4249999999999998	0.13042475084925936
1.43	0.1301438429296459
1.4349999999999998	0.12986402592295682
1.44	0.1295852922019347
1.4449999999999998	0.12930763420825497
1.45	0.1290310444517743
1.4549999999999998	0.12875551550987885
1.46	0.12848104002676936
1.4649999999999999	0.12820761071284079
1.47	0.1279352203438821
1.4749999999999999	0.12766386176051067
1.48	0.12739352786744684
1.4849999999999999	0.12712421163288054
1.49	0.12685590608781264
1.4949999999999999	0.12658860432539276
1.5	0.12632229950030485
1.505	0.12605698482810976
1.51	0.1257926535845858
1.515	0.1255292991051794
1.52	0.12526691478437432
1.525	0.1250054940749549
1.53	0.12474503048761763
1.535	0.12448551759019089
1.54	0.1242269490071224
1.545	0.12396931841888309
1.5499999999999998	0.12371261956135698
1.555	0.12345684622534812
1.5599999999999998	0.12320199225589508
1.565	0.12294805155180323
1.5699999999999998	0.12269501806504078
1.575	0.12244288580021592
1.5799999999999998	0.12219164881397894
1.585	0.1219413012145807
1.5899999999999999	0.12169183716123003
1.595	0.1214432508636178
1.5999999999999999	0.12119553658142805
1.605	0.12094868862373748
1.6099999999999999	0.1207027013485984
1.615	0.12045756916246389
1.6199999999999999	0.12021328651968426
1.625	0.11996984792209617
1.63	0.11972724791844609
1.635	0.11948548110391374
1.64	0.11924454211970593
1.645	0.11900442565249975
1.65	0.11876512643401356
1.655	0.11852663924055683
1.66	0.11828895889251645
1.665	0.11805208025398668
1.67	0.11781599823224309
1.6749999999999998	0.11758070777735552
1.68	0.11734620388172189
1.6849999999999998	0.11711248157962703
1.69	0.1168795359468441
1.6949999999999998	0.11664736210018867
1.7	0.11641595519711646
1.7049999999999998	0.11618531043526625
1.71	0.11595542305215124
1.7149999999999999	0.11572628832460964
1.72	0.1154979015685241
1.7249999999999999	0.11527025813839815
1.73	0.11504335342688389
1.7349999999999999	0.11481718286454005
1.74	0.11459174191931223
1.7449999999999999	0.11436702609623928
1.75	0.11414303093704747
1.755	0.11391975201977567
1.76	0.11369718495841827
1.765	0.11347532540258444
1.77	0.11325416903709026
1.775	0.11303371158165482
1.78	0.11281394879053205
1.785	0.112594876452137
1.79	0.11237649038875273
1.795	0.1121587864561729
1.7999999999999998	0.11194176054333728
1.805	0.1117254085720606
1.8099999999999998	0.11150972649664972
1.815	0.11129471030359925
1.8199999999999998	0.11108035601130585
1.825	0.11086665966969796
1.8299999999999998	0.11065361735994332
1.835	0.11044122519416044
1.8399999999999999	0.11022947931509183
1.845	0.11001837589581075
1.8499999999999999	0.10980791113941255
1.855	0.10959808127872789
1.8599999999999999	0.1093888825760352
1.865	0.10918031132275338
1.8699999999999999	0.10897236383918447
1.875	0.10876503647419668
1.88	0.10855832560498327
1.885	0.10835222763673893
1.89	0.10814673900245177
1.895	0.10794185616256677
1.9	0.10773757560475886
1.905	0.10753389384365257
1.91	0.10733080742058375
1.915	0.10712831290330058
1.92	0.1069264068857438
1.9249999999999998	0.1067250859877776
1.93	0.10652434685496505
1.9349999999999998	0.10632418615826414
1.94	0.1061246005938406
1.9449999999999998	0.10592558688281954
1.95	0.10572714177099744
1.9549999999999998	0.1055292620286797
1.96	0.10533194445036852
1.9649999999999999	0.10513518585460972
1.97	0.10493898308370492
1.9749999999999999	0.10474333300350015
1.98	0.10454823250319818
1.9849999999999999	0.10435367849508219
1.99	0.10415966791432557
1.9949999999999999	0.1039661977187801
2.	0.10377326488876111
2.005	0.1035808664268055
2.01	0.10338899935752115
2.015	0.10319766072731118
2.02	0.10300684760422431
2.025	0.10281655707773071
2.03	0.102626786258508
2.035	0.10243753227827991
2.04	0.10224879228957506
2.045	0.10206056346556278
2.05	0.10187284299986998
2.0549999999999997	0.10168562810634688
2.06	0.10149891601893157
2.065	0.10131270399141562
2.07	0.101126989297334
2.0749999999999997	0.10094176922967216
2.08	0.10075704110079374
2.085	0.10057280224219449
2.09	0.10038905000435937
2.0949999999999998	0.10020578175657532
2.1	0.10002299488676689
2.105	0.09984068680131632
2.11	0.09965885492489779
2.1149999999999998	0.09947749670032024
2.12	0.09929660958834093
2.125	0.0991161910675375
2.13	0.09893623863409924
2.135	0.09875674980171767
2.14	0.098577722101369
2.145	0.0983991530812372
2.15	0.09822104030647738
2.155	0.09804338135911182
2.16	0.09786617383786719
2.165	0.0976894153580189
2.17	0.09751310355125238
2.175	0.09733723606549713
2.18	0.09716181056481105
2.185	0.0969868247292095
2.19	0.0968122762545233
2.195	0.09663816285229489
2.1999999999999997	0.09646448224959316
2.205	0.09629123218888952
2.21	0.09611841042793468
2.215	0.0959460147396175
2.2199999999999998	0.09577404291182252
2.225	0.09560249274729353
2.23	0.0954313620635292
2.235	0.09526064869263226
2.2399999999999998	0.095090350481178
2.245	0.09492046529008721
2.25	0.09475099099453752
2.255	0.0945819254837754
2.26	0.09441326666104381
2.265	0.09424501244343479
2.27	0.09407716076178597
2.275	0.09390970956054415
2.28	0.09374265679764814
2.285	0.0935760004444278
2.29	0.0934097384854859
2.295	0.09324386891855801
2.3	0.09307838975442127
2.305	0.0929132990167834
2.31	0.09274859474216306
2.315	0.09258427497977013
2.32	0.09242033779142807
2.3249999999999997	0.09225678125142962
2.33	0.0920936034464568
2.335	0.09193080247544648
2.34	0.0917683764495195
2.3449999999999998	0.09160632349186032
2.35	0.09144464173760819
2.355	0.09128332933376575
2.36	0.09112238443907543
2.3649999999999998	0.09096180522397214
2.37	0.0908015898704212
2.375	0.09064173657186454
2.38	0.09048224353310398
2.385	0.0903231089702102
2.39	0.09016433111042522
2.395	0.09000590819207868
2.4	0.08984783846447936
2.405	0.08969012018783673
2.41	0.08953275163315144
2.415	0.08937573108215512
2.42	0.08921905682718319
2.425	0.08906272717111695
2.43	0.08890674042727646
2.435	0.08875109491935305
2.44	0.08859578898128902
2.445	0.08844082095724191
2.4499999999999997	0.08828618920144511
2.455	0.08813189207817312
2.46	0.08797792796161957
2.465	0.08782429523584434
2.4699999999999998	0.08767099229466975
2.475	0.0875180175416167
2.48	0.08736536938981991
2.485	0.08721304626193413
2.4899999999999998	0.08706104659008614
2.495	0.08690936881576035
2.5	0.086758011389759
2.505	0.08660697277209972
2.51	0.08645625143194216
2.515	0.08630584584752786
2.52	0.08615575450610155
2.525	0.086005975903819
2.53	0.08585650854569946
2.535	0.08570735094554408
2.54	0.08555850162586331
2.545	0.08540995911779155
2.55	0.08526172196106273
2.555	0.08511378870387855
2.56	0.0849661579028884
2.565	0.08481882812310176
2.57	0.08467179793782253
2.5749999999999997	0.08452506592858472
2.58	0.08437863068507609
2.585	0.08423249080509286
2.59	0.08408664489445189
2.5949999999999998	0.0839410915669411
2.6	0.0837958294442425
2.605	0.08365085715590137
2.61	0.08350617333921086
2.6149999999999998	0.08336177663919073
2.62	0.083217665708516
2.625	0.0830738392074511
2.63	0.08293029580378604
2.635	0.08278703417278555
2.64	0.08264405299713143
2.645	0.08250135096684977
2.65	0.08235892677926282
2.655	0.0822167791389217
2.66	0.08207490675757467
2.665	0.08193330835407549
2.67	0.08179198265434588
2.675	0.08165092839132596
2.68	0.08151014430489427
2.685	0.08136962914184205
2.69	0.08122938165579763
2.695	0.08108940060718446
2.7	0.08094968476315965
2.705	0.08081023289756614
2.71	0.0806710437908763
2.715	0.08053211623014411
2.7199999999999998	0.08039344900894764
2.725	0.08025504092734323
2.73	0.08011689079181775
2.735	0.07997899741522439
2.7399999999999998	0.07984135961674653
2.745	0.07970397622183802
2.75	0.07956684606218908
2.755	0.07942996797565952
2.76	0.07929334080623743
2.765	0.07915696340400097
2.77	0.0790208346250584
2.775	0.0788849533315011
2.78	0.07874931839136354
2.785	0.0786139286785803
2.79	0.07847878307292326
2.795	0.07834388045997645
2.8	0.07820921973107949
2.8049999999999997	0.07807479978327837
2.81	0.07794061951929634
2.815	0.0778066778474757
2.82	0.07767297368174296
2.825	0.07753950594155665
2.83	0.07740627355188157
2.835	0.07727327544311305
2.84	0.07714051055108463
2.8449999999999998	0.07700797781697145
2.85	0.07687567618728881
2.855	0.07674360461383745
2.86	0.0766117620536522
2.8649999999999998	0.07648014746898407
2.87	0.076348759827236
2.875	0.07621759810094116
2.88	0.0760866612677139
2.885	0.0759559483102144
2.89	0.07582545821610527
2.895	0.07569518997801834
2.9	0.07556514259351224
2.905	0.07543531506503721
2.91	0.07530570639989465
2.915	0.07517631561020299
2.92	0.07504714171285394
2.925	0.07491818372948524
2.9299999999999997	0.0747894406864362
2.935	0.07466091161471457
2.94	0.07453259554995645
2.945	0.07440449153240193
2.95	0.07427659860684492
2.955	0.07414891582260706
2.96	0.07402144223350017
2.965	0.07389417689779036
2.9699999999999998	0.07376711887816947
2.975	0.07364026724170898
2.98	0.07351362105984095
2.985	0.07338717940831344
2.9899999999999998	0.07326094136715879
2.995	0.07313490602066479
3.	0.07300907245733855
3.005	0.07288343976987639
3.01	0.07275800705512557
3.015	0.07263277341405765
3.02	0.072507737951738
3.025	0.07238289977728482
3.03	0.07225825800384734
3.035	0.07213381174857442
3.04	0.07200956013257356
3.045	0.07188550228088757
3.05	0.07176163732246865
3.0549999999999997	0.07163796439013533
3.06	0.07151448262055472
3.065	0.07139119115420231
3.07	0.07126808913534188
3.075	0.07114517571198527
3.08	0.07102245003587633
3.085	0.07089991126244813
3.09	0.07077755855080306
3.0949999999999998	0.07065539106367777
3.1	0.0705334079674262
3.105	0.07041160843197534
3.11	0.07028999163080615
3.115	0.07016855674092984
3.12	0.0700473029428497
3.125	0.06992622942053779
3.13	0.06980533536141213
3.135	0.06968461995630368
3.14	0.06956408239943174
3.145	0.0694437218883763
3.15	0.06932353762405062
3.155	0.06920352881067851
3.16	0.06908369465576462
3.165	0.06896403437006714
3.17	0.06884454716757592
3.175	0.06872523226548449
3.1799999999999997	0.06860608888416143
3.185	0.06848711624713104
3.19	0.0683683135810432
3.195	0.0682496801156515
3.2	0.06813121508378504
3.205	0.06801291772132532
3.21	0.06789478726718057
3.215	0.06777682296326462
3.2199999999999998	0.06765902405446592
3.225	0.06754138978863237
3.23	0.06742391941653686
3.235	0.0673066121918607
3.24	0.06718946737116917
3.245	0.06707248421388341
3.25	0.06695566198226252
3.255	0.06683899994137484
3.26	0.06672249735907944
3.265	0.06660615350600008
3.27	0.06648996765550166
3.275	0.06637393908367148
3.28	0.06625806706929205
3.285	0.06614235089381944
3.29	0.06602678984136302
3.295	0.06591138319866094
3.3	0.0657961302550585
3.3049999999999997	0.06568103030248675
3.31	0.06556608263543884
3.315	0.06545128655095053
3.32	0.06533664134857645
3.325	0.06522214633036864
3.33	0.06510780080085667
3.335	0.06499360406702419
3.34	0.0648795554382889
3.3449999999999998	0.06476565422648128
3.35	0.06465189974582225
3.355	0.06453829131290496
3.36	0.06442482824667095
3.365	0.06431150986839043
3.37	0.06419833550164206
3.375	0.06408530447229299
3.38	0.06397241610847623
3.385	0.06385966974057239
3.39	0.06374706470118839
3.395	0.06363460032513747
3.4	0.06352227594941934
3.405	0.06341009091320116
3.41	0.06329804455779298
3.415	0.06318613622663469
3.42	0.06307436526527359
3.425	0.06296273102134084
3.4299999999999997	0.06285123284453821
3.435	0.06273987008661472
3.44	0.06262864210134861
3.445	0.062517548244527
3.45	0.06240658787392785
3.455	0.06229576034930089
3.46	0.062185065032346436
3.465	0.06207450128670002
3.4699999999999998	0.06196406847790876
3.475	0.06185376597341834
3.48	0.061743593142549326
3.485	0.06163354935647924
3.49	0.06152363398822723
3.495	0.06141384641263023
3.5	0.06130418600633097
3.505	0.06119465214775352
3.51	0.06108524421708851
3.515	0.060975961596272464
3.52	0.06086680366897191
3.525	0.060757769820563565
3.53	0.06064885943811789
3.535	0.06054007191037686
3.54	0.06043140662774157
3.545	0.06032286298225353
3.55	0.060214440367567464
3.5549999999999997	0.06010613817894839
3.56	0.059997955813245366
3.565	0.05988989266886981
3.5700000000000003	0.05978194814578753
3.575	0.05967412164549337
3.58	0.05956641257099626
3.585	0.059458820326805585
3.59	0.05935134431890482
3.5949999999999998	0.05924398395474181
3.5999999999999996	0.05913673864320978
3.605	0.05902960779462526
3.61	0.05892259082071598
3.615	0.058815687134603396
3.62	0.05870889615077922
3.625	0.058602217285098894
3.63	0.05849564995475188
3.635	0.05838919357825677
3.6399999999999997	0.05828284757542998
3.645	0.05817661136738713
3.65	0.05807048437650717
3.6550000000000002	0.057964466026426964
3.66	0.05785855574201861
3.665	0.057752752949380703
3.67	0.057647057075806876
3.675	0.05754146754978246
3.6799999999999997	0.05743598380096285
3.685	0.05733060526015284
3.69	0.05722533135929318
3.6950000000000003	0.057120161531446424
3.7	0.05701509521077187
3.705	0.05691013183251781
3.71	0.05680527083300255
3.715	0.05670051164958599
3.7199999999999998	0.05659585372067127
3.7249999999999996	0.05649129648567675
3.73	0.0563868393850195
3.735	0.05628248186010105
3.74	0.056178223353287274
3.745	0.05607406330790089
3.75	0.05597000116819227
3.755	0.055866036379326786
3.76	0.05576216838737005
3.7649999999999997	0.05565839663927644
3.77	0.055554720582859374
3.775	0.05545113966678027
3.7800000000000002	0.05534765334053804
3.785	0.05524426105444078
3.79	0.05514096225960175
3.795	0.05503775640790883
3.8	0.054934642952014175
3.8049999999999997	0.05483162134532782
3.81	0.05472869104197576
3.815	0.054625851496806765
3.8200000000000003	0.05452310216536014
3.825	0.05442044250386461
3.83	0.0543178719691972
3.835	0.05421539001889309
3.84	0.05411299611111049
3.8449999999999998	0.05401068970461801
3.8499999999999996	0.05390847025877666
3.855	0.053806337233530704
3.86	0.05370429008937748
3.865	0.05360232828736227
3.87	0.0535004512890514
3.875	0.053398658556522816
3.88	0.053296949552341336
3.885	0.05319532373954268
3.8899999999999997	0.05309378058162909
3.895	0.0529923195425284
3.9	0.05289094008659807
3.9050000000000002	0.05278964167859233
3.91	0.052688423783656166
3.915	0.05258728586729908
3.92	0.052486227395383576
3.925	0.05238524783410036
3.9299999999999997	0.052284346649957646
3.935	0.05218352330976035
3.94	0.052082777280589944
3.9450000000000003	0.05198210802979021
3.95	0.05188151502495151
3.955	0.0517809977338734
3.96	0.05168055562458741
3.965	0.05158018816528523
3.9699999999999998	0.05147989482434748
3.9749999999999996	0.051379675070298676
3.98	0.051279528371792275
3.985	0.0511794541976093
3.99	0.05107945201660693
3.995	0.05097952129773545
4.	0.050879661510000326
4.005	0.05077987212242919
4.01	0.05068015260409384
4.015	0.05058050242405145
4.02	0.050480921051345065
4.025	0.050381407954979675
4.03	0.05028196260390239
4.035	0.05018258446698863
4.04	0.05008327301301254
4.045	0.04998402771062766
4.05	0.049884848028360566
4.055	0.04978573343458213
4.0600000000000005	0.04968668339748786
4.0649999999999995	0.04958769738506043
4.07	0.04948877486509456
4.075	0.049389915305132266
4.08	0.04929111817245194
4.085	0.04919238293407443
4.09	0.04909370905670819
4.095	0.048995096006735336
4.1	0.04889654325022059
4.105	0.048798050252853324
4.109999999999999	0.04869961647993406
4.115	0.04860124139637532
4.12	0.04850292446664887
4.125	0.048404665154791374
4.13	0.048306462924359944
4.135	0.0482083172384223
4.14	0.04811022755954037
4.145	0.048012193349731974
4.15	0.04791421407046081
4.155	0.047816289182605165
4.16	0.047718418146441455
4.165	0.04762060042162507
4.17	0.047522835467150054
4.175	0.04742512274134113
4.18	0.04732746170183306
4.1850000000000005	0.04722985180553142
4.1899999999999995	0.04713229250858884
4.195	0.04703478326641039
4.2	0.04693732353359092
4.205	0.046839912763909634
4.21	0.04674255041030726
4.215	0.04664523592485574
4.22	0.046547968758724585
4.225	0.046450748362183075
4.23	0.0463535741845397
4.234999999999999	0.046256445674136726
4.24	0.046159362278330916
4.245	0.04606232344343474
4.25	0.04596532861473871
4.255	0.04586837723643251
4.26	0.0457714687516114
4.265	0.04567460260224809
4.27	0.04557777822915253
4.275	0.045480995071945335
4.28	0.04538425256903318
4.285	0.04528755015758531
4.29	0.04519088727349272
4.295	0.04509426335135235
4.3	0.044997677824421344
4.305	0.044901130124616946
4.3100000000000005	0.04480461968245138
4.3149999999999995	0.04470814592701367
4.32	0.044611708285967375
4.325	0.044515306185468624
4.33	0.04441893905017016
4.335	0.04432260630319955
4.34	0.044226307366072234
4.345	0.04413004165873694
4.35	0.044033808599477954
4.355	0.04393760760491027
4.359999999999999	0.04384143808994095
4.365	0.043745299467757404
4.37	0.043649191149743465
4.375	0.04355311254549953
4.38	0.0434570630627684
4.385	0.04336104210742098
4.39	0.043265049083416864
4.395	0.04316908339275991
4.4	0.04307314443547665
4.405	0.04297723160955965
4.41	0.042881344310946375
4.415	0.042785481933483305
4.42	0.04268964386888089
4.425	0.04259382950664981
4.43	0.042498038234126845
4.4350000000000005	0.04240226943636442
4.4399999999999995	0.04230652249612986
4.445	0.042210796793861194
4.45	0.04211509170762592
4.455	0.04201940661304815
4.46	0.041923740883326135
4.465	0.04182809388912967
4.47	0.04173246499861196
4.475	0.04163685357730355
4.48	0.041541258988122595
4.484999999999999	0.041445680591301895
4.49	0.041350117744362064
4.495	0.041254569802027914
4.5	0.04115903611623176
4.505	0.041063516036034996
4.51	0.04096800890756798
4.515	0.0408725140740317
4.52	0.040777030875590224
4.525	0.04068155864935591
4.53	0.040586096729331333
4.535	0.040490644446350726
4.54	0.04039520112803283
4.545	0.040299766098734355
4.55	0.040204338679481796
4.555	0.040108918187933044
4.5600000000000005	0.040013503938297515
4.5649999999999995	0.039918095241316905
4.57	0.03982269140417457
4.575	0.03972729173046314
4.58	0.0396318955200868
4.585	0.03953650206926145
4.59	0.03944111067040496
4.595000000000001	0.03934572061208946
4.6	0.039250331178991744
4.605	0.03915494165181879
4.609999999999999	0.039059551307240585
4.615	0.03896415941784059
4.62	0.038868765252017885
4.625	0.03877336807397374
4.63	0.03867796714358368
4.635	0.03858256171635576
4.640000000000001	0.038487151043392474
4.645	0.038391734371253226
4.65	0.03829631094193487
4.654999999999999	0.038200879992774585
4.66	0.03810544075637049
4.665	0.038009992460535
4.67	0.03791453432817905
4.675	0.03781906557726354
4.68	0.03772358542070826
4.6850000000000005	0.03762809306630246
4.6899999999999995	0.037532587716635264
4.695	0.03743706856901261
4.7	0.03734153481536634
4.705	0.03724598564215005
4.71	0.03715042023030905
4.715	0.03705483775511014
4.720000000000001	0.03695923738610631
4.725	0.03686361828704303
4.73	0.03676797961573708
4.734999999999999	0.0366723205239891
4.74	0.03657664015750343
4.745	0.03648093765576435
4.75	0.036385212151972476
4.755	0.03628946277288846
4.76	0.036193688638763516
4.765000000000001	0.03609788886324093
4.77	0.036002062553224794
4.775	0.03590620880877621
4.779999999999999	0.035810326723007796
4.785	0.03571441538195939
4.79	0.035618473864502884
4.795	0.03552250124218303
4.8	0.035426496579148196
4.805	0.03533045893199279
4.8100000000000005	0.03523438734964134
4.8149999999999995	0.035138280873215993
4.82	0.035042138535914695
4.825	0.03494595936288109
4.83	0.03484974237104561
4.835	0.034753486569051556
4.84	0.03465719095702074
4.845000000000001	0.034560854526487515
4.85	0.034464476260221935
4.855	0.03436805513209588
4.859999999999999	0.03427159010689347
4.865	0.03417508014022556
4.87	0.0340785241783024
4.875	0.03398192115781806
4.88	0.03388527000577876
4.885	0.033788569639313225
4.890000000000001	0.03369181896553241
4.895	0.033595016881346335
4.9	0.033498162273279695
4.904999999999999	0.03340125401729901
4.91	0.033304290978616764
4.915	0.03320727201152064
4.92	0.03311019595918601
4.925	0.0330130616534368
4.93	0.032915867914603034
4.9350000000000005	0.032818613551276486
4.9399999999999995	0.03272129736012054
4.945	0.0326239181256498
4.95	0.03252647462001929
4.955	0.032428965602781856
4.96	0.032331389820696575
4.965	0.03223374600747641
4.970000000000001	0.032136032883531375
4.975	0.032038249155780574
4.98	0.03194039351733603
4.984999999999999	0.03184246464730142
4.99	0.03174446121051094
4.995	0.0316463818572266
5.	0.03154822522290454
5.005	0.0314499899279186
5.01	0.031351674577239634
5.015000000000001	0.031253277760195645
5.02	0.031154798050139522
5.025	0.031056234004164365
5.029999999999999	0.030957584162798868
5.035	0.0308588470496566
5.04	0.030760021171160463
5.045	0.03066110501618347
5.05	0.030562097055695
5.055	0.030462995742443183
5.0600000000000005	0.030363799510590733
5.0649999999999995	0.030264506775326935
5.07	0.03016511593253454
5.075	0.030065625358366384
5.08	0.029966033408873594
5.085	0.029866338419609492
5.09	0.029766538705201698
5.095000000000001	0.02966663255893966
5.1	0.029566618252355025
5.105	0.029466494034735453
5.109999999999999	0.029366258132722232
5.115	0.02926590874980161
5.12	0.029165444065858956
5.125	0.02906486223667046
5.13	0.028964161393388855
5.135	0.028863339642057288
5.14	0.028762395063054797
5.145	0.028661325710559717
5.15	0.028560129611994806
5.155	0.02845880476744453
5.16	0.028357349149066676
5.165	0.0282557607005054
5.17	0.02815403733625439
5.175	0.028052176941006843
5.18	0.027950177369019398
5.185	0.027848036443441176
5.19	0.027745751955597336
5.195	0.027643321664294018
5.2	0.027540743295085133
5.205	0.027438014539503678
5.21	0.027335133054318884
5.215	0.027232096460686018
5.22	0.02712890234338994
5.225	0.02702554824994973
5.23	0.026922031689766965
5.235	0.02681835013323442
5.24	0.026714501010818795
5.245	0.026610481712083887
5.25	0.026506289584750518
5.255	0.026401921933664287
5.26	0.026297376019745036
5.265	0.02619264905897097
5.27	0.0260877382211999
5.275	0.02598264062909088
5.28	0.025877353356900282
5.285	0.025771873429272844
5.29	0.025666197820017302
5.295	0.025560323450782636
5.3	0.025454247189721214
5.305	0.025347965850166902
5.31	0.02524147618917279
5.315	0.025134774906021052
5.32	0.025027858640780547
5.325	0.024920723972663202
5.33	0.024813367418457022
5.335	0.024705785430827423
5.34	0.02459797439658697
5.345	0.024489930634907005
5.35	0.02438165039546355
5.355	0.024273129856511658
5.36	0.024164365122899097
5.365	0.02405535222402519
5.37	0.023946087111670913
5.375	0.02383656565782869
5.38	0.023726783652388016
5.385	0.023616736800759448
5.39	0.023506420721433052
5.395	0.023395830943398654
5.4	0.023284962903506325
5.405	0.023173811943711233
5.41	0.023062373308222535
5.415	0.022950642140517345
5.42	0.022838613480273606
5.425	0.022726282260151876
5.43	0.02261364330247356
5.435	0.02250069131573571
5.44	0.02238742089102615
5.445	0.022273826498252564
5.45	0.022159902482237648
5.455	0.022045643058637522
5.46	0.021931042309729965
5.465	0.02181609417995975
5.47	0.02170079247134273
5.475	0.021585130838653727
5.48	0.02146910278441276
5.485	0.021352701653634416
5.49	0.021235920628365462
5.495	0.021118752721969357
5.5	0.02100119077313459
5.505	0.02088322743964052
5.51	0.020764855191810948
5.515	0.02064606630568116
5.52	0.02052685285581462
5.525	0.0204072067078056
5.53	0.020287119510413256
5.535	0.020166582687298314
5.54	0.020045587428375766
5.545	0.01992412468071376
5.55	0.0198021851389965
5.555	0.019679759235489598
5.56	0.019556837129489076
5.565	0.019433408696219973
5.57	0.019309463515172896
5.575	0.019184990857780294
5.58	0.01905997967445853
5.585	0.018934418580935142
5.59	0.018808295843820128
5.595	0.01868159936536884
5.6	0.018554316667386224
5.605	0.01842643487420909
5.61	0.018297940694698103
5.615	0.018168820403172168
5.62	0.018039059819209276
5.625	0.017908644286227533
5.63	0.017777558648750462
5.635	0.01764578722827523
5.64	0.01751331379760834
5.645	0.017380121553580284
5.65	0.017246193087984692
5.655	0.01711151035661695
5.66	0.016976054646251692
5.665	0.016839806539384983
5.67	0.016702745876566796
5.675	0.016564851716105014
5.68	0.01642610229092109
5.6850000000000005	0.01628647496230095
5.69	0.01614594617028629
5.695	0.01600449138036464
5.7	0.015862085026149587
5.705	0.015718700447662052
5.71	0.015574309824801675
5.715	0.01542888410551973
5.72	0.01528239292819477
5.725	0.015134804537639449
5.73	0.014986085694029396
5.735	0.014836201574085644
5.74	0.014685115663639383
5.745	0.014532789640680218
5.75	0.01437918324777877
5.755	0.014224254152772755
5.76	0.01406795779629202
5.765	0.013910247224562319
5.77	0.01375107290582291
5.775	0.013590382528233679
5.78	0.01342812077698008
5.785	0.013264229087946548
5.79	0.013098645374777305
5.795	0.012931303725855691
5.8	0.01276213406694113
5.805	0.012591061784624274
5.8100000000000005	0.012418007304922036
5.815	0.012242885620295749
5.82	0.012065605757113167
5.825	0.01188607017420792
5.83	0.011704174081309474
5.835	0.01151980466380938
5.84	0.011332840197821596
5.845	0.011143149035814117
5.85	0.010950588438924883
5.855	0.010755003226785458
5.86	0.010556224208544187
5.865	0.01035406635046141
5.87	0.010148326623604511
5.875	0.009938781460874287
5.88	0.009725183733114658
5.885	0.009507259128110658
5.89	0.009284701781884222
5.895	0.009057168964793938
5.9	0.008824274559404616
5.905	0.008585580977102233
5.91	0.008340589030661462
5.915	0.008088725093554098
5.92	0.007829324601421524
5.925	0.007561610535573834
5.93	0.007284664887796918
5.9350000000000005	0.00699739008832972
5.94	0.006698455713699097
5.945	0.006386222967504496
5.95	0.006058634434227794
5.955	0.005713047339047157
5.96	0.0053459703169230184
5.965	0.004952625186358566
5.97	0.004526166327170154
5.975	0.00405615997616307
5.98	0.003525227888366318
5.985	0.0029000955952099526
5.99	0.0020981852418777308
5.995	0.0006345797367652626
6.	0.
6.005	0.
6.01	0.
6.015	0.
6.02	0.
6.025	0.
6.03	0.
6.035	0.
6.04	0.
6.045	0.
6.05	0.
6.055	0.
6.0600000000000005	0.
6.065	0.
6.07	0.
6.075	0.
6.08	0.
6.085	0.
6.09	0.
6.095	0.
6.1	0.
6.105	0.
6.11	0.
6.115	0.
6.12	0.
6.125	0.
6.13	0.
6.135	0.
6.140000000000001	0.
6.145	0.
6.15	0.
6.155	0.
6.16	0.
6.165	0.
6.17	0.
6.175	0.
6.18	0.
6.1850000000000005	0.
6.1899999999999995	0.
6.195	0.
6.2	0.
6.205	0.
6.21	0.
6.215	0.
6.22	0.
6.225	0.
6.23	0.
6.235	0.
6.24	0.
6.245	0.
6.25	0.
6.255	0.
6.26	0.
6.265000000000001	0.
6.27	0.
6.275	0.
6.28	0.
6.285	0.
6.29	0.
6.295	0.
6.3	0.
6.305	0.
6.3100000000000005	0.
6.3149999999999995	0.
6.32	0.
6.325	0.
6.33	0.
6.335	0.
6.34	0.
6.345	0.
6.35	0.
6.355	0.
6.36	0.
6.365	0.
6.37	0.
6.375	0.
6.38	0.
6.385	0.
6.390000000000001	0.
6.395	0.
6.4	0.
6.405	0.
6.41	0.
6.415	0.
6.42	0.
6.425	0.
6.43	0.
6.4350000000000005	0.
6.4399999999999995	0.
6.445	0.
6.45	0.
6.455	0.
6.46	0.
6.465	0.
6.47	0.
6.475	0.
6.48	0.
6.485	0.
6.49	0.
6.495	0.
6.5	0.
6.505	0.
6.51	0.
6.515000000000001	0.
6.52	0.
6.525	0.
6.53	0.
6.535	0.
6.54	0.
6.545	0.
6.55	0.
6.555	0.
6.5600000000000005	0.
6.5649999999999995	0.
6.57	0.
6.575	0.
6.58	0.
6.585	0.
6.59	0.
6.595	0.
6.6	0.
6.605	0.
6.61	0.
6.615	0.
6.62	0.
6.625	0.
6.63	0.
6.635	0.
6.640000000000001	0.
6.645	0.
6.65	0.
6.655	0.
6.66	0.
6.665	0.
6.67	0.
6.675	0.
6.68	0.
6.6850000000000005	0.
6.6899999999999995	0.
6.695	0.
6.7	0.
6.705	0.
6.71	0.
6.715	0.
6.72	0.
6.725	0.
6.73	0.
6.735	0.
6.74	0.
6.745	0.
6.75	0.
6.755	0.
6.76	0.
6.765000000000001	0.
6.77	0.
6.775	0.
6.78	0.
6.785	0.
6.79	0.
6.795	0.
6.8	0.
6.805	0.
6.8100000000000005	0.
6.8149999999999995	0.
6.82	0.
6.825	0.
6.83	0.
6.835	0.
6.84	0.
6.845	0.
6.85	0.
6.855	0.
6.86	0.
6.865	0.
6.87	0.
6.875	0.
6.88	0.
6.885	0.
6.890000000000001	0.
6.895	0.
6.9	0.
6.905	0.
6.91	0.
6.915	0.
6.92	0.
6.925	0.
6.93	0.
6.9350000000000005	0.
6.9399999999999995	0.
6.945	0.
6.95	0.
6.955	0.
6.96	0.
6.965	0.
6.97	0.
6.975	0.
6.98	0.
6.985	0.
6.99	0.
6.995	0.
7.	0.
7.005	0.
7.01	0.
7.015000000000001	0.
7.02	0.
7.025	0.
7.03	0.
7.035	0.
7.04	0.
7.045	0.
7.05	0.
7.055	0.
7.0600000000000005	0.
7.0649999999999995	0.
7.07	0.
7.075	0.
7.08	0.
7.085	0.
7.09	0.
7.095	0.
7.1	0.
7.105	0.
7.11	0.
7.115	0.
7.12	0.
7.125	0.
7.13	0.
7.135	0.
7.140000000000001	0.
7.145	0.
7.15	0.
7.155	0.
7.16	0.
7.165	0.
7.17	0.
7.175	0.
7.18	0.
7.1850000000000005	0.
7.1899999999999995	0.
7.195	0.
7.2	0.
7.205	0.
7.21	0.
7.215	0.
7.220000000000001	0.
7.225	0.
7.23	0.
7.234999999999999	0.
7.24	0.
7.245	0.
7.25	0.
7.255	0.
7.26	0.
7.265000000000001	0.
7.27	0.
7.275	0.
7.28	0.
7.285	0.
7.29	0.
7.295	0.
7.300000000000001	0.
7.305	0.
7.3100000000000005	0.
7.3149999999999995	0.
7.32	0.
7.325	0.
7.33	0.
7.335	0.
7.34	0.
7.345000000000001	0.
7.35	0.
7.355	0.
7.359999999999999	0.
7.365	0.
7.37	0.
7.375	0.
7.38	0.
7.385	0.
7.390000000000001	0.
7.395	0.
7.4	0.
7.405	0.
7.41	0.
7.415	0.
7.42	0.
7.425000000000001	0.
7.43	0.
7.4350000000000005	0.
7.4399999999999995	0.
7.445	0.
7.45	0.
7.455	0.
7.46	0.
7.465	0.
7.470000000000001	0.
7.475	0.
7.48	0.
7.484999999999999	0.
7.49	0.
7.495	0.
7.5	0.
7.505	0.
7.51	0.
7.515000000000001	0.
7.52	0.
7.525	0.
7.53	0.
7.535	0.
7.54	0.
7.545	0.
7.550000000000001	0.
7.555	0.
7.5600000000000005	0.
7.5649999999999995	0.
7.57	0.
7.575	0.
7.58	0.
7.585	0.
7.59	0.
7.595000000000001	0.
7.6	0.
7.605	0.
7.609999999999999	0.
7.615	0.
7.62	0.
7.625	0.
7.63	0.
7.635	0.
7.640000000000001	0.
7.645	0.
7.65	0.
7.655	0.
7.66	0.
7.665	0.
7.67	0.
7.675000000000001	0.
7.68	0.
7.685	0.
7.6899999999999995	0.
7.694999999999999	0.
7.699999999999999	0.
7.704999999999999	0.
7.71	0.
7.715	0.
7.72	0.
7.725	0.
7.7299999999999995	0.
7.734999999999999	0.
7.739999999999999	0.
7.744999999999999	0.
7.75	0.
7.755	0.
7.76	0.
7.765	0.
7.77	0.
7.7749999999999995	0.
7.779999999999999	0.
7.784999999999999	0.
7.79	0.
7.795	0.
7.8	0.
7.805	0.
7.81	0.
7.8149999999999995	0.
7.819999999999999	0.
7.824999999999999	0.
7.829999999999999	0.
7.835	0.
7.84	0.
7.845	0.
7.85	0.
7.8549999999999995	0.
7.859999999999999	0.
7.864999999999999	0.
7.869999999999999	0.
7.875	0.
7.88	0.
7.885	0.
7.89	0.
7.895	0.
7.8999999999999995	0.
7.904999999999999	0.
7.909999999999999	0.
7.915	0.
7.92	0.
7.925	0.
7.93	0.
7.935	0.
7.9399999999999995	0.
7.944999999999999	0.
7.949999999999999	0.
7.955	0.
7.96	0.
7.965	0.
7.97	0.
7.975	0.
7.9799999999999995	0.
7.984999999999999	0.
7.989999999999999	0.
7.994999999999999	0.
8.	0.
8.004999999999999	0.
8.01	0.
8.014999999999999	0.
8.02	0.
8.025	0.
8.03	0.
8.035	0.
8.04	0.
8.045	0.
8.049999999999999	0.
8.055	0.
8.059999999999999	0.
8.065	0.
8.07	0.
8.075	0.
8.08	0.
8.084999999999999	0.
8.09	0.
8.094999999999999	0.
8.1	0.
8.105	0.
8.11	0.
8.115	0.
8.12	0.
8.125	0.
8.129999999999999	0.
8.135	0.
8.139999999999999	0.
8.145	0.
8.15	0.
8.155	0.
8.16	0.
8.165	0.
8.17	0.
8.174999999999999	0.
8.18	0.
8.184999999999999	0.
8.19	0.
8.195	0.
8.2	0.
8.205	0.
8.209999999999999	0.
8.215	0.
8.219999999999999	0.
8.225	0.
8.23	0.
8.235	0.
8.24	0.
8.245	0.
8.25	0.
8.254999999999999	0.
8.26	0.
8.264999999999999	0.
8.27	0.
8.275	0.
8.28	0.
8.285	0.
8.29	0.
8.295	0.
8.299999999999999	0.
8.305	0.
8.309999999999999	0.
8.315	0.
8.32	0.
8.325	0.
8.33	0.
8.334999999999999	0.
8.34	0.
8.344999999999999	0.
8.35	0.
8.355	0.
8.36	0.
8.365	0.
8.37	0.
8.375	0.
8.379999999999999	0.
8.385	0.
8.389999999999999	0.
8.395	0.
8.4	0.
8.405	0.
8.41	0.
8.415	0.
8.42	0.
8.424999999999999	0.
8.43	0.
8.434999999999999	0.
8.44	0.
8.445	0.
8.45	0.
8.455	0.
8.459999999999999	0.
8.465	0.
8.469999999999999	0.
8.475	0.
8.48	0.
8.485	0.
8.49	0.
8.495	0.
8.5	0.
8.504999999999999	0.
8.51	0.
8.515	0.
8.52	0.
8.525	0.
8.53	0.
8.535	0.
8.54	0.
8.545	0.
8.549999999999999	0.
8.555	0.
8.559999999999999	0.
8.565	0.
8.57	0.
8.575	0.
8.58	0.
8.584999999999999	0.
8.59	0.
8.594999999999999	0.
8.6	0.
8.605	0.
8.61	0.
8.615	0.
8.62	0.
8.625	0.
8.629999999999999	0.
8.635	0.
8.64	0.
8.645	0.
8.65	0.
8.655	0.
8.66	0.
8.665	0.
8.67	0.
8.674999999999999	0.
8.68	0.
8.684999999999999	0.
8.69	0.
8.695	0.
8.7	0.
8.705	0.
8.709999999999999	0.
8.715	0.
8.719999999999999	0.
8.725	0.
8.73	0.
8.735	0.
8.74	0.
8.745	0.
8.75	0.
8.754999999999999	0.
8.76	0.
8.765	0.
8.77	0.
8.775	0.
8.78	0.
8.785	0.
8.79	0.
8.795	0.
8.799999999999999	0.
8.805	0.
8.809999999999999	0.
8.815	0.
8.82	0.
8.825	0.
8.83	0.
8.834999999999999	0.
8.84	0.
8.844999999999999	0.
8.85	0.
8.855	0.
8.86	0.
8.865	0.
8.87	0.
8.875	0.
8.879999999999999	0.
8.885	0.
8.89	0.
8.895	0.
8.9	0.
8.905	0.
8.91	0.
8.915	0.
8.92	0.
8.924999999999999	0.
8.93	0.
8.934999999999999	0.
8.94	0.
8.945	0.
8.95	0.
8.955	0.
8.959999999999999	0.
8.965	0.
8.969999999999999	0.
8.975	0.
8.98	0.
8.985	0.
8.99	0.
8.995	0.
9.	0.
9.004999999999999	0.
9.01	0.
9.015	0.
9.02	0.
9.025	0.
9.03	0.
9.035	0.
9.04	0.
9.045	0.
9.049999999999999	0.
9.055	0.
9.059999999999999	0.
9.065	0.
9.07	0.
9.075	0.
9.08	0.
9.084999999999999	0.
9.09	0.
9.094999999999999	0.
9.1	0.
9.105	0.
9.11	0.
9.115	0.
9.12	0.
9.125	0.
9.129999999999999	0.
9.135	0.
9.14	0.
9.145	0.
9.15	0.
9.155	0.
9.16	0.
9.165	0.
9.17	0.
9.174999999999999	0.
9.18	0.
9.184999999999999	0.
9.19	0.
9.195	0.
9.2	0.
9.205	0.
9.209999999999999	0.
9.215	0.
9.219999999999999	0.
9.225	0.
9.23	0.
9.235	0.
9.24	0.
9.245	0.
9.25	0.
9.254999999999999	0.
9.26	0.
9.265	0.
9.27	0.
9.275	0.
9.28	0.
9.285	0.
9.29	0.
9.295	0.
9.299999999999999	0.
9.305	0.
9.309999999999999	0.
9.315	0.
9.32	0.
9.325	0.
9.33	0.
9.334999999999999	0.
9.34	0.
9.344999999999999	0.
9.35	0.
9.355	0.
9.36	0.
9.365	0.
9.37	0.
9.375	0.
9.379999999999999	0.
9.385	0.
9.39	0.
9.395	0.
9.4	0.
9.405	0.
9.41	0.
9.415	0.
9.42	0.
9.424999999999999	0.
9.43	0.
9.434999999999999	0.
9.44	0.
9.445	0.
9.45	0.
9.455	0.
9.459999999999999	0.
9.465	0.
9.469999999999999	0.
9.475	0.
9.48	0.
9.485	0.
9.49	0.
9.495	0.
9.5	0.
9.504999999999999	0.
9.51	0.
9.515	0.
9.52	0.
9.525	0.
9.53	0.
9.535	0.
9.54	0.
9.545	0.
9.549999999999999	0.
9.555	0.
9.559999999999999	0.
9.565	0.
9.57	0.
9.575	0.
9.58	0.
9.584999999999999	0.
9.59	0.
9.594999999999999	0.
9.6	0.
9.605	0.
9.61	0.
9.615	0.
9.62	0.
9.625	0.
9.629999999999999	0.
9.635	0.
9.64	0.
9.645	0.
9.65	0.
9.655	0.
9.66	0.
9.665	0.
9.67	0.
9.674999999999999	0.
9.68	0.
9.684999999999999	0.
9.69	0.
9.695	0.
9.7	0.
9.705	0.
9.709999999999999	0.
9.715	0.
9.719999999999999	0.
9.725	0.
9.73	0.
9.735	0.
9.74	0.
9.745	0.
9.75	0.
9.754999999999999	0.
9.76	0.
9.765	0.
9.77	0.
9.774999999999999	0.
9.78	0.
9.785	0.
9.79	0.
9.795	0.
9.8	0.
9.805	0.
9.809999999999999	0.
9.815	0.
9.82	0.
9.825	0.
9.83	0.
9.834999999999999	0.
9.84	0.
9.844999999999999	0.
9.85	0.
9.855	0.
9.86	0.
9.865	0.
9.87	0.
9.875	0.
9.879999999999999	0.
9.885	0.
9.89	0.
9.895	0.
9.899999999999999	0.
9.905	0.
9.91	0.
9.915	0.
9.92	0.
9.925	0.
9.93	0.
9.934999999999999	0.
9.94	0.
9.945	0.
9.95	0.
9.955	0.
9.959999999999999	0.
9.965	0.
9.969999999999999	0.
9.975	0.
9.98	0.
9.985	0.
9.99	0.
9.995	0.
10.	0.
10.004999999999999	0.
10.01	0.
10.015	0.
10.02	0.
10.024999999999999	0.
10.03	0.
10.035	0.
10.04	0.
10.045	0.
10.05	0.
10.055	0.
10.059999999999999	0.
10.065	0.
10.07	0.
10.075	0.
10.08	0.
10.084999999999999	0.
10.09	0.
10.094999999999999	0.
10.1	0.
10.105	0.
10.11	0.
10.115	0.
10.12	0.
10.125	0.
10.129999999999999	0.
10.135	0.
10.14	0.
10.145	0.
10.149999999999999	0.
10.155	0.
10.16	0.
10.165	0.
10.17	0.
10.175	0.
10.18	0.
10.184999999999999	0.
10.19	0.
10.195	0.
10.2	0.
10.205	0.
10.209999999999999	0.
10.215	0.
10.219999999999999	0.
10.225	0.
10.23	0.
10.235	0.
10.24	0.
10.245000000000001	0.
10.250000000000002	0.
10.255	0.
10.260000000000002	0.
10.265	0.
10.270000000000001	0.
10.275	0.
10.280000000000001	0.
10.285	0.
10.290000000000001	0.
10.295000000000002	0.
10.3	0.
10.305000000000001	0.
10.31	0.
10.315000000000001	0.
10.32	0.
10.325000000000001	0.
10.330000000000002	0.
10.335	0.
10.340000000000002	0.
10.345	0.
10.350000000000001	0.
10.355	0.
10.360000000000001	0.
10.365	0.
10.370000000000001	0.
10.375000000000002	0.
10.38	0.
10.385000000000002	0.
10.39	0.
10.395000000000001	0.
10.4	0.
10.405000000000001	0.
10.41	0.
10.415000000000001	0.
10.420000000000002	0.
10.425	0.
10.430000000000001	0.
10.435	0.
10.440000000000001	0.
10.445	0.
10.450000000000001	0.
10.455000000000002	0.
10.46	0.
10.465000000000002	0.
10.47	0.
10.475000000000001	0.
10.48	0.
10.485000000000001	0.
10.49	0.
10.495000000000001	0.
10.500000000000002	0.
10.505	0.
10.510000000000002	0.
10.515	0.
10.520000000000001	0.
10.525	0.
10.530000000000001	0.
10.535	0.
10.540000000000001	0.
10.545000000000002	0.
10.55	0.
10.555000000000001	0.
10.56	0.
10.565000000000001	0.
10.57	0.
10.575000000000001	0.
10.580000000000002	0.
10.585	0.
10.590000000000002	0.
10.595	0.
10.600000000000001	0.
10.605	0.
10.610000000000001	0.
10.615	0.
10.620000000000001	0.
10.625000000000002	0.
10.63	0.
10.635000000000002	0.
10.64	0.
10.645000000000001	0.
10.65	0.
10.655000000000001	0.
10.66	0.
10.665000000000001	0.
10.670000000000002	0.
10.675	0.
10.680000000000001	0.
10.685	0.
10.690000000000001	0.
10.695	0.
10.700000000000001	0.
10.705000000000002	0.
10.71	0.
10.715000000000002	0.
10.72	0.
10.725000000000001	0.
10.73	0.
10.735000000000001	0.
10.74	0.
10.745000000000001	0.
10.750000000000002	0.
10.755	0.
10.760000000000002	0.
10.765	0.
10.770000000000001	0.
10.775	0.
10.780000000000001	0.
10.785	0.
10.790000000000001	0.
10.795000000000002	0.
10.8	0.
10.805000000000001	0.
10.81	0.
10.815000000000001	0.
10.82	0.
10.825000000000001	0.
10.830000000000002	0.
10.835	0.
10.840000000000002	0.
10.845	0.
10.850000000000001	0.
10.855	0.
10.860000000000001	0.
10.865	0.
10.870000000000001	0.
10.875000000000002	0.
10.88	0.
10.885000000000002	0.
10.89	0.
10.895000000000001	0.
10.9	0.
10.905000000000001	0.
10.91	0.
10.915000000000001	0.
10.920000000000002	0.
10.925	0.
10.930000000000001	0.
10.935	0.
10.940000000000001	0.
10.945	0.
10.950000000000001	0.
10.955000000000002	0.
10.96	0.
10.965000000000002	0.
10.97	0.
10.975000000000001	0.
10.98	0.
10.985000000000001	0.
10.99	0.
10.995000000000001	0.
11.000000000000002	0.
11.005	0.
11.010000000000002	0.
11.015	0.
11.020000000000001	0.
11.025	0.
11.030000000000001	0.
11.035	0.
11.040000000000001	0.
11.045000000000002	0.
11.05	0.
11.055000000000001	0.
11.06	0.
11.065000000000001	0.
11.07	0.
11.075000000000001	0.
11.080000000000002	0.
11.085	0.
11.090000000000002	0.
11.095	0.
11.100000000000001	0.
11.105	0.
11.110000000000001	0.
11.115	0.
11.120000000000001	0.
11.125000000000002	0.
11.13	0.
11.135000000000002	0.
11.14	0.
11.145000000000001	0.
11.15	0.
11.155000000000001	0.
11.16	0.
11.165000000000001	0.
11.170000000000002	0.
11.175	0.
11.180000000000001	0.
11.185	0.
11.190000000000001	0.
11.195	0.
11.200000000000001	0.
11.205000000000002	0.
11.21	0.
11.215000000000002	0.
11.22	0.
11.225000000000001	0.
11.23	0.
11.235000000000001	0.
11.24	0.
11.245000000000001	0.
11.250000000000002	0.
11.255	0.
11.260000000000002	0.
11.265	0.
11.270000000000001	0.
11.275	0.
11.280000000000001	0.
11.285	0.
11.290000000000001	0.
11.295000000000002	0.
11.3	0.
11.305000000000001	0.
11.31	0.
11.315000000000001	0.
11.32	0.
11.325000000000001	0.
11.330000000000002	0.
11.335	0.
11.340000000000002	0.
11.345	0.
11.350000000000001	0.
11.355	0.
11.360000000000001	0.
11.365000000000002	0.
11.370000000000001	0.
11.375000000000002	0.
11.38	0.
11.385000000000002	0.
11.39	0.
11.395000000000001	0.
11.4	0.
11.405000000000001	0.
11.41	0.
11.415000000000001	0.
11.420000000000002	0.
11.425	0.
11.430000000000001	0.
11.435	0.
11.440000000000001	0.
11.445	0.
11.450000000000001	0.
11.455000000000002	0.
11.46	0.
11.465000000000002	0.
11.47	0.
11.475000000000001	0.
11.48	0.
11.485000000000001	0.
11.490000000000002	0.
11.495000000000001	0.
11.500000000000002	0.
11.505	0.
11.510000000000002	0.
11.515	0.
11.520000000000001	0.
11.525	0.
11.530000000000001	0.
11.535	0.
11.540000000000001	0.
11.545000000000002	0.
11.55	0.
11.555000000000001	0.
11.56	0.
11.565000000000001	0.
11.57	0.
11.575000000000001	0.
11.580000000000002	0.
11.585	0.
11.590000000000002	0.
11.595	0.
11.600000000000001	0.
11.605	0.
11.610000000000001	0.
11.615000000000002	0.
11.620000000000001	0.
11.625000000000002	0.
11.63	0.
11.635000000000002	0.
11.64	0.
11.645000000000001	0.
11.65	0.
11.655000000000001	0.
11.66	0.
11.665000000000001	0.
11.670000000000002	0.
11.675	0.
11.680000000000001	0.
11.685	0.
11.690000000000001	0.
11.695	0.
11.700000000000001	0.
11.705000000000002	0.
11.71	0.
11.715000000000002	0.
11.72	0.
11.725000000000001	0.
11.73	0.
11.735000000000001	0.
11.740000000000002	0.
11.745000000000001	0.
11.750000000000002	0.
11.755	0.
11.760000000000002	0.
11.765	0.
11.770000000000001	0.
11.775	0.
11.780000000000001	0.
11.785	0.
11.790000000000001	0.
11.795000000000002	0.
11.8	0.
11.805000000000001	0.
11.81	0.
11.815000000000001	0.
11.82	0.
11.825000000000001	0.
11.830000000000002	0.
11.835	0.
11.840000000000002	0.
11.845	0.
11.850000000000001	0.
11.855	0.
11.860000000000001	0.
11.865000000000002	0.
11.870000000000001	0.
11.875000000000002	0.
11.88	0.
11.885000000000002	0.
11.89	0.
11.895000000000001	0.
11.9	0.
11.905000000000001	0.
11.91	0.
11.915000000000001	0.
11.920000000000002	0.
11.925	0.
11.930000000000001	0.
11.935	0.
11.940000000000001	0.
11.945	0.
11.950000000000001	0.
11.955000000000002	0.
11.96	0.
11.965000000000002	0.
11.97	0.
11.975000000000001	0.
11.98	0.
11.985000000000001	0.
11.990000000000002	0.
11.995000000000001	0.
12.000000000000002	0.
12.005	0.
12.010000000000002	0.
12.015	0.
12.020000000000001	0.
12.025	0.
12.030000000000001	0.
12.035	0.
12.040000000000001	0.
12.045000000000002	0.
12.05	0.
12.055000000000001	0.
12.06	0.
12.065000000000001	0.
12.07	0.
12.075000000000001	0.
12.080000000000002	0.
12.085	0.
12.090000000000002	0.
12.095	0.
12.100000000000001	0.
12.105	0.
12.110000000000001	0.
12.115000000000002	0.
12.120000000000001	0.
12.125000000000002	0.
12.13	0.
12.135000000000002	0.
12.14	0.
12.145000000000001	0.
12.15	0.
12.155000000000001	0.
12.16	0.
12.165000000000001	0.
12.170000000000002	0.
12.175	0.
12.180000000000001	0.
12.185	0.
12.190000000000001	0.
12.195	0.
12.200000000000001	0.
12.205000000000002	0.
12.21	0.
12.215000000000002	0.
12.22	0.
12.225000000000001	0.
12.23	0.
12.235000000000001	0.
12.240000000000002	0.
12.245000000000001	0.
12.25	0.
12.255	0.
12.260000000000002	0.
12.265	0.
12.270000000000001	0.
12.275000000000002	0.
12.280000000000001	0.
12.285	0.
12.290000000000001	0.
12.295000000000002	0.
12.3	0.
12.305000000000001	0.
12.31	0.
12.315000000000001	0.
12.32	0.
12.325000000000001	0.
12.330000000000002	0.
12.335	0.
12.340000000000002	0.
12.345	0.
12.350000000000001	0.
12.355	0.
12.360000000000001	0.
12.365000000000002	0.
12.370000000000001	0.
12.375	0.
12.38	0.
12.385000000000002	0.
12.39	0.
12.395000000000001	0.
12.400000000000002	0.
12.405000000000001	0.
12.41	0.
12.415000000000001	0.
12.420000000000002	0.
12.425	0.
12.430000000000001	0.
12.435	0.
12.440000000000001	0.
12.445	0.
12.450000000000001	0.
12.455000000000002	0.
12.46	0.
12.465000000000002	0.
12.47	0.
12.475000000000001	0.
12.48	0.
12.485000000000001	0.
12.490000000000002	0.
12.495000000000001	0.
12.5	0.
12.505	0.
12.510000000000002	0.
12.515	0.
12.520000000000001	0.
12.525000000000002	0.
12.530000000000001	0.
12.535	0.
12.540000000000001	0.
12.545000000000002	0.
12.55	0.
12.555000000000001	0.
12.56	0.
12.565000000000001	0.
12.57	0.
12.575000000000001	0.
12.580000000000002	0.
12.585	0.
12.590000000000002	0.
12.595	0.
12.600000000000001	0.
12.605	0.
12.610000000000001	0.
12.615000000000002	0.
12.620000000000001	0.
12.625	0.
12.63	0.
12.635000000000002	0.
12.64	0.
12.645000000000001	0.
12.650000000000002	0.
12.655000000000001	0.
12.66	0.
12.665000000000001	0.
12.670000000000002	0.
12.675	0.
12.680000000000001	0.
12.685	0.
12.690000000000001	0.
12.695	0.
12.700000000000001	0.
12.705000000000002	0.
12.71	0.
12.715000000000002	0.
12.72	0.
12.725000000000001	0.
12.73	0.
12.735000000000001	0.
12.740000000000002	0.
12.745000000000001	0.
12.75	0.
12.755	0.
12.760000000000002	0.
12.765	0.
12.770000000000001	0.
12.775000000000002	0.
12.780000000000001	0.
12.785	0.
12.790000000000001	0.
12.795000000000002	0.
12.8	0.
12.805000000000001	0.
12.810000000000002	0.
12.815000000000001	0.
12.820000000000002	0.
12.825000000000001	0.
12.830000000000002	0.
12.835	0.
12.840000000000002	0.
12.845	0.
12.850000000000001	0.
12.855000000000002	0.
12.860000000000001	0.
12.865000000000002	0.
12.870000000000001	0.
12.875000000000002	0.
12.88	0.
12.885000000000002	0.
12.890000000000002	0.
12.895000000000001	0.
12.900000000000002	0.
12.905000000000001	0.
12.910000000000002	0.
12.915000000000001	0.
12.920000000000002	0.
12.925	0.
12.930000000000001	0.
12.935000000000002	0.
12.940000000000001	0.
12.945000000000002	0.
12.950000000000001	0.
12.955000000000002	0.
12.96	0.
12.965000000000002	0.
12.97	0.
12.975000000000001	0.
12.980000000000002	0.
12.985000000000001	0.
12.990000000000002	0.
12.995000000000001	0.
13.000000000000002	0.
13.005	0.
13.010000000000002	0.
13.015000000000002	0.
13.020000000000001	0.
13.025000000000002	0.
13.030000000000001	0.
13.035000000000002	0.
13.040000000000001	0.
13.045000000000002	0.
13.05	0.
13.055000000000001	0.
13.060000000000002	0.
13.065000000000001	0.
13.070000000000002	0.
13.075000000000001	0.
13.080000000000002	0.
13.085	0.
13.090000000000002	0.
13.095	0.
13.100000000000001	0.
13.105000000000002	0.
13.110000000000001	0.
13.115000000000002	0.
13.120000000000001	0.
13.125000000000002	0.
13.13	0.
13.135000000000002	0.
13.140000000000002	0.
13.145000000000001	0.
13.150000000000002	0.
13.155000000000001	0.
13.160000000000002	0.
13.165000000000001	0.
13.170000000000002	0.
13.175	0.
13.180000000000001	0.
13.185000000000002	0.
13.190000000000001	0.
13.195000000000002	0.
13.200000000000001	0.
13.205000000000002	0.
13.21	0.
13.215000000000002	0.
13.220000000000002	0.
13.225000000000001	0.
13.230000000000002	0.
13.235000000000001	0.
13.240000000000002	0.
13.245000000000001	0.
13.250000000000002	0.
13.255	0.
13.260000000000002	0.
13.265000000000002	0.
13.270000000000001	0.
13.275000000000002	0.
13.280000000000001	0.
13.285000000000002	0.
13.290000000000001	0.
13.295000000000002	0.
13.3	0.
13.305000000000001	0.
13.310000000000002	0.
13.315000000000001	0.
13.320000000000002	0.
13.325000000000001	0.
13.330000000000002	0.
13.335	0.
13.340000000000002	0.
13.345000000000002	0.
13.350000000000001	0.
13.355000000000002	0.
13.360000000000001	0.
13.365000000000002	0.
13.370000000000001	0.
13.375000000000002	0.
13.38	0.
13.385000000000002	0.
13.39	0.
13.395000000000001	0.
13.400000000000002	0.
13.405000000000001	0.
13.410000000000002	0.
13.415000000000001	0.
13.420000000000002	0.
13.425	0.
13.430000000000001	0.
13.435000000000002	0.
13.440000000000001	0.
13.445000000000002	0.
13.450000000000001	0.
13.455000000000002	0.
13.46	0.
13.465000000000002	0.
13.470000000000002	0.
13.475000000000001	0.
13.480000000000002	0.
13.485000000000001	0.
13.490000000000002	0.
13.495000000000001	0.
13.500000000000002	0.
13.505	0.
13.510000000000002	0.
13.515	0.
13.520000000000001	0.
13.525000000000002	0.
13.530000000000001	0.
13.535000000000002	0.
13.540000000000001	0.
13.545000000000002	0.
13.55	0.
13.555000000000001	0.
13.560000000000002	0.
13.565000000000001	0.
13.570000000000002	0.
13.575000000000001	0.
13.580000000000002	0.
13.585	0.
13.590000000000002	0.
13.595000000000002	0.
13.600000000000001	0.
13.605000000000002	0.
13.610000000000001	0.
13.615000000000002	0.
13.620000000000001	0.
13.625000000000002	0.
13.63	0.
13.635000000000002	0.
13.64	0.
13.645000000000001	0.
13.650000000000002	0.
13.655000000000001	0.
13.660000000000002	0.
13.665000000000001	0.
13.670000000000002	0.
13.675	0.
13.680000000000001	0.
13.685000000000002	0.
13.690000000000001	0.
13.695000000000002	0.
13.700000000000001	0.
13.705000000000002	0.
13.71	0.
13.715000000000002	0.
13.720000000000002	0.
13.725000000000001	0.
13.730000000000002	0.
13.735000000000001	0.
13.740000000000002	0.
13.745000000000001	0.
13.750000000000002	0.
13.755	0.
13.760000000000002	0.
13.765	0.
13.770000000000001	0.
13.775000000000002	0.
13.780000000000001	0.
13.785000000000002	0.
13.790000000000001	0.
13.795000000000002	0.
13.8	0.
13.805000000000001	0.
13.810000000000002	0.
13.815000000000001	0.
13.820000000000002	0.
13.825000000000001	0.
13.830000000000002	0.
13.835	0.
13.840000000000002	0.
13.845000000000002	0.
13.850000000000001	0.
13.855000000000002	0.
13.860000000000001	0.
13.865000000000002	0.
13.870000000000001	0.
13.875000000000002	0.
13.88	0.
13.885000000000002	0.
13.89	0.
13.895000000000001	0.
13.900000000000002	0.
13.905000000000001	0.
13.910000000000002	0.
13.915000000000001	0.
13.920000000000002	0.
13.925	0.
13.930000000000001	0.
13.935000000000002	0.
13.940000000000001	0.
13.945000000000002	0.
13.950000000000001	0.
13.955000000000002	0.
13.96	0.
13.965000000000002	0.
13.970000000000002	0.
13.975000000000001	0.
13.980000000000002	0.
13.985000000000001	0.
13.990000000000002	0.
13.995000000000001	0.
14.	0.