0.005	0.
0.01	0.
0.015	0.
0.02	0.
0.025	0.
0.030000000000000002	0.
0.034999999999999996	0.
0.04	0.
0.045	0.
0.049999999999999996	0.
0.055	0.
0.06	0.
0.065	0.
0.07	0.
0.07500000000000001	0.
0.08	0.
0.085	0.
0.09000000000000001	0.019461538745937396
0.095	0.17868667037563638
0.1	0.23823526464827197
0.10500000000000001	0.27626322524509117
0.11	0.3028747357162493
0.115	0.3222441710017752
0.12000000000000001	0.3366076913622736
0.125	0.34733078504119824
0.13	0.35531611297330323
0.135	0.3611929586168945
0.14	0.36541705015333414
0.14500000000000002	0.36832801210825433
0.15	0.3701846584838385
0.155	0.37118778508580585
0.16	0.37149548134358473
0.165	0.3712337501709826
0.17	0.3705040698705824
0.17500000000000002	0.3693888986201755
0.18000000000000002	0.3679557571397358
0.185	0.36626030608046556
0.19	0.3643486985017319
0.195	0.36225940055583317
0.2	0.36002461611719966
0.20500000000000002	0.3576714124718288
0.21000000000000002	0.3552226176560586
0.215	0.35269754148131277
0.22	0.35011255909444
0.225	0.34748158641247323
0.23	0.34481646982016906
0.23500000000000001	0.3421273073780556
0.24000000000000002	0.3394227149449385
0.245	0.3367100477155092
0.25	0.3339955854606952
0.255	0.33128468805678357
0.26	0.32858192657082846
0.265	0.32589119414051604
0.27	0.3232158000774574
0.275	0.3205585499829088
0.28	0.31792181415537313
0.28500000000000003	0.3153075861619226
0.29000000000000004	0.31271753311691575
0.295	0.3101530389465252
0.3	0.3076152417019019
0.305	0.3051050658078658
0.31	0.30262324998979245
0.315	0.3001703715026875
0.32	0.2977468671883778
0.325	0.2953530518054398
0.33	0.29298913400889315
0.335	0.29065523030015994
0.34	0.28835137722044085
0.34500000000000003	0.2860775420210624
0.35000000000000003	0.2838336320108166
0.35500000000000004	0.2816195027518792
0.36	0.2794349652522942
0.365	0.27727979228221683
0.37	0.27515372392411985
0.375	0.2730564724524015
0.38	0.27098772662460474
0.385	0.26894715545698716
0.39	0.26693441154524006
0.395	0.2649491339881639
0.4	0.2629909509562758
0.405	0.2610594819538442
0.41000000000000003	0.25915433980530833
0.41500000000000004	0.25727513240055605
0.42000000000000004	0.25542146422667367
0.425	0.2535929377106924
0.43	0.2517891543951472
0.435	0.2500097159655672
0.44	0.24825422514676904
0.445	0.24652228648286967
0.45	0.24481350701420865
0.455	0.2431274968628216
0.46	0.24146386973682762
0.465	0.23982224336286603
0.47000000000000003	0.2382022398546994
0.47500000000000003	0.2366034860252448
0.48000000000000004	0.2350256136483714
0.485	0.23346825967622722
0.49	0.23193106641712527
0.495	0.23041368167851317
0.5	0.2289157588790448
0.505	0.227436957133346
0.51	0.22597694131263127
0.515	0.224535382084058
0.52	0.2231119559313364
0.525	0.22170634515885043
0.53	0.22031823788133897
0.535	0.21894732800090214
0.54	0.2175933151729817
0.545	0.21625590476272671
0.55	0.21493480779304067
0.555	0.2136297408854289
0.56	0.21234042619471966
0.5650000000000001	0.21106659133849995
0.5700000000000001	0.2098079693221377
0.5750000000000001	0.20856429846008287
0.5800000000000001	0.20733532229409854
0.585	0.20612078950898782
0.59	0.20492045384635352
0.595	0.20373407401679788
0.6	0.20256141361101362
0.605	0.2014022410100788
0.61	0.20025632929530576
0.615	0.1991234561578917
0.62	0.1980034038086484
0.625	0.19689595888798364
0.63	0.19580091237637773
0.635	0.19471805950546744
0.64	0.19364719966991328
0.645	0.19258813634016556
0.65	0.19154067697623844
0.655	0.19050463294257503
0.66	0.1894798194241001
0.665	0.1884660553435037
0.67	0.18746316327983287
0.675	0.18647096938842006
0.68	0.18548930332219685
0.685	0.18451799815440717
0.6900000000000001	0.18355689030276118
0.6950000000000001	0.18260581945502546
0.7000000000000001	0.1816646284960771
0.7050000000000001	0.18073316343641224
0.71	0.17981127334212002
0.715	0.17889881026631238
0.72	0.17799562918201708
0.725	0.17710158791649416
0.73	0.1762165470870062
0.735	0.1753403700379954
0.74	0.1744729227796587
0.745	0.17361407392792183
0.75	0.17276369464576255
0.755	0.17192165858589387
0.76	0.17108784183476278
0.765	0.17026212285785433
0.77	0.16944438244627194
0.775	0.16863450366458235
0.78	0.16783237179988475
0.785	0.1670378743120944
0.79	0.16625090078540444
0.795	0.16547134288091583
0.8	0.16469909429039759
0.805	0.1639340506911597
0.81	0.16317610970201546
0.8150000000000001	0.16242517084030106
0.8200000000000001	0.1616811354799437
0.8250000000000001	0.16094390681053267
0.8300000000000001	0.1602133897973934
0.8350000000000001	0.1594894911426227
0.84	0.15877211924707374
0.845	0.15806118417326276
0.85	0.15735659760917164
0.855	0.1566582728329401
0.86	0.15596612467840426
0.865	0.15528006950147746
0.87	0.1546000251473463
0.875	0.1539259109184592
0.88	0.15325764754329385
0.885	0.15259515714587704
0.89	0.1519383632160448
0.895	0.1512871905804189
0.9	0.15064156537408238
0.905	0.15000141501294115
0.91	0.1493666681667463
0.915	0.1487372547327654
0.92	0.14811310581008644
0.925	0.1474941536745396
0.93	0.14688033175420862
0.935	0.14627157460553802
0.9400000000000001	0.145667817889999
0.9450000000000001	0.1450689983513187
0.9500000000000001	0.1444750537932441
0.9550000000000001	0.14388592305782938
0.9600000000000001	0.14330154600424663
0.965	0.1427218634880812
0.97	0.14214681734112797
0.975	0.14157635035165175
0.98	0.14101040624511377
0.985	0.14044892966534506
0.99	0.13989186615616384
0.995	0.13933916214341419
1.	0.1387907649174227
1.005	0.13824662261586348
1.01	0.1377066842070157
1.015	0.13717089947340175
1.02	0.13663921899581405
1.025	0.13611159413768834
1.0299999999999998	0.13558797702985326
1.035	0.13506832055561
1.0399999999999998	0.13455257833616482
1.045	0.13404070471637847
1.0499999999999998	0.13353265475084505
1.055	0.13302838419028676
1.0599999999999998	0.1325278494682422
1.065	0.13203100768806705
1.0699999999999998	0.1315378166102133
1.075	0.13104823463979917
1.0799999999999998	0.13056222081445026
1.085	0.1300797347924127
1.0899999999999999	0.1296007368409274
1.095	0.1291251878248587
1.0999999999999999	0.12865304919557652
1.105	0.12818428298007692
1.1099999999999999	0.1277188517703445
1.115	0.12725671871294159
1.1199999999999999	0.12679784749882766
1.125	0.12634220235339522
1.13	0.12588974802672276
1.135	0.12544044978403743
1.14	0.1249942733963807
1.145	0.12455118513147216
1.15	0.12411115174477343
1.155	0.12367414047073512
1.16	0.1232401190142342
1.1649999999999998	0.1228090555421902
1.17	0.12238091867535836
1.1749999999999998	0.1219556774802926
1.18	0.12153330146148213
1.1849999999999998	0.12111376055364688
1.19	0.12069702511419557
1.1949999999999998	0.12028306591584063
1.2	0.11987185413936366
1.2049999999999998	0.11946336136653278
1.21	0.1190575595731648
1.2149999999999999	0.11865442112232656
1.22	0.11825391875768022
1.2249999999999999	0.11785602559696114
1.23	0.11746071512558609
1.2349999999999999	0.11706796119039932
1.24	0.11667773799353146
1.2449999999999999	0.11629002008639665
1.25	0.11590478236379818
1.255	0.11552200005816053
1.26	0.1151416487338701
1.265	0.11476370428173412
1.27	0.11438814291354481
1.275	0.11401494115675415
1.28	0.11364407584925101
1.285	0.11327552413424387
1.2899999999999998	0.11290926345524155
1.295	0.11254527155113386
1.2999999999999998	0.11218352645136409
1.305	0.11182400647120287
1.3099999999999998	0.11146669020710322
1.315	0.11111155653215667
1.3199999999999998	0.11075858459162607
1.325	0.11040775379857291
1.3299999999999998	0.11005904382956201
1.335	0.10971243462045277
1.3399999999999999	0.10936790636226705
1.345	0.10902543949713812
1.3499999999999999	0.10868501471433291
1.355	0.10834661294635338
1.3599999999999999	0.10801021536510887
1.365	0.10767580337815927
1.3699999999999999	0.1073433586250313
1.375	0.1070128629735997
1.38	0.1066842985165409
1.385	0.10635764756784581
1.39	0.1060328926594027
1.395	0.10571001653764045
1.4	0.10538900216023353
1.405	0.10506983269286829
1.41	0.1047524915060666
1.4149999999999998	0.10443696217207026
1.42	0.10412322846177811
1.4249999999999998	0.10381127434174227
1.43	0.1035010839712163
1.4349999999999998	0.1031926416992575
1.44	0.10288593206188064
1.4449999999999998	0.10258093977926391
1.45	0.10227764975300216
1.4549999999999998	0.10197604706341197
1.46	0.10167611696688333
1.4649999999999999	0.10137784489327864
1.47	0.10108121644337455
1.4749999999999999	0.10078621738635372
1.48	0.10049283365733853
1.4849999999999999	0.10020105135496711
1.49	0.09991085673901069
1.4949999999999999	0.09962223622803733
1.5	0.0993351763971095
1.505	0.09904966397552782
1.51	0.09876568584460833
1.515	0.09848322903550223
1.52	0.09820228072705146
1.525	0.09792282824367919
1.53	0.0976448590533194
1.535	0.09736836076537977
1.54	0.09709332112874003
1.545	0.09681972802978381
1.5499999999999998	0.09654756949046273
1.555	0.09627683366639644
1.5599999999999998	0.09600750884499964
1.565	0.09573958344364424
1.5699999999999998	0.0954730460078516
1.575	0.09520788520951337
1.5799999999999998	0.09494408984514349
1.585	0.09468164883415756
1.5899999999999999	0.09442055121718318
1.595	0.09416078615439495
1.5999999999999999	0.09390234292387929
1.605	0.0936452109200242
1.6099999999999999	0.09338937965193779
1.615	0.09313483874189067
1.6199999999999999	0.09288157792378247
1.625	0.09262958704163755
1.63	0.09237885604812003
1.635	0.09212937500307579
1.64	0.09188113407209882
1.645	0.09163412352511642
1.65	0.09138833373500149
1.655	0.09114375517620407
1.66	0.09090037842340565
1.665	0.09065819415019603
1.67	0.09041719312776883
1.6749999999999998	0.09017736622363906
1.68	0.08993870440038068
1.6849999999999998	0.08970119871438384
1.69	0.08946484031463142
1.6949999999999998	0.089229620441496
1.7	0.08899553042555275
1.7049999999999998	0.08876256168641415
1.71	0.08853070573158008
1.7149999999999999	0.08829995415530811
1.72	0.08807029863749857
1.7249999999999999	0.0878417309425987
1.73	0.08761424291852289
1.7349999999999999	0.08738782649559095
1.74	0.08716247368547846
1.7449999999999999	0.08693817658018928
1.75	0.08671492735103765
1.755	0.08649271824765024
1.76	0.08627154159697988
1.765	0.08605138980233819
1.77	0.08583225534243681
1.775	0.08561413077045
1.78	0.08539700871308581
1.785	0.08518088186967376
1.79	0.08496574301126537
1.795	0.08475158497974876
1.7999999999999998	0.08453840068697448
1.805	0.08432618311389731
1.8099999999999998	0.08411492530972732
1.815	0.08390462039109664
1.8199999999999998	0.0836952615412358
1.825	0.08348684200916386
1.8299999999999998	0.08327935510888934
1.835	0.08307279421862415
1.8399999999999999	0.08286715278000688
1.845	0.08266242429733908
1.8499999999999999	0.08245860233683244
1.855	0.08225568052586527
1.8599999999999999	0.08205365255225217
1.865	0.08185251216352218
1.8699999999999999	0.08165225316620753
1.875	0.08145286942514395
1.88	0.08125435486277963
1.885	0.08105670345849358
1.89	0.08085990924792608
1.895	0.08066396632231498
1.9	0.08046886882784565
1.905	0.08027461096500568
1.91	0.08008118698795262
1.915	0.07988859120388705
1.92	0.07969681797243776
1.9249999999999998	0.07950586170505301
1.93	0.07931571686440124
1.9349999999999998	0.0791263779637804
1.94	0.07893783956653438
1.9449999999999998	0.07875009628547928
1.95	0.07856314278233562
1.9549999999999998	0.07837697376716982
1.96	0.0781915839978424
1.9649999999999999	0.07800696827946524
1.97	0.07782312146386325
1.9749999999999999	0.07764003844904796
1.98	0.07745771417869267
1.9849999999999999	0.07727614364162078
1.99	0.0770953218712948
1.9949999999999999	0.07691524394531886
2.	0.0767359049849414
2.005	0.07655730015456974
2.01	0.07637942466128829
2.015	0.07620227375438378
2.02	0.07602584272487777
2.025	0.0758501269050646
2.03	0.0756751216680548
2.035	0.07550082242732667
2.04	0.07532722463628101
2.045	0.07515432378780446
2.05	0.07498211541383663
2.0549999999999997	0.07481059508494389
2.06	0.0746397584098986
2.065	0.0744696010352636
2.07	0.07430011864498264
2.0749999999999997	0.07413130695997504
2.08	0.0739631617377374
2.085	0.07379567877194876
2.09	0.07362885389208175
2.0949999999999998	0.07346268296301901
2.1	0.07329716188467338
2.105	0.0731322865916149
2.11	0.07296805305270011
2.1149999999999998	0.07280445727070861
2.12	0.07264149528198253
2.125	0.07247916315607132
2.13	0.07231745699538088
2.135	0.07215637293482723
2.14	0.0719959071414944
2.145	0.07183605581429775
2.15	0.07167681518364863
2.155	0.07151818151112697
2.16	0.07136015108915596
2.165	0.07120272024068007
2.17	0.07104588531884916
2.175	0.070889642706705
2.18	0.0707339888168726
2.185	0.07057892009125415
2.19	0.07042443300072859
2.195	0.07027052404485348
2.1999999999999997	0.07011718975157032
2.205	0.06996442667691506
2.21	0.06981223140473121
2.215	0.06966060054638595
2.2199999999999998	0.06950953074049054
2.225	0.06935901865262414
2.23	0.06920906097506083
2.235	0.06905965442649876
2.2399999999999998	0.06891079575179554
2.245	0.06876248172170413
2.25	0.06861470913261213
2.255	0.06846747480628636
2.26	0.06832077558961752
2.265	0.06817460835437114
2.27	0.06802896999693851
2.275	0.06788385743809254
2.28	0.06773926762274587
2.285	0.06759519751971178
2.29	0.06745164412146869
2.295	0.06730860444392585
2.3	0.06716607552619391
2.305	0.06702405443035656
2.31	0.0668825382412451
2.315	0.06674152406621704
2.32	0.06660100903493574
2.3249999999999997	0.06646099029915264
2.33	0.06632146503249314
2.335	0.06618243043024472
2.34	0.06604388370914675
2.3449999999999998	0.06590582210718335
2.35	0.06576824288337833
2.355	0.06563114331759326
2.36	0.06549452071032685
2.3649999999999998	0.06535837238251734
2.37	0.06522269567534732
2.375	0.06508748795004952
2.38	0.06495274658771664
2.385	0.06481846898911232
2.39	0.06468465257448423
2.395	0.0645512947833792
2.4	0.06441839307446173
2.405	0.06428594492533264
2.41	0.06415394783235098
2.415	0.06402239931045846
2.42	0.06389129689300371
2.425	0.06376063813157129
2.43	0.06363042059581049
2.435	0.0635006418732669
2.44	0.06337129956921624
2.445	0.06324239130649954
2.4499999999999997	0.06311391472535949
2.455	0.06298586748328017
2.46	0.06285824725482793
2.465	0.06273105173149301
2.4699999999999998	0.06260427862153459
2.475	0.06247792564982592
2.48	0.062351990557703185
2.485	0.06222647110281366
2.4899999999999998	0.06210136505896771
2.495	0.06197667021599035
2.5	0.06185238437957668
2.505	0.06172850537114715
2.51	0.06160503102770439
2.515	0.06148195920169386
2.52	0.06135928776086257
2.525	0.0612370145881224
2.53	0.0611151375814129
2.535	0.06099365465356685
2.54	0.0608725637321764
2.545	0.060751862759460845
2.55	0.06063154969213681
2.555	0.06051162250128749
2.56	0.0603920791722366
2.565	0.0602729177044205
2.57	0.06015413611126365
2.5749999999999997	0.06003573242005464
2.58	0.05991770467182358
2.585	0.059800050921221655
2.59	0.059682769236400306
2.5949999999999998	0.059565857698892694
2.6	0.05944931440349727
2.605	0.05933313745816026
2.61	0.05921732498386213
2.6149999999999998	0.05910187511450274
2.62	0.058986785996789526
2.625	0.05887205579012618
2.63	0.05875768266650207
2.635	0.05864366481038332
2.64	0.05853000041860537
2.645	0.05841668770026569
2.65	0.0583037248766186
2.655	0.0581911101809703
2.66	0.0580788418585757
2.665	0.057966918166536055
2.67	0.05785533737369731
2.675	0.0577440977605499
2.68	0.05763319761912996
2.685	0.05752263525292039
2.69	0.057412408976754016
2.695	0.057302517116717286
2.7	0.057192958010054966
2.705	0.05708373000507585
2.71	0.05697483146105938
2.715	0.05686626074816364
2.7199999999999998	0.05675801624733303
2.725	0.056650096350208935
2.73	0.05654249945903878
2.735	0.05643522398658855
2.7399999999999998	0.056328268356054395
2.745	0.056221631000975596
2.75	0.05611531036514856
2.755	0.056009304902542155
2.76	0.05590361307721241
2.765	0.05579823336321999
2.77	0.05569316424454675
2.775	0.05558840421501428
2.78	0.055483951778202915
2.785	0.05537980544737141
2.79	0.05527596374537705
2.795	0.05517242520459806
2.8	0.05506918836685452
2.8049999999999997	0.054966251783332094
2.81	0.05486361401450541
2.815	0.05476127363006214
2.82	0.05465922920882868
2.825	0.05455747933869563
2.83	0.05445602261654471
2.835	0.05435485764817561
2.84	0.05425398304823456
2.8449999999999998	0.05415339744014222
2.85	0.0540530994560242
2.855	0.053953087736640135
2.86	0.05385336093131499
2.8649999999999998	0.05375391769787027
2.87	0.05365475670255635
2.875	0.053555876619984975
2.88	0.05345727613306259
2.885	0.053358953932924655
2.89	0.05326090871887019
2.895	0.053163139198296835
2.9	0.05306564408663706
2.905	0.05296842210729447
2.91	0.05287147199158112
2.915	0.05277479247865474
2.92	0.052678382315457885
2.925	0.05258224025665581
2.9299999999999997	0.052486365064576816
2.935	0.05239075550915157
2.94	0.052295410367854366
2.945	0.05220032842564351
2.95	0.05210550847490391
2.955	0.05201094931538857
2.96	0.05191664975416163
2.965	0.051822608605541914
2.9699999999999998	0.051728824691046386
2.975	0.051635296839335015
2.98	0.05154202388615504
2.985	0.051449004674286876
2.9899999999999998	0.05135623805349008
2.995	0.051263722880449086
3.	0.051171458018720875
3.005	0.05107944233868207
3.01	0.05098767471747656
3.015	0.05089615403896431
3.02	0.05080487919366972
3.025	0.050713849078731554
3.03	0.0506230625978518
3.035	0.050532518661246806
3.04	0.0504422161855974
3.045	0.05035215409400008
3.05	0.05026233131591876
3.0549999999999997	0.05017274678713667
3.06	0.050083399449708785
3.065	0.0499942882519145
3.07	0.049905412148211314
3.075	0.04981677009918839
3.08	0.04972836107152062
3.085	0.04964018403792314
3.09	0.04955223797710633
3.0949999999999998	0.04946452187373107
3.1	0.04937703471836488
3.105	0.04928977550743754
3.11	0.049202743243198
3.115	0.049115936933671285
3.12	0.04902935559261547
3.125	0.04894299823947949
3.13	0.04885686389936205
3.135	0.04877095160296836
3.14	0.048685260386570464
3.145	0.04859978929196572
3.15	0.04851453736643632
3.155	0.04842950366270954
3.16	0.048344687238917564
3.165	0.04826008715855826
3.17	0.048175702490456
3.175	0.04809153230872302
3.1799999999999997	0.04800757569272109
3.185	0.047923831727023095
3.19	0.04784029950137592
3.195	0.04775697811066256
3.2	0.04767386665486497
3.205	0.047590964239027984
3.21	0.04750826997322172
3.215	0.047425782972506866
3.2199999999999998	0.047343502356897736
3.225	0.04726142725132712
3.23	0.04717955678561129
3.235	0.04709789009441485
3.24	0.0470164263172165
3.245	0.04693516459827396
3.25	0.04685410408659105
3.255	0.046773243935882745
3.26	0.04669258330454279
3.265	0.046612121355610055
3.27	0.046531857256735816
3.275	0.046451790180150936
3.28	0.04637191930263377
3.285	0.046292243805477785
3.29	0.04621276287446088
3.295	0.04613347569981222
3.3	0.046054381476182155
3.3049999999999997	0.045975479402611
3.31	0.0458967686824983
3.315	0.04581824852357209
3.32	0.045739918137859076
3.325	0.0456617767416546
3.33	0.04558382355549279
3.335	0.04550605780411736
3.34	0.0454284787164517
3.3449999999999998	0.04535108552557113
3.35	0.045273877468673056
3.355	0.04519685378704898
3.36	0.04512001372605633
3.365	0.045043356535089965
3.37	0.04496688146755495
3.375	0.04489058778083891
3.38	0.0448144747362841
3.385	0.0447385415991609
3.39	0.044662787638640934
3.395	0.04458721212776988
3.4	0.04451181434344167
3.405	0.044436593566371786
3.41	0.04436154908107153
3.415	0.04428668017582183
3.42	0.04421198614264814
3.425	0.044137466277294486
3.4299999999999997	0.04406311987919908
3.435	0.04398894625146833
3.44	0.04391494470085299
3.445	0.04384111453772274
3.45	0.04376745507604266
3.455	0.0436939656333484
3.46	0.04362064553072218
3.465	0.04354749409276961
3.4699999999999998	0.043474510647595416
3.475	0.04340169452678029
3.48	0.04332904506535759
3.485	0.04325656160179057
3.49	0.043184243477948955
3.495	0.04311209003908689
3.5	0.04304010063381978
3.505	0.04296827461410263
3.51	0.04289661133520737
3.515	0.04282511015570109
3.52	0.04275377043742428
3.525	0.04268259154546914
3.53	0.042611572848158155
3.535	0.0425407137170227
3.54	0.04247001352678194
3.545	0.04239947165532208
3.55	0.042329087483675275
3.5549999999999997	0.04225886039599919
3.56	0.042188789779556375
3.565	0.04211887502469431
3.5700000000000003	0.04204911552482464
3.575	0.04197951067640368
3.58	0.04191005987891251
3.585	0.041840762534836984
3.59	0.04177161804964843
3.5949999999999998	0.041702625831784586
3.5999999999999996	0.041633785292629545
3.605	0.04156509584649508
3.61	0.041496556910602445
3.615	0.04142816790506203
3.62	0.04135992825285616
3.625	0.041291837379819694
3.63	0.04122389471462204
3.635	0.04115609968874883
3.6399999999999997	0.04108845173648379
3.645	0.04102095029489091
3.65	0.04095359480379663
3.6550000000000002	0.040886384705771814
3.66	0.040819319446114714
3.665	0.040752398472833254
3.67	0.040685621236627875
3.675	0.04061898719087412
3.6799999999999997	0.04055249579160593
3.685	0.040486146497498744
3.69	0.04041993876985239
3.6950000000000003	0.0403538720725751
3.7	0.04028794587216592
3.705	0.040222159637699505
3.71	0.04015651284080929
3.715	0.040091004955670875
3.7199999999999998	0.0400256354589869
3.7249999999999996	0.03996040382997087
3.73	0.03989530955033081
3.735	0.03983035210425426
3.74	0.039765530978392104
3.745	0.039700845661844016
3.75	0.039636295646142204
3.755	0.039571880425236586
3.76	0.03950759949547998
3.7649999999999997	0.03944345235561244
3.77	0.03937943850674707
3.775	0.039315557452354724
3.7800000000000002	0.03925180869824946
3.785	0.039188191752574514
3.79	0.039124706125786966
3.795	0.039061351330643944
3.8	0.038998126882188434
3.8049999999999997	0.03893503229773473
3.81	0.03887206709685485
3.815	0.038809230801364315
3.8200000000000003	0.03874652293530846
3.825	0.038683943024948694
3.83	0.038621490598748386
3.835	0.03855916518736073
3.84	0.03849696632361319
3.8449999999999998	0.03843489354249609
3.8499999999999996	0.03837294638114832
3.855	0.03831112437884472
3.86	0.03824942707698218
3.865	0.038187854019067824
3.87	0.03812640475070551
3.875	0.0380650788195828
3.88	0.03800387577545882
3.885	0.03794279517015155
3.8899999999999997	0.03788183655752499
3.895	0.03782099949347694
3.9	0.0377602835359271
3.9050000000000002	0.03769968824480338
3.91	0.037639213182032324
3.915	0.037578857911524204
3.92	0.03751862199916298
3.925	0.037458505012793186
3.9299999999999997	0.037398506522209544
3.935	0.037338626099143325
3.94	0.037278863317252366
3.9450000000000003	0.037219217752108846
3.95	0.037159688981187475
3.955	0.037100276583854674
3.96	0.03704098014135694
3.965	0.036981799236809325
3.9699999999999998	0.03692273345518502
3.9749999999999996	0.03686378238330354
3.98	0.03680494560982016
3.985	0.03674622272521449
3.99	0.036687613321780006
3.995	0.036629116993613334
4.	0.036570733336603274
4.005	0.03651246194841987
4.01	0.03645430242850471
4.015	0.036396254378059344
4.02	0.036338317400036076
4.025	0.036280491099126316
4.03	0.0362227750817513
4.035	0.036165168956051236
4.04	0.03610767233187584
4.045	0.03605028482077328
4.05	0.035993006035980886
4.055	0.03593583559241546
4.0600000000000005	0.03587877310666258
4.0649999999999995	0.03582181819696692
4.07	0.03576497048322339
4.075	0.03570822958696645
4.08	0.03565159513136099
4.085	0.03559506674119293
4.09	0.0355386440428587
4.095	0.0354823266643575
4.1	0.035426114235280706
4.105	0.035370006386802884
4.109999999999999	0.03531400275167262
4.115	0.03525810296420328
4.12	0.03520230666026405
4.125	0.03514661347727059
4.13	0.03509102305417633
4.135	0.03503553503146363
4.14	0.03498014905113442
4.145	0.03492486475670165
4.15	0.03486968179318091
4.155	0.034814599807081056
4.16	0.03475961844639603
4.165	0.034704737360596295
4.17	0.034649956200619725
4.175	0.034595274618863754
4.18	0.03454069226917711
4.1850000000000005	0.034486208806850556
4.1899999999999995	0.034431823888609686
4.195	0.03437753717260566
4.2	0.03432334831840751
4.205	0.03426925698699408
4.21	0.034215262840745914
4.215	0.034161365543437024
4.22	0.0341075647602264
4.225	0.03405386015765127
4.23	0.03400025140361864
4.234999999999999	0.03394673816739694
4.24	0.033893320119609015
4.245	0.033839996932223476
4.25	0.03378676827854834
4.255	0.03373363383322254
4.26	0.03368059327220766
4.265	0.033627646272781746
4.27	0.03357479251353164
4.275	0.033522031674344026
4.28	0.03346936343640017
4.285	0.03341678748216638
4.29	0.03336430349538914
4.295	0.033311911161085735
4.3	0.03325961016553749
4.305	0.03320740019628391
4.3100000000000005	0.0331552809421136
4.3149999999999995	0.03310325209305903
4.32	0.033051313340387786
4.325	0.03299946437659675
4.33	0.03294770489540543
4.335	0.03289603459174748
4.34	0.032844453161764806
4.345	0.032792960302801495
4.35	0.03274155571339577
4.355	0.0326902390932735
4.359999999999999	0.03263901014334247
4.365	0.032587868565683804
4.37	0.03253681406354776
4.375	0.032485846341345284
4.38	0.03243496510464241
4.385	0.03238417006015259
4.39	0.03233346091573229
4.395	0.03228283738037301
4.4	0.03223229916419472
4.405	0.03218184597844067
4.41	0.03213147753547051
4.415	0.03208119354875363
4.42	0.03203099373286339
4.425	0.031980877803471176
4.43	0.03193084547733985
4.4350000000000005	0.03188089647231721
4.4399999999999995	0.031831030507331104
4.445	0.03178124730238213
4.45	0.03173154657853874
4.455	0.031681928057930124
4.46	0.03163239146374127
4.465	0.03158293652020656
4.47	0.03153356295260375
4.475	0.031484270487248826
4.48	0.031435058851489506
4.484999999999999	0.031385927773699605
4.49	0.031336876983273955
4.495	0.03128790621062136
4.5	0.03123901518716076
4.505	0.031190203645313844
4.51	0.031141471318500157
4.515	0.031092817941132188
4.52	0.03104424324860896
4.525	0.03099574697731044
4.53	0.030947328864593008
4.535	0.03089898864878279
4.54	0.030850726069171754
4.545	0.030802540866010652
4.55	0.03075443278050479
4.555	0.03070640155480873
4.5600000000000005	0.03065844693202025
4.5649999999999995	0.03061056865617554
4.57	0.03056276647224424
4.575	0.030515040126123934
4.58	0.030467389364634792
4.585	0.030419813935514923
4.59	0.03037231358741475
4.595000000000001	0.030324888069892333
4.6	0.030277537133407813
4.605	0.030230260529319732
4.609999999999999	0.0301830580098777
4.615	0.030135929328219926
4.62	0.030088874238365808
4.625	0.030041892495213912
4.63	0.029994983854534245
4.635	0.029948148072965013
4.640000000000001	0.02990138490800784
4.645	0.029854694118021847
4.65	0.029808075462220206
4.654999999999999	0.02976152870066386
4.66	0.029715053594258925
4.665	0.029668649904749864
4.67	0.029622317394715457
4.675	0.029576055827564993
4.68	0.029529864967532862
4.6850000000000005	0.029483744579673905
4.6899999999999995	0.029437694429859072
4.695	0.02939171428477109
4.7	0.029345803911899258
4.705	0.029299963079535456
4.71	0.029254191556770216
4.715	0.02920848911348634
4.720000000000001	0.02916285552035677
4.725	0.029117290548838666
4.73	0.029071793971169154
4.734999999999999	0.029026365560362397
4.74	0.0289810050902029
4.745	0.02893571233524338
4.75	0.02889048707079871
4.755	0.028845329072942946
4.76	0.02880023811850405
4.765000000000001	0.028755213985060802
4.77	0.028710256450937815
4.775	0.02866536529520118
4.779999999999999	0.028620540297654228
4.785	0.028575781238834762
4.79	0.028531087900009505
4.795	0.028486460063169947
4.8	0.028441897511028907
4.805	0.02839740002701684
4.8100000000000005	0.028352967395276246
4.8149999999999995	0.028308599400659478
4.82	0.028264295828723564
4.825	0.028220056465726267
4.83	0.028175881098622478
4.835	0.028131769515060856
4.84	0.028087721503378123
4.845000000000001	0.028043736852596646
4.85	0.02799981535242047
4.855	0.027955956793230943
4.859999999999999	0.027912160966082844
4.865	0.02786842766270076
4.87	0.027824756675475355
4.875	0.027781147797459525
4.88	0.027737600822364507
4.885	0.027694115544555857
4.890000000000001	0.027650691759050338
4.895	0.02760732926151175
4.9	0.027564027848247633
4.904999999999999	0.02752078731620461
4.91	0.027477607462965827
4.915	0.02743448808674686
4.92	0.027391428986391707
4.925	0.027348429961369623
4.93	0.027305490811771856
4.9350000000000005	0.027262611338306774
4.9399999999999995	0.027219791342297853
4.945	0.02717703062567834
4.95	0.027134328990990247
4.955	0.027091686241377783
4.96	0.027049102180586267
4.965	0.027006576612957665
4.970000000000001	0.026964109343426045
4.975	0.026921700177516814
4.98	0.02687934892134119
4.984999999999999	0.026837055381592166
4.99	0.026794819365543326
4.995	0.02675264068104377
5.	0.02671051913651608
5.005	0.026668454540950664
5.01	0.02662644670390432
5.015000000000001	0.026584495435497013
5.02	0.026542600546406964
5.025	0.02650076184786914
5.029999999999999	0.026458979151670427
5.035	0.02641725227014668
5.04	0.026375581016180864
5.045	0.02633396520319735
5.05	0.02629240464516047
5.055	0.02625089915657138
5.0600000000000005	0.02620944855246285
5.0649999999999995	0.026168052648398547
5.07	0.02612671126046815
5.075	0.02608542420528445
5.08	0.026044191299981003
5.085	0.026003012362207985
5.09	0.02596188721012964
5.095000000000001	0.02592081566242003
5.1	0.025879797538261792
5.105	0.025838832657342055
5.109999999999999	0.025797920839848127
5.115	0.025757061906466393
5.12	0.02571625567837817
5.125	0.02567550197725719
5.13	0.025634800625265467
5.135	0.02559415144505136
5.14	0.025553554259746095
5.145	0.025513008892960848
5.15	0.025472515168783398
5.155	0.02543207291177537
5.16	0.02539168194696961
5.165	0.025351342099866107
5.17	0.025311053196430306
5.175	0.025270815063089043
5.18	0.025230627526728912
5.185	0.025190490414691576
5.19	0.025150403554771692
5.195	0.0251103667752153
5.2	0.0250703799047143
5.205	0.025030442772404904
5.21	0.024990555207866003
5.215	0.024950717041112982
5.22	0.024910928102598404
5.225	0.02487118822320734
5.23	0.024831497234253805
5.235	0.024791854967479973
5.24	0.024752261255051155
5.245	0.02471271592955411
5.25	0.02467321882399521
5.255	0.024633769771795204
5.26	0.02459436860678766
5.265	0.024555015163217054
5.27	0.024515709275734255
5.275	0.024476450779395066
5.28	0.024437239509657007
5.285	0.024398075302375494
5.29	0.024358957993803283
5.295	0.024319887420585627
5.3	0.024280863419758436
5.305	0.024241885828746663
5.31	0.024202954485358506
5.315	0.024164069227785096
5.32	0.024125229894597634
5.325	0.024086436324744213
5.33	0.024047688357546573
5.335	0.024008985832698494
5.34	0.023970328590261786
5.345	0.0239317164706653
5.35	0.023893149314700678
5.355	0.02385462696351989
5.36	0.023816149258633654
5.365	0.023777716041908065
5.37	0.023739327155561114
5.375	0.02370098244216165
5.38	0.0236626817446251
5.385	0.02362442490621215
5.39	0.023586211770525535
5.395	0.02354804218150738
5.4	0.023509915983436037
5.405	0.023471833020924752
5.41	0.023433793138918243
5.415	0.02339579618268936
5.42	0.02335784199783834
5.425	0.023319930430288204
5.43	0.023282061326283538
5.435	0.02324423453238684
5.44	0.02320644989547726
5.445	0.023168707262746724
5.45	0.023131006481698198
5.455	0.023093347400141667
5.46	0.023055729866194048
5.465	0.02301815372827432
5.47	0.022980618835101798
5.475	0.02294312503569372
5.48	0.022905672179362742
5.485	0.022868260115714176
5.49	0.022830888694642417
5.495	0.02279355776633056
5.5	0.022756267181245945
5.505	0.02271901679013816
5.51	0.022681806444037528
5.515	0.02264463599425005
5.52	0.022607505292358117
5.525	0.022570414190215174
5.53	0.022533362539944677
5.535	0.022496350193936584
5.54	0.022459377004846702
5.545	0.022422442825590833
5.55	0.022385547509345904
5.555	0.02234869090954512
5.56	0.022311872879875568
5.565	0.022275093274277027
5.57	0.022238351946937785
5.575	0.02220164875229279
5.58	0.0221649835450221
5.585	0.02212835618004672
5.59	0.022091766512526794
5.595	0.022055214397858944
5.6	0.02201869969167416
5.605	0.021982222249834912
5.61	0.021945781928432686
5.615	0.02190937858378529
5.62	0.02187301207243385
5.625	0.021836682251142037
5.63	0.021800388976891606
5.635	0.02176413210688051
5.64	0.021727911498520814
5.645	0.021691727009435342
5.65	0.021655578497457247
5.655	0.021619465820622723
5.66	0.021583388837174484
5.665	0.021547347405554793
5.67	0.021511341384404595
5.675	0.021475370632561167
5.68	0.02143943500905479
5.6850000000000005	0.021403534373106853
5.69	0.021367668584126833
5.695	0.021331837501709923
5.7	0.02129604098563505
5.705	0.021260278895860754
5.71	0.02122455109252447
5.715	0.02118885743593875
5.72	0.02115319778658906
5.725	0.021117572005131313
5.73	0.021081979952389064
5.735	0.021046421489351128
5.74	0.021010896477168483
5.745	0.020975404777152765
5.75	0.020939946250772997
5.755	0.020904520759652188
5.76	0.020869128165566415
5.765	0.020833768330440587
5.77	0.020798441116347304
5.775	0.020763146385503452
5.78	0.020727884000267077
5.785	0.020692653823135912
5.79	0.020657455716743715
5.795	0.020622289543858374
5.8	0.02058715516737922
5.805	0.02055205245033395
5.8100000000000005	0.020516981255875793
5.815	0.02048194144728105
5.82	0.020446932887948056
5.825	0.020411955441391388
5.83	0.02037700897124152
5.835	0.020342093341242155
5.84	0.020307208415244873
5.845	0.020272354057210402
5.85	0.020237530131202944
5.855	0.020202736501388558
5.86	0.020167973032032487
5.865	0.020133239587495622
5.87	0.020098536032233157
5.875	0.02006386223079072
5.88	0.020029218047801643
5.885	0.019994603347984342
5.89	0.019960017996141256
5.895	0.019925461857152296
5.9	0.01989093479597567
5.905	0.019856436677643315
5.91	0.019821967367258025
5.915	0.019787526729992316
5.92	0.019753114631082667
5.925	0.019718730935829053
5.93	0.019684375509591616
5.9350000000000005	0.0196500482177872
5.94	0.01961574892588704
5.945	0.01958147749941354
5.95	0.019547233803937168
5.955	0.01951301770507446
5.96	0.019478829068484135
5.965	0.01944466775986444
5.97	0.019410533644950444
5.975	0.019376426589510942
5.98	0.019342346459345756
5.985	0.019308293120281574
5.99	0.019274266438170803
5.995	0.019240266278886854
6.	0.019206292508322276
6.005	0.019172344992384897
6.01	0.019138423596995864
6.015	0.01910452818808497
6.02	0.019070658631588664
6.025	0.019036814793447588
6.03	0.019002996539601656
6.035	0.018969203735988198
6.04	0.018935436248538152
6.045	0.01890169394317403
6.05	0.018867976685805383
6.055	0.01883428434232642
6.0600000000000005	0.0188006167786119
6.065	0.018766973860515453
6.07	0.018733355453865213
6.075	0.018699761424459897
6.08	0.018666191638067337
6.085	0.018632645960420077
6.09	0.018599124257211986
6.095	0.018565626394094793
6.1	0.018532152236675595
6.105	0.0184987016505126
6.11	0.018465274501112437
6.115	0.018431870653926038
6.12	0.018398489974344966
6.125	0.018365132327699516
6.13	0.018331797579253607
6.135	0.01829848559420169
6.140000000000001	0.018265196237665902
6.145	0.018231929374691442
6.15	0.018198684870243714
6.155	0.018165462589204616
6.16	0.018132262396369208
6.165	0.01809908415644084
6.17	0.018065927734028944
6.175	0.01803279299364478
6.18	0.017999679799696713
6.1850000000000005	0.017966588016489152
6.1899999999999995	0.017933517508215552
6.195	0.017900468138955797
6.2	0.017867439772674583
6.205	0.017834432273213557
6.21	0.017801445504290487
6.215	0.017768479329494224
6.22	0.017735533612281
6.225	0.017702608215970327
6.23	0.01766970300374032
6.235	0.017636817838625453
6.24	0.017603952583510454
6.245	0.017571107101127647
6.25	0.017538281254052667
6.255	0.01750547490469881
6.26	0.01747268791531529
6.265000000000001	0.017439920147980494
6.27	0.017407171464599174
6.275	0.017374441726900024
6.28	0.017341730796426258
6.285	0.01730903853453534
6.29	0.017276364802393914
6.295	0.01724370946097278
6.3	0.01721107237104224
6.305	0.017178453393168043
6.3100000000000005	0.01714585238770703
6.3149999999999995	0.017113269214801836
6.32	0.01708070373437651
6.325	0.017048155806132663
6.33	0.017015625289543503
6.335	0.016983112043850026
6.34	0.016950615928055305
6.345	0.016918136800920865
6.35	0.016885674520960986
6.355	0.016853228946437784
6.36	0.016820799935356893
6.365	0.016788387345460905
6.37	0.016755991034226606
6.375	0.016723610858857728
6.38	0.016691246676281572
6.385	0.016658898343142357
6.390000000000001	0.016626565715796897
6.395	0.016594248650308573
6.4	0.016561947002442595
6.405	0.01652966062766089
6.41	0.016497389381115307
6.415	0.01646513311764402
6.42	0.01643289169176366
6.425	0.01640066495766613
6.43	0.01636845276921064
6.4350000000000005	0.01633625497992029
6.4399999999999995	0.016304071442974074
6.445	0.016271902011203095
6.45	0.0162397465370826
6.455	0.016207604872727717
6.46	0.01617547686988684
6.465	0.016143362379935088
6.47	0.01611126125386878
6.475	0.016079173342298546
6.48	0.01604709849544553
6.485	0.01601503656312938
6.49	0.01598298739476905
6.495	0.015950950839370495
6.5	0.01591892674552439
6.505	0.01588691496139552
6.51	0.015854915334719104
6.515000000000001	0.015822927712792968
6.52	0.01579095194247075
6.525	0.015758987870155648
6.53	0.01572703534179123
6.535	0.015695094202857706
6.54	0.01566316429836189
6.545	0.01563124547283203
6.55	0.015599337570308784
6.555	0.015567440434339424
6.5600000000000005	0.015535553907968824
6.5649999999999995	0.015503677833733274
6.57	0.01547181205365263
6.575	0.015439956409221139
6.58	0.015408110741402144
6.585	0.015376274890616801
6.59	0.01534444869674042
6.595	0.015312631999090175
6.6	0.01528082463641889
6.605	0.015249026446907756
6.61	0.015217237268155446
6.615	0.015185456937172118
6.62	0.015153685290368566
6.625	0.015121922163549835
6.63	0.015090167391904167
6.635	0.015058420809995457
6.640000000000001	0.015026682251754091
6.645	0.014994951550467853
6.65	0.014963228538771696
6.655	0.014931513048640557
6.66	0.014899804911377424
6.665	0.01486810395760506
6.67	0.01483641001725626
6.675	0.014804722919563605
6.68	0.014773042493050255
6.6850000000000005	0.014741368565518356
6.6899999999999995	0.014709700964041469
6.695	0.014678039514950688
6.7	0.014646384043827386
6.705	0.014614734375490901
6.71	0.01458309033398764
6.715	0.014551451742581127
6.72	0.014519818423740954
6.725	0.01448819019913029
6.73	0.014456566889596388
6.735	0.014424948315156644
6.74	0.014393334294990168
6.745	0.01436172464742299
6.75	0.014330119189917969
6.755	0.01429851773906214
6.76	0.014266920110554054
6.765000000000001	0.01423532611919173
6.77	0.014203735578859443
6.775	0.014172148302517047
6.78	0.014140564102183482
6.785	0.01410898278892654
6.79	0.014077404172847951
6.795	0.014045828063071027
6.8	0.01401425426772581
6.805	0.013982682593935876
6.8100000000000005	0.01395111284780331
6.8149999999999995	0.013919544834396322
6.82	0.013887978357732894
6.825	0.013856413220765803
6.83	0.013824849225370037
6.835	0.013793286172324936
6.84	0.013761723861300422
6.845	0.013730162090840445
6.85	0.013698600658348992
6.855	0.01366703936007105
6.86	0.013635477991078601
6.865	0.01360391634525373
6.87	0.013572354215270543
6.875	0.01354079139258017
6.88	0.013509227667391412
6.885	0.013477662828654622
6.890000000000001	0.013446096664042553
6.895	0.013414528959933685
6.9	0.013382959501393114
6.905	0.013351388072153957
6.91	0.01331981445459744
6.915	0.013288238429735736
6.92	0.013256659777189995
6.925	0.013225078275172724
6.93	0.013193493700466104
6.9350000000000005	0.013161905828401524
6.9399999999999995	0.013130314432839612
6.945	0.01309871928614863
6.95	0.013067120159182733
6.955	0.013035516821260447
6.96	0.013003909040142033
6.965	0.012972296582008228
6.97	0.012940679211435
6.975	0.012909056691372664
6.98	0.012877428783120724
6.985	0.01284579524630386
6.99	0.012814155838848708
6.995	0.012782510316956952
7.	0.01275085843508234
7.005	0.0127191999459027
7.01	0.012687534600295732
7.015000000000001	0.012655862147311056
7.02	0.012624182334143074
7.025	0.012592494906105426
7.03	0.01256079960660087
7.035	0.012529096177093326
7.04	0.012497384357079902
7.045	0.01246566388405961
7.05	0.012433934493505588
7.055	0.012402195918833129
7.0600000000000005	0.012370447891369218
7.0649999999999995	0.012338690140320274
7.07	0.012306922392741117
7.075	0.012275144373501181
7.08	0.012243355805251937
7.085	0.012211556408393156
7.09	0.01217974590103735
7.095	0.012147923998975796
7.1	0.012116090415642326
7.105	0.012084244862076465
7.11	0.012052387046887473
7.115	0.012020516676215148
7.12	0.011988633453692592
7.125	0.011956737080406425
7.13	0.01192482725485675
7.135	0.011892903672917036
7.140000000000001	0.01186096602779197
7.145	0.011829014009975939
7.15	0.01179704730721001
7.155	0.011765065604436754
7.16	0.011733068583758227
7.165	0.01170105592438709
7.17	0.011669027302603002
7.175	0.01163698239170395
7.18	0.011604920861957944
7.1850000000000005	0.011572842380554829
7.1899999999999995	0.011540746611554692
7.195	0.011508633215837815
7.2	0.011476501851052373
7.205	0.011444352171560429
7.21	0.0114121838283845
7.215	0.01137999646915197
7.220000000000001	0.01134778973803844
7.225	0.011315563275709603
7.23	0.011283316719263843
7.234999999999999	0.011251049702170614
7.24	0.011218761854210016
7.245	0.011186452801410316
7.25	0.011154122165983557
7.255	0.011121769566260733
7.26	0.011089394616624889
7.265000000000001	0.011056996927443776
7.27	0.011024576105000034
7.275	0.010992131751420104
7.28	0.010959663464601976
7.285	0.010927170838141733
7.29	0.01089465346125705
7.295	0.010862110918710276
7.300000000000001	0.010829542790730036
7.305	0.01079694865293009
7.3100000000000005	0.01076432807622663
7.3149999999999995	0.010731680626754999
7.32	0.010699005865782292
7.325	0.010666303349620081
7.33	0.010633572629534778
7.335	0.01060081325165369
7.34	0.010568024756873056
7.345000000000001	0.010535206680760157
7.35	0.010502358553455358
7.355	0.010469479899571232
7.359999999999999	0.010436570238089044
7.365	0.010403629082253006
7.37	0.010370655939463442
7.375	0.010337650311164065
7.38	0.010304611692730567
7.385	0.010271539573353347
7.390000000000001	0.010238433435919516
7.395	0.010205292756890659
7.4	0.010172117006179057
7.405	0.010138905647019022
7.41	0.010105658135837236
7.415	0.010072373922117467
7.42	0.010039052448264252
7.425000000000001	0.010005693149461897
7.43	0.009972295453530473
7.4350000000000005	0.009938858780776728
7.4399999999999995	0.009905382543844208
7.445	0.009871866147556183
7.45	0.009838308988756938
7.455	0.009804710456148292
7.46	0.009771069930120595
7.465	0.009737386782581929
7.470000000000001	0.009703660376780306
7.475	0.009669890067122508
7.48	0.009636075198987995
7.484999999999999	0.00960221510853727
7.49	0.009568309122515979
7.495	0.009534356558052608
7.5	0.009500356722451852
7.505	0.009466308912981334
7.51	0.009432212416653233
7.515000000000001	0.009398066509999038
7.52	0.009363870458839012
7.525	0.009329623518044632
7.53	0.009295324931293477
7.535	0.009260973930819854
7.54	0.009226569737154015
7.545	0.009192111558858728
7.550000000000001	0.00915759859225441
7.555	0.009123030021137984
7.5600000000000005	0.009088405016493592
7.5649999999999995	0.009053722736193598
7.57	0.009018982324692172
7.575	0.008984182912709197
7.58	0.008949323616903157
7.585	0.008914403539537053
7.59	0.008879421768131673
7.595000000000001	0.008844377375108924
7.6	0.008809269417424766
7.605	0.008774096936190136
7.609999999999999	0.008738858956279344
7.615	0.008703554485928201
7.62	0.008668182516316516
7.625	0.008632742021139528
7.63	0.00859723195616519
7.635	0.00856165125877508
7.640000000000001	0.008525998847493351
7.645	0.008490273621497742
7.65	0.008454474460115605
7.655	0.008418600222302564
7.66	0.00838264974610369
7.665	0.008346621848096907
7.67	0.008310515322816053
7.675000000000001	0.008274328942156373
7.68	0.008238061454756373
7.685	0.00820171158536081
7.6899999999999995	0.008165278034159297
7.694999999999999	0.008128759476103026
7.699999999999999	0.008092154560195292
7.704999999999999	0.008055461908757605
7.71	0.008018680116669098
7.715	0.007981807750577415
7.72	0.007944843348080648
7.725	0.00790778541687937
7.7299999999999995	0.007870632433895729
7.734999999999999	0.007833382844360436
7.739999999999999	0.007796035060862838
7.744999999999999	0.007758587462367622
7.75	0.007721038393189722
7.755	0.007683386161931685
7.76	0.007645629040377293
7.765	0.007607765262342274
7.77	0.007569793022478211
7.7749999999999995	0.00753171047502756
7.779999999999999	0.007493515732528404
7.784999999999999	0.007455206864465148
7.79	0.007416781895862656
7.795	0.0073782388058220745
7.8	0.007339575525993138
7.805	0.007300789938982581
7.81	0.007261879876692095
7.8149999999999995	0.007222843118583538
7.819999999999999	0.0071836773898692865
7.824999999999999	0.007144380359619822
7.829999999999999	0.007104949638787652
7.835	0.007065382778139824
7.84	0.0070256772660966015
7.845	0.006985830526469204
7.85	0.006945839916092713
7.8549999999999995	0.006905702722343453
7.859999999999999	0.006865416160541918
7.864999999999999	0.0068249773712262774
7.869999999999999	0.006784383417295032
7.875	0.00674363128100547
7.88	0.006702717860826018
7.885	0.006661639968125533
7.89	0.006620394323694885
7.895	0.00657897755408967
7.8999999999999995	0.006537386187779016
7.904999999999999	0.006495616651093354
7.909999999999999	0.006453665263953565
7.915	0.006411528235367324
7.92	0.006369201658682045
7.925	0.006326681506571058
7.93	0.00628396362573924
7.935	0.006241043731326583
7.9399999999999995	0.006197917400989591
7.944999999999999	0.006154580068638052
7.949999999999999	0.00611102701779979
7.955	0.006067253374587168
7.96	0.006023254100238995
7.965	0.005979023983200605
7.97	0.005934557630712024
7.975	0.00588984945986143
7.9799999999999995	0.005844893688064846
7.984999999999999	0.0057996843229291785
7.989999999999999	0.005754215151439768
7.994999999999999	0.005708479728429844
8.	0.00566247136425947
8.004999999999999	0.005616183111645443
8.01	0.005569607751571931
8.014999999999999	0.005522737778187026
8.02	0.005475565382616541
8.025	0.005428082435579831
8.03	0.005380280468709758
8.035	0.005332150654447329
8.04	0.005283683784386246
8.045	0.005234870245910808
8.049999999999999	0.005185699996963632
8.055	0.005136162538753927
8.059999999999999	0.005086246886204832
8.065	0.005035941535895
8.07	0.004985234431242023
8.075	0.004934112924624448
8.08	0.004882563736109205
8.084999999999999	0.004830572908408075
8.09	0.004778125757627228
8.094999999999999	0.004725206819330217
8.1	0.004671799789345868
8.105	0.004617887458690437
8.11	0.004563451641870338
8.115	0.004508473097731575
8.12	0.004452931441860342
8.125	0.0043968050494552595
8.129999999999999	0.004340070947318846
8.135	0.004282704693482398
8.139999999999999	0.004224680242674654
8.145	0.004165969795539636
8.15	0.004106543629154165
8.155	0.004046369905927577
8.16	0.0039854144573964485
8.165	0.003923640538815599
8.17	0.003861008549507971
8.174999999999999	0.0037974757130175563
8.18	0.0037329957097272807
8.184999999999999	0.003667518253039522
8.19	0.003600988598151766
8.195	0.0035333469698383014
8.2	0.0034645278923159757
8.205	0.0033944593999193145
8.209999999999999	0.0033230621015848177
8.215	0.0032502480646843246
8.219999999999999	0.0031759194736522356
8.225	0.0030999670052699714
8.23	0.0030222678438751255
8.235	0.0029426832339381815
8.24	0.0028610554310012546
8.245	0.002777203859772388
8.25	0.0026909202119887194
8.254999999999999	0.0026019621029648647
8.26	0.0025100447326090276
8.264999999999999	0.002414829725756514
8.27	0.0023159098902747867
8.275	0.0022127879051713857
8.28	0.0021048456946880924
8.285	0.00199129897198563
8.29	0.0018711271021821913
8.295	0.0017429596214890532
8.299999999999999	0.0016048813554038121
8.305	0.0014540708880953004
8.309999999999999	0.001286055964369373
8.315	0.0010929296923082067
8.32	0.0008578962759937972
8.325	0.000527645563132674
8.33	0.
8.334999999999999	0.
8.34	0.
8.344999999999999	0.
8.35	0.
8.355	0.
8.36	0.
8.365	0.
8.37	0.
8.375	0.
8.379999999999999	0.
8.385	0.
8.389999999999999	0.
8.395	0.
8.4	0.
8.405	0.
8.41	0.
8.415	0.
8.42	0.
8.424999999999999	0.
8.43	0.
8.434999999999999	0.
8.44	0.
8.445	0.
8.45	0.
8.455	0.
8.459999999999999	0.
8.465	0.
8.469999999999999	0.
8.475	0.
8.48	0.
8.485	0.
8.49	0.
8.495	0.
8.5	0.
8.504999999999999	0.
8.51	0.
8.515	0.
8.52	0.
8.525	0.
8.53	0.
8.535	0.
8.54	0.
8.545	0.
8.549999999999999	0.
8.555	0.
8.559999999999999	0.
8.565	0.
8.57	0.
8.575	0.
8.58	0.
8.584999999999999	0.
8.59	0.
8.594999999999999	0.
8.6	0.
8.605	0.
8.61	0.
8.615	0.
8.62	0.
8.625	0.
8.629999999999999	0.
8.635	0.
8.64	0.
8.645	0.
8.65	0.
8.655	0.
8.66	0.
8.665	0.
8.67	0.
8.674999999999999	0.
8.68	0.
8.684999999999999	0.
8.69	0.
8.695	0.
8.7	0.
8.705	0.
8.709999999999999	0.
8.715	0.
8.719999999999999	0.
8.725	0.
8.73	0.
8.735	0.
8.74	0.
8.745	0.
8.75	0.
8.754999999999999	0.
8.76	0.
8.765	0.
8.77	0.
8.775	0.
8.78	0.
8.785	0.
8.79	0.
8.795	0.
8.799999999999999	0.
8.805	0.
8.809999999999999	0.
8.815	0.
8.82	0.
8.825	0.
8.83	0.
8.834999999999999	0.
8.84	0.
8.844999999999999	0.
8.85	0.
8.855	0.
8.86	0.
8.865	0.
8.87	0.
8.875	0.
8.879999999999999	0.
8.885	0.
8.89	0.
8.895	0.
8.9	0.
8.905	0.
8.91	0.
8.915	0.
8.92	0.
8.924999999999999	0.
8.93	0.
8.934999999999999	0.
8.94	0.
8.945	0.
8.95	0.
8.955	0.
8.959999999999999	0.
8.965	0.
8.969999999999999	0.
8.975	0.
8.98	0.
8.985	0.
8.99	0.
8.995	0.
9.	0.
9.004999999999999	0.
9.01	0.
9.015	0.
9.02	0.
9.025	0.
9.03	0.
9.035	0.
9.04	0.
9.045	0.
9.049999999999999	0.
9.055	0.
9.059999999999999	0.
9.065	0.
9.07	0.
9.075	0.
9.08	0.
9.084999999999999	0.
9.09	0.
9.094999999999999	0.
9.1	0.
9.105	0.
9.11	0.
9.115	0.
9.12	0.
9.125	0.
9.129999999999999	0.
9.135	0.
9.14	0.
9.145	0.
9.15	0.
9.155	0.
9.16	0.
9.165	0.
9.17	0.
9.174999999999999	0.
9.18	0.
9.184999999999999	0.
9.19	0.
9.195	0.
9.2	0.
9.205	0.
9.209999999999999	0.
9.215	0.
9.219999999999999	0.
9.225	0.
9.23	0.
9.235	0.
9.24	0.
9.245	0.
9.25	0.
9.254999999999999	0.
9.26	0.
9.265	0.
9.27	0.
9.275	0.
9.28	0.
9.285	0.
9.29	0.
9.295	0.
9.299999999999999	0.
9.305	0.
9.309999999999999	0.
9.315	0.
9.32	0.
9.325	0.
9.33	0.
9.334999999999999	0.
9.34	0.
9.344999999999999	0.
9.35	0.
9.355	0.
9.36	0.
9.365	0.
9.37	0.
9.375	0.
9.379999999999999	0.
9.385	0.
9.39	0.
9.395	0.
9.4	0.
9.405	0.
9.41	0.
9.415	0.
9.42	0.
9.424999999999999	0.
9.43	0.
9.434999999999999	0.
9.44	0.
9.445	0.
9.45	0.
9.455	0.
9.459999999999999	0.
9.465	0.
9.469999999999999	0.
9.475	0.
9.48	0.
9.485	0.
9.49	0.
9.495	0.
9.5	0.
9.504999999999999	0.
9.51	0.
9.515	0.
9.52	0.
9.525	0.
9.53	0.
9.535	0.
9.54	0.
9.545	0.
9.549999999999999	0.
9.555	0.
9.559999999999999	0.
9.565	0.
9.57	0.
9.575	0.
9.58	0.
9.584999999999999	0.
9.59	0.
9.594999999999999	0.
9.6	0.
9.605	0.
9.61	0.
9.615	0.
9.62	0.
9.625	0.
9.629999999999999	0.
9.635	0.
9.64	0.
9.645	0.
9.65	0.
9.655	0.
9.66	0.
9.665	0.
9.67	0.
9.674999999999999	0.
9.68	0.
9.684999999999999	0.
9.69	0.
9.695	0.
9.7	0.
9.705	0.
9.709999999999999	0.
9.715	0.
9.719999999999999	0.
9.725	0.
9.73	0.
9.735	0.
9.74	0.
9.745	0.
9.75	0.
9.754999999999999	0.
9.76	0.
9.765	0.
9.77	0.
9.774999999999999	0.
9.78	0.
9.785	0.
9.79	0.
9.795	0.
9.8	0.
9.805	0.
9.809999999999999	0.
9.815	0.
9.82	0.
9.825	0.
9.83	0.
9.834999999999999	0.
9.84	0.
9.844999999999999	0.
9.85	0.
9.855	0.
9.86	0.
9.865	0.
9.87	0.
9.875	0.
9.879999999999999	0.
9.885	0.
9.89	0.
9.895	0.
9.899999999999999	0.
9.905	0.
9.91	0.
9.915	0.
9.92	0.
9.925	0.
9.93	0.
9.934999999999999	0.
9.94	0.
9.945	0.
9.95	0.
9.955	0.
9.959999999999999	0.
9.965	0.
9.969999999999999	0.
9.975	0.
9.98	0.
9.985	0.
9.99	0.
9.995	0.
10.	0.
10.004999999999999	0.
10.01	0.
10.015	0.
10.02	0.
10.024999999999999	0.
10.03	0.
10.035	0.
10.04	0.
10.045	0.
10.05	0.
10.055	0.
10.059999999999999	0.
10.065	0.
10.07	0.
10.075	0.
10.08	0.
10.084999999999999	0.
10.09	0.
10.094999999999999	0.
10.1	0.
10.105	0.
10.11	0.
10.115	0.
10.12	0.
10.125	0.
10.129999999999999	0.
10.135	0.
10.14	0.
10.145	0.
10.149999999999999	0.
10.155	0.
10.16	0.
10.165	0.
10.17	0.
10.175	0.
10.18	0.
10.184999999999999	0.
10.19	0.
10.195	0.
10.2	0.
10.205	0.
10.209999999999999	0.
10.215	0.
10.219999999999999	0.
10.225	0.
10.23	0.
10.235	0.
10.24	0.
10.245000000000001	0.
10.250000000000002	0.
10.255	0.
10.260000000000002	0.
10.265	0.
10.270000000000001	0.
10.275	0.
10.280000000000001	0.
10.285	0.
10.290000000000001	0.
10.295000000000002	0.
10.3	0.
10.305000000000001	0.
10.31	0.
10.315000000000001	0.
10.32	0.
10.325000000000001	0.
10.330000000000002	0.
10.335	0.
10.340000000000002	0.
10.345	0.
10.350000000000001	0.
10.355	0.
10.360000000000001	0.
10.365	0.
10.370000000000001	0.
10.375000000000002	0.
10.38	0.
10.385000000000002	0.
10.39	0.
10.395000000000001	0.
10.4	0.
10.405000000000001	0.
10.41	0.
10.415000000000001	0.
10.420000000000002	0.
10.425	0.
10.430000000000001	0.
10.435	0.
10.440000000000001	0.
10.445	0.
10.450000000000001	0.
10.455000000000002	0.
10.46	0.
10.465000000000002	0.
10.47	0.
10.475000000000001	0.
10.48	0.
10.485000000000001	0.
10.49	0.
10.495000000000001	0.
10.500000000000002	0.
10.505	0.
10.510000000000002	0.
10.515	0.
10.520000000000001	0.
10.525	0.
10.530000000000001	0.
10.535	0.
10.540000000000001	0.
10.545000000000002	0.
10.55	0.
10.555000000000001	0.
10.56	0.
10.565000000000001	0.
10.57	0.
10.575000000000001	0.
10.580000000000002	0.
10.585	0.
10.590000000000002	0.
10.595	0.
10.600000000000001	0.
10.605	0.
10.610000000000001	0.
10.615	0.
10.620000000000001	0.
10.625000000000002	0.
10.63	0.
10.635000000000002	0.
10.64	0.
10.645000000000001	0.
10.65	0.
10.655000000000001	0.
10.66	0.
10.665000000000001	0.
10.670000000000002	0.
10.675	0.
10.680000000000001	0.
10.685	0.
10.690000000000001	0.
10.695	0.
10.700000000000001	0.
10.705000000000002	0.
10.71	0.
10.715000000000002	0.
10.72	0.
10.725000000000001	0.
10.73	0.
10.735000000000001	0.
10.74	0.
10.745000000000001	0.
10.750000000000002	0.
10.755	0.
10.760000000000002	0.
10.765	0.
10.770000000000001	0.
10.775	0.
10.780000000000001	0.
10.785	0.
10.790000000000001	0.
10.795000000000002	0.
10.8	0.
10.805000000000001	0.
10.81	0.
10.815000000000001	0.
10.82	0.
10.825000000000001	0.
10.830000000000002	0.
10.835	0.
10.840000000000002	0.
10.845	0.
10.850000000000001	0.
10.855	0.
10.860000000000001	0.
10.865	0.
10.870000000000001	0.
10.875000000000002	0.
10.88	0.
10.885000000000002	0.
10.89	0.
10.895000000000001	0.
10.9	0.
10.905000000000001	0.
10.91	0.
10.915000000000001	0.
10.920000000000002	0.
10.925	0.
10.930000000000001	0.
10.935	0.
10.940000000000001	0.
10.945	0.
10.950000000000001	0.
10.955000000000002	0.
10.96	0.
10.965000000000002	0.
10.97	0.
10.975000000000001	0.
10.98	0.
10.985000000000001	0.
10.99	0.
10.995000000000001	0.
11.000000000000002	0.
11.005	0.
11.010000000000002	0.
11.015	0.
11.020000000000001	0.
11.025	0.
11.030000000000001	0.
11.035	0.
11.040000000000001	0.
11.045000000000002	0.
11.05	0.
11.055000000000001	0.
11.06	0.
11.065000000000001	0.
11.07	0.
11.075000000000001	0.
11.080000000000002	0.
11.085	0.
11.090000000000002	0.
11.095	0.
11.100000000000001	0.
11.105	0.
11.110000000000001	0.
11.115	0.
11.120000000000001	0.
11.125000000000002	0.
11.13	0.
11.135000000000002	0.
11.14	0.
11.145000000000001	0.
11.15	0.
11.155000000000001	0.
11.16	0.
11.165000000000001	0.
11.170000000000002	0.
11.175	0.
11.180000000000001	0.
11.185	0.
11.190000000000001	0.
11.195	0.
11.200000000000001	0.
11.205000000000002	0.
11.21	0.
11.215000000000002	0.
11.22	0.
11.225000000000001	0.
11.23	0.
11.235000000000001	0.
11.24	0.
11.245000000000001	0.
11.250000000000002	0.
11.255	0.
11.260000000000002	0.
11.265	0.
11.270000000000001	0.
11.275	0.
11.280000000000001	0.
11.285	0.
11.290000000000001	0.
11.295000000000002	0.
11.3	0.
11.305000000000001	0.
11.31	0.
11.315000000000001	0.
11.32	0.
11.325000000000001	0.
11.330000000000002	0.
11.335	0.
11.340000000000002	0.
11.345	0.
11.350000000000001	0.
11.355	0.
11.360000000000001	0.
11.365000000000002	0.
11.370000000000001	0.
11.375000000000002	0.
11.38	0.
11.385000000000002	0.
11.39	0.
11.395000000000001	0.
11.4	0.
11.405000000000001	0.
11.41	0.
11.415000000000001	0.
11.420000000000002	0.
11.425	0.
11.430000000000001	0.
11.435	0.
11.440000000000001	0.
11.445	0.
11.450000000000001	0.
11.455000000000002	0.
11.46	0.
11.465000000000002	0.
11.47	0.
11.475000000000001	0.
11.48	0.
11.485000000000001	0.
11.490000000000002	0.
11.495000000000001	0.
11.500000000000002	0.
11.505	0.
11.510000000000002	0.
11.515	0.
11.520000000000001	0.
11.525	0.
11.530000000000001	0.
11.535	0.
11.540000000000001	0.
11.545000000000002	0.
11.55	0.
11.555000000000001	0.
11.56	0.
11.565000000000001	0.
11.57	0.
11.575000000000001	0.
11.580000000000002	0.
11.585	0.
11.590000000000002	0.
11.595	0.
11.600000000000001	0.
11.605	0.
11.610000000000001	0.
11.615000000000002	0.
11.620000000000001	0.
11.625000000000002	0.
11.63	0.
11.635000000000002	0.
11.64	0.
11.645000000000001	0.
11.65	0.
11.655000000000001	0.
11.66	0.
11.665000000000001	0.
11.670000000000002	0.
11.675	0.
11.680000000000001	0.
11.685	0.
11.690000000000001	0.
11.695	0.
11.700000000000001	0.
11.705000000000002	0.
11.71	0.
11.715000000000002	0.
11.72	0.
11.725000000000001	0.
11.73	0.
11.735000000000001	0.
11.740000000000002	0.
11.745000000000001	0.
11.750000000000002	0.
11.755	0.
11.760000000000002	0.
11.765	0.
11.770000000000001	0.
11.775	0.
11.780000000000001	0.
11.785	0.
11.790000000000001	0.
11.795000000000002	0.
11.8	0.
11.805000000000001	0.
11.81	0.
11.815000000000001	0.
11.82	0.
11.825000000000001	0.
11.830000000000002	0.
11.835	0.
11.840000000000002	0.
11.845	0.
11.850000000000001	0.
11.855	0.
11.860000000000001	0.
11.865000000000002	0.
11.870000000000001	0.
11.875000000000002	0.
11.88	0.
11.885000000000002	0.
11.89	0.
11.895000000000001	0.
11.9	0.
11.905000000000001	0.
11.91	0.
11.915000000000001	0.
11.920000000000002	0.
11.925	0.
11.930000000000001	0.
11.935	0.
11.940000000000001	0.
11.945	0.
11.950000000000001	0.
11.955000000000002	0.
11.96	0.
11.965000000000002	0.
11.97	0.
11.975000000000001	0.
11.98	0.
11.985000000000001	0.
11.990000000000002	0.
11.995000000000001	0.
12.000000000000002	0.
12.005	0.
12.010000000000002	0.
12.015	0.
12.020000000000001	0.
12.025	0.
12.030000000000001	0.
12.035	0.
12.040000000000001	0.
12.045000000000002	0.
12.05	0.
12.055000000000001	0.
12.06	0.
12.065000000000001	0.
12.07	0.
12.075000000000001	0.
12.080000000000002	0.
12.085	0.
12.090000000000002	0.
12.095	0.
12.100000000000001	0.
12.105	0.
12.110000000000001	0.
12.115000000000002	0.
12.120000000000001	0.
12.125000000000002	0.
12.13	0.
12.135000000000002	0.
12.14	0.
12.145000000000001	0.
12.15	0.
12.155000000000001	0.
12.16	0.
12.165000000000001	0.
12.170000000000002	0.
12.175	0.
12.180000000000001	0.
12.185	0.
12.190000000000001	0.
12.195	0.
12.200000000000001	0.
12.205000000000002	0.
12.21	0.
12.215000000000002	0.
12.22	0.
12.225000000000001	0.
12.23	0.
12.235000000000001	0.
12.240000000000002	0.
12.245000000000001	0.
12.25	0.
12.255	0.
12.260000000000002	0.
12.265	0.
12.270000000000001	0.
12.275000000000002	0.
12.280000000000001	0.
12.285	0.
12.290000000000001	0.
12.295000000000002	0.
12.3	0.
12.305000000000001	0.
12.31	0.
12.315000000000001	0.
12.32	0.
12.325000000000001	0.
12.330000000000002	0.
12.335	0.
12.340000000000002	0.
12.345	0.
12.350000000000001	0.
12.355	0.
12.360000000000001	0.
12.365000000000002	0.
12.370000000000001	0.
12.375	0.
12.38	0.
12.385000000000002	0.
12.39	0.
12.395000000000001	0.
12.400000000000002	0.
12.405000000000001	0.
12.41	0.
12.415000000000001	0.
12.420000000000002	0.
12.425	0.
12.430000000000001	0.
12.435	0.
12.440000000000001	0.
12.445	0.
12.450000000000001	0.
12.455000000000002	0.
12.46	0.
12.465000000000002	0.
12.47	0.
12.475000000000001	0.
12.48	0.
12.485000000000001	0.
12.490000000000002	0.
12.495000000000001	0.
12.5	0.
12.505	0.
12.510000000000002	0.
12.515	0.
12.520000000000001	0.
12.525000000000002	0.
12.530000000000001	0.
12.535	0.
12.540000000000001	0.
12.545000000000002	0.
12.55	0.
12.555000000000001	0.
12.56	0.
12.565000000000001	0.
12.57	0.
12.575000000000001	0.
12.580000000000002	0.
12.585	0.
12.590000000000002	0.
12.595	0.
12.600000000000001	0.
12.605	0.
12.610000000000001	0.
12.615000000000002	0.
12.620000000000001	0.
12.625	0.
12.63	0.
12.635000000000002	0.
12.64	0.
12.645000000000001	0.
12.650000000000002	0.
12.655000000000001	0.
12.66	0.
12.665000000000001	0.
12.670000000000002	0.
12.675	0.
12.680000000000001	0.
12.685	0.
12.690000000000001	0.
12.695	0.
12.700000000000001	0.
12.705000000000002	0.
12.71	0.
12.715000000000002	0.
12.72	0.
12.725000000000001	0.
12.73	0.
12.735000000000001	0.
12.740000000000002	0.
12.745000000000001	0.
12.75	0.
12.755	0.
12.760000000000002	0.
12.765	0.
12.770000000000001	0.
12.775000000000002	0.
12.780000000000001	0.
12.785	0.
12.790000000000001	0.
12.795000000000002	0.
12.8	0.
12.805000000000001	0.
12.810000000000002	0.
12.815000000000001	0.
12.820000000000002	0.
12.825000000000001	0.
12.830000000000002	0.
12.835	0.
12.840000000000002	0.
12.845	0.
12.850000000000001	0.
12.855000000000002	0.
12.860000000000001	0.
12.865000000000002	0.
12.870000000000001	0.
12.875000000000002	0.
12.88	0.
12.885000000000002	0.
12.890000000000002	0.
12.895000000000001	0.
12.900000000000002	0.
12.905000000000001	0.
12.910000000000002	0.
12.915000000000001	0.
12.920000000000002	0.
12.925	0.
12.930000000000001	0.
12.935000000000002	0.
12.940000000000001	0.
12.945000000000002	0.
12.950000000000001	0.
12.955000000000002	0.
12.96	0.
12.965000000000002	0.
12.97	0.
12.975000000000001	0.
12.980000000000002	0.
12.985000000000001	0.
12.990000000000002	0.
12.995000000000001	0.
13.000000000000002	0.
13.005	0.
13.010000000000002	0.
13.015000000000002	0.
13.020000000000001	0.
13.025000000000002	0.
13.030000000000001	0.
13.035000000000002	0.
13.040000000000001	0.
13.045000000000002	0.
13.05	0.
13.055000000000001	0.
13.060000000000002	0.
13.065000000000001	0.
13.070000000000002	0.
13.075000000000001	0.
13.080000000000002	0.
13.085	0.
13.090000000000002	0.
13.095	0.
13.100000000000001	0.
13.105000000000002	0.
13.110000000000001	0.
13.115000000000002	0.
13.120000000000001	0.
13.125000000000002	0.
13.13	0.
13.135000000000002	0.
13.140000000000002	0.
13.145000000000001	0.
13.150000000000002	0.
13.155000000000001	0.
13.160000000000002	0.
13.165000000000001	0.
13.170000000000002	0.
13.175	0.
13.180000000000001	0.
13.185000000000002	0.
13.190000000000001	0.
13.195000000000002	0.
13.200000000000001	0.
13.205000000000002	0.
13.21	0.
13.215000000000002	0.
13.220000000000002	0.
13.225000000000001	0.
13.230000000000002	0.
13.235000000000001	0.
13.240000000000002	0.
13.245000000000001	0.
13.250000000000002	0.
13.255	0.
13.260000000000002	0.
13.265000000000002	0.
13.270000000000001	0.
13.275000000000002	0.
13.280000000000001	0.
13.285000000000002	0.
13.290000000000001	0.
13.295000000000002	0.
13.3	0.
13.305000000000001	0.
13.310000000000002	0.
13.315000000000001	0.
13.320000000000002	0.
13.325000000000001	0.
13.330000000000002	0.
13.335	0.
13.340000000000002	0.
13.345000000000002	0.
13.350000000000001	0.
13.355000000000002	0.
13.360000000000001	0.
13.365000000000002	0.
13.370000000000001	0.
13.375000000000002	0.
13.38	0.
13.385000000000002	0.
13.39	0.
13.395000000000001	0.
13.400000000000002	0.
13.405000000000001	0.
13.410000000000002	0.
13.415000000000001	0.
13.420000000000002	0.
13.425	0.
13.430000000000001	0.
13.435000000000002	0.
13.440000000000001	0.
13.445000000000002	0.
13.450000000000001	0.
13.455000000000002	0.
13.46	0.
13.465000000000002	0.
13.470000000000002	0.
13.475000000000001	0.
13.480000000000002	0.
13.485000000000001	0.
13.490000000000002	0.
13.495000000000001	0.
13.500000000000002	0.
13.505	0.
13.510000000000002	0.
13.515	0.
13.520000000000001	0.
13.525000000000002	0.
13.530000000000001	0.
13.535000000000002	0.
13.540000000000001	0.
13.545000000000002	0.
13.55	0.
13.555000000000001	0.
13.560000000000002	0.
13.565000000000001	0.
13.570000000000002	0.
13.575000000000001	0.
13.580000000000002	0.
13.585	0.
13.590000000000002	0.
13.595000000000002	0.
13.600000000000001	0.
13.605000000000002	0.
13.610000000000001	0.
13.615000000000002	0.
13.620000000000001	0.
13.625000000000002	0.
13.63	0.
13.635000000000002	0.
13.64	0.
13.645000000000001	0.
13.650000000000002	0.
13.655000000000001	0.
13.660000000000002	0.
13.665000000000001	0.
13.670000000000002	0.
13.675	0.
13.680000000000001	0.
13.685000000000002	0.
13.690000000000001	0.
13.695000000000002	0.
13.700000000000001	0.
13.705000000000002	0.
13.71	0.
13.715000000000002	0.
13.720000000000002	0.
13.725000000000001	0.
13.730000000000002	0.
13.735000000000001	0.
13.740000000000002	0.
13.745000000000001	0.
13.750000000000002	0.
13.755	0.
13.760000000000002	0.
13.765	0.
13.770000000000001	0.
13.775000000000002	0.
13.780000000000001	0.
13.785000000000002	0.
13.790000000000001	0.
13.795000000000002	0.
13.8	0.
13.805000000000001	0.
13.810000000000002	0.
13.815000000000001	0.
13.820000000000002	0.
13.825000000000001	0.
13.830000000000002	0.
13.835	0.
13.840000000000002	0.
13.845000000000002	0.
13.850000000000001	0.
13.855000000000002	0.
13.860000000000001	0.
13.865000000000002	0.
13.870000000000001	0.
13.875000000000002	0.
13.88	0.
13.885000000000002	0.
13.89	0.
13.895000000000001	0.
13.900000000000002	0.
13.905000000000001	0.
13.910000000000002	0.
13.915000000000001	0.
13.920000000000002	0.
13.925	0.
13.930000000000001	0.
13.935000000000002	0.
13.940000000000001	0.
13.945000000000002	0.
13.950000000000001	0.
13.955000000000002	0.
13.96	0.
13.965000000000002	0.
13.970000000000002	0.
13.975000000000001	0.
13.980000000000002	0.
13.985000000000001	0.
13.990000000000002	0.
13.995000000000001	0.
14.	0.