0.005	0.
0.01	0.
0.015	0.
0.02	0.
0.025	0.
0.030000000000000002	0.
0.034999999999999996	0.
0.04	0.
0.045	0.
0.049999999999999996	0.
0.055	0.
0.06	0.
0.065	0.
0.07	0.
0.07500000000000001	0.
0.08	0.
0.085	0.
0.09000000000000001	0.
0.095	0.
0.1	0.
0.10500000000000001	0.
0.11	0.
0.115	0.
0.12000000000000001	0.
0.125	0.
0.13	0.
0.135	0.
0.14	0.
0.14500000000000002	0.
0.15	0.
0.155	0.
0.16	0.
0.165	0.
0.17	0.
0.17500000000000002	0.0658297283081747
0.18000000000000002	0.09807842008145197
0.185	0.11969038483524193
0.19	0.13609227613829455
0.195	0.14921256894529847
0.2	0.16002144607971083
0.20500000000000002	0.16909495634755403
0.21000000000000002	0.1768107166639099
0.215	0.1834331230647327
0.22	0.18915618312803628
0.225	0.19412731907189149
0.23	0.1984616185965134
0.23500000000000001	0.20225087244634254
0.24000000000000002	0.2055695746611036
0.245	0.20847905779388592
0.25	0.21103043236063723
0.255	0.21326673139850097
0.26	0.21522451015591845
0.265	0.21693506232765022
0.27	0.21842536019613806
0.275	0.2197187919708144
0.28	0.22083574751680818
0.28500000000000003	0.22179408896028144
0.29000000000000004	0.22260953265139266
0.295	0.22329596201742605
0.3	0.2238656859251577
0.305	0.22432965363958018
0.31	0.22469763488872874
0.315	0.22497837163826362
0.32	0.22517970675154245
0.325	0.22530869362953754
0.33	0.22537169009679953
0.335	0.22537443915959604
0.34	0.22532213876306526
0.34500000000000003	0.2252195022813229
0.35000000000000003	0.22507081116328284
0.35500000000000004	0.2248799609081181
0.36	0.22465050134458156
0.365	0.22438567202653906
0.37	0.2240884334256071
0.375	0.2237614944939229
0.38	0.22340733708155563
0.385	0.2230282376197662
0.39	0.22262628642043
0.395	0.22220340489117058
0.4	0.22176136092322143
0.405	0.22130178267317913
0.41000000000000003	0.22082617092966425
0.41500000000000004	0.22033591023019344
0.42000000000000004	0.21983227887191178
0.425	0.21931645794112692
0.43	0.21878953947080026
0.435	0.21825253382140555
0.44	0.21770637636892182
0.445	0.21715193357350399
0.45	0.21659000849365023
0.455	0.2160213458030926
0.46	0.2154466363609511
0.465	0.21486652138002693
0.47000000000000003	0.214281596233007
0.47500000000000003	0.2136924139319267
0.48000000000000004	0.21309948831247116
0.485	0.2125032969511691
0.49	0.2119042838406716
0.495	0.21130286184553865
0.5	0.2106994149587479
0.505	0.21009430037699642
0.51	0.20948785041103482
0.515	0.20888037424574535
0.52	0.20827215956304476
0.525	0.20766347403964863
0.53	0.20705456673033334
0.535	0.2064456693464962
0.54	0.2058369974388284
0.545	0.20522875149203065
0.55	0.20462111793887164
0.555	0.20401427010018858
0.56	0.20340836905675588
0.5650000000000001	0.20280356445854905
0.5700000000000001	0.20219999527634594
0.5750000000000001	0.20159779050017979
0.5800000000000001	0.2009970697888283
0.585	0.20039794407407385
0.59	0.19980051612325256
0.595	0.1992048810632168
0.6	0.19861112686863583
0.605	0.19801933481725864
0.61	0.19742957991469204
0.615	0.19684193129077907
0.62	0.19625645256977167
0.625	0.1956732022161458
0.63	0.19509223385778535
0.635	0.1945135965882008
0.64	0.19393733524919582
0.645	0.19336349069543735
0.65	0.19279210004209107
0.655	0.19222319689675862
0.66	0.1916568115768308
0.665	0.19109297131310665
0.67	0.19053170044078224
0.675	0.18997302057853846
0.68	0.1894169507965527
0.685	0.18886350777424135
0.6900000000000001	0.18831270594824076
0.6950000000000001	0.18776455765147498
0.7000000000000001	0.18721907324375855
0.7050000000000001	0.18667626123446845
0.71	0.18613612839790875
0.715	0.18559867988168413
0.72	0.18506391930872834
0.725	0.18453184887314217
0.73	0.18400246943042664
0.735	0.18347578058237862
0.74	0.18295178075701504
0.745	0.18243046728374493
0.75	0.1819118364642586
0.755	0.18139588363915923
0.76	0.18088260325082486
0.765	0.18037198890257125
0.77	0.1798640334144125
0.775	0.1793587288756198
0.78	0.17885606669422835
0.785	0.1783560376437085
0.79	0.17785863190695067
0.795	0.17736383911779763
0.8	0.17687164840006753
0.805	0.1763820484045241
0.81	0.17589502734355986
0.8150000000000001	0.17541057302405408
0.8200000000000001	0.17492867287823513
0.8250000000000001	0.17444931399291638
0.8300000000000001	0.17397248313692537
0.8350000000000001	0.17349816678711527
0.84	0.17302635115275125
0.845	0.17255702219862853
0.85	0.17209016566684315
0.855	0.1716257670972644
0.86	0.17116381184691531
0.865	0.17070428510815358
0.87	0.17024717192599384
0.875	0.16979245721417668
0.88	0.1693401257705319
0.885	0.1688901622913377
0.89	0.16844255138491715
0.895	0.16799727758441352
0.9	0.16755432535981638
0.905	0.1671136791292615
0.91	0.16667532326983314
0.915	0.1662392421274268
0.92	0.16580542002635001
0.925	0.1653738412781213
0.93	0.16494449018984983
0.935	0.16451735107217075
0.9400000000000001	0.16409240824638915
0.9450000000000001	0.16366964605171175
0.9500000000000001	0.16324904885157218
0.9550000000000001	0.1628306010396985
0.9600000000000001	0.16241428704595562
0.965	0.1620000913416174
0.97	0.16158799844429203
0.975	0.16117799292304066
0.98	0.16077005940201242
0.985	0.1603641825653037
0.99	0.15996034716022203
0.995	0.15955853800121633
1.	0.15915873997304927
1.005	0.15876093803374602
1.01	0.1583651172176942
1.015	0.1579712626369413
1.02	0.1575793595240507
1.025	0.1571893930504664
1.0299999999999998	0.15680134868482984
1.035	0.15641521184359491
1.0399999999999998	0.15603096806853672
1.045	0.15564860299130587
1.0499999999999998	0.15526810233671062
1.055	0.1548894519230809
1.0599999999999998	0.15451263766365295
1.065	0.15413764556804235
1.0699999999999998	0.15376446174320488
1.075	0.15339307239374703
1.0799999999999998	0.1530234638232271
1.085	0.15265562243437428
1.0899999999999999	0.15228953473056078
1.095	0.15192518731509283
1.0999999999999999	0.1515625668925576
1.105	0.15120166026870047
1.1099999999999999	0.15084245435101087
1.115	0.15048493614851982
1.1199999999999999	0.1501290927723414
1.125	0.14977491143566068
1.13	0.14942237945349252
1.135	0.14907148424295524
1.14	0.14872221332306632
1.145	0.14837455431464902
1.15	0.14802849494005654
1.155	0.14768402302311548
1.16	0.14734112648878245
1.1649999999999998	0.14699979336282795
1.17	0.1466600117715858
1.1749999999999998	0.14632176994158214
1.18	0.14598505619904995
1.1849999999999998	0.14564985896966104
1.19	0.14531616677795536
1.1949999999999998	0.14498396824695306
1.2	0.1446532520976343
1.2049999999999998	0.14432400714843824
1.21	0.14399622231468212
1.2149999999999999	0.14366988660811925
1.22	0.14334498913622773
1.2249999999999999	0.1430215191017455
1.23	0.14269946580201037
1.2349999999999999	0.14237881862838134
1.24	0.1420595670655837
1.2449999999999999	0.141741700691052
1.25	0.14142520917438203
1.255	0.1411100822765743
1.26	0.14079630984939118
1.265	0.140483881834723
1.27	0.14017278826385507
1.275	0.13986301925684433
1.28	0.13955456502181757
1.285	0.13924741585418826
1.2899999999999998	0.13894156213600023
1.295	0.13863699433537782
1.2999999999999998	0.1383337030055462
1.305	0.13803167878435285
1.3099999999999998	0.13773091239341892
1.315	0.13743139463750623
1.3199999999999998	0.13713311640375872
1.325	0.1368360686610078
1.3299999999999998	0.13654024245904112
1.335	0.13624562892794542
1.3399999999999999	0.13595221927729045
1.345	0.1356600047955206
1.3499999999999999	0.1353689768491913
1.355	0.1350791268822535
1.3599999999999999	0.13479044641540877
1.365	0.1345029270452763
1.3699999999999999	0.13421656044386238
1.375	0.13393133835770016
1.38	0.1336472526072684
1.385	0.13336429508622927
1.39	0.13308245776076075
1.395	0.13280173266887388
1.4	0.13252211191970797
1.405	0.13224358769288752
1.41	0.1319661522378028
1.4149999999999998	0.13168979787295998
1.42	0.13141451698533646
1.4249999999999998	0.13114030202967425
1.43	0.13086714552780407
1.4349999999999998	0.13059504006808295
1.44	0.13032397830464976
1.4449999999999998	0.130053952956804
1.45	0.1297849568084353
1.4549999999999998	0.1295169827072508
1.46	0.12925002356425083
1.4649999999999999	0.12898407235311865
1.47	0.1287191221094719
1.4749999999999999	0.1284551659303752
1.48	0.12819219697365397
1.4849999999999999	0.12793020845734834
1.49	0.12766919365905802
1.4949999999999999	0.1274091459153524
1.5	0.1271500586212124
1.505	0.12689192522940868
1.51	0.1266347392499751
1.515	0.12637849424953332
1.52	0.12612318385085133
1.525	0.12586880173215295
1.53	0.12561534162667418
1.535	0.12536279732201994
1.54	0.12511116265964775
1.545	0.12486043153432558
1.5499999999999998	0.12461059789360174
1.555	0.12436165573726193
1.5599999999999998	0.12411359911677773
1.565	0.1238664221348319
1.5699999999999998	0.12362011894473887
1.575	0.12337468375002418
1.5799999999999998	0.1231301108037826
1.585	0.12288639440831821
1.5899999999999999	0.12264352891455502
1.595	0.12240150872155435
1.5999999999999999	0.12216032827605275
1.605	0.12191998207196822
1.6099999999999999	0.12168046464993712
1.615	0.12144177059680752
1.6199999999999999	0.1212038945451941
1.625	0.12096683117300903
1.63	0.12073057520301698
1.635	0.12049512140234055
1.64	0.1202604645820922
1.645	0.12002659959681443
1.65	0.11979352134417032
1.655	0.11956122476438986
1.66	0.11932970483990336
1.665	0.11909895659492868
1.67	0.11886897509501104
1.6749999999999998	0.11863975544661097
1.68	0.11841129279672097
1.6849999999999998	0.11818358233242852
1.69	0.11795661928051401
1.6949999999999998	0.11773039890708228
1.7	0.11750491651712243
1.7049999999999998	0.11728016745417263
1.71	0.11705614709986857
1.7149999999999999	0.11683285087360128
1.72	0.11661027423215028
1.7249999999999999	0.11638841266928687
1.73	0.11616726171538108
1.7349999999999999	0.11594681693710858
1.74	0.11572707393699337
1.7449999999999999	0.11550802835313942
1.75	0.11528967585881762
1.755	0.11507201216215535
1.76	0.11485503300572217
1.765	0.11463873416629017
1.77	0.1144231114544181
1.775	0.11420816071412777
1.78	0.11399387782257614
1.785	0.1137802586897586
1.79	0.11356729925813541
1.795	0.11335499550234363
1.7999999999999998	0.11314334342888448
1.805	0.11293233907578157
1.8099999999999998	0.11272197851225631
1.815	0.11251225783851665
1.8199999999999998	0.11230317318531835
1.825	0.11209472071376225
1.8299999999999998	0.11188689661497982
1.835	0.11167969710979993
1.8399999999999999	0.11147311844849507
1.845	0.11126715691048396
1.8499999999999999	0.1110618088040504
1.855	0.1108570704660584
1.8599999999999999	0.11065293826166324
1.865	0.11044940858405722
1.8699999999999999	0.1102464778541853
1.875	0.11004414252047948
1.88	0.10984239905859008
1.885	0.10964124397111753
1.89	0.10944067378738256
1.895	0.10924068506310956
1.9	0.1090412743802304
1.905	0.10884243834661056
1.91	0.10864417359578747
1.915	0.10844647678671798
1.92	0.10824934460359459
1.9249999999999998	0.10805277375553975
1.93	0.10785676097636725
1.9349999999999998	0.1076613030244017
1.94	0.10746639668219823
1.9449999999999998	0.10727203875630492
1.95	0.1070782260770905
1.9549999999999998	0.10688495549845728
1.96	0.10669222389763085
1.9649999999999999	0.106500028174998
1.97	0.1063083652537742
1.9749999999999999	0.10611723207991738
1.98	0.10592662562180799
1.9849999999999999	0.10573654287009973
1.99	0.10554698083747326
1.9949999999999999	0.10535793655846126
2.	0.10516940708922727
2.005	0.10498138950734101
2.01	0.10479388091164658
2.015	0.10460687842196556
2.02	0.10442037917897769
2.025	0.10423438034401954
2.03	0.10404887909882299
2.035	0.10386387264544956
2.04	0.10367935820596338
2.045	0.10349533302234287
2.05	0.10331179435626803
2.0549999999999997	0.10312873948893468
2.06	0.10294616572085225
2.065	0.102764070371723
2.07	0.1025824507801981
2.0749999999999997	0.10240130430376858
2.08	0.10222062831853493
2.085	0.10204042021907085
2.09	0.10186067741824041
2.0949999999999998	0.10168139734704643
2.1	0.10150257745444333
2.105	0.10132421520719641
2.11	0.10114630808968199
2.1149999999999998	0.10096885360377814
2.12	0.10079184926866151
2.125	0.10061529262068428
2.13	0.10043918121319462
2.135	0.10026351261639166
2.14	0.10008828441716852
2.145	0.09991349421898035
2.15	0.09973913964167078
2.155	0.09956521832132423
2.16	0.0993917279101597
2.165	0.0992186660763238
2.17	0.09904603050381183
2.175	0.09887381889227173
2.18	0.09870202895689312
2.185	0.09853065842826743
2.19	0.09835970505225498
2.195	0.09818916658982184
2.1999999999999997	0.09801904081693393
2.205	0.09784932552441163
2.21	0.09768001851780674
2.215	0.09751111761725732
2.2199999999999998	0.09734262065737881
2.225	0.0971745254871049
2.23	0.09700682996960494
2.235	0.09683953198212539
2.2399999999999998	0.09667262941585941
2.245	0.09650612017586807
2.25	0.09634000218090763
2.255	0.0961742733633501
2.26	0.09600893166904412
2.265	0.0958439750571701
2.27	0.09567940150021617
2.275	0.09551520898373832
2.28	0.09535139550633334
2.285	0.09518795907951418
2.29	0.0950248977275484
2.295	0.09486220948741515
2.3	0.09469989240865362
2.305	0.09453794455326292
2.31	0.09437636399558096
2.315	0.09421514882221718
2.32	0.09405429713190354
2.3249999999999997	0.09389380703541622
2.33	0.09373367665546113
2.335	0.0935739041265773
2.34	0.0934144875950388
2.3449999999999998	0.09325542521872542
2.35	0.09309671516706572
2.355	0.0929383556209343
2.36	0.09278034477248802
2.3649999999999998	0.09262268082516625
2.37	0.09246536199353629
2.375	0.09230838650320737
2.38	0.09215175259073535
2.385	0.09199545850354653
2.39	0.09183950249982405
2.395	0.09168388284843035
2.4	0.09152859782882991
2.405	0.09137364573095073
2.41	0.091219024855158
2.415	0.09106473351211977
2.42	0.09091077002273978
2.425	0.09075713271807147
2.43	0.090603819939227
2.435	0.09045083003730008
2.44	0.09029816137327665
2.445	0.09014581231794917
2.4499999999999997	0.08999378125183859
2.455	0.08984206656512414
2.46	0.08969066665752663
2.465	0.08953957993829083
2.4699999999999998	0.08938880482603008
2.475	0.08923833974871553
2.48	0.08908818314355842
2.485	0.08893833345694321
2.4899999999999998	0.08878878914436157
2.495	0.0886395486703144
2.5	0.08849061050826995
2.505	0.08834197314055958
2.51	0.08819363505831837
2.515	0.08804559476139456
2.52	0.08789785075832378
2.525	0.08775040156620126
2.53	0.08760324571065317
2.535	0.08745638172573311
2.54	0.08730980815388932
2.545	0.08716352354585027
2.55	0.08701752646060795
2.555	0.08687181546530501
2.56	0.08672638913520145
2.565	0.0865812460535835
2.57	0.0864363848117125
2.5749999999999997	0.08629180400876096
2.58	0.08614750225173272
2.585	0.08600347815541982
2.59	0.08585973034230578
2.5949999999999998	0.08571625744255633
2.6	0.08557305809390106
2.605	0.08543013094161148
2.61	0.08528747463841271
2.6149999999999998	0.08514508784444455
2.62	0.08500296922717752
2.625	0.08486111746138297
2.63	0.0847195312290554
2.635	0.08457820921933652
2.64	0.08443715012850757
2.645	0.08429635265988232
2.65	0.0841558155237633
2.655	0.08401553743741391
2.66	0.08387551712495782
2.665	0.08373575331735221
2.67	0.08359624475232826
2.675	0.08345699017432695
2.68	0.08331798833445542
2.685	0.08317923799042543
2.69	0.08304073790651081
2.695	0.08290248685347719
2.7	0.08276448360854699
2.705	0.0826267269553465
2.71	0.08248921568382733
2.715	0.082351948590254
2.7199999999999998	0.08221492447713263
2.725	0.08207814215315598
2.73	0.0819416004331752
2.735	0.08180529813811958
2.7399999999999998	0.08166923409497824
2.745	0.08153340713672735
2.75	0.08139781610229166
2.755	0.08126245983651507
2.76	0.08112733719007328
2.765	0.08099244701946112
2.77	0.08085778818693257
2.775	0.0807233595604467
2.78	0.08058916001364516
2.785	0.08045518842578409
2.79	0.08032144368169704
2.795	0.08018792467175191
2.8	0.08005463029180399
2.8049999999999997	0.07992155944315217
2.81	0.07978871103250178
2.815	0.0796560839719036
2.82	0.07952367717873408
2.825	0.07939148957563757
2.83	0.07925952009048391
2.835	0.07912776765633021
2.84	0.07899623121139111
2.8449999999999998	0.07886490969896459
2.85	0.07873380206742926
2.855	0.07860290727018292
2.86	0.0784722242655896
2.8649999999999998	0.07834175201698293
2.87	0.07821148949257194
2.875	0.07808143566544301
2.88	0.07795158951350324
2.885	0.0778219500194422
2.89	0.07769251617069547
2.895	0.07756328695940609
2.9	0.07743426138239166
2.905	0.07730543844109504
2.91	0.07717681714155433
2.915	0.07704839649437029
2.92	0.07692017551465316
2.925	0.07679215322201102
2.9299999999999997	0.07666432864048697
2.935	0.07653670079854383
2.94	0.0764092687290125
2.945	0.07628203146906837
2.95	0.07615498806019252
2.955	0.07602813754813174
2.96	0.0759014789828678
2.965	0.07577501141858597
2.9699999999999998	0.07564873391363439
2.975	0.07552264553049166
2.98	0.07539674533574225
2.985	0.07527103240002038
2.9899999999999998	0.0751455057980055
2.995	0.07502016460836808
3.	0.07489500791374144
3.005	0.07477003480069848
3.01	0.07464524435970676
3.015	0.07452063568509859
3.02	0.07439620787505043
3.025	0.07427196003153327
3.03	0.07414789126029903
3.035	0.07402400067083288
3.04	0.07390028737633499
3.045	0.07377675049368064
3.05	0.07365338914339738
3.0549999999999997	0.07353020244962341
3.06	0.07340718954009329
3.065	0.07328434954609185
3.07	0.07316168160243092
3.075	0.0730391848474232
3.08	0.0729168584228463
3.085	0.07279470147391849
3.09	0.07267271314926824
3.0949999999999998	0.0725508926008959
3.1	0.07242923898416417
3.105	0.07230775145775438
3.11	0.07218642918363613
3.115	0.07206527132705733
3.12	0.071944277056488
3.125	0.0718234455436233
3.13	0.0717027759633303
3.135	0.0715822674936334
3.14	0.07146191931568588
3.145	0.0713417306137387
3.15	0.07122170057511507
3.155	0.0711018283901857
3.16	0.0709821132523366
3.165	0.07086255435795062
3.17	0.0707431509063709
3.175	0.07062390209988495
3.1799999999999997	0.07050480714368916
3.185	0.07038586524586957
3.19	0.07026707561737139
3.195	0.07014843747197358
3.2	0.0700299500262709
3.205	0.06991161249963324
3.21	0.06979342411419619
3.215	0.06967538409482524
3.2199999999999998	0.0695574916690957
3.225	0.06943974606726477
3.23	0.06932214652224979
3.235	0.06920469226959915
3.24	0.0690873825474737
3.245	0.06897021659661576
3.25	0.06885319366033035
3.255	0.068736312984458
3.26	0.06861957381734836
3.265	0.06850297540984382
3.27	0.06838651701524624
3.275	0.06827019788929996
3.28	0.06815401729016755
3.285	0.0680379744783999
3.29	0.067922068716921
3.295	0.06780629927100154
3.3	0.06769066540823163
3.3049999999999997	0.06757516639850483
3.31	0.0674598015139895
3.315	0.06734457002910813
3.32	0.06722947122051426
3.325	0.06711450436706998
3.33	0.06699966874982229
3.335	0.06688496365198211
3.34	0.06677038835889958
3.3449999999999998	0.06665594215804355
3.35	0.06654162433897977
3.355	0.06642743419334517
3.36	0.06631337101483084
3.365	0.06619943409915546
3.37	0.06608562274404506
3.375	0.0659719362492126
3.38	0.06585837391633328
3.385	0.06574493504902464
3.39	0.06563161895282588
3.395	0.06551842493517233
3.4	0.06540535230537943
3.405	0.06529240037461494
3.41	0.06517956845588437
3.415	0.06506685586400358
3.42	0.0649542619155806
3.425	0.0648417859289955
3.4299999999999997	0.06472942722437648
3.435	0.06461718512357954
3.44	0.06450505895016913
3.445	0.06439304802939591
3.45	0.06428115168817411
3.455	0.06416936925506417
3.46	0.06405770006024968
3.465	0.06394614343551693
3.4699999999999998	0.0638346987142352
3.475	0.06372336523133494
3.48	0.06361214232328649
3.485	0.06350102932808242
3.49	0.06339002558521145
3.495	0.06327913043564518
3.5	0.06316834322181353
3.505	0.0630576632875834
3.51	0.06294708997824133
3.515	0.06283662264046996
3.52	0.06272626062232795
3.525	0.06261600327323215
3.53	0.06250584994394001
3.535	0.062395799986520076
3.54	0.062285852754339455
3.545	0.062176007602038764
3.55	0.0620662638855184
3.5549999999999997	0.06195662096191334
3.56	0.061847078189571414
3.565	0.06173763492803979
3.5700000000000003	0.06162829053803564
3.575	0.06151904438143964
3.58	0.0614098958212558
3.585	0.06130084422161711
3.59	0.06119188894774178
3.5949999999999998	0.06108302936592375
3.5999999999999996	0.06097426484351584
3.605	0.06086559474890376
3.61	0.06075701845149062
3.615	0.0606485353216673
3.62	0.060540144730801944
3.625	0.060431846051228796
3.63	0.0603236386561973
3.635	0.06021552191988788
3.6399999999999997	0.060107495217364144
3.645	0.05999955792457218
3.65	0.05989170941830903
3.6550000000000002	0.059783949076204476
3.66	0.059676276276703154
3.665	0.05956869039904629
3.67	0.059461190823245864
3.675	0.05935377693006798
3.6799999999999997	0.05924644810101325
3.685	0.059139203718295036
3.69	0.05903204316481844
3.6950000000000003	0.05892496582416195
3.7	0.05881797108055632
3.705	0.0587110583188632
3.71	0.05860422692456145
3.715	0.058497476283712185
3.7199999999999998	0.05839080578294874
3.7249999999999996	0.058284214809462796
3.73	0.058177702750964455
3.735	0.058071268995686126
3.74	0.057964912932329436
3.745	0.05785863395008224
3.75	0.05775243143856981
3.755	0.05764630478784509
3.76	0.05754025338836703
3.7649999999999997	0.0574342766309807
3.77	0.05732837390688733
3.775	0.0572225446076425
3.7800000000000002	0.05711678812510832
3.785	0.05701110385145668
3.79	0.056905491179140996
3.795	0.056799949500864255
3.8	0.05669447820956876
3.8049999999999997	0.05658907669841406
3.81	0.05648374436074323
3.815	0.056378480590087224
3.8200000000000003	0.056273284780111295
3.825	0.056168156324620425
3.83	0.056063094617520896
3.835	0.05595809905279684
3.84	0.055853169024507654
3.8449999999999998	0.05574830392674398
3.8499999999999996	0.05564350315361696
3.855	0.05553876609923203
3.86	0.055434092157672
3.865	0.05532948072296413
3.87	0.055224931189063395
3.875	0.0551204429498441
3.88	0.05501601539904104
3.885	0.054911647930258774
3.8899999999999997	0.05480733993694684
3.895	0.05470309081235009
3.9	0.054598899949521884
3.9050000000000002	0.05449476674126348
3.91	0.05439069058013011
3.915	0.05428667085838917
3.92	0.05418270696801577
3.925	0.0540787983006336
3.9299999999999997	0.05397494424753455
3.935	0.05387114419962106
3.94	0.0537673975473992
3.9450000000000003	0.053663703680938174
3.95	0.053560061989872156
3.955	0.05345647186333858
3.96	0.053352932689993124
3.965	0.05324944385795292
3.9699999999999998	0.05314600475478243
3.9749999999999996	0.05304261476747364
3.98	0.05293927328240887
3.985	0.05283597968535048
3.99	0.05273273336139231
3.995	0.052629533694953864
4.	0.05252638006974282
4.005	0.052423271868734904
4.01	0.05232020847413588
4.015	0.05221718926737574
4.02	0.05211421362905601
4.025	0.05201128093892788
4.03	0.05190839057588516
4.035	0.051805541917914956
4.04	0.0517027343420741
4.045	0.05159996722446894
4.05	0.0514972399402061
4.055	0.05139455186339629
4.0600000000000005	0.05129190236709087
4.0649999999999995	0.05118929082326615
4.07	0.05108671660282255
4.075	0.05098417907548925
4.08	0.05088167760985839
4.085	0.050779211573317676
4.09	0.05067678033204084
4.095	0.0505743832509312
4.1	0.05047201969361554
4.105	0.0503696890224036
4.109999999999999	0.05026739059824553
4.115	0.05016512378072613
4.12	0.050062887927986736
4.125	0.04996068239675175
4.13	0.04985850654224616
4.135	0.049756359718180196
4.14	0.049654241276730536
4.145	0.049552150568472765
4.15	0.049450086942381836
4.155	0.04934804974577347
4.16	0.049246038324271976
4.165	0.049144052021794934
4.17	0.049042090180481265
4.175	0.04894015214067314
4.18	0.04883823724092356
4.1850000000000005	0.04873634481786429
4.1899999999999995	0.04863447420624667
4.195	0.04853262473888253
4.2	0.04843079574658705
4.205	0.048328986558164
4.21	0.04822719650035469
4.215	0.048125424897808786
4.22	0.04802367107301431
4.225	0.047921934346306434
4.23	0.047820214035777804
4.234999999999999	0.04771850945726676
4.24	0.0476168199243182
4.245	0.04751514474811051
4.25	0.047413483237442426
4.255	0.047311834698679466
4.26	0.047210198435705494
4.265	0.047108573749901024
4.27	0.04700695994004523
4.275	0.04690535630234012
4.28	0.04680376213030564
4.285	0.046702176714763684
4.29	0.046600599343803124
4.295	0.046499029302677984
4.3	0.046397465873822756
4.305	0.046295908336755155
4.3100000000000005	0.04619435596805495
4.3149999999999995	0.046092808041298526
4.32	0.04599126382703942
4.325	0.0458897225926861
4.33	0.045788183602523076
4.335	0.04568664611763459
4.34	0.0455851093958154
4.345	0.04548357269157951
4.35	0.045382035256058224
4.355	0.04528049633694675
4.359999999999999	0.04517895517847682
4.365	0.045077411021329415
4.37	0.04497586310260049
4.375	0.04487431065571438
4.38	0.04477275291038709
4.385	0.04467118909254252
4.39	0.04456961842430254
4.395	0.04446804012385009
4.4	0.04436645340542362
4.405	0.0442648574792182
4.41	0.04416325155134777
4.415	0.044061634823762075
4.42	0.04396000649418568
4.425	0.043858365756043675
4.43	0.043756711798399545
4.4350000000000005	0.0436550438058751
4.4399999999999995	0.0435533609585942
4.445	0.04345166243210349
4.45	0.043349947397305195
4.455	0.04324821502034335
4.46	0.04314646446260975
4.465	0.04304469488056502
4.47	0.04294290542577313
4.475	0.04284109524469507
4.48	0.04273926347874303
4.484999999999999	0.04263740926409019
4.49	0.042535531731640146
4.495	0.04243363000693334
4.5	0.042331703210081506
4.505	0.04222975045561186
4.51	0.04212777085246673
4.515	0.04202576350386997
4.52	0.04192372750723115
4.525	0.041821661954068105
4.53	0.041719565929889776
4.535	0.041617438514130245
4.54	0.04151527878006595
4.545	0.04141308579463086
4.55	0.041310858618419134
4.555	0.04120859630552271
4.5600000000000005	0.0411062979034452
4.5649999999999995	0.04100396245299256
4.57	0.04090158898817343
4.575	0.040799176536071326
4.58	0.04069672411675489
4.585	0.040594230743140766
4.59	0.04049169542092175
4.595000000000001	0.04038911714838412
4.6	0.04028649491634613
4.605	0.040183827708026726
4.609999999999999	0.040081114498879834
4.615	0.039978354256522866
4.62	0.039875545940574256
4.625	0.03977268850255067
4.63	0.0396697808856935
4.635	0.03956682202487146
4.640000000000001	0.03946381084645215
4.645	0.039360746268085466
4.65	0.03925762719867205
4.654999999999999	0.039154452538127354
4.66	0.03905122117728894
4.665	0.03894793199773065
4.67	0.03884458387163438
4.675	0.038741175661600485
4.68	0.03863770622053965
4.6850000000000005	0.03853417439146404
4.6899999999999995	0.038430579007348684
4.695	0.03832691889094162
4.7	0.03822319285460361
4.705	0.0381193997001506
4.71	0.03801553821863964
4.715	0.03791160719020574
4.720000000000001	0.03780760538387749
4.725	0.03770353155738165
4.73	0.037599384456956986
4.734999999999999	0.03749516281713471
4.74	0.03739086536057673
4.745	0.03728649079783384
4.75	0.037182037827156074
4.755	0.03707750513427494
4.76	0.03697289139215381
4.765000000000001	0.036868195260845255
4.77	0.03676341538717133
4.775	0.0366585504045496
4.779999999999999	0.036553598932737144
4.785	0.03644855957757699
4.79	0.036343430930799114
4.795	0.03623821156969408
4.8	0.036132900056921005
4.805	0.036027494940189614
4.8100000000000005	0.035921994752050296
4.8149999999999995	0.03581639800956602
4.82	0.03571070321406416
4.825	0.03560490885083021
4.83	0.035499013388820264
4.835	0.035393015280367535
4.84	0.03528691296086664
4.845000000000001	0.03518070484847728
4.85	0.03507438934376729
4.855	0.03496796482942044
4.859999999999999	0.034861429669877125
4.865	0.03475478221101599
4.87	0.03464802077977226
4.875	0.034541143683812545
4.88	0.03443414921112465
4.885	0.034327035629675574
4.890000000000001	0.03421980118702592
4.895	0.03411244410990151
4.9	0.034004962603837834
4.904999999999999	0.03389735485271262
4.91	0.03378961901837834
4.915	0.033681753240195705
4.92	0.0335737556345808
4.925	0.03346562429457312
4.93	0.0333573572893537
4.9350000000000005	0.03324895266377245
4.9399999999999995	0.03314040843788123
4.945	0.033031722606373014
4.95	0.03292289313812083
4.955	0.032813917975641156
4.96	0.032704795034512145
4.965	0.03259552220288232
4.970000000000001	0.032486097340840965
4.975	0.032376518279883075
4.98	0.03226678282226639
4.984999999999999	0.03215688874041249
4.99	0.03204683377629754
4.995	0.03193661564077176
5.	0.03182623201289563
5.005	0.03171568053928199
5.01	0.031604958833362215
5.015000000000001	0.03149406447469759
5.02	0.03138299500818325
5.025	0.03127174794335861
5.029999999999999	0.03116032075357408
5.035	0.031048710875188873
5.04	0.03093691570676618
5.045	0.03082493260820631
5.05	0.03071275889986043
5.055	0.030600391861660758
5.0600000000000005	0.030487828732176474
5.0649999999999995	0.030375066707642753
5.07	0.03026210294102079
5.075	0.03014893454094673
5.08	0.030035558570703398
5.085	0.02992197204717888
5.09	0.029808171939724737
5.095000000000001	0.029694155169029134
5.1	0.029579918605965975
5.105	0.029465459070353913
5.109999999999999	0.029350773329732887
5.115	0.02923585809809929
5.12	0.02912071003453399
5.125	0.029005325741894697
5.13	0.0288897017653518
5.135	0.028773834590980162
5.14	0.02865772064423691
5.145	0.028541356288421235
5.15	0.028424737823076033
5.155	0.028307861482331317
5.16	0.028190723433184798
5.165	0.02807331977378551
5.17	0.027955646531558093
5.175	0.027837699661349552
5.18	0.027719475043489122
5.185	0.027600968481725593
5.19	0.027482175701194378
5.195	0.027363092346246367
5.2	0.027243713978209134
5.205	0.027124036073055358
5.21	0.0270040540190416
5.215	0.026883763114213644
5.22	0.02676315856382585
5.225	0.02664223547768771
5.23	0.0265209888673925
5.235	0.02639941364345021
5.24	0.026277504612328445
5.245	0.026155256473336344
5.25	0.02603266381544937
5.255	0.025909721113952747
5.26	0.02578642272701945
5.265	0.025662762892091736
5.27	0.025538735722145166
5.275	0.02541433520183292
5.28	0.025289555183407836
5.285	0.02516438938254855
5.29	0.025038831373990496
5.295	0.024912874586937892
5.3	0.024786512300342237
5.305	0.02465973763797118
5.31	0.024532543563216058
5.315	0.024404922873745905
5.32	0.024276868195900785
5.325	0.024148371978811936
5.33	0.024019426488327996
5.335	0.023890023800610467
5.34	0.02376015579546981
5.345	0.023629814149379372
5.35	0.02349899032821804
5.355	0.02336767557959861
5.36	0.023235860924898037
5.365	0.023103537150911985
5.37	0.022970694801052363
5.375	0.02283732416617878
5.38	0.022703415274959268
5.385	0.02256895788374223
5.39	0.022433941465968468
5.395	0.02229835520096738
5.4	0.022162187962281633
5.405	0.022025428305297662
5.41	0.02188806445429711
5.415	0.021750084288772377
5.42	0.021611475329059614
5.425	0.021472224721147175
5.43	0.0213323192206895
5.435	0.021191745176112275
5.44	0.02105048851077387
5.445	0.020908534704127513
5.45	0.020765868771767424
5.455	0.02062247524434949
5.46	0.020478338145242154
5.465	0.02033344096684331
5.47	0.020187766645468654
5.475	0.020041297534689487
5.48	0.019894015377017665
5.485	0.019745901273782465
5.49	0.01959693565310372
5.495	0.019447098235763044
5.5	0.019296367998831627
5.505	0.019144723136861257
5.51	0.01899214102044474
5.515	0.01883859815191075
5.52	0.018684070117917787
5.525	0.018528531538683037
5.53	0.018371956013528482
5.535	0.018214316062439822
5.54	0.018055583063255512
5.545	0.017895727184082603
5.55	0.017734717310510722
5.555	0.017572520967089344
5.56	0.01740910423253272
5.565	0.017244431648035352
5.57	0.01707846611796607
5.575	0.016911168802205206
5.58	0.016742498999197473
5.585	0.016572414018739615
5.59	0.016400869043436204
5.595	0.016227816977447476
5.6	0.016053208281195726
5.605	0.015876990790342688
5.61	0.015699109517170774
5.615	0.015519506432271225
5.62	0.015338120224025259
5.625	0.01515488603315533
5.63	0.014969735159042409
5.635	0.014782594734051682
5.64	0.014593387361570216
5.645	0.014402030712641421
5.65	0.014208437075197474
5.655	0.014012512849085314
5.66	0.013814157978519814
5.665	0.013613265312260248
5.67	0.013409719880117701
5.675	0.013203398071723807
5.68	0.012994166701157706
5.6850000000000005	0.012781881937385001
5.69	0.012566388076205217
5.695	0.01234751612389811
5.7	0.012125082156386621
5.705	0.01189888540846605
5.71	0.01166870603710144
5.715	0.011434302487890624
5.72	0.011195408375466705
5.725	0.010951728763254625
5.73	0.010702935695033248
5.735	0.010448662785944906
5.74	0.010188498618789503
5.745	0.009921978607021108
5.75	0.009648574864994345
5.755	0.009367683455222193
5.76	0.00907860813122414
5.765	0.008780539322884511
5.77	0.008472526542901324
5.775	0.008153441508795087
5.78	0.007821927851072148
5.785	0.007476330915801179
5.79	0.007114597093913897
5.795	0.0067341247634307615
5.8	0.006331534970445932
5.805	0.005902301728869848
5.8100000000000005	0.005440120025076571
5.815	0.004935740413436873
5.82	0.004374588686699023
5.825	0.003731134152450991
5.83	0.0029520364308366505
5.835	0.0018752267403552567
5.84	0.
5.845	0.
5.85	0.
5.855	0.
5.86	0.
5.865	0.
5.87	0.
5.875	0.
5.88	0.
5.885	0.
5.89	0.
5.895	0.
5.9	0.
5.905	0.
5.91	0.
5.915	0.
5.92	0.
5.925	0.
5.93	0.
5.9350000000000005	0.
5.94	0.
5.945	0.
5.95	0.
5.955	0.
5.96	0.
5.965	0.
5.97	0.
5.975	0.
5.98	0.
5.985	0.
5.99	0.
5.995	0.
6.	0.
6.005	0.
6.01	0.
6.015	0.
6.02	0.
6.025	0.
6.03	0.
6.035	0.
6.04	0.
6.045	0.
6.05	0.
6.055	0.
6.0600000000000005	0.
6.065	0.
6.07	0.
6.075	0.
6.08	0.
6.085	0.
6.09	0.
6.095	0.
6.1	0.
6.105	0.
6.11	0.
6.115	0.
6.12	0.
6.125	0.
6.13	0.
6.135	0.
6.140000000000001	0.
6.145	0.
6.15	0.
6.155	0.
6.16	0.
6.165	0.
6.17	0.
6.175	0.
6.18	0.
6.1850000000000005	0.
6.1899999999999995	0.
6.195	0.
6.2	0.
6.205	0.
6.21	0.
6.215	0.
6.22	0.
6.225	0.
6.23	0.
6.235	0.
6.24	0.
6.245	0.
6.25	0.
6.255	0.
6.26	0.
6.265000000000001	0.
6.27	0.
6.275	0.
6.28	0.
6.285	0.
6.29	0.
6.295	0.
6.3	0.
6.305	0.
6.3100000000000005	0.
6.3149999999999995	0.
6.32	0.
6.325	0.
6.33	0.
6.335	0.
6.34	0.
6.345	0.
6.35	0.
6.355	0.
6.36	0.
6.365	0.
6.37	0.
6.375	0.
6.38	0.
6.385	0.
6.390000000000001	0.
6.395	0.
6.4	0.
6.405	0.
6.41	0.
6.415	0.
6.42	0.
6.425	0.
6.43	0.
6.4350000000000005	0.
6.4399999999999995	0.
6.445	0.
6.45	0.
6.455	0.
6.46	0.
6.465	0.
6.47	0.
6.475	0.
6.48	0.
6.485	0.
6.49	0.
6.495	0.
6.5	0.
6.505	0.
6.51	0.
6.515000000000001	0.
6.52	0.
6.525	0.
6.53	0.
6.535	0.
6.54	0.
6.545	0.
6.55	0.
6.555	0.
6.5600000000000005	0.
6.5649999999999995	0.
6.57	0.
6.575	0.
6.58	0.
6.585	0.
6.59	0.
6.595	0.
6.6	0.
6.605	0.
6.61	0.
6.615	0.
6.62	0.
6.625	0.
6.63	0.
6.635	0.
6.640000000000001	0.
6.645	0.
6.65	0.
6.655	0.
6.66	0.
6.665	0.
6.67	0.
6.675	0.
6.68	0.
6.6850000000000005	0.
6.6899999999999995	0.
6.695	0.
6.7	0.
6.705	0.
6.71	0.
6.715	0.
6.72	0.
6.725	0.
6.73	0.
6.735	0.
6.74	0.
6.745	0.
6.75	0.
6.755	0.
6.76	0.
6.765000000000001	0.
6.77	0.
6.775	0.
6.78	0.
6.785	0.
6.79	0.
6.795	0.
6.8	0.
6.805	0.
6.8100000000000005	0.
6.8149999999999995	0.
6.82	0.
6.825	0.
6.83	0.
6.835	0.
6.84	0.
6.845	0.
6.85	0.
6.855	0.
6.86	0.
6.865	0.
6.87	0.
6.875	0.
6.88	0.
6.885	0.
6.890000000000001	0.
6.895	0.
6.9	0.
6.905	0.
6.91	0.
6.915	0.
6.92	0.
6.925	0.
6.93	0.
6.9350000000000005	0.
6.9399999999999995	0.
6.945	0.
6.95	0.
6.955	0.
6.96	0.
6.965	0.
6.97	0.
6.975	0.
6.98	0.
6.985	0.
6.99	0.
6.995	0.
7.	0.
7.005	0.
7.01	0.
7.015000000000001	0.
7.02	0.
7.025	0.
7.03	0.
7.035	0.
7.04	0.
7.045	0.
7.05	0.
7.055	0.
7.0600000000000005	0.
7.0649999999999995	0.
7.07	0.
7.075	0.
7.08	0.
7.085	0.
7.09	0.
7.095	0.
7.1	0.
7.105	0.
7.11	0.
7.115	0.
7.12	0.
7.125	0.
7.13	0.
7.135	0.
7.140000000000001	0.
7.145	0.
7.15	0.
7.155	0.
7.16	0.
7.165	0.
7.17	0.
7.175	0.
7.18	0.
7.1850000000000005	0.
7.1899999999999995	0.
7.195	0.
7.2	0.
7.205	0.
7.21	0.
7.215	0.
7.220000000000001	0.
7.225	0.
7.23	0.
7.234999999999999	0.
7.24	0.
7.245	0.
7.25	0.
7.255	0.
7.26	0.
7.265000000000001	0.
7.27	0.
7.275	0.
7.28	0.
7.285	0.
7.29	0.
7.295	0.
7.300000000000001	0.
7.305	0.
7.3100000000000005	0.
7.3149999999999995	0.
7.32	0.
7.325	0.
7.33	0.
7.335	0.
7.34	0.
7.345000000000001	0.
7.35	0.
7.355	0.
7.359999999999999	0.
7.365	0.
7.37	0.
7.375	0.
7.38	0.
7.385	0.
7.390000000000001	0.
7.395	0.
7.4	0.
7.405	0.
7.41	0.
7.415	0.
7.42	0.
7.425000000000001	0.
7.43	0.
7.4350000000000005	0.
7.4399999999999995	0.
7.445	0.
7.45	0.
7.455	0.
7.46	0.
7.465	0.
7.470000000000001	0.
7.475	0.
7.48	0.
7.484999999999999	0.
7.49	0.
7.495	0.
7.5	0.
7.505	0.
7.51	0.
7.515000000000001	0.
7.52	0.
7.525	0.
7.53	0.
7.535	0.
7.54	0.
7.545	0.
7.550000000000001	0.
7.555	0.
7.5600000000000005	0.
7.5649999999999995	0.
7.57	0.
7.575	0.
7.58	0.
7.585	0.
7.59	0.
7.595000000000001	0.
7.6	0.
7.605	0.
7.609999999999999	0.
7.615	0.
7.62	0.
7.625	0.
7.63	0.
7.635	0.
7.640000000000001	0.
7.645	0.
7.65	0.
7.655	0.
7.66	0.
7.665	0.
7.67	0.
7.675000000000001	0.
7.68	0.
7.685	0.
7.6899999999999995	0.
7.694999999999999	0.
7.699999999999999	0.
7.704999999999999	0.
7.71	0.
7.715	0.
7.72	0.
7.725	0.
7.7299999999999995	0.
7.734999999999999	0.
7.739999999999999	0.
7.744999999999999	0.
7.75	0.
7.755	0.
7.76	0.
7.765	0.
7.77	0.
7.7749999999999995	0.
7.779999999999999	0.
7.784999999999999	0.
7.79	0.
7.795	0.
7.8	0.
7.805	0.
7.81	0.
7.8149999999999995	0.
7.819999999999999	0.
7.824999999999999	0.
7.829999999999999	0.
7.835	0.
7.84	0.
7.845	0.
7.85	0.
7.8549999999999995	0.
7.859999999999999	0.
7.864999999999999	0.
7.869999999999999	0.
7.875	0.
7.88	0.
7.885	0.
7.89	0.
7.895	0.
7.8999999999999995	0.
7.904999999999999	0.
7.909999999999999	0.
7.915	0.
7.92	0.
7.925	0.
7.93	0.
7.935	0.
7.9399999999999995	0.
7.944999999999999	0.
7.949999999999999	0.
7.955	0.
7.96	0.
7.965	0.
7.97	0.
7.975	0.
7.9799999999999995	0.
7.984999999999999	0.
7.989999999999999	0.
7.994999999999999	0.
8.	0.
8.004999999999999	0.
8.01	0.
8.014999999999999	0.
8.02	0.
8.025	0.
8.03	0.
8.035	0.
8.04	0.
8.045	0.
8.049999999999999	0.
8.055	0.
8.059999999999999	0.
8.065	0.
8.07	0.
8.075	0.
8.08	0.
8.084999999999999	0.
8.09	0.
8.094999999999999	0.
8.1	0.
8.105	0.
8.11	0.
8.115	0.
8.12	0.
8.125	0.
8.129999999999999	0.
8.135	0.
8.139999999999999	0.
8.145	0.
8.15	0.
8.155	0.
8.16	0.
8.165	0.
8.17	0.
8.174999999999999	0.
8.18	0.
8.184999999999999	0.
8.19	0.
8.195	0.
8.2	0.
8.205	0.
8.209999999999999	0.
8.215	0.
8.219999999999999	0.
8.225	0.
8.23	0.
8.235	0.
8.24	0.
8.245	0.
8.25	0.
8.254999999999999	0.
8.26	0.
8.264999999999999	0.
8.27	0.
8.275	0.
8.28	0.
8.285	0.
8.29	0.
8.295	0.
8.299999999999999	0.
8.305	0.
8.309999999999999	0.
8.315	0.
8.32	0.
8.325	0.
8.33	0.
8.334999999999999	0.
8.34	0.
8.344999999999999	0.
8.35	0.
8.355	0.
8.36	0.
8.365	0.
8.37	0.
8.375	0.
8.379999999999999	0.
8.385	0.
8.389999999999999	0.
8.395	0.
8.4	0.
8.405	0.
8.41	0.
8.415	0.
8.42	0.
8.424999999999999	0.
8.43	0.
8.434999999999999	0.
8.44	0.
8.445	0.
8.45	0.
8.455	0.
8.459999999999999	0.
8.465	0.
8.469999999999999	0.
8.475	0.
8.48	0.
8.485	0.
8.49	0.
8.495	0.
8.5	0.
8.504999999999999	0.
8.51	0.
8.515	0.
8.52	0.
8.525	0.
8.53	0.
8.535	0.
8.54	0.
8.545	0.
8.549999999999999	0.
8.555	0.
8.559999999999999	0.
8.565	0.
8.57	0.
8.575	0.
8.58	0.
8.584999999999999	0.
8.59	0.
8.594999999999999	0.
8.6	0.
8.605	0.
8.61	0.
8.615	0.
8.62	0.
8.625	0.
8.629999999999999	0.
8.635	0.
8.64	0.
8.645	0.
8.65	0.
8.655	0.
8.66	0.
8.665	0.
8.67	0.
8.674999999999999	0.
8.68	0.
8.684999999999999	0.
8.69	0.
8.695	0.
8.7	0.
8.705	0.
8.709999999999999	0.
8.715	0.
8.719999999999999	0.
8.725	0.
8.73	0.
8.735	0.
8.74	0.
8.745	0.
8.75	0.
8.754999999999999	0.
8.76	0.
8.765	0.
8.77	0.
8.775	0.
8.78	0.
8.785	0.
8.79	0.
8.795	0.
8.799999999999999	0.
8.805	0.
8.809999999999999	0.
8.815	0.
8.82	0.
8.825	0.
8.83	0.
8.834999999999999	0.
8.84	0.
8.844999999999999	0.
8.85	0.
8.855	0.
8.86	0.
8.865	0.
8.87	0.
8.875	0.
8.879999999999999	0.
8.885	0.
8.89	0.
8.895	0.
8.9	0.
8.905	0.
8.91	0.
8.915	0.
8.92	0.
8.924999999999999	0.
8.93	0.
8.934999999999999	0.
8.94	0.
8.945	0.
8.95	0.
8.955	0.
8.959999999999999	0.
8.965	0.
8.969999999999999	0.
8.975	0.
8.98	0.
8.985	0.
8.99	0.
8.995	0.
9.	0.
9.004999999999999	0.
9.01	0.
9.015	0.
9.02	0.
9.025	0.
9.03	0.
9.035	0.
9.04	0.
9.045	0.
9.049999999999999	0.
9.055	0.
9.059999999999999	0.
9.065	0.
9.07	0.
9.075	0.
9.08	0.
9.084999999999999	0.
9.09	0.
9.094999999999999	0.
9.1	0.
9.105	0.
9.11	0.
9.115	0.
9.12	0.
9.125	0.
9.129999999999999	0.
9.135	0.
9.14	0.
9.145	0.
9.15	0.
9.155	0.
9.16	0.
9.165	0.
9.17	0.
9.174999999999999	0.
9.18	0.
9.184999999999999	0.
9.19	0.
9.195	0.
9.2	0.
9.205	0.
9.209999999999999	0.
9.215	0.
9.219999999999999	0.
9.225	0.
9.23	0.
9.235	0.
9.24	0.
9.245	0.
9.25	0.
9.254999999999999	0.
9.26	0.
9.265	0.
9.27	0.
9.275	0.
9.28	0.
9.285	0.
9.29	0.
9.295	0.
9.299999999999999	0.
9.305	0.
9.309999999999999	0.
9.315	0.
9.32	0.
9.325	0.
9.33	0.
9.334999999999999	0.
9.34	0.
9.344999999999999	0.
9.35	0.
9.355	0.
9.36	0.
9.365	0.
9.37	0.
9.375	0.
9.379999999999999	0.
9.385	0.
9.39	0.
9.395	0.
9.4	0.
9.405	0.
9.41	0.
9.415	0.
9.42	0.
9.424999999999999	0.
9.43	0.
9.434999999999999	0.
9.44	0.
9.445	0.
9.45	0.
9.455	0.
9.459999999999999	0.
9.465	0.
9.469999999999999	0.
9.475	0.
9.48	0.
9.485	0.
9.49	0.
9.495	0.
9.5	0.
9.504999999999999	0.
9.51	0.
9.515	0.
9.52	0.
9.525	0.
9.53	0.
9.535	0.
9.54	0.
9.545	0.
9.549999999999999	0.
9.555	0.
9.559999999999999	0.
9.565	0.
9.57	0.
9.575	0.
9.58	0.
9.584999999999999	0.
9.59	0.
9.594999999999999	0.
9.6	0.
9.605	0.
9.61	0.
9.615	0.
9.62	0.
9.625	0.
9.629999999999999	0.
9.635	0.
9.64	0.
9.645	0.
9.65	0.
9.655	0.
9.66	0.
9.665	0.
9.67	0.
9.674999999999999	0.
9.68	0.
9.684999999999999	0.
9.69	0.
9.695	0.
9.7	0.
9.705	0.
9.709999999999999	0.
9.715	0.
9.719999999999999	0.
9.725	0.
9.73	0.
9.735	0.
9.74	0.
9.745	0.
9.75	0.
9.754999999999999	0.
9.76	0.
9.765	0.
9.77	0.
9.774999999999999	0.
9.78	0.
9.785	0.
9.79	0.
9.795	0.
9.8	0.
9.805	0.
9.809999999999999	0.
9.815	0.
9.82	0.
9.825	0.
9.83	0.
9.834999999999999	0.
9.84	0.
9.844999999999999	0.
9.85	0.
9.855	0.
9.86	0.
9.865	0.
9.87	0.
9.875	0.
9.879999999999999	0.
9.885	0.
9.89	0.
9.895	0.
9.899999999999999	0.
9.905	0.
9.91	0.
9.915	0.
9.92	0.
9.925	0.
9.93	0.
9.934999999999999	0.
9.94	0.
9.945	0.
9.95	0.
9.955	0.
9.959999999999999	0.
9.965	0.
9.969999999999999	0.
9.975	0.
9.98	0.
9.985	0.
9.99	0.
9.995	0.
10.	0.
10.004999999999999	0.
10.01	0.
10.015	0.
10.02	0.
10.024999999999999	0.
10.03	0.
10.035	0.
10.04	0.
10.045	0.
10.05	0.
10.055	0.
10.059999999999999	0.
10.065	0.
10.07	0.
10.075	0.
10.08	0.
10.084999999999999	0.
10.09	0.
10.094999999999999	0.
10.1	0.
10.105	0.
10.11	0.
10.115	0.
10.12	0.
10.125	0.
10.129999999999999	0.
10.135	0.
10.14	0.
10.145	0.
10.149999999999999	0.
10.155	0.
10.16	0.
10.165	0.
10.17	0.
10.175	0.
10.18	0.
10.184999999999999	0.
10.19	0.
10.195	0.
10.2	0.
10.205	0.
10.209999999999999	0.
10.215	0.
10.219999999999999	0.
10.225	0.
10.23	0.
10.235	0.
10.24	0.
10.245000000000001	0.
10.250000000000002	0.
10.255	0.
10.260000000000002	0.
10.265	0.
10.270000000000001	0.
10.275	0.
10.280000000000001	0.
10.285	0.
10.290000000000001	0.
10.295000000000002	0.
10.3	0.
10.305000000000001	0.
10.31	0.
10.315000000000001	0.
10.32	0.
10.325000000000001	0.
10.330000000000002	0.
10.335	0.
10.340000000000002	0.
10.345	0.
10.350000000000001	0.
10.355	0.
10.360000000000001	0.
10.365	0.
10.370000000000001	0.
10.375000000000002	0.
10.38	0.
10.385000000000002	0.
10.39	0.
10.395000000000001	0.
10.4	0.
10.405000000000001	0.
10.41	0.
10.415000000000001	0.
10.420000000000002	0.
10.425	0.
10.430000000000001	0.
10.435	0.
10.440000000000001	0.
10.445	0.
10.450000000000001	0.
10.455000000000002	0.
10.46	0.
10.465000000000002	0.
10.47	0.
10.475000000000001	0.
10.48	0.
10.485000000000001	0.
10.49	0.
10.495000000000001	0.
10.500000000000002	0.
10.505	0.
10.510000000000002	0.
10.515	0.
10.520000000000001	0.
10.525	0.
10.530000000000001	0.
10.535	0.
10.540000000000001	0.
10.545000000000002	0.
10.55	0.
10.555000000000001	0.
10.56	0.
10.565000000000001	0.
10.57	0.
10.575000000000001	0.
10.580000000000002	0.
10.585	0.
10.590000000000002	0.
10.595	0.
10.600000000000001	0.
10.605	0.
10.610000000000001	0.
10.615	0.
10.620000000000001	0.
10.625000000000002	0.
10.63	0.
10.635000000000002	0.
10.64	0.
10.645000000000001	0.
10.65	0.
10.655000000000001	0.
10.66	0.
10.665000000000001	0.
10.670000000000002	0.
10.675	0.
10.680000000000001	0.
10.685	0.
10.690000000000001	0.
10.695	0.
10.700000000000001	0.
10.705000000000002	0.
10.71	0.
10.715000000000002	0.
10.72	0.
10.725000000000001	0.
10.73	0.
10.735000000000001	0.
10.74	0.
10.745000000000001	0.
10.750000000000002	0.
10.755	0.
10.760000000000002	0.
10.765	0.
10.770000000000001	0.
10.775	0.
10.780000000000001	0.
10.785	0.
10.790000000000001	0.
10.795000000000002	0.
10.8	0.
10.805000000000001	0.
10.81	0.
10.815000000000001	0.
10.82	0.
10.825000000000001	0.
10.830000000000002	0.
10.835	0.
10.840000000000002	0.
10.845	0.
10.850000000000001	0.
10.855	0.
10.860000000000001	0.
10.865	0.
10.870000000000001	0.
10.875000000000002	0.
10.88	0.
10.885000000000002	0.
10.89	0.
10.895000000000001	0.
10.9	0.
10.905000000000001	0.
10.91	0.
10.915000000000001	0.
10.920000000000002	0.
10.925	0.
10.930000000000001	0.
10.935	0.
10.940000000000001	0.
10.945	0.
10.950000000000001	0.
10.955000000000002	0.
10.96	0.
10.965000000000002	0.
10.97	0.
10.975000000000001	0.
10.98	0.
10.985000000000001	0.
10.99	0.
10.995000000000001	0.
11.000000000000002	0.
11.005	0.
11.010000000000002	0.
11.015	0.
11.020000000000001	0.
11.025	0.
11.030000000000001	0.
11.035	0.
11.040000000000001	0.
11.045000000000002	0.
11.05	0.
11.055000000000001	0.
11.06	0.
11.065000000000001	0.
11.07	0.
11.075000000000001	0.
11.080000000000002	0.
11.085	0.
11.090000000000002	0.
11.095	0.
11.100000000000001	0.
11.105	0.
11.110000000000001	0.
11.115	0.
11.120000000000001	0.
11.125000000000002	0.
11.13	0.
11.135000000000002	0.
11.14	0.
11.145000000000001	0.
11.15	0.
11.155000000000001	0.
11.16	0.
11.165000000000001	0.
11.170000000000002	0.
11.175	0.
11.180000000000001	0.
11.185	0.
11.190000000000001	0.
11.195	0.
11.200000000000001	0.
11.205000000000002	0.
11.21	0.
11.215000000000002	0.
11.22	0.
11.225000000000001	0.
11.23	0.
11.235000000000001	0.
11.24	0.
11.245000000000001	0.
11.250000000000002	0.
11.255	0.
11.260000000000002	0.
11.265	0.
11.270000000000001	0.
11.275	0.
11.280000000000001	0.
11.285	0.
11.290000000000001	0.
11.295000000000002	0.
11.3	0.
11.305000000000001	0.
11.31	0.
11.315000000000001	0.
11.32	0.
11.325000000000001	0.
11.330000000000002	0.
11.335	0.
11.340000000000002	0.
11.345	0.
11.350000000000001	0.
11.355	0.
11.360000000000001	0.
11.365000000000002	0.
11.370000000000001	0.
11.375000000000002	0.
11.38	0.
11.385000000000002	0.
11.39	0.
11.395000000000001	0.
11.4	0.
11.405000000000001	0.
11.41	0.
11.415000000000001	0.
11.420000000000002	0.
11.425	0.
11.430000000000001	0.
11.435	0.
11.440000000000001	0.
11.445	0.
11.450000000000001	0.
11.455000000000002	0.
11.46	0.
11.465000000000002	0.
11.47	0.
11.475000000000001	0.
11.48	0.
11.485000000000001	0.
11.490000000000002	0.
11.495000000000001	0.
11.500000000000002	0.
11.505	0.
11.510000000000002	0.
11.515	0.
11.520000000000001	0.
11.525	0.
11.530000000000001	0.
11.535	0.
11.540000000000001	0.
11.545000000000002	0.
11.55	0.
11.555000000000001	0.
11.56	0.
11.565000000000001	0.
11.57	0.
11.575000000000001	0.
11.580000000000002	0.
11.585	0.
11.590000000000002	0.
11.595	0.
11.600000000000001	0.
11.605	0.
11.610000000000001	0.
11.615000000000002	0.
11.620000000000001	0.
11.625000000000002	0.
11.63	0.
11.635000000000002	0.
11.64	0.
11.645000000000001	0.
11.65	0.
11.655000000000001	0.
11.66	0.
11.665000000000001	0.
11.670000000000002	0.
11.675	0.
11.680000000000001	0.
11.685	0.
11.690000000000001	0.
11.695	0.
11.700000000000001	0.
11.705000000000002	0.
11.71	0.
11.715000000000002	0.
11.72	0.
11.725000000000001	0.
11.73	0.
11.735000000000001	0.
11.740000000000002	0.
11.745000000000001	0.
11.750000000000002	0.
11.755	0.
11.760000000000002	0.
11.765	0.
11.770000000000001	0.
11.775	0.
11.780000000000001	0.
11.785	0.
11.790000000000001	0.
11.795000000000002	0.
11.8	0.
11.805000000000001	0.
11.81	0.
11.815000000000001	0.
11.82	0.
11.825000000000001	0.
11.830000000000002	0.
11.835	0.
11.840000000000002	0.
11.845	0.
11.850000000000001	0.
11.855	0.
11.860000000000001	0.
11.865000000000002	0.
11.870000000000001	0.
11.875000000000002	0.
11.88	0.
11.885000000000002	0.
11.89	0.
11.895000000000001	0.
11.9	0.
11.905000000000001	0.
11.91	0.
11.915000000000001	0.
11.920000000000002	0.
11.925	0.
11.930000000000001	0.
11.935	0.
11.940000000000001	0.
11.945	0.
11.950000000000001	0.
11.955000000000002	0.
11.96	0.
11.965000000000002	0.
11.97	0.
11.975000000000001	0.
11.98	0.
11.985000000000001	0.
11.990000000000002	0.
11.995000000000001	0.
12.000000000000002	0.
12.005	0.
12.010000000000002	0.
12.015	0.
12.020000000000001	0.
12.025	0.
12.030000000000001	0.
12.035	0.
12.040000000000001	0.
12.045000000000002	0.
12.05	0.
12.055000000000001	0.
12.06	0.
12.065000000000001	0.
12.07	0.
12.075000000000001	0.
12.080000000000002	0.
12.085	0.
12.090000000000002	0.
12.095	0.
12.100000000000001	0.
12.105	0.
12.110000000000001	0.
12.115000000000002	0.
12.120000000000001	0.
12.125000000000002	0.
12.13	0.
12.135000000000002	0.
12.14	0.
12.145000000000001	0.
12.15	0.
12.155000000000001	0.
12.16	0.
12.165000000000001	0.
12.170000000000002	0.
12.175	0.
12.180000000000001	0.
12.185	0.
12.190000000000001	0.
12.195	0.
12.200000000000001	0.
12.205000000000002	0.
12.21	0.
12.215000000000002	0.
12.22	0.
12.225000000000001	0.
12.23	0.
12.235000000000001	0.
12.240000000000002	0.
12.245000000000001	0.
12.25	0.
12.255	0.
12.260000000000002	0.
12.265	0.
12.270000000000001	0.
12.275000000000002	0.
12.280000000000001	0.
12.285	0.
12.290000000000001	0.
12.295000000000002	0.
12.3	0.
12.305000000000001	0.
12.31	0.
12.315000000000001	0.
12.32	0.
12.325000000000001	0.
12.330000000000002	0.
12.335	0.
12.340000000000002	0.
12.345	0.
12.350000000000001	0.
12.355	0.
12.360000000000001	0.
12.365000000000002	0.
12.370000000000001	0.
12.375	0.
12.38	0.
12.385000000000002	0.
12.39	0.
12.395000000000001	0.
12.400000000000002	0.
12.405000000000001	0.
12.41	0.
12.415000000000001	0.
12.420000000000002	0.
12.425	0.
12.430000000000001	0.
12.435	0.
12.440000000000001	0.
12.445	0.
12.450000000000001	0.
12.455000000000002	0.
12.46	0.
12.465000000000002	0.
12.47	0.
12.475000000000001	0.
12.48	0.
12.485000000000001	0.
12.490000000000002	0.
12.495000000000001	0.
12.5	0.
12.505	0.
12.510000000000002	0.
12.515	0.
12.520000000000001	0.
12.525000000000002	0.
12.530000000000001	0.
12.535	0.
12.540000000000001	0.
12.545000000000002	0.
12.55	0.
12.555000000000001	0.
12.56	0.
12.565000000000001	0.
12.57	0.
12.575000000000001	0.
12.580000000000002	0.
12.585	0.
12.590000000000002	0.
12.595	0.
12.600000000000001	0.
12.605	0.
12.610000000000001	0.
12.615000000000002	0.
12.620000000000001	0.
12.625	0.
12.63	0.
12.635000000000002	0.
12.64	0.
12.645000000000001	0.
12.650000000000002	0.
12.655000000000001	0.
12.66	0.
12.665000000000001	0.
12.670000000000002	0.
12.675	0.
12.680000000000001	0.
12.685	0.
12.690000000000001	0.
12.695	0.
12.700000000000001	0.
12.705000000000002	0.
12.71	0.
12.715000000000002	0.
12.72	0.
12.725000000000001	0.
12.73	0.
12.735000000000001	0.
12.740000000000002	0.
12.745000000000001	0.
12.75	0.
12.755	0.
12.760000000000002	0.
12.765	0.
12.770000000000001	0.
12.775000000000002	0.
12.780000000000001	0.
12.785	0.
12.790000000000001	0.
12.795000000000002	0.
12.8	0.
12.805000000000001	0.
12.810000000000002	0.
12.815000000000001	0.
12.820000000000002	0.
12.825000000000001	0.
12.830000000000002	0.
12.835	0.
12.840000000000002	0.
12.845	0.
12.850000000000001	0.
12.855000000000002	0.
12.860000000000001	0.
12.865000000000002	0.
12.870000000000001	0.
12.875000000000002	0.
12.88	0.
12.885000000000002	0.
12.890000000000002	0.
12.895000000000001	0.
12.900000000000002	0.
12.905000000000001	0.
12.910000000000002	0.
12.915000000000001	0.
12.920000000000002	0.
12.925	0.
12.930000000000001	0.
12.935000000000002	0.
12.940000000000001	0.
12.945000000000002	0.
12.950000000000001	0.
12.955000000000002	0.
12.96	0.
12.965000000000002	0.
12.97	0.
12.975000000000001	0.
12.980000000000002	0.
12.985000000000001	0.
12.990000000000002	0.
12.995000000000001	0.
13.000000000000002	0.
13.005	0.
13.010000000000002	0.
13.015000000000002	0.
13.020000000000001	0.
13.025000000000002	0.
13.030000000000001	0.
13.035000000000002	0.
13.040000000000001	0.
13.045000000000002	0.
13.05	0.
13.055000000000001	0.
13.060000000000002	0.
13.065000000000001	0.
13.070000000000002	0.
13.075000000000001	0.
13.080000000000002	0.
13.085	0.
13.090000000000002	0.
13.095	0.
13.100000000000001	0.
13.105000000000002	0.
13.110000000000001	0.
13.115000000000002	0.
13.120000000000001	0.
13.125000000000002	0.
13.13	0.
13.135000000000002	0.
13.140000000000002	0.
13.145000000000001	0.
13.150000000000002	0.
13.155000000000001	0.
13.160000000000002	0.
13.165000000000001	0.
13.170000000000002	0.
13.175	0.
13.180000000000001	0.
13.185000000000002	0.
13.190000000000001	0.
13.195000000000002	0.
13.200000000000001	0.
13.205000000000002	0.
13.21	0.
13.215000000000002	0.
13.220000000000002	0.
13.225000000000001	0.
13.230000000000002	0.
13.235000000000001	0.
13.240000000000002	0.
13.245000000000001	0.
13.250000000000002	0.
13.255	0.
13.260000000000002	0.
13.265000000000002	0.
13.270000000000001	0.
13.275000000000002	0.
13.280000000000001	0.
13.285000000000002	0.
13.290000000000001	0.
13.295000000000002	0.
13.3	0.
13.305000000000001	0.
13.310000000000002	0.
13.315000000000001	0.
13.320000000000002	0.
13.325000000000001	0.
13.330000000000002	0.
13.335	0.
13.340000000000002	0.
13.345000000000002	0.
13.350000000000001	0.
13.355000000000002	0.
13.360000000000001	0.
13.365000000000002	0.
13.370000000000001	0.
13.375000000000002	0.
13.38	0.
13.385000000000002	0.
13.39	0.
13.395000000000001	0.
13.400000000000002	0.
13.405000000000001	0.
13.410000000000002	0.
13.415000000000001	0.
13.420000000000002	0.
13.425	0.
13.430000000000001	0.
13.435000000000002	0.
13.440000000000001	0.
13.445000000000002	0.
13.450000000000001	0.
13.455000000000002	0.
13.46	0.
13.465000000000002	0.
13.470000000000002	0.
13.475000000000001	0.
13.480000000000002	0.
13.485000000000001	0.
13.490000000000002	0.
13.495000000000001	0.
13.500000000000002	0.
13.505	0.
13.510000000000002	0.
13.515	0.
13.520000000000001	0.
13.525000000000002	0.
13.530000000000001	0.
13.535000000000002	0.
13.540000000000001	0.
13.545000000000002	0.
13.55	0.
13.555000000000001	0.
13.560000000000002	0.
13.565000000000001	0.
13.570000000000002	0.
13.575000000000001	0.
13.580000000000002	0.
13.585	0.
13.590000000000002	0.
13.595000000000002	0.
13.600000000000001	0.
13.605000000000002	0.
13.610000000000001	0.
13.615000000000002	0.
13.620000000000001	0.
13.625000000000002	0.
13.63	0.
13.635000000000002	0.
13.64	0.
13.645000000000001	0.
13.650000000000002	0.
13.655000000000001	0.
13.660000000000002	0.
13.665000000000001	0.
13.670000000000002	0.
13.675	0.
13.680000000000001	0.
13.685000000000002	0.
13.690000000000001	0.
13.695000000000002	0.
13.700000000000001	0.
13.705000000000002	0.
13.71	0.
13.715000000000002	0.
13.720000000000002	0.
13.725000000000001	0.
13.730000000000002	0.
13.735000000000001	0.
13.740000000000002	0.
13.745000000000001	0.
13.750000000000002	0.
13.755	0.
13.760000000000002	0.
13.765	0.
13.770000000000001	0.
13.775000000000002	0.
13.780000000000001	0.
13.785000000000002	0.
13.790000000000001	0.
13.795000000000002	0.
13.8	0.
13.805000000000001	0.
13.810000000000002	0.
13.815000000000001	0.
13.820000000000002	0.
13.825000000000001	0.
13.830000000000002	0.
13.835	0.
13.840000000000002	0.
13.845000000000002	0.
13.850000000000001	0.
13.855000000000002	0.
13.860000000000001	0.
13.865000000000002	0.
13.870000000000001	0.
13.875000000000002	0.
13.88	0.
13.885000000000002	0.
13.89	0.
13.895000000000001	0.
13.900000000000002	0.
13.905000000000001	0.
13.910000000000002	0.
13.915000000000001	0.
13.920000000000002	0.
13.925	0.
13.930000000000001	0.
13.935000000000002	0.
13.940000000000001	0.
13.945000000000002	0.
13.950000000000001	0.
13.955000000000002	0.
13.96	0.
13.965000000000002	0.
13.970000000000002	0.
13.975000000000001	0.
13.980000000000002	0.
13.985000000000001	0.
13.990000000000002	0.
13.995000000000001	0.
14.	0.