0.005	0.
0.01	0.
0.015	0.
0.02	0.
0.025	0.
0.030000000000000002	0.
0.034999999999999996	0.
0.04	0.
0.045	0.
0.049999999999999996	0.
0.055	0.
0.06	0.
0.065	0.
0.07	0.
0.07500000000000001	0.22892815808362996
0.08	0.3020253704421344
0.085	0.34549835711615684
0.09000000000000001	0.37375130913808535
0.095	0.3926811758936861
0.1	0.40540364304041393
0.10500000000000001	0.4137859823721884
0.11	0.4190352452378398
0.115	0.42197218252122226
0.12000000000000001	0.42317548039172875
0.125	0.42306444131838017
0.13	0.4219494172498941
0.135	0.4200640641439872
0.14	0.4175867537648531
0.14500000000000002	0.4146552222465878
0.15	0.4113768439598457
0.155	0.40783598928649395
0.16	0.40409938875802764
0.165	0.4002201044388831
0.17	0.3962405099866524
0.17500000000000002	0.3921945535073806
0.18000000000000002	0.3881094940029683
0.185	0.38400724647325896
0.19	0.37990543272755867
0.195	0.3758182085921977
0.2	0.3717569196242322
0.20500000000000002	0.36773062417102925
0.21000000000000002	0.3637465130161024
0.215	0.35981024782713716
0.22	0.3559262354282378
0.225	0.3520978510404054
0.23	0.34832762071305384
0.23500000000000001	0.34461737095072753
0.24000000000000002	0.3409683518410116
0.245	0.3373813386807229
0.25	0.3338567160816847
0.255	0.3303945477443107
0.26	0.3269946344643132
0.265	0.3236565624456452
0.27	0.3203797436026973
0.275	0.317163449222709
0.28	0.31400683810996827
0.28500000000000003	0.3109089801320678
0.29000000000000004	0.3078688759257168
0.295	0.30488547339657
0.3	0.3019576815033018
0.305	0.29908438180738905
0.31	0.29626443809566905
0.315	0.2934967044079686
0.32	0.290780031708597
0.325	0.2881132734155009
0.33	0.2854952899629066
0.335	0.28292495254707717
0.34	0.28040114618073314
0.34500000000000003	0.2779227721624944
0.35000000000000003	0.27548875005129736
0.35500000000000004	0.2730980192220276
0.36	0.27074954006709634
0.365	0.2684422948989337
0.37	0.2661752886001747
0.375	0.2639475490613399
0.38	0.26175812743994453
0.385	0.2596060982699367
0.39	0.2574905594461262
0.395	0.2554106321046554
0.4	0.2533654604174547
0.405	0.2513542113159974
0.41000000000000003	0.2493760741574371
0.41500000000000004	0.24743026034425988
0.42000000000000004	0.24551600290694697
0.425	0.24363255605774506
0.43	0.24177919472240803
0.435	0.23995521405575862
0.44	0.23815992894601057
0.445	0.23639267351204335
0.45	0.2346528005971477
0.455	0.2329396812622249
0.46	0.23125270428089126
0.465	0.2295912756385832
0.47000000000000003	0.2279548180373398
0.47500000000000003	0.2263427704077029
0.48000000000000004	0.22475458742882207
0.485	0.22318973905773448
0.49	0.22164771006849246
0.495	0.22012799960172635
0.5	0.2186301207250419
0.505	0.2171536000045564
0.51	0.2156979770877726
0.515	0.21426280429787395
0.52	0.21284764623951563
0.525	0.21145207941605199
0.53	0.2100756918581424
0.535	0.208718082763608
0.54	0.20737886214839307
0.545	0.20605765050843863
0.55	0.20475407849226746
0.555	0.20346778658406103
0.56	0.2021984247969731
0.5650000000000001	0.20094565237645287
0.5700000000000001	0.19970913751329714
0.5750000000000001	0.19848855706618596
0.5800000000000001	0.19728359629342457
0.585	0.19609394859362728
0.59	0.19491931525507603
0.595	0.19375940521348625
0.6	0.19261393481791786
0.605	0.19148262760456466
0.61	0.1903652140781761
0.615	0.18926143150084804
0.62	0.18817102368794855
0.625	0.18709374081092459
0.63	0.18602933920676637
0.635	0.1849775811938943
0.64	0.18393823489424432
0.645	0.18291107406133883
0.65	0.18189587791414127
0.655	0.18089243097646568
0.66	0.1799005229217757
0.665	0.1789199484231625
0.67	0.1779505070083168
0.675	0.17699200291933265
0.68	0.17604424497715
0.685	0.1751070464504858
0.6900000000000001	0.17418022492908802
0.6950000000000001	0.17326360220114947
0.7000000000000001	0.17235700413475058
0.7050000000000001	0.17146026056316818
0.71	0.17057320517392222
0.715	0.1696956754014262
0.72	0.1688275123231059
0.725	0.1679685605588753
0.73	0.16711866817383075
0.735	0.1662776865840699
0.74	0.16544547046550867
0.745	0.1646218776655971
0.75	0.16380676911783026
0.755	0.16300000875895407
0.76	0.16220146344877157
0.765	0.16141100289246127
0.77	0.16062849956531092
0.775	0.15985382863979464
0.78	0.15908686791490004
0.785	0.15832749774763308
0.79	0.15757560098662451
0.795	0.15683106290776302
0.8	0.1560937711517891
0.805	0.15536361566377604
0.81	0.15464048863443927
0.8150000000000001	0.1539242844432092
0.8200000000000001	0.15321489960300613
0.8250000000000001	0.15251223270666225
0.8300000000000001	0.15181618437493102
0.8350000000000001	0.15112665720603746
0.84	0.1504435557267074
0.845	0.1497667863446338
0.85	0.1490962573023349
0.855	0.1484318786323414
0.86	0.14777356211369472
0.865	0.1471212212296853
0.87	0.1464747711268122
0.875	0.14583412857491182
0.88	0.14519921192842045
0.885	0.1445699410887354
0.89	0.14394623746763696
0.895	0.14332802395173738
0.9	0.14271522486792723
0.905	0.14210776594977814
0.91	0.1415055743048834
0.915	0.14090857838309684
0.92	0.14031670794564774
0.925	0.1397298940350994
0.93	0.13914806894612614
0.935	0.13857116619708776
0.9400000000000001	0.13799912050236882
0.9450000000000001	0.13743186774546515
0.9500000000000001	0.13686934495279096
0.9550000000000001	0.1363114902681851
0.9600000000000001	0.13575824292809777
0.965	0.13520954323742956
0.97	0.13466533254601304
0.975	0.13412555322570963
0.98	0.13359014864810353
0.985	0.1330590631627803
0.99	0.13253224207616737
0.995	0.132009631630921
1.	0.13149117898584128
1.005	0.1309768321963088
1.01	0.13046654019521225
1.015	0.12996025277436507
1.02	0.12945792056639355
1.025	0.12895949502707765
1.0299999999999998	0.1284649284181389
1.035	0.12797417379045634
1.0399999999999998	0.12748718496770173
1.045	0.1270039165303803
1.0499999999999998	0.12652432380026601
1.055	0.12604836282521847
1.0599999999999998	0.1255759903643746
1.065	0.1251071638737002
1.0699999999999998	0.12464184149189171
1.075	0.12417998202662264
1.0799999999999998	0.12372154494111826
1.085	0.12326649034105613
1.0899999999999999	0.12281477896177712
1.095	0.12236637215580451
1.0999999999999999	0.12192123188065593
1.105	0.12147932068694746
1.1099999999999999	0.12104060170677543
1.115	0.12060503864237199
1.1199999999999999	0.12017259575502497
1.125	0.11974323785425814
1.13	0.11931693028725941
1.135	0.11889363892855642
1.14	0.11847333016992782
1.145	0.11805597091054724
1.15	0.1176415285473513
1.155	0.11722997096562897
1.16	0.11682126652982139
1.1649999999999998	0.116415384074533
1.17	0.11601229289574225
1.1749999999999998	0.11561196274221133
1.18	0.1152143638070869
1.1849999999999998	0.11481946671968728
1.19	0.11442724253747406
1.1949999999999998	0.11403766273819874
1.2	0.1136506992122233
1.2049999999999998	0.11326632425500945
1.21	0.11288451055977158
1.2149999999999999	0.11250523121029044
1.22	0.11212845967388062
1.2249999999999999	0.11175416979451466
1.23	0.11138233578608943
1.2349999999999999	0.11101293222584198
1.24	0.11064593404790264
1.2449999999999999	0.11028131653698875
1.25	0.10991905532222879
1.255	0.10955912637112168
1.26	0.10920150598361755
1.265	0.10884617078632902
1.27	0.10849309772686
1.275	0.10814226406825217
1.28	0.10779364738355117
1.285	0.10744722555047975
1.2899999999999998	0.10710297674622632
1.295	0.10676087944233631
1.2999999999999998	0.10642091239971119
1.305	0.10608305466370839
1.3099999999999998	0.10574728555934068
1.315	0.10541358468657501
1.3199999999999998	0.10508193191572239
1.325	0.10475230738292642
1.3299999999999998	0.10442469148573667
1.335	0.10409906487877449
1.3399999999999999	0.1037754084694843
1.345	0.10345370341396787
1.3499999999999999	0.10313393111290407
1.355	0.10281607320754581
1.3599999999999999	0.1025001115757989
1.365	0.10218602832837577
1.3699999999999999	0.10187380580502578
1.375	0.10156342657083653
1.38	0.10125487341261134
1.385	0.10094812933531272
1.39	0.10064317755857566
1.395	0.1003400015132898
1.4	0.10003858483824471
1.405	0.09973891137684061
1.41	0.09944096517386129
1.4149999999999998	0.09914473047230901
1.42	0.09885019171029755
1.4249999999999998	0.09855733351800629
1.43	0.09826614071468945
1.4349999999999998	0.09797659830574248
1.44	0.09768869147982348
1.4449999999999998	0.0974024056060271
1.45	0.09711772623111202
1.4549999999999998	0.09683463907677914
1.46	0.09655313003699977
1.4649999999999999	0.09627318517539514
1.47	0.09599479072265929
1.4749999999999999	0.09571793307403392
1.48	0.09544259878682723
1.4849999999999999	0.09516877457797684
1.49	0.09489644732165871
1.4949999999999999	0.09462560404693798
1.5	0.09435623193546222
1.505	0.09408831831919699
1.51	0.09382185067820055
1.515	0.09355681663843946
1.52	0.09329320396964189
1.525	0.0930310005831897
1.53	0.09277019453004837
1.535	0.09251077399873132
1.54	0.09225272731330235
1.545	0.09199604293141148
1.5499999999999998	0.09174070944236543
1.555	0.09148671556523306
1.5599999999999998	0.09123405014698077
1.565	0.09098270216064291
1.5699999999999998	0.09073266070352223
1.575	0.09048391499542276
1.5799999999999998	0.09023645437691039
1.585	0.08999026830760616
1.5899999999999999	0.08974534636450697
1.595	0.08950167824033453
1.5999999999999999	0.08925925374191342
1.605	0.08901806278857624
1.6099999999999999	0.08877809541059542
1.615	0.08853934174764094
1.6199999999999999	0.08830179204726452
1.625	0.08806543666340945
1.63	0.08783026605494443
1.635	0.08759627078422204
1.64	0.0873634415156616
1.645	0.08713176901435371
1.65	0.08690124414469136
1.655	0.0866718578690188
1.66	0.08644360124630641
1.665	0.08621646543084556
1.67	0.08599044167096469
1.6749999999999998	0.08576552130776594
1.68	0.08554169577388439
1.6849999999999998	0.08531895659226375
1.69	0.08509729537495535
1.6949999999999998	0.08487670382193387
1.7	0.0846571737199333
1.7049999999999998	0.08443869694130107
1.71	0.08422126544287047
1.7149999999999999	0.08400487126485183
1.72	0.08378950652973892
1.7249999999999999	0.08357516344123553
1.73	0.08336183428319725
1.7349999999999999	0.08314951141858977
1.74	0.08293818728846454
1.7449999999999999	0.08272785441095007
1.75	0.08251850538025769
1.755	0.0823101328657049
1.76	0.0821027296107525
1.765	0.08189628843205618
1.77	0.08169080221853518
1.775	0.08148626393045118
1.78	0.0812826665985061
1.785	0.08108000332294907
1.79	0.08087826727270092
1.795	0.08067745168448957
1.7999999999999998	0.08047754986199973
1.805	0.08027855517503378
1.8099999999999998	0.08008046105868835
1.815	0.07988326101254047
1.8199999999999998	0.0796869485998471
1.825	0.07949151744675613
1.8299999999999998	0.07929696124153104
1.835	0.07910327373378412
1.8399999999999999	0.07891044873372295
1.845	0.07871848011140882
1.8499999999999999	0.07852736179602325
1.855	0.07833708777514858
1.8599999999999999	0.07814765209405704
1.865	0.0779590488550112
1.8699999999999999	0.07777127221657372
1.875	0.07758431639292836
1.88	0.07739817565321057
1.885	0.07721284432084674
1.89	0.07702831677290468
1.895	0.07684458743945188
1.9	0.0766616508029249
1.905	0.07647950139750519
1.91	0.07629813380850695
1.915	0.07611754267177151
1.92	0.07593772267307086
1.9249999999999998	0.07575866854752032
1.93	0.0755803750789989
1.9349999999999998	0.07540283709957818
1.94	0.07522604948895903
1.9449999999999998	0.07505000717391673
1.95	0.07487470512775309
1.9549999999999998	0.07470013836975743
1.96	0.07452630196467361
1.9649999999999999	0.07435319102217608
1.97	0.07418080069635237
1.9749999999999999	0.07400912618519223
1.98	0.07383816273008503
1.9849999999999999	0.0736679056153242
1.99	0.0734983501676162
1.9949999999999999	0.0733294917556
2.	0.07316132578936961
2.005	0.07299384772000511
2.01	0.07282705303910963
2.015	0.07266093727835327
2.02	0.07249549600902118
2.025	0.07233072484157071
2.03	0.07216661942519186
2.035	0.07200317544737628
2.04	0.07184038863348881
2.045	0.07167825474634795
2.05	0.07151676958581041
2.0549999999999997	0.07135592898836095
2.06	0.07119572882670885
2.065	0.07103616500938882
2.07	0.07087723348036706
2.0749999999999997	0.07071893021865375
2.08	0.07056125123791938
2.085	0.0704041925861169
2.09	0.07024775034510845
2.0949999999999998	0.07009192063029702
2.1	0.06993669959026358
2.105	0.06978208340640794
2.11	0.06962806829259513
2.1149999999999998	0.06947465049480583
2.12	0.06932182629079137
2.125	0.06916959198973434
2.13	0.0690179439319116
2.135	0.06886687848836297
2.14	0.06871639206056439
2.145	0.06856648108010412
2.15	0.06841714200836423
2.155	0.06826837133620578
2.16	0.06812016558365742
2.165	0.06797252129960873
2.17	0.0678254350615077
2.175	0.06767890347506063
2.18	0.06753292317393725
2.185	0.0673874908194793
2.19	0.06724260310041219
2.195	0.06709825673256038
2.1999999999999997	0.06695444845856721
2.205	0.06681117504761724
2.21	0.0666684332951622
2.215	0.06652622002265138
2.2199999999999998	0.06638453207726339
2.225	0.06624336633164354
2.23	0.06610271968364267
2.235	0.06596258905606014
2.2399999999999998	0.0658229713963897
2.245	0.06568386367656838
2.25	0.06554526289272909
2.255	0.06540716606495507
2.26	0.0652695702370386
2.265	0.06513247247624175
2.27	0.0649958698730606
2.275	0.06485975954099212
2.28	0.06472413861630347
2.285	0.06458900425780495
2.29	0.064454353646625
2.295	0.06432018398598807
2.3	0.06418649250099545
2.305	0.06405327643840837
2.31	0.06392053306643349
2.315	0.06378825967451192
2.32	0.06365645357310962
2.3249999999999997	0.0635251120935108
2.33	0.06339423258761452
2.335	0.06326381242773157
2.34	0.06313384900638618
2.3449999999999998	0.06300433973611902
2.35	0.06287528204929178
2.355	0.06274667339789529
2.36	0.0626185112533592
2.3649999999999998	0.06249079310636435
2.37	0.06236351646665675
2.375	0.06223667886286383
2.38	0.06211027784231369
2.385	0.061984310970854994
2.39	0.06185877583268015
2.395	0.06173367003015001
2.4	0.0616089911836211
2.405	0.06148473693127328
2.41	0.06136090492894208
2.415	0.06123749284995013
2.42	0.06111449838494267
2.425	0.06099191924172322
2.43	0.06086975314509278
2.435	0.06074799783668987
2.44	0.060626651074831985
2.445	0.060505710634360346
2.4499999999999997	0.06038517430648466
2.455	0.060265039898630815
2.46	0.06014530523429006
2.465	0.060025968152869626
2.4699999999999998	0.05990702650954524
2.475	0.059788478175114665
2.48	0.05967032103585444
2.485	0.05955255299337625
2.4899999999999998	0.059435171964486354
2.495	0.059318175881045786
2.5	0.059201562689832704
2.505	0.0590853303524055
2.51	0.05896947684496821
2.515	0.05885400015823687
2.52	0.058738898297307746
2.525	0.058624169281526486
2.53	0.058509811144359325
2.535	0.05839582193326501
2.54	0.05828219970956894
2.545	0.05816894254833805
2.55	0.058056048538257035
2.555	0.05794351578150635
2.56	0.057831342393641606
2.565	0.05771952650347321
2.57	0.05760806625294871
2.5749999999999997	0.057496959797035715
2.58	0.05738620530360569
2.585	0.05727580095331998
2.59	0.0571657449395161
2.5949999999999998	0.05705603546809593
2.6	0.056946670757414615
2.605	0.056837649038171026
2.61	0.056728968553299064
2.6149999999999998	0.05662062755786059
2.62	0.05651262431893859
2.625	0.05640495711553263
2.63	0.0562976242384546
2.635	0.056190623990226
2.64	0.056083954684975255
2.645	0.055977614648338475
2.65	0.05587160221735825
2.655	0.055765915740385856
2.66	0.05566055357698348
2.665	0.05555551409782724
2.67	0.055450795684611996
2.675	0.0553463967299564
2.68	0.055242315637309594
2.685	0.055138550820858244
2.69	0.05503510070543517
2.695	0.05493196372642781
2.7	0.054829138329689595
2.705	0.05472662297144972
2.71	0.05462441611822639
2.715	0.05452251624673867
2.7199999999999998	0.05442092184382096
2.725	0.0543196314063373
2.73	0.05421864344109714
2.735	0.05411795646477166
2.7399999999999998	0.05401756900381087
2.745	0.053917479594361946
2.75	0.0538176867821879
2.755	0.053718189122587565
2.76	0.05361898518031588
2.765	0.05352007352950552
2.77	0.05342145275358859
2.775	0.053323121445220015
2.78	0.053225078206201024
2.785	0.05312732164740331
2.79	0.05302985038869479
2.795	0.05293266305886505
2.8	0.05283575829555236
2.8049999999999997	0.05273913474517077
2.81	0.05264279106283848
2.815	0.05254672591230671
2.82	0.05245093796588877
2.825	0.052355425904390886
2.83	0.05226018841704304
2.835	0.052165224201429855
2.84	0.05207053196342388
2.8449999999999998	0.05197611041711793
2.85	0.051881958284758355
2.855	0.05178807429668014
2.86	0.05169445719124106
2.8649999999999998	0.0516011057147577
2.87	0.05150801862144093
2.875	0.051415194673333164
2.88	0.051322632640245676
2.885	0.051230331299696494
2.89	0.05113828943684866
2.895	0.05104650584445006
2.9	0.050954979322772216
2.905	0.05086370867955177
2.91	0.05077269272993007
2.915	0.05068193029639575
2.92	0.050591420208725965
2.925	0.050501161303929495
2.9299999999999997	0.05041115242618938
2.935	0.05032139242680682
2.94	0.050231880164145426
2.945	0.05014261450357569
2.95	0.05005359431742038
2.955	0.04996481848490024
2.96	0.04987628589208016
2.965	0.049787995431816175
2.9699999999999998	0.04969994600370239
2.975	0.049612136514019
2.98	0.04952456587568061
2.985	0.04943723300818438
2.9899999999999998	0.049350136837559976
2.995	0.04926327629631879
3.	0.04917665032340408
3.005	0.04909025786414202
3.01	0.04900409787019203
3.015	0.04891816929949891
3.02	0.04883247111624459
3.025	0.04874700229080062
3.03	0.04866176179968048
3.035	0.048576748625494014
3.04	0.048491961756899696
3.045	0.04840740018855977
3.05	0.04832306292109483
3.0549999999999997	0.04823894896103768
3.06	0.04815505732079036
3.065	0.04807138701857834
3.07	0.047987937078407726
3.075	0.047904706530021594
3.08	0.04782169440885652
3.085	0.04773889975600067
3.09	0.04765632161815095
3.0949999999999998	0.04757395904757142
3.1	0.04749181110205147
3.105	0.047409876844865494
3.11	0.04732815534473104
3.115	0.047246645675769215
3.12	0.04716534691746434
3.125	0.04708425815462427
3.13	0.04700337847734131
3.135	0.04692270698095279
3.14	0.04684224276600293
3.145	0.04676198493820414
3.15	0.046681932608399375
3.155	0.04660208489252455
3.16	0.046522440911571025
3.165	0.046442999791548686
3.17	0.046363760663449397
3.175	0.046284722663210855
3.1799999999999997	0.04620588493168047
3.185	0.04612724661457927
3.19	0.04604880686246758
3.195	0.04597056483070889
3.2	0.04589251967943568
3.205	0.04581467057351491
3.21	0.04573701668251394
3.215	0.04565955718066633
3.2199999999999998	0.04558229124683884
3.225	0.04550521806449759
3.23	0.04542833682167548
3.235	0.04535164671093952
3.24	0.0452751469293582
3.245	0.04519883667846934
3.25	0.04512271516424847
3.255	0.04504678159707713
3.26	0.044971035191711556
3.265	0.04489547516725161
3.27	0.04482010074710998
3.275	0.044744911158981854
3.28	0.0446699056348145
3.285	0.044595083410777114
3.29	0.0445204437272314
3.295	0.04444598582870216
3.3	0.04437170896384738
3.3049999999999997	0.044297612385429834
3.31	0.04422369535028842
3.315	0.04414995711930914
3.32	0.044076396957397186
3.325	0.04400301413344877
3.33	0.043929807920323444
3.335	0.04385677759481644
3.34	0.04378392243763143
3.3449999999999998	0.043711241733353196
3.35	0.04363873477042095
3.355	0.04356640084110159
3.36	0.04349423924146364
3.365	0.04342224927135019
3.37	0.04335043023435372
3.375	0.04327878143778991
3.38	0.0432073021926722
3.385	0.0431359918136862
3.39	0.04306484961916505
3.395	0.0429938749310637
3.4	0.042923067074935026
3.405	0.04285242537990485
3.41	0.04278194917864736
3.415	0.04271163780736134
3.42	0.04264149060574638
3.425	0.042571506916978336
3.4299999999999997	0.0425016860876871
3.435	0.0424320274679317
3.44	0.042362530411178455
3.445	0.04229319427427699
3.45	0.04222401841743829
3.455	0.042155002204211325
3.46	0.042086145001461135
3.465	0.04201744617934633
3.4699999999999998	0.04194890511129715
3.475	0.041880521173993435
3.48	0.04181229374734321
3.485	0.04174422221446052
3.49	0.04167630596164465
3.495	0.041608544378358946
3.5	0.04154093685720926
3.505	0.041473482793923294
3.51	0.04140618158733025
3.515	0.041339032639340016
3.52	0.041272035354922645
3.525	0.04120518914208854
3.53	0.04113849341186769
3.535	0.04107194757829079
3.54	0.04100555105836873
3.545	0.04093930327207299
3.55	0.04087320364231716
3.5549999999999997	0.04080725159493622
3.56	0.04074144655866867
3.565	0.04067578796513681
3.5700000000000003	0.04061027524882826
3.575	0.040544907847077184
3.58	0.040479685200045565
3.585	0.04041460675070538
3.59	0.04034967194481954
3.5949999999999998	0.04028488023092466
3.5999999999999996	0.040220231060312174
3.605	0.04015572388701134
3.61	0.04009135816777125
3.615	0.0400271333620428
3.62	0.039963048931962064
3.625	0.03989910434233269
3.63	0.03983529906060835
3.635	0.03977163255687654
3.6399999999999997	0.03970810430384078
3.645	0.03964471377680468
3.65	0.03958146045365476
3.6550000000000002	0.039518343814844044
3.66	0.03945536334337594
3.665	0.03939251852478777
3.67	0.03932980884713454
3.675	0.03926723380097324
3.6799999999999997	0.03920479287934667
3.685	0.03914248557776778
3.69	0.039080311394204245
3.6950000000000003	0.03901826982906229
3.7	0.03895636038517238
3.705	0.03889458256777255
3.71	0.03883293588449456
3.715	0.03877141984534745
3.7199999999999998	0.038710033962704116
3.7249999999999996	0.0386487777512852
3.73	0.038587650728145094
3.735	0.03852665241265672
3.74	0.03846578232649793
3.745	0.038405039993635946
3.75	0.038344424940314106
3.755	0.0382839366950368
3.76	0.038223574788556244
3.7649999999999997	0.038163338753857835
3.77	0.03810322812614631
3.775	0.038043242442832456
3.7800000000000002	0.03798338124351903
3.785	0.03792364406998728
3.79	0.03786403046618332
3.795	0.03780453997820532
3.8	0.03774517215428923
3.8049999999999997	0.03768592654479671
3.81	0.03762680270220122
3.815	0.03756780018107538
3.8200000000000003	0.0375089185380783
3.825	0.03745015733194203
3.83	0.037391516123459645
3.835	0.03733299447547239
3.84	0.03727459195285675
3.8449999999999998	0.03721630812251251
3.8499999999999996	0.03715814255335042
3.855	0.03710009481627959
3.86	0.03704216448419539
3.865	0.03698435113196771
3.87	0.036926654336428506
3.875	0.03686907367636065
3.88	0.03681160873248479
3.885	0.03675425908744903
3.8899999999999997	0.03669702432581646
3.895	0.03663990403405376
3.9	0.0365828978005198
3.9050000000000002	0.036526005215454044
3.91	0.036469225870965495
3.915	0.036412559361021446
3.92	0.03635600528143574
3.925	0.0362995632298587
3.9299999999999997	0.036243232805765045
3.935	0.03618701361044388
3.94	0.03613090524698703
3.9450000000000003	0.036074907320279084
3.95	0.03601901943698597
3.955	0.035963241205544685
3.96	0.03590757223615297
3.965	0.03585201214075829
3.9699999999999998	0.035796560533047646
3.9749999999999996	0.03574121702843775
3.98	0.035685981244063573
3.985	0.03563085279876979
3.99	0.03557583131309903
3.995	0.03552091640928299
4.	0.035466107711232146
4.005	0.03541140484452527
4.01	0.03535680743640061
4.015	0.03530231511574512
4.02	0.03524792751308548
4.025	0.03519364426057824
4.03	0.03513946499200009
4.035	0.0350853893427385
4.04	0.035031416949782165
4.045	0.034977547451711964
4.05	0.03492378048869111
4.055	0.034870115702456544
4.0600000000000005	0.03481655273630889
4.0649999999999995	0.03476309123510431
4.07	0.03470973084524481
4.075	0.03465647121466956
4.08	0.03460331199284541
4.085	0.03455025283075891
4.09	0.03449729338090661
4.095	0.034444433297286844
4.1	0.034391672235391184
4.105	0.03433900985219478
4.109999999999999	0.03428644580614908
4.115	0.03423397975717265
4.12	0.03418161136664253
4.125	0.03412934029738606
4.13	0.03407716621367316
4.135	0.03402508878120649
4.14	0.033973107667114665
4.145	0.03392122253994362
4.15	0.03386943306964803
4.155	0.03381773892758373
4.16	0.033766139786499776
4.165	0.03371463532052966
4.17	0.033663225205184735
4.175	0.033611909117344886
4.18	0.03356068673525184
4.1850000000000005	0.033509557738500874
4.1899999999999995	0.033458521808033104
4.195	0.03340757862612783
4.2	0.033356727876395605
4.205	0.033305969243769176
4.21	0.03325530241449758
4.215	0.03320472707613761
4.22	0.033154242917546616
4.225	0.03310384962887608
4.23	0.033053546901562515
4.234999999999999	0.033003334428321644
4.24	0.032953211903140864
4.245	0.032903179021271566
4.25	0.032853235479222496
4.255	0.03280338097475255
4.26	0.03275361520686361
4.265	0.03270393787579361
4.27	0.03265434868300989
4.275	0.03260484733120172
4.28	0.03255543352427385
4.285	0.03250610696733958
4.29	0.03245686736671383
4.295	0.032407714429906975
4.3	0.032358647865617145
4.305	0.032309667383724636
4.3100000000000005	0.032260772695284684
4.3149999999999995	0.03221196351252098
4.32	0.03216323954881959
4.325	0.032114600518721566
4.33	0.03206604613791758
4.335	0.03201757612324061
4.34	0.031969190192660354
4.345	0.03192088806527623
4.35	0.031872669461311634
4.355	0.031824534102107095
4.359999999999999	0.03177648171011488
4.365	0.03172851200889232
4.37	0.03168062472309555
4.375	0.03163281957847396
4.38	0.03158509630186341
4.385	0.03153745462118123
4.39	0.03148989426541911
4.395	0.03144241496463808
4.4	0.03139501644996207
4.405	0.03134769845357199
4.41	0.03130046070870096
4.415	0.03125330294962672
4.42	0.03120622491166774
4.425	0.031159226331175745
4.43	0.031112306945531337
4.4350000000000005	0.031065466493138228
4.4399999999999995	0.031018704713416768
4.445	0.030972021346799057
4.45	0.030925416134723396
4.455	0.03087888881962841
4.46	0.03083243914494797
4.465	0.030786066855105265
4.47	0.03073977169550815
4.475	0.030693553412542613
4.48	0.030647411753568783
4.484999999999999	0.030601346466914352
4.49	0.03055535730187039
4.495	0.03050944400868499
4.5	0.03046360633855916
4.505	0.030417844043640615
4.51	0.03037215687701943
4.515	0.03032654459272259
4.52	0.030281006945708684
4.525	0.030235543691862852
4.53	0.030190154587992426
4.535	0.03014483939182086
4.54	0.03009959786198371
4.545	0.030054429758023214
4.55	0.030009334840383105
4.555	0.0299643128704047
4.5600000000000005	0.029919363610320427
4.5649999999999995	0.029874486823250487
4.57	0.029829682273197843
4.575	0.029784949725042465
4.58	0.029740288944537507
4.585	0.02969569969830433
4.59	0.02965118175382734
4.595000000000001	0.02960673487945018
4.6	0.02956235884437081
4.605	0.02951805341863595
4.609999999999999	0.029473818373137964
4.615	0.029429653479609522
4.62	0.029385558510618637
4.625	0.0293415332395651
4.63	0.02929757744067536
4.635	0.02925369088899858
4.640000000000001	0.029209873360401102
4.645	0.029166124631563824
4.65	0.029122444479975838
4.654999999999999	0.029078832683931834
4.66	0.02903528902252624
4.665	0.02899181327565011
4.67	0.028948405223986035
4.675	0.028905064649004636
4.68	0.028861791332959474
4.6850000000000005	0.028818585058883413
4.6899999999999995	0.028775445610584073
4.695	0.02873237277264021
4.7	0.028689366330397065
4.705	0.028646426069961966
4.71	0.028603551778201362
4.715	0.028560743242735703
4.720000000000001	0.02851800025193542
4.725	0.02847532259491765
4.73	0.028432710061541508
4.734999999999999	0.028390162442404547
4.74	0.028347679528838154
4.745	0.028305261112904486
4.75	0.028262906987392134
4.755	0.02822061694581185
4.76	0.028178390782393217
4.765000000000001	0.028136228292080515
4.77	0.028094129270528987
4.775	0.028052093514101054
4.779999999999999	0.028010120819862094
4.785	0.02796821098557744
4.79	0.02792636380970806
4.795	0.027884579091406663
4.8	0.02784285663051462
4.805	0.027801196227557754
4.8100000000000005	0.027759597683742886
4.8149999999999995	0.02771806080095397
4.82	0.027676585381748744
4.825	0.027635171229354785
4.83	0.02759381814766623
4.835	0.027552525941240014
4.84	0.027511294415292188
4.845000000000001	0.02747012337569463
4.85	0.027429012628971287
4.855	0.02738796198229511
4.859999999999999	0.027346971243483665
4.865	0.027306040220996638
4.87	0.0272651687239319
4.875	0.027224356562021903
4.88	0.027183603545630892
4.885	0.027142909485750554
4.890000000000001	0.0271022741939977
4.895	0.027061697482610083
4.9	0.0270211791644431
4.904999999999999	0.02698071905296739
4.91	0.026940316962263903
4.915	0.02689997270702242
4.92	0.02685968610253668
4.925	0.02681945696470184
4.93	0.026779285110011767
4.9350000000000005	0.026739170355554356
4.9399999999999995	0.026699112519009655
4.945	0.026659111418646148
4.95	0.02661916687331752
4.955	0.02657927870245914
4.96	0.026539446726086123
4.965	0.02649967076478855
4.970000000000001	0.02645995063972967
4.975	0.02642028617264198
4.98	0.0263806771858246
4.984999999999999	0.026341123502139678
4.99	0.026301624945010413
4.995	0.02626218133841612
5.	0.02622279250689132
5.005	0.026183458275521328
5.01	0.026144178469939074
5.015000000000001	0.026104952916323712
5.02	0.026065781441395833
5.025	0.02602666387241533
5.029999999999999	0.025987600037178652
5.035	0.02594858976401511
5.04	0.025909632881784776
5.045	0.025870729219875252
5.05	0.025831878608198383
5.055	0.025793080877187905
5.0600000000000005	0.025754335857796178
5.0649999999999995	0.02571564338149166
5.07	0.02567700328025623
5.075	0.025638415386581313
5.08	0.025599879533466433
5.085	0.02556139555441545
5.09	0.025522963283434258
5.095000000000001	0.025484582555027325
5.1	0.025446253204196176
5.105	0.02540797506643503
5.109999999999999	0.02536974797772953
5.115	0.0253315717745531
5.12	0.025293446293864336
5.125	0.02525537137310449
5.13	0.025217346850195055
5.135	0.025179372563534492
5.14	0.025141448351995284
5.145	0.025103574054922938
5.15	0.025065749512131117
5.155	0.025027974563900632
5.16	0.024990249050975744
5.165	0.0249525728145627
5.17	0.024914945696325647
5.175	0.02487736753838562
5.18	0.024839838183316903
5.185	0.024802357474144044
5.19	0.024764925254340674
5.195	0.024727541367826414
5.2	0.024690205658963543
5.205	0.024652917972555186
5.21	0.024615678153843246
5.215	0.024578486048504378
5.22	0.024541341502648896
5.225	0.02450424436281802
5.23	0.024467194475980725
5.235	0.024430191689531876
5.24	0.024393235851289503
5.245	0.024356326809492356
5.25	0.02431946441279807
5.255	0.02428264851027924
5.26	0.02424587895142254
5.265	0.02420915558612558
5.27	0.02417247826469457
5.275	0.024135846837841576
5.28	0.024099261156683458
5.285	0.02406272107273701
5.29	0.024026226437919716
5.295	0.02398977710454478
5.3	0.0239533729253195
5.305	0.023917013753344114
5.31	0.023880699442107804
5.315	0.023844429845487087
5.32	0.023808204817743754
5.325	0.02377202421352189
5.33	0.02373588788784605
5.335	0.023699795696119224
5.34	0.02366374749411946
5.345	0.023627743137998612
5.35	0.023591782484279775
5.355	0.02355586538985486
5.36	0.023519991711982335
5.365	0.023484161308285283
5.37	0.023448374036748484
5.375	0.023412629755716924
5.38	0.023376928323893428
5.385	0.023341269600335772
5.39	0.023305653444455118
5.395	0.023270079716013668
5.4	0.023234548275122714
5.405	0.023199058982239156
5.41	0.023163611698165627
5.415	0.02312820628404554
5.42	0.023092842601363302
5.425	0.023057520511940745
5.43	0.02302223987793607
5.435	0.022987000561839648
5.44	0.022951802426473933
5.445	0.022916645334990864
5.45	0.022881529150869308
5.455	0.022846453737912244
5.46	0.022811418960246955
5.465	0.022776424682319784
5.47	0.022741470768896526
5.475	0.02270655708505902
5.48	0.0226716834962039
5.485	0.0226368498680394
5.49	0.022602056066584126
5.495	0.02256730195816497
5.5	0.022532587409413753
5.505	0.022497912287267576
5.51	0.022463276458964624
5.515	0.022428679792042158
5.52	0.02239412215433596
5.525	0.02235960341397683
5.53	0.022325123439389173
5.535	0.02229068209928914
5.54	0.022256279262682074
5.545	0.022221914798860362
5.55	0.022187588577401926
5.555	0.02215330046816825
5.56	0.022119050341301755
5.565	0.022084838067223538
5.57	0.022050663516633266
5.575	0.022016526560504214
5.58	0.021982427070083948
5.585	0.0219483649168906
5.59	0.021914339972711507
5.595	0.021880352109601254
5.6	0.02184640119987948
5.605	0.021812487116129053
5.61	0.021778609731193117
5.615	0.021744768918175693
5.62	0.02171096455043645
5.625	0.02167719650159062
5.63	0.021643464645506705
5.635	0.021609768856304695
5.64	0.02157610900835325
5.645	0.021542484976268546
5.65	0.02150889663491225
5.655	0.021475343859389012
5.66	0.02144182652504495
5.665	0.02140834450746558
5.67	0.021374897682474133
5.675	0.021341485926128723
5.68	0.02130810911472153
5.6850000000000005	0.021274767124776224
5.69	0.021241459833045533
5.695	0.0212081871165106
5.7	0.02117494885237812
5.705	0.02114174491807804
5.71	0.021108575191262625
5.715	0.021075439549804557
5.72	0.021042337871793288
5.725	0.021009270035535006
5.73	0.020976235919550158
5.735	0.020943235402570662
5.74	0.020910268363539347
5.745	0.020877334681607025
5.75	0.020844434236130575
5.755	0.02081156690667236
5.76	0.020778732572995787
5.765	0.020745931115065782
5.77	0.020713162413045712
5.775	0.0206804263472959
5.78	0.020647722798370956
5.785	0.02061505164701854
5.79	0.02058241277417746
5.795	0.02054980606097545
5.8	0.020517231388727283
5.805	0.020484688638933067
5.8100000000000005	0.020452177693275852
5.815	0.020419698433620063
5.82	0.020387250742010133
5.825	0.020354834500667253
5.83	0.02032244959198816
5.835	0.02029009589854384
5.84	0.02025777330307651
5.845	0.020225481688498168
5.85	0.02019322093788892
5.855	0.020160990934494857
5.86	0.02012879156172537
5.865	0.02009662270315303
5.87	0.02006448424250935
5.875	0.020032376063685155
5.88	0.020000298050726853
5.885	0.019968250087835038
5.89	0.019936232059363977
5.895	0.019904243849816382
5.9	0.019872285343845244
5.905	0.019840356426249536
5.91	0.019808456981973043
5.915	0.019776586896101414
5.92	0.019744746053862464
5.925	0.019712934340621893
5.93	0.01968115164188231
5.9350000000000005	0.01964939784328191
5.94	0.019617672830590755
5.945	0.019585976489711124
5.95	0.0195543087066733
5.955	0.01952266936763526
5.96	0.019491058358880084
5.965	0.019459475566813753
5.97	0.019427920877963512
5.975	0.019396394178976113
5.98	0.01936489535661503
5.985	0.019333424297759312
5.99	0.019301980889401216
5.995	0.01927056501864439
6.	0.0192391765727015
6.005	0.019207815438892776
6.01	0.019176481504643492
6.015	0.019145174657482295
6.02	0.019113894785039342
6.025	0.01908264177504357
6.03	0.0190514155153218
6.035	0.019020215893795465
6.04	0.018989042798479808
6.045	0.018957896117480517
6.05	0.018926775738993144
6.055	0.018895681551299993
6.0600000000000005	0.018864613442768356
6.065	0.018833571301848533
6.07	0.01880255501707204
6.075	0.018771564477049016
6.08	0.018740599570466126
6.085	0.0187096601860858
6.09	0.01867874621274214
6.095	0.01864785753933976
6.1	0.01861699405485276
6.105	0.01858615564832058
6.11	0.018555342208847723
6.115	0.018524553625600165
6.12	0.018493789787804405
6.125	0.01846305058474452
6.13	0.01843233590576114
6.135	0.01840164564024744
6.140000000000001	0.01837097967764894
6.145	0.01834033790745994
6.15	0.01830972021922227
6.155	0.018279126502523356
6.16	0.01824855664699174
6.165	0.018218010542298664
6.17	0.018187488078152184
6.175	0.018156989144297413
6.18	0.018126513630513808
6.1850000000000005	0.018096061426612065
6.1899999999999995	0.01806563242243235
6.195	0.018035226507842315
6.2	0.018004843572735563
6.205	0.01797448350702743
6.21	0.017944146200654765
6.215	0.017913831543571058
6.22	0.01788353942574784
6.225	0.01785326973716973
6.23	0.01782302236783222
6.235	0.017792797207739835
6.24	0.01776259414690502
6.245	0.017732413075343654
6.25	0.01770225388307339
6.255	0.01767211646011294
6.26	0.017642000696477145
6.265000000000001	0.017611906482176278
6.27	0.017581833707212786
6.275	0.01755178226158059
6.28	0.017521752035259717
6.285	0.017491742918215928
6.29	0.01746175480039887
6.295	0.017431787571737144
6.3	0.017401841122138117
6.305	0.017371915341484655
6.3100000000000005	0.01734201011963225
6.3149999999999995	0.017312125346406596
6.32	0.01728226091160199
6.325	0.017252416704977416
6.33	0.01722259261625516
6.335	0.01719278853511773
6.34	0.017163004351205206
6.345	0.017133239954112107
6.35	0.0171034952333865
6.355	0.017073770078525407
6.36	0.01704406437897351
6.365	0.01701437802411986
6.37	0.01698471090329526
6.375	0.016955062905769425
6.38	0.01692543392074915
6.385	0.01689582383737476
6.390000000000001	0.016866232544716742
6.395	0.016836659931774647
6.4	0.01680710588747342
6.405	0.016777570300659735
6.41	0.016748053060101468
6.415	0.01671855405448176
6.42	0.016689073172399305
6.425	0.01665961030236349
6.43	0.016630165332791647
6.4350000000000005	0.01660073815200736
6.4399999999999995	0.016571328648235687
6.445	0.01654193670960187
6.45	0.016512562224127905
6.455	0.016483205079728825
6.46	0.016453865164210064
6.465	0.016424542365265343
6.47	0.0163952365704724
6.475	0.016365947667289837
6.48	0.01633667554305518
6.485	0.016307420084980623
6.49	0.016278181180150977
6.495	0.01624895871551885
6.5	0.01621975257790331
6.505	0.016190562653985476
6.51	0.016161388830304976
6.515000000000001	0.01613223099325841
6.52	0.016103089029094013
6.525	0.016073962823909528
6.53	0.016044852263648657
6.535	0.016015757234097396
6.54	0.015986677620880522
6.545	0.015957613309459186
6.55	0.015928564185125716
6.555	0.01589953013300215
6.5600000000000005	0.015870511038034742
6.5649999999999995	0.015841506784991917
6.57	0.01581251725845982
6.575	0.015783542342839206
6.58	0.015754581922341315
6.585	0.0157256358809845
6.59	0.015696704102591164
6.595	0.015667786470782263
6.6	0.01563888286897563
6.605	0.015609993180379977
6.61	0.015581117287993627
6.615	0.015552255074598485
6.62	0.015523406422757006
6.625	0.01549457121480832
6.63	0.015465749332863937
6.635	0.015436940658804198
6.640000000000001	0.015408145074273526
6.645	0.015379362460676978
6.65	0.015350592699175917
6.655	0.015321835670684156
6.66	0.015293091255862628
6.665	0.015264359335116991
6.67	0.015235639788590997
6.675	0.015206932496165095
6.68	0.01517823733744909
6.6850000000000005	0.015149554191779928
6.6899999999999995	0.015120882938215886
6.695	0.015092223455533512
6.7	0.01506357562222103
6.705	0.015034939316475837
6.71	0.01500631441619893
6.715	0.014977700798989805
6.72	0.014949098342142746
6.725	0.014920506922641278
6.73	0.014891926417153978
6.735	0.014863356702028648
6.74	0.01483479765328894
6.745	0.014806249146627433
6.75	0.01477771105740255
6.755	0.014749183260632669
6.76	0.01472066563099005
6.765000000000001	0.014692158042797323
6.77	0.014663660370021519
6.775	0.014635172486268904
6.78	0.014606694264778697
6.785	0.014578225578419852
6.79	0.014549766299683388
6.795	0.014521316300677687
6.8	0.01449287545312382
6.805	0.014464443628348193
6.8100000000000005	0.014436020697278831
6.8149999999999995	0.014407606530437446
6.82	0.014379200997935576
6.825	0.014350803969467963
6.83	0.014322415314305743
6.835	0.01429403490129198
6.84	0.014265662598834567
6.845	0.014237298274900301
6.85	0.014208941797009206
6.855	0.01418059303222699
6.86	0.014152251847159795
6.865	0.014123918107947907
6.87	0.014095591680257756
6.875	0.014067272429277253
6.88	0.014038960219708123
6.885	0.014010654915758562
6.890000000000001	0.013982356381138055
6.895	0.013954064479048872
6.9	0.013925779072179942
6.905	0.01389750002270013
6.91	0.013869227192249613
6.915	0.013840960441934346
6.92	0.013812699632318137
6.925	0.013784444623414023
6.93	0.013756195274679592
6.9350000000000005	0.013727951445005765
6.9399999999999995	0.013699712992712476
6.945	0.013671479775538854
6.95	0.013643251650635962
6.955	0.013615028474558427
6.96	0.013586810103257478
6.965	0.013558596392071543
6.97	0.013530387195718254
6.975	0.01350218236828653
6.98	0.013473981763228315
6.985	0.013445785233348207
6.99	0.01341759263079725
6.995	0.013389403807062113
7.	0.013361218612957547
7.005	0.01333303689861603
7.01	0.013304858513480207
7.015000000000001	0.013276683306291285
7.02	0.013248511125082567
7.025	0.01322034181716742
7.03	0.0131921752291309
7.035	0.013164011206819363
7.04	0.01313584959533132
7.045	0.013107690239006651
7.05	0.013079532981416052
7.055	0.013051377665352235
7.0600000000000005	0.013023224132817948
7.0649999999999995	0.012995072225016077
7.07	0.012966921782339075
7.075	0.012938772644357402
7.08	0.012910624649808513
7.085	0.012882477636586955
7.09	0.012854331441730968
7.095	0.012826185901412494
7.1	0.012798040850925398
7.105	0.012769896124672551
7.11	0.012741751556154875
7.115	0.012713606977957993
7.12	0.012685462221742362
7.125	0.012657317118227674
7.13	0.012629171497181582
7.135	0.012601025187407298
7.140000000000001	0.012572878016729521
7.145	0.012544729811981539
7.15	0.012516580398992491
7.155	0.01248842960257197
7.16	0.012460277246498088
7.165	0.012432123153501949
7.17	0.012403967145254196
7.175	0.01237580904235024
7.18	0.012347648664295647
7.1850000000000005	0.012319485829490237
7.1899999999999995	0.012291320355215426
7.195	0.012263152057615904
7.2	0.012234980751686088
7.205	0.0122068062512532
7.21	0.012178628368961174
7.215	0.012150446916255235
7.220000000000001	0.012122261703364206
7.225	0.012094072539284092
7.23	0.012065879231762113
7.234999999999999	0.012037681587276054
7.24	0.012009479411020832
7.245	0.011981272506887082
7.25	0.011953060677445124
7.255	0.011924843723925414
7.26	0.011896621446199762
7.265000000000001	0.011868393642762287
7.27	0.0118401601107109
7.275	0.011811920645726106
7.28	0.011783675042051817
7.285	0.011755423092475131
7.29	0.011727164588304986
7.295	0.01169889931935166
7.300000000000001	0.011670627073904507
7.305	0.011642347638712441
7.3100000000000005	0.011614060798958194
7.3149999999999995	0.011585766338239661
7.32	0.011557464038544189
7.325	0.01152915368022688
7.33	0.011500835041986119
7.335	0.011472507900840848
7.34	0.01144417203210389
7.345000000000001	0.011415827209359613
7.35	0.011387473204436468
7.355	0.011359109787383189
7.359999999999999	0.01133073672644094
7.365	0.011302353788017791
7.37	0.011273960736660964
7.375	0.011245557335030134
7.38	0.011217143343868474
7.385	0.011188718521974226
7.390000000000001	0.011160282626172476
7.395	0.01113183541128431
7.4	0.011103376630098945
7.405	0.011074906033339339
7.41	0.011046423369635334
7.415	0.011017928385488355
7.42	0.010989420825241375
7.425000000000001	0.010960900431044859
7.43	0.010932366942823773
7.4350000000000005	0.010903820098242525
7.4399999999999995	0.010875259632672116
7.445	0.010846685279152411
7.45	0.010818096768357627
7.455	0.010789493828558792
7.46	0.010760876185586722
7.465	0.01073224356279386
7.470000000000001	0.010703595681014953
7.475	0.01067493225852776
7.48	0.010646253011012966
7.484999999999999	0.010617557651512106
7.49	0.010588845890386429
7.495	0.010560117435273892
7.5	0.010531371991045466
7.505	0.010502609259760584
7.51	0.010473828940621767
7.515000000000001	0.010445030729928815
7.52	0.010416214321031203
7.525	0.010387379404280084
7.53	0.010358525666979201
7.535	0.010329652793335146
7.54	0.01030076046440561
7.545	0.010271848358047727
7.550000000000001	0.010242916148865047
7.555	0.010213963508153106
7.5600000000000005	0.01018499010384355
7.5649999999999995	0.0101559956004484
7.57	0.01012697965900184
7.575	0.010097941937001517
7.58	0.010068882088348332
7.585	0.010039799763284686
7.59	0.010010694608332305
7.595000000000001	0.009981566266227452
7.6	0.00995241437585666
7.605	0.009923238572188622
7.609999999999999	0.009894038486206501
7.615	0.009864813744837586
7.62	0.009835563970883407
7.625	0.009806288782945139
7.63	0.009776987795350035
7.635	0.009747660618075332
7.640000000000001	0.009718306856669651
7.645	0.009688926112174772
7.65	0.00965951798104295
7.655	0.00963008205505404
7.66	0.009600617921231137
7.665	0.009571125161752793
7.67	0.009541603353863658
7.675000000000001	0.00951205206978444
7.68	0.00948247087661796
7.685	0.009452859336253495
7.6899999999999995	0.009423217005270332
7.694999999999999	0.009393543434836352
7.699999999999999	0.009363838170606811
7.704999999999999	0.009334100752619352
7.71	0.009304330715185972
7.715	0.009274527586784601
7.72	0.009244690889945307
7.725	0.009214820141136101
7.7299999999999995	0.009184914850643879
7.734999999999999	0.009154974522454382
7.739999999999999	0.009124998654127655
7.744999999999999	0.009094986736671131
7.75	0.009064938254409608
7.755	0.009034852684851718
7.76	0.00900472949855273
7.765	0.008974568158974454
7.77	0.008944368122341624
7.7749999999999995	0.008914128837493604
7.779999999999999	0.008883849745733037
7.784999999999999	0.008853530280671188
7.79	0.008823169868067308
7.795	0.008792767925665693
7.8	0.008762323863027818
7.805	0.008731837081358896
7.81	0.00870130697333176
7.8149999999999995	0.00867073292290459
7.819999999999999	0.008640114305133846
7.824999999999999	0.008609450485982644
7.829999999999999	0.00857874082212344
7.835	0.008547984660735225
7.84	0.0085171813392957
7.845	0.008486330185366275
7.85	0.00845543051637317
7.8549999999999995	0.008424481639379967
7.859999999999999	0.008393482850855307
7.864999999999999	0.008362433436433104
7.869999999999999	0.008331332670666458
7.875	0.008300179816773707
7.88	0.008268974126378111
7.885	0.008237714839238153
7.89	0.008206401182971756
7.895	0.008175032372771118
7.8999999999999995	0.008143607611109473
7.904999999999999	0.008112126087438215
7.909999999999999	0.00808058697787659
7.915	0.008048989444889161
7.92	0.008017332636956354
7.925	0.007985615688232197
7.93	0.007953837718193359
7.935	0.007921997831275394
7.9399999999999995	0.007890095116499083
7.944999999999999	0.00785812864708363
7.949999999999999	0.007826097480048042
7.955	0.007794000655799408
7.96	0.007761837197707877
7.965	0.007729606111667701
7.97	0.007697306385643331
7.975	0.0076649369892011505
7.9799999999999995	0.007632496873024808
7.984999999999999	0.007599984968414233
7.989999999999999	0.007567400186768451
7.994999999999999	0.007534741419049323
8.	0.007502007535227664
8.004999999999999	0.007469197383709883
8.01	0.007436309790744153
8.014999999999999	0.0074033435598056955
8.02	0.007370297470961095
8.025	0.007337170280207511
8.03	0.007303960718790547
8.035	0.0072706674924953385
8.04	0.007237289280912672
8.045	0.007203824736676511
8.049999999999999	0.00717027248467489
8.055	0.00713663112122905
8.059999999999999	0.0071028992132429825
8.065	0.007069075297319025
8.07	0.00703515787883979
8.075	0.007001145431014495
8.08	0.006967036393887585
8.084999999999999	0.006932829173307087
8.09	0.006898522139853419
8.094999999999999	0.00686411362772281
8.1	0.0068296019335669636
8.105	0.006794985315283277
8.11	0.00676026199075676
8.115	0.006725430136547364
8.12	0.006690487886522135
8.125	0.00665543333043055
8.129999999999999	0.006620264512415652
8.135	0.006584979429462738
8.139999999999999	0.006549576029778884
8.145	0.006514052211100021
8.15	0.0064784058189228805
8.155	0.006442634644656975
8.16	0.006406736423691501
8.165	0.00637070883337253
8.17	0.006334549490887227
8.174999999999999	0.006298255951046819
8.18	0.006261825703964329
8.184999999999999	0.006225256172621787
8.19	0.006188544710315763
8.195	0.006151688597981063
8.2	0.006114685041377544
8.205	0.006077531168139173
8.209999999999999	0.006040224024669533
8.215	0.006002760572878854
8.219999999999999	0.005965137686753569
8.225	0.005927352148740446
8.23	0.005889400645942474
8.235	0.005851279766106764
8.24	0.005812985993396441
8.245	0.005774515703925417
8.25	0.00573586516104851
8.254999999999999	0.005697030510377709
8.26	0.005658007774521751
8.264999999999999	0.005618792847513176
8.27	0.005579381488911616
8.275	0.005539769317552493
8.28	0.005499951804923643
8.285	0.005459924268129821
8.29	0.005419681862427268
8.295	0.005379219573284447
8.299999999999999	0.00533853220793924
8.305	0.005297614386407592
8.309999999999999	0.0052564605319050176
8.315	0.0052150648606276145
8.32	0.00517342137084346
8.325	0.005131523831237608
8.33	0.005089365768443063
8.334999999999999	0.005046940453689129
8.34	0.005004240888491721
8.344999999999999	0.0049612597892996465
8.35	0.004917989570996851
8.355	0.004874422329163331
8.36	0.0048305498209785065
8.365	0.004786363444621101
8.37	0.004741854217046142
8.375	0.004697012749957879
8.379999999999999	0.004651829223803308
8.385	0.004606293359591003
8.389999999999999	0.004560394388296498
8.395	0.0045141210176020035
8.4	0.004467461395688247
8.405	0.004420403071743788
8.41	0.004372932952817209
8.415	0.004325037256611956
8.42	0.004276701459715158
8.424999999999999	0.0042279102407399155
8.43	0.004178647417736944
8.434999999999999	0.004128895879165376
8.44	0.004078637507583763
8.445	0.00402785309511336
8.45	0.003976522249553891
8.455	0.003924623289866403
8.459999999999999	0.003872133129497853
8.465	0.0038190271457982073
8.469999999999999	0.003765279033432242
8.475	0.003710860639320246
8.48	0.003655741776205594
8.485	0.003599890011343504
8.49	0.0035432704261361163
8.495	0.0034858453416977847
8.5	0.0034275740042414536
8.504999999999999	0.003368412222854482
8.51	0.003308311950587959
8.515	0.0032472207975807834
8.52	0.003185081462288373
8.525	0.003121831063308612
8.53	0.003057400349734152
8.535	0.0029917127618872036
8.54	0.002924683306311023
8.545	0.0028562171980520217
8.549999999999999	0.002786208208575129
8.555	0.0027145366373733217
8.559999999999999	0.0026410667969517217
8.565	0.002565643860439816
8.57	0.0024880898626603353
8.575	0.0024081985591267677
8.58	0.0023257287172135776
8.584999999999999	0.0022403952124969923
8.59	0.002151856983449463
8.594999999999999	0.0020597003735505215
8.6	0.0019634154994229553
8.605	0.0018623617065977544
8.61	0.0017557152409786165
8.615	0.0016423864776245309
8.62	0.001520881786771575
8.625	0.0013890566922316592
8.629999999999999	0.0012436329385363796
8.635	0.0010791259787626254
8.64	0.0008849558009299336
8.645	0.0006344468960571036
8.65	0.00015046417874315572
8.655	0.
8.66	0.
8.665	0.
8.67	0.
8.674999999999999	0.
8.68	0.
8.684999999999999	0.
8.69	0.
8.695	0.
8.7	0.
8.705	0.
8.709999999999999	0.
8.715	0.
8.719999999999999	0.
8.725	0.
8.73	0.
8.735	0.
8.74	0.
8.745	0.
8.75	0.
8.754999999999999	0.
8.76	0.
8.765	0.
8.77	0.
8.775	0.
8.78	0.
8.785	0.
8.79	0.
8.795	0.
8.799999999999999	0.
8.805	0.
8.809999999999999	0.
8.815	0.
8.82	0.
8.825	0.
8.83	0.
8.834999999999999	0.
8.84	0.
8.844999999999999	0.
8.85	0.
8.855	0.
8.86	0.
8.865	0.
8.87	0.
8.875	0.
8.879999999999999	0.
8.885	0.
8.89	0.
8.895	0.
8.9	0.
8.905	0.
8.91	0.
8.915	0.
8.92	0.
8.924999999999999	0.
8.93	0.
8.934999999999999	0.
8.94	0.
8.945	0.
8.95	0.
8.955	0.
8.959999999999999	0.
8.965	0.
8.969999999999999	0.
8.975	0.
8.98	0.
8.985	0.
8.99	0.
8.995	0.
9.	0.
9.004999999999999	0.
9.01	0.
9.015	0.
9.02	0.
9.025	0.
9.03	0.
9.035	0.
9.04	0.
9.045	0.
9.049999999999999	0.
9.055	0.
9.059999999999999	0.
9.065	0.
9.07	0.
9.075	0.
9.08	0.
9.084999999999999	0.
9.09	0.
9.094999999999999	0.
9.1	0.
9.105	0.
9.11	0.
9.115	0.
9.12	0.
9.125	0.
9.129999999999999	0.
9.135	0.
9.14	0.
9.145	0.
9.15	0.
9.155	0.
9.16	0.
9.165	0.
9.17	0.
9.174999999999999	0.
9.18	0.
9.184999999999999	0.
9.19	0.
9.195	0.
9.2	0.
9.205	0.
9.209999999999999	0.
9.215	0.
9.219999999999999	0.
9.225	0.
9.23	0.
9.235	0.
9.24	0.
9.245	0.
9.25	0.
9.254999999999999	0.
9.26	0.
9.265	0.
9.27	0.
9.275	0.
9.28	0.
9.285	0.
9.29	0.
9.295	0.
9.299999999999999	0.
9.305	0.
9.309999999999999	0.
9.315	0.
9.32	0.
9.325	0.
9.33	0.
9.334999999999999	0.
9.34	0.
9.344999999999999	0.
9.35	0.
9.355	0.
9.36	0.
9.365	0.
9.37	0.
9.375	0.
9.379999999999999	0.
9.385	0.
9.39	0.
9.395	0.
9.4	0.
9.405	0.
9.41	0.
9.415	0.
9.42	0.
9.424999999999999	0.
9.43	0.
9.434999999999999	0.
9.44	0.
9.445	0.
9.45	0.
9.455	0.
9.459999999999999	0.
9.465	0.
9.469999999999999	0.
9.475	0.
9.48	0.
9.485	0.
9.49	0.
9.495	0.
9.5	0.
9.504999999999999	0.
9.51	0.
9.515	0.
9.52	0.
9.525	0.
9.53	0.
9.535	0.
9.54	0.
9.545	0.
9.549999999999999	0.
9.555	0.
9.559999999999999	0.
9.565	0.
9.57	0.
9.575	0.
9.58	0.
9.584999999999999	0.
9.59	0.
9.594999999999999	0.
9.6	0.
9.605	0.
9.61	0.
9.615	0.
9.62	0.
9.625	0.
9.629999999999999	0.
9.635	0.
9.64	0.
9.645	0.
9.65	0.
9.655	0.
9.66	0.
9.665	0.
9.67	0.
9.674999999999999	0.
9.68	0.
9.684999999999999	0.
9.69	0.
9.695	0.
9.7	0.
9.705	0.
9.709999999999999	0.
9.715	0.
9.719999999999999	0.
9.725	0.
9.73	0.
9.735	0.
9.74	0.
9.745	0.
9.75	0.
9.754999999999999	0.
9.76	0.
9.765	0.
9.77	0.
9.774999999999999	0.
9.78	0.
9.785	0.
9.79	0.
9.795	0.
9.8	0.
9.805	0.
9.809999999999999	0.
9.815	0.
9.82	0.
9.825	0.
9.83	0.
9.834999999999999	0.
9.84	0.
9.844999999999999	0.
9.85	0.
9.855	0.
9.86	0.
9.865	0.
9.87	0.
9.875	0.
9.879999999999999	0.
9.885	0.
9.89	0.
9.895	0.
9.899999999999999	0.
9.905	0.
9.91	0.
9.915	0.
9.92	0.
9.925	0.
9.93	0.
9.934999999999999	0.
9.94	0.
9.945	0.
9.95	0.
9.955	0.
9.959999999999999	0.
9.965	0.
9.969999999999999	0.
9.975	0.
9.98	0.
9.985	0.
9.99	0.
9.995	0.
10.	0.
10.004999999999999	0.
10.01	0.
10.015	0.
10.02	0.
10.024999999999999	0.
10.03	0.
10.035	0.
10.04	0.
10.045	0.
10.05	0.
10.055	0.
10.059999999999999	0.
10.065	0.
10.07	0.
10.075	0.
10.08	0.
10.084999999999999	0.
10.09	0.
10.094999999999999	0.
10.1	0.
10.105	0.
10.11	0.
10.115	0.
10.12	0.
10.125	0.
10.129999999999999	0.
10.135	0.
10.14	0.
10.145	0.
10.149999999999999	0.
10.155	0.
10.16	0.
10.165	0.
10.17	0.
10.175	0.
10.18	0.
10.184999999999999	0.
10.19	0.
10.195	0.
10.2	0.
10.205	0.
10.209999999999999	0.
10.215	0.
10.219999999999999	0.
10.225	0.
10.23	0.
10.235	0.
10.24	0.
10.245000000000001	0.
10.250000000000002	0.
10.255	0.
10.260000000000002	0.
10.265	0.
10.270000000000001	0.
10.275	0.
10.280000000000001	0.
10.285	0.
10.290000000000001	0.
10.295000000000002	0.
10.3	0.
10.305000000000001	0.
10.31	0.
10.315000000000001	0.
10.32	0.
10.325000000000001	0.
10.330000000000002	0.
10.335	0.
10.340000000000002	0.
10.345	0.
10.350000000000001	0.
10.355	0.
10.360000000000001	0.
10.365	0.
10.370000000000001	0.
10.375000000000002	0.
10.38	0.
10.385000000000002	0.
10.39	0.
10.395000000000001	0.
10.4	0.
10.405000000000001	0.
10.41	0.
10.415000000000001	0.
10.420000000000002	0.
10.425	0.
10.430000000000001	0.
10.435	0.
10.440000000000001	0.
10.445	0.
10.450000000000001	0.
10.455000000000002	0.
10.46	0.
10.465000000000002	0.
10.47	0.
10.475000000000001	0.
10.48	0.
10.485000000000001	0.
10.49	0.
10.495000000000001	0.
10.500000000000002	0.
10.505	0.
10.510000000000002	0.
10.515	0.
10.520000000000001	0.
10.525	0.
10.530000000000001	0.
10.535	0.
10.540000000000001	0.
10.545000000000002	0.
10.55	0.
10.555000000000001	0.
10.56	0.
10.565000000000001	0.
10.57	0.
10.575000000000001	0.
10.580000000000002	0.
10.585	0.
10.590000000000002	0.
10.595	0.
10.600000000000001	0.
10.605	0.
10.610000000000001	0.
10.615	0.
10.620000000000001	0.
10.625000000000002	0.
10.63	0.
10.635000000000002	0.
10.64	0.
10.645000000000001	0.
10.65	0.
10.655000000000001	0.
10.66	0.
10.665000000000001	0.
10.670000000000002	0.
10.675	0.
10.680000000000001	0.
10.685	0.
10.690000000000001	0.
10.695	0.
10.700000000000001	0.
10.705000000000002	0.
10.71	0.
10.715000000000002	0.
10.72	0.
10.725000000000001	0.
10.73	0.
10.735000000000001	0.
10.74	0.
10.745000000000001	0.
10.750000000000002	0.
10.755	0.
10.760000000000002	0.
10.765	0.
10.770000000000001	0.
10.775	0.
10.780000000000001	0.
10.785	0.
10.790000000000001	0.
10.795000000000002	0.
10.8	0.
10.805000000000001	0.
10.81	0.
10.815000000000001	0.
10.82	0.
10.825000000000001	0.
10.830000000000002	0.
10.835	0.
10.840000000000002	0.
10.845	0.
10.850000000000001	0.
10.855	0.
10.860000000000001	0.
10.865	0.
10.870000000000001	0.
10.875000000000002	0.
10.88	0.
10.885000000000002	0.
10.89	0.
10.895000000000001	0.
10.9	0.
10.905000000000001	0.
10.91	0.
10.915000000000001	0.
10.920000000000002	0.
10.925	0.
10.930000000000001	0.
10.935	0.
10.940000000000001	0.
10.945	0.
10.950000000000001	0.
10.955000000000002	0.
10.96	0.
10.965000000000002	0.
10.97	0.
10.975000000000001	0.
10.98	0.
10.985000000000001	0.
10.99	0.
10.995000000000001	0.
11.000000000000002	0.
11.005	0.
11.010000000000002	0.
11.015	0.
11.020000000000001	0.
11.025	0.
11.030000000000001	0.
11.035	0.
11.040000000000001	0.
11.045000000000002	0.
11.05	0.
11.055000000000001	0.
11.06	0.
11.065000000000001	0.
11.07	0.
11.075000000000001	0.
11.080000000000002	0.
11.085	0.
11.090000000000002	0.
11.095	0.
11.100000000000001	0.
11.105	0.
11.110000000000001	0.
11.115	0.
11.120000000000001	0.
11.125000000000002	0.
11.13	0.
11.135000000000002	0.
11.14	0.
11.145000000000001	0.
11.15	0.
11.155000000000001	0.
11.16	0.
11.165000000000001	0.
11.170000000000002	0.
11.175	0.
11.180000000000001	0.
11.185	0.
11.190000000000001	0.
11.195	0.
11.200000000000001	0.
11.205000000000002	0.
11.21	0.
11.215000000000002	0.
11.22	0.
11.225000000000001	0.
11.23	0.
11.235000000000001	0.
11.24	0.
11.245000000000001	0.
11.250000000000002	0.
11.255	0.
11.260000000000002	0.
11.265	0.
11.270000000000001	0.
11.275	0.
11.280000000000001	0.
11.285	0.
11.290000000000001	0.
11.295000000000002	0.
11.3	0.
11.305000000000001	0.
11.31	0.
11.315000000000001	0.
11.32	0.
11.325000000000001	0.
11.330000000000002	0.
11.335	0.
11.340000000000002	0.
11.345	0.
11.350000000000001	0.
11.355	0.
11.360000000000001	0.
11.365000000000002	0.
11.370000000000001	0.
11.375000000000002	0.
11.38	0.
11.385000000000002	0.
11.39	0.
11.395000000000001	0.
11.4	0.
11.405000000000001	0.
11.41	0.
11.415000000000001	0.
11.420000000000002	0.
11.425	0.
11.430000000000001	0.
11.435	0.
11.440000000000001	0.
11.445	0.
11.450000000000001	0.
11.455000000000002	0.
11.46	0.
11.465000000000002	0.
11.47	0.
11.475000000000001	0.
11.48	0.
11.485000000000001	0.
11.490000000000002	0.
11.495000000000001	0.
11.500000000000002	0.
11.505	0.
11.510000000000002	0.
11.515	0.
11.520000000000001	0.
11.525	0.
11.530000000000001	0.
11.535	0.
11.540000000000001	0.
11.545000000000002	0.
11.55	0.
11.555000000000001	0.
11.56	0.
11.565000000000001	0.
11.57	0.
11.575000000000001	0.
11.580000000000002	0.
11.585	0.
11.590000000000002	0.
11.595	0.
11.600000000000001	0.
11.605	0.
11.610000000000001	0.
11.615000000000002	0.
11.620000000000001	0.
11.625000000000002	0.
11.63	0.
11.635000000000002	0.
11.64	0.
11.645000000000001	0.
11.65	0.
11.655000000000001	0.
11.66	0.
11.665000000000001	0.
11.670000000000002	0.
11.675	0.
11.680000000000001	0.
11.685	0.
11.690000000000001	0.
11.695	0.
11.700000000000001	0.
11.705000000000002	0.
11.71	0.
11.715000000000002	0.
11.72	0.
11.725000000000001	0.
11.73	0.
11.735000000000001	0.
11.740000000000002	0.
11.745000000000001	0.
11.750000000000002	0.
11.755	0.
11.760000000000002	0.
11.765	0.
11.770000000000001	0.
11.775	0.
11.780000000000001	0.
11.785	0.
11.790000000000001	0.
11.795000000000002	0.
11.8	0.
11.805000000000001	0.
11.81	0.
11.815000000000001	0.
11.82	0.
11.825000000000001	0.
11.830000000000002	0.
11.835	0.
11.840000000000002	0.
11.845	0.
11.850000000000001	0.
11.855	0.
11.860000000000001	0.
11.865000000000002	0.
11.870000000000001	0.
11.875000000000002	0.
11.88	0.
11.885000000000002	0.
11.89	0.
11.895000000000001	0.
11.9	0.
11.905000000000001	0.
11.91	0.
11.915000000000001	0.
11.920000000000002	0.
11.925	0.
11.930000000000001	0.
11.935	0.
11.940000000000001	0.
11.945	0.
11.950000000000001	0.
11.955000000000002	0.
11.96	0.
11.965000000000002	0.
11.97	0.
11.975000000000001	0.
11.98	0.
11.985000000000001	0.
11.990000000000002	0.
11.995000000000001	0.
12.000000000000002	0.
12.005	0.
12.010000000000002	0.
12.015	0.
12.020000000000001	0.
12.025	0.
12.030000000000001	0.
12.035	0.
12.040000000000001	0.
12.045000000000002	0.
12.05	0.
12.055000000000001	0.
12.06	0.
12.065000000000001	0.
12.07	0.
12.075000000000001	0.
12.080000000000002	0.
12.085	0.
12.090000000000002	0.
12.095	0.
12.100000000000001	0.
12.105	0.
12.110000000000001	0.
12.115000000000002	0.
12.120000000000001	0.
12.125000000000002	0.
12.13	0.
12.135000000000002	0.
12.14	0.
12.145000000000001	0.
12.15	0.
12.155000000000001	0.
12.16	0.
12.165000000000001	0.
12.170000000000002	0.
12.175	0.
12.180000000000001	0.
12.185	0.
12.190000000000001	0.
12.195	0.
12.200000000000001	0.
12.205000000000002	0.
12.21	0.
12.215000000000002	0.
12.22	0.
12.225000000000001	0.
12.23	0.
12.235000000000001	0.
12.240000000000002	0.
12.245000000000001	0.
12.25	0.
12.255	0.
12.260000000000002	0.
12.265	0.
12.270000000000001	0.
12.275000000000002	0.
12.280000000000001	0.
12.285	0.
12.290000000000001	0.
12.295000000000002	0.
12.3	0.
12.305000000000001	0.
12.31	0.
12.315000000000001	0.
12.32	0.
12.325000000000001	0.
12.330000000000002	0.
12.335	0.
12.340000000000002	0.
12.345	0.
12.350000000000001	0.
12.355	0.
12.360000000000001	0.
12.365000000000002	0.
12.370000000000001	0.
12.375	0.
12.38	0.
12.385000000000002	0.
12.39	0.
12.395000000000001	0.
12.400000000000002	0.
12.405000000000001	0.
12.41	0.
12.415000000000001	0.
12.420000000000002	0.
12.425	0.
12.430000000000001	0.
12.435	0.
12.440000000000001	0.
12.445	0.
12.450000000000001	0.
12.455000000000002	0.
12.46	0.
12.465000000000002	0.
12.47	0.
12.475000000000001	0.
12.48	0.
12.485000000000001	0.
12.490000000000002	0.
12.495000000000001	0.
12.5	0.
12.505	0.
12.510000000000002	0.
12.515	0.
12.520000000000001	0.
12.525000000000002	0.
12.530000000000001	0.
12.535	0.
12.540000000000001	0.
12.545000000000002	0.
12.55	0.
12.555000000000001	0.
12.56	0.
12.565000000000001	0.
12.57	0.
12.575000000000001	0.
12.580000000000002	0.
12.585	0.
12.590000000000002	0.
12.595	0.
12.600000000000001	0.
12.605	0.
12.610000000000001	0.
12.615000000000002	0.
12.620000000000001	0.
12.625	0.
12.63	0.
12.635000000000002	0.
12.64	0.
12.645000000000001	0.
12.650000000000002	0.
12.655000000000001	0.
12.66	0.
12.665000000000001	0.
12.670000000000002	0.
12.675	0.
12.680000000000001	0.
12.685	0.
12.690000000000001	0.
12.695	0.
12.700000000000001	0.
12.705000000000002	0.
12.71	0.
12.715000000000002	0.
12.72	0.
12.725000000000001	0.
12.73	0.
12.735000000000001	0.
12.740000000000002	0.
12.745000000000001	0.
12.75	0.
12.755	0.
12.760000000000002	0.
12.765	0.
12.770000000000001	0.
12.775000000000002	0.
12.780000000000001	0.
12.785	0.
12.790000000000001	0.
12.795000000000002	0.
12.8	0.
12.805000000000001	0.
12.810000000000002	0.
12.815000000000001	0.
12.820000000000002	0.
12.825000000000001	0.
12.830000000000002	0.
12.835	0.
12.840000000000002	0.
12.845	0.
12.850000000000001	0.
12.855000000000002	0.
12.860000000000001	0.
12.865000000000002	0.
12.870000000000001	0.
12.875000000000002	0.
12.88	0.
12.885000000000002	0.
12.890000000000002	0.
12.895000000000001	0.
12.900000000000002	0.
12.905000000000001	0.
12.910000000000002	0.
12.915000000000001	0.
12.920000000000002	0.
12.925	0.
12.930000000000001	0.
12.935000000000002	0.
12.940000000000001	0.
12.945000000000002	0.
12.950000000000001	0.
12.955000000000002	0.
12.96	0.
12.965000000000002	0.
12.97	0.
12.975000000000001	0.
12.980000000000002	0.
12.985000000000001	0.
12.990000000000002	0.
12.995000000000001	0.
13.000000000000002	0.
13.005	0.
13.010000000000002	0.
13.015000000000002	0.
13.020000000000001	0.
13.025000000000002	0.
13.030000000000001	0.
13.035000000000002	0.
13.040000000000001	0.
13.045000000000002	0.
13.05	0.
13.055000000000001	0.
13.060000000000002	0.
13.065000000000001	0.
13.070000000000002	0.
13.075000000000001	0.
13.080000000000002	0.
13.085	0.
13.090000000000002	0.
13.095	0.
13.100000000000001	0.
13.105000000000002	0.
13.110000000000001	0.
13.115000000000002	0.
13.120000000000001	0.
13.125000000000002	0.
13.13	0.
13.135000000000002	0.
13.140000000000002	0.
13.145000000000001	0.
13.150000000000002	0.
13.155000000000001	0.
13.160000000000002	0.
13.165000000000001	0.
13.170000000000002	0.
13.175	0.
13.180000000000001	0.
13.185000000000002	0.
13.190000000000001	0.
13.195000000000002	0.
13.200000000000001	0.
13.205000000000002	0.
13.21	0.
13.215000000000002	0.
13.220000000000002	0.
13.225000000000001	0.
13.230000000000002	0.
13.235000000000001	0.
13.240000000000002	0.
13.245000000000001	0.
13.250000000000002	0.
13.255	0.
13.260000000000002	0.
13.265000000000002	0.
13.270000000000001	0.
13.275000000000002	0.
13.280000000000001	0.
13.285000000000002	0.
13.290000000000001	0.
13.295000000000002	0.
13.3	0.
13.305000000000001	0.
13.310000000000002	0.
13.315000000000001	0.
13.320000000000002	0.
13.325000000000001	0.
13.330000000000002	0.
13.335	0.
13.340000000000002	0.
13.345000000000002	0.
13.350000000000001	0.
13.355000000000002	0.
13.360000000000001	0.
13.365000000000002	0.
13.370000000000001	0.
13.375000000000002	0.
13.38	0.
13.385000000000002	0.
13.39	0.
13.395000000000001	0.
13.400000000000002	0.
13.405000000000001	0.
13.410000000000002	0.
13.415000000000001	0.
13.420000000000002	0.
13.425	0.
13.430000000000001	0.
13.435000000000002	0.
13.440000000000001	0.
13.445000000000002	0.
13.450000000000001	0.
13.455000000000002	0.
13.46	0.
13.465000000000002	0.
13.470000000000002	0.
13.475000000000001	0.
13.480000000000002	0.
13.485000000000001	0.
13.490000000000002	0.
13.495000000000001	0.
13.500000000000002	0.
13.505	0.
13.510000000000002	0.
13.515	0.
13.520000000000001	0.
13.525000000000002	0.
13.530000000000001	0.
13.535000000000002	0.
13.540000000000001	0.
13.545000000000002	0.
13.55	0.
13.555000000000001	0.
13.560000000000002	0.
13.565000000000001	0.
13.570000000000002	0.
13.575000000000001	0.
13.580000000000002	0.
13.585	0.
13.590000000000002	0.
13.595000000000002	0.
13.600000000000001	0.
13.605000000000002	0.
13.610000000000001	0.
13.615000000000002	0.
13.620000000000001	0.
13.625000000000002	0.
13.63	0.
13.635000000000002	0.
13.64	0.
13.645000000000001	0.
13.650000000000002	0.
13.655000000000001	0.
13.660000000000002	0.
13.665000000000001	0.
13.670000000000002	0.
13.675	0.
13.680000000000001	0.
13.685000000000002	0.
13.690000000000001	0.
13.695000000000002	0.
13.700000000000001	0.
13.705000000000002	0.
13.71	0.
13.715000000000002	0.
13.720000000000002	0.
13.725000000000001	0.
13.730000000000002	0.
13.735000000000001	0.
13.740000000000002	0.
13.745000000000001	0.
13.750000000000002	0.
13.755	0.
13.760000000000002	0.
13.765	0.
13.770000000000001	0.
13.775000000000002	0.
13.780000000000001	0.
13.785000000000002	0.
13.790000000000001	0.
13.795000000000002	0.
13.8	0.
13.805000000000001	0.
13.810000000000002	0.
13.815000000000001	0.
13.820000000000002	0.
13.825000000000001	0.
13.830000000000002	0.
13.835	0.
13.840000000000002	0.
13.845000000000002	0.
13.850000000000001	0.
13.855000000000002	0.
13.860000000000001	0.
13.865000000000002	0.
13.870000000000001	0.
13.875000000000002	0.
13.88	0.
13.885000000000002	0.
13.89	0.
13.895000000000001	0.
13.900000000000002	0.
13.905000000000001	0.
13.910000000000002	0.
13.915000000000001	0.
13.920000000000002	0.
13.925	0.
13.930000000000001	0.
13.935000000000002	0.
13.940000000000001	0.
13.945000000000002	0.
13.950000000000001	0.
13.955000000000002	0.
13.96	0.
13.965000000000002	0.
13.970000000000002	0.
13.975000000000001	0.
13.980000000000002	0.
13.985000000000001	0.
13.990000000000002	0.
13.995000000000001	0.
14.	0.