0.005	0.
0.01	0.
0.015	0.
0.02	0.
0.025	0.
0.030000000000000002	0.
0.034999999999999996	0.
0.04	0.
0.045	0.
0.049999999999999996	0.
0.055	0.
0.06	0.
0.065	0.
0.07	0.
0.07500000000000001	0.
0.08	0.
0.085	0.
0.09000000000000001	0.
0.095	0.
0.1	0.
0.10500000000000001	0.
0.11	0.
0.115	0.
0.12000000000000001	0.
0.125	0.
0.13	0.
0.135	0.
0.14	0.
0.14500000000000002	0.
0.15	0.
0.155	0.
0.16	0.
0.165	0.
0.17	0.019763154501735533
0.17500000000000002	0.07915338853829205
0.18000000000000002	0.1071685513573812
0.185	0.12700043263123956
0.19	0.14235634780848255
0.195	0.15476614670304015
0.2	0.1650508959723311
0.20500000000000002	0.17371648469574907
0.21000000000000002	0.18110258309044702
0.215	0.18745102380096984
0.22	0.19294144037098038
0.225	0.19771160374991814
0.23	0.20186984699031724
0.23500000000000001	0.2055030719598173
0.24000000000000002	0.20868213456394866
0.245	0.21146559598595302
0.25	0.21390241313999708
0.255	0.21603391648009831
0.26	0.2178952948847288
0.265	0.21951673092288207
0.27	0.22092428267057615
0.275	0.22214057824341496
0.28	0.22318536957951832
0.28500000000000003	0.22407597884510946
0.29000000000000004	0.22482766181639027
0.295	0.225453906289964
0.3	0.22596667909328075
0.305	0.2263766320292113
0.31	0.22669327471570638
0.315	0.22692512051880404
0.32	0.22707981045195608
0.325	0.22716421890713195
0.33	0.22718454430927337
0.335	0.22714638718565144
0.34	0.22705481767228808
0.34500000000000003	0.22691443410946535
0.35000000000000003	0.22672941408418434
0.35500000000000004	0.2265035590420638
0.36	0.22624033340151914
0.365	0.22594289894935896
0.37	0.22561414517160341
0.375	0.22525671607058922
0.38	0.22487303393476493
0.385	0.22446532045747317
0.39	0.2240356155427154
0.395	0.22358579408715593
0.4	0.22311758098678622
0.405	0.22263256458221123
0.41000000000000003	0.22213220872747985
0.41500000000000004	0.2216178636426367
0.42000000000000004	0.22109077568925017
0.425	0.22055209619015648
0.43	0.2200028893993619
0.435	0.21944413971482338
0.44	0.2188767582154794
0.445	0.21830158859405624
0.45	0.21771941254874771
0.455	0.21713095468939275
0.46	0.21653688700746831
0.465	0.21593783295350874
0.47000000000000003	0.2153343711607758
0.47500000000000003	0.21472703884964445
0.48000000000000004	0.21411633494344082
0.485	0.21350272292317854
0.49	0.21288663344571082
0.495	0.21226846674724337
0.5	0.21164859485189685
0.505	0.21102736360298838
0.51	0.21040509453292933
0.515	0.20978208658602457
0.52	0.2091586177070955
0.525	0.2085349463075323
0.53	0.20791131261931364
0.535	0.2072879399465145
0.54	0.20666503582289114
0.545	0.20604279308338821
0.55	0.20542139085665284
0.555	0.20480099548499175
0.56	0.20418176137765154
0.5650000000000001	0.20356383180273802
0.5700000000000001	0.20294733962270084
0.5750000000000001	0.20233240797771734
0.5800000000000001	0.20171915092114642
0.585	0.20110767401070093
0.59	0.20049807485869114
0.595	0.1998904436445377
0.6	0.19928486359232264
0.605	0.19868141141600096
0.61	0.1980801577347076
0.615	0.1974811674602972
0.62	0.1968845001591837
0.625	0.1962902103903359
0.63	0.19569834802109637
0.635	0.19510895852247795
0.64	0.19452208324531142
0.645	0.1939377596786519
0.65	0.19335602169162094
0.655	0.19277689975989554
0.66	0.19220042117784175
0.665	0.19162661025730202
0.67	0.1910554885139426
0.675	0.1904870748419672
0.68	0.1899213856780296
0.685	0.1893584351550071
0.6900000000000001	0.18879823524633368
0.6950000000000001	0.18824079590152096
0.7000000000000001	0.1876861251733927
0.7050000000000001	0.18713422933765886
0.71	0.18658511300522443
0.715	0.1860387792277485
0.72	0.18549522959689585
0.725	0.18495446433765134
0.73	0.18441648239609423
0.735	0.18388128152190925
0.74	0.18334885834615103
0.745	0.18281920845424926
0.75	0.18229232645487342
0.755	0.18176820604469957
0.76	0.18124684006934
0.765	0.18072822058084922
0.77	0.1802123388917539
0.775	0.17969918562602058
0.78	0.17918875076703847
0.785	0.1786810237028324
0.79	0.17817599326867123
0.795	0.177673647787217
0.8	0.17717397510632998
0.805	0.1766769626347601
0.81	0.1761825973757056
0.8150000000000001	0.1756908659585295
0.8200000000000001	0.17520175466854326
0.8250000000000001	0.1747152494751974
0.8300000000000001	0.1742313360586042
0.8350000000000001	0.17374999983445608
0.84	0.17327122597766093
0.845	0.17279499944447585
0.85	0.17232130499349388
0.855	0.17185012720530302
0.86	0.17138145050107992
0.865	0.1709152591600575
0.87	0.170451537336074
0.875	0.16999026907302975
0.88	0.16953143831955556
0.885	0.16907502894273121
0.89	0.16862102474107107
0.895	0.16816940945673972
0.9	0.16772016678696866
0.905	0.1672732803948763
0.91	0.16682873391960687
0.915	0.16638651098590465
0.92	0.16594659521301305
0.925	0.16550897022312885
0.93	0.1650736196493084
0.935	0.16464052714286456
0.9400000000000001	0.16420967638032893
0.9450000000000001	0.16378105107002952
0.9500000000000001	0.16335463495802943
0.9550000000000001	0.16293041183408621
0.9600000000000001	0.16250836553677925
0.965	0.16208847995868492
0.97	0.16167073905093216
0.975	0.1612551268275595
0.98	0.1608416273697502
0.985	0.1604302248293544
0.99	0.16002090343265776
0.995	0.15961364748344684
1.	0.15920844136621662
1.005	0.15880526954886048
1.01	0.1584041165853408
1.015	0.15800496711803058
1.02	0.1576078058800881
1.025	0.15721261769653955
1.0299999999999998	0.15681938748981106
1.035	0.15642810026974363
1.0399999999999998	0.15603874116266386
1.045	0.15565129537313685
1.0499999999999998	0.15526574821611508
1.055	0.15488208510883011
1.0599999999999998	0.15450029156889292
1.065	0.1541203532182053
1.0699999999999998	0.15374225578294998
1.075	0.15336598509459687
1.0799999999999998	0.1529915270896609
1.085	0.15261886781125594
1.0899999999999999	0.15224799340926293
1.095	0.15187889014000583
1.0999999999999999	0.1515115443674665
1.105	0.15114594256264527
1.1099999999999999	0.15078207130446394
1.115	0.15041991727919243
1.1199999999999999	0.1500594672807046
1.125	0.14970070821065537
1.13	0.14934362707795226
1.135	0.14898821099893853
1.14	0.1486344471970197
1.145	0.14828232300239022
1.15	0.14793182585187872
1.155	0.14758294328871463
1.16	0.1472356629617243
1.1649999999999998	0.14688997262547693
1.17	0.14654586013949378
1.1749999999999998	0.146203313467983
1.18	0.14586232067922858
1.1849999999999998	0.14552286994513938
1.19	0.14518494954078356
1.1949999999999998	0.14484854784368512
1.2	0.14451365333334418
1.2049999999999998	0.14418025459066502
1.21	0.1438483402972033
1.2149999999999999	0.14351789923476993
1.22	0.1431889202845185
1.2249999999999999	0.142861392426484
1.23	0.14253530473876944
1.2349999999999999	0.14221064639707093
1.24	0.14188740667367447
1.2449999999999999	0.14156557493707736
1.25	0.14124514065097404
1.255	0.14092609337380252
1.26	0.14060842275783436
1.265	0.14029211854848403
1.27	0.13997717058365866
1.275	0.13966356879287078
1.28	0.13935130319662525
1.285	0.1390403639055353
1.2899999999999998	0.13873074111968128
1.295	0.13842242512780903
1.2999999999999998	0.1381154063065485
1.305	0.13780967511970965
1.3099999999999998	0.13750522211745053
1.315	0.1372020379356273
1.3199999999999998	0.13690011329487653
1.325	0.1365994390000142
1.3299999999999998	0.13630000593913294
1.335	0.1360018050829778
1.3399999999999999	0.13570482748413742
1.345	0.13540906427621816
1.3499999999999999	0.13511450667324132
1.355	0.13482114596871408
1.3599999999999999	0.13452897353503349
1.365	0.1342379808226981
1.3699999999999999	0.13394815935954035
1.375	0.1336595007499758
1.38	0.13337199667436614
1.385	0.13308563888816505
1.39	0.13280041922130023
1.395	0.13251632957735865
1.4	0.1322333619329483
1.405	0.13195150833694255
1.41	0.13167076090978655
1.4149999999999998	0.13139111184280633
1.42	0.1311125533974439
1.4249999999999998	0.13083507790468368
1.43	0.13055867776424918
1.4349999999999998	0.13028334544399128
1.44	0.1300090734791619
1.4449999999999998	0.1297358544718006
1.45	0.12946368108999026
1.4549999999999998	0.12919254606725475
1.46	0.12892244220192092
1.4649999999999999	0.12865336235636182
1.47	0.1283852994564735
1.4749999999999999	0.12811824649094627
1.48	0.1278521965106729
1.4849999999999999	0.12758714262814871
1.49	0.1273230780167402
1.4949999999999999	0.1270599959102092
1.5	0.12679788960196867
1.505	0.12653675244456916
1.51	0.12627657784906485
1.515	0.12601735928439892
1.52	0.12575909027684204
1.525	0.125501764409411
1.53	0.12524537532125282
1.535	0.12498991670711727
1.54	0.12473538231674959
1.545	0.12448176595436254
1.5499999999999998	0.12422906147804984
1.555	0.12397726279927121
1.5599999999999998	0.12372636388227158
1.565	0.12347635874356688
1.5699999999999998	0.12322724145136978
1.575	0.12297900612513586
1.5799999999999998	0.12273164693493917
1.585	0.12248515810105459
1.5899999999999999	0.12223953389338245
1.595	0.12199476863095635
1.5999999999999999	0.12175085668143364
1.605	0.12150779246061565
1.6099999999999999	0.12126557043195788
1.615	0.12102418510605584
1.6199999999999999	0.12078363104017344
1.625	0.12054390283780407
1.63	0.12030499514813302
1.635	0.12006690266562776
1.64	0.11982962012955285
1.645	0.11959314232350844
1.65	0.11935746407498457
1.655	0.11912258025494572
1.66	0.1188884857773012
1.665	0.1186551755985891
1.67	0.11842264471742209
1.6749999999999998	0.11819088817417422
1.68	0.11795990105045766
1.6849999999999998	0.11772967846877351
1.69	0.11750021559206339
1.6949999999999998	0.11727150762331862
1.7	0.11704354980513505
1.7049999999999998	0.11681633741938192
1.71	0.11658986578675475
1.7149999999999999	0.11636413026638108
1.72	0.11613912625547351
1.7249999999999999	0.11591484918890427
1.73	0.11569129453883617
1.7349999999999999	0.11546845781437451
1.74	0.11524633456115578
1.7449999999999999	0.1150249203610242
1.75	0.11480421083162097
1.755	0.11458420162607359
1.76	0.11436488843260244
1.765	0.11414626697419014
1.77	0.11392833300823663
1.775	0.11371108232620365
1.78	0.11349451075328958
1.785	0.11327861414808074
1.79	0.11306338840221791
1.795	0.11284882944009345
1.7999999999999998	0.11263493321849134
1.805	0.1124216957263074
1.8099999999999998	0.11220911298417197
1.815	0.11199718104420239
1.8199999999999998	0.11178589598966186
1.825	0.11157525393463283
1.8299999999999998	0.11136525102375262
1.835	0.11115588343188558
1.8399999999999999	0.11094714736384091
1.845	0.11073903905407767
1.8499999999999999	0.11053155476638664
1.855	0.11032469079365761
1.8599999999999999	0.11011844345754074
1.865	0.10991280910820453
1.8699999999999999	0.10970778412403638
1.875	0.10950336491137007
1.88	0.10929954790423596
1.885	0.10909632956405127
1.89	0.1088937063793986
1.895	0.10869167486572731
1.9	0.10849023156511699
1.905	0.10828937304601284
1.91	0.10808909590296384
1.915	0.10788939675639209
1.92	0.10769027225231453
1.9249999999999998	0.1074917190621226
1.93	0.10729373388232166
1.9349999999999998	0.10709631343430857
1.94	0.10689945446412333
1.9449999999999998	0.10670315374220231
1.95	0.10650740806316356
1.9549999999999998	0.10631221424555713
1.96	0.10611756913168117
1.9649999999999999	0.10592346958728559
1.97	0.10572991250143113
1.9749999999999999	0.10553689478618503
1.98	0.10534441337646899
1.9849999999999999	0.10515246522982871
1.99	0.10496104732617634
1.9949999999999999	0.10477015666764636
2.	0.10457979027834143
2.005	0.10438994520415706
2.01	0.10420061851252276
2.015	0.10401180729226137
2.02	0.10382350865336666
2.025	0.10363571972681165
2.03	0.1034484376643103
2.035	0.10326165963820552
2.04	0.10307538284118337
2.045	0.10288960448616807
2.05	0.10270432180608216
2.0549999999999997	0.10251953205368347
2.06	0.1023352325013625
2.065	0.10215142044098104
2.07	0.10196809318370377
2.0749999999999997	0.10178524805977236
2.08	0.10160288241837784
2.085	0.10142099362744754
2.09	0.10123957907354002
2.0949999999999998	0.10105863616157766
2.1	0.10087816231475462
2.105	0.10069815497435552
2.11	0.10051861159956046
2.1149999999999998	0.10033952966730969
2.12	0.10016090667212918
2.125	0.09998274012598948
2.13	0.09980502755811997
2.135	0.09962776651488191
2.14	0.09945095455958015
2.145	0.09927458927235257
2.15	0.09909866824997345
2.155	0.09892318910572649
2.16	0.0987481494692744
2.165	0.09857354698647477
2.17	0.0983993793192585
2.175	0.09822564414546782
2.18	0.09805233915875747
2.185	0.09787946206838431
2.19	0.09770701059912788
2.195	0.09753498249113003
2.1999999999999997	0.09736337549975797
2.205	0.09719218739545588
2.21	0.09702141596364665
2.215	0.09685105900456925
2.2199999999999998	0.0966811143331466
2.225	0.09651157977889087
2.23	0.09634245318572549
2.235	0.09617373241189135
2.2399999999999998	0.09600541532981238
2.245	0.09583749982597282
2.25	0.09566998380079618
2.255	0.09550286516851343
2.26	0.09533614185704567
2.265	0.09516981180789355
2.27	0.09500387297601513
2.275	0.09483832332968485
2.28	0.09467316085042458
2.285	0.09450838353286337
2.29	0.09434398938458625
2.295	0.09417997642610537
2.3	0.09401634269068306
2.305	0.09385308622422966
2.31	0.09369020508521873
2.315	0.09352769734456337
2.32	0.09336556108549757
2.3249999999999997	0.09320379440351212
2.33	0.09304239540619898
2.335	0.09288136221316091
2.34	0.0927206929559483
2.3449999999999998	0.09256038577790714
2.35	0.09240043883409313
2.355	0.09224085029119092
2.36	0.09208161832738322
2.3649999999999998	0.09192274113228369
2.37	0.09176421690681856
2.375	0.09160604386314415
2.38	0.09144822022453526
2.385	0.09129074422531573
2.39	0.0911336141107417
2.395	0.09097682813692022
2.4	0.09082038457071125
2.405	0.09066428168964968
2.41	0.09050851778184557
2.415	0.09035309114589607
2.42	0.09019800009079623
2.425	0.09004324293585796
2.43	0.08988881801061871
2.435	0.08973472365475514
2.44	0.0895809582180011
2.445	0.08942752006007268
2.4499999999999997	0.08927440755055738
2.455	0.08912161906885932
2.46	0.08896915300411347
2.465	0.08881700775509649
2.4699999999999998	0.08866518173013979
2.475	0.088513673347068
2.48	0.08836248103311793
2.485	0.08821160322484978
2.4899999999999998	0.08806103836807472
2.495	0.08791078491777927
2.5	0.08776084133805079
2.505	0.08761120610200575
2.51	0.08746187769170774
2.515	0.08731285459809661
2.52	0.08716413532091682
2.525	0.08701571836864572
2.53	0.08686760225842732
2.535	0.08671978551598511
2.54	0.08657226667556596
2.545	0.08642504427987045
2.55	0.08627811687997741
2.555	0.08613148303526814
2.56	0.08598514131338969
2.565	0.08583909029014657
2.57	0.08569332854947126
2.5749999999999997	0.08554785468332837
2.58	0.08540266729166383
2.585	0.08525776498235077
2.59	0.08511314637110232
2.5949999999999998	0.08496881008142451
2.6	0.08482475474453774
2.605	0.08468097899933548
2.61	0.08453748149231574
2.6149999999999998	0.08439426087750371
2.62	0.0842513158164015
2.625	0.0841086449779435
2.63	0.08396624703841075
2.635	0.0838241206813885
2.64	0.0836822645976975
2.645	0.08354067748534355
2.65	0.08339935804945713
2.655	0.08325830500223813
2.66	0.08311751706289308
2.665	0.08297699295758723
2.67	0.08283673141938164
2.675	0.0826967311881882
2.68	0.08255699101069044
2.685	0.0824175096403351
2.69	0.08227828583721569
2.695	0.08213931836808414
2.7	0.08200060600625482
2.705	0.08186214753155352
2.71	0.08172394173029948
2.715	0.08158598739521564
2.7199999999999998	0.08144828332539696
2.725	0.08131082832625729
2.73	0.08117362120946896
2.735	0.08103666079293954
2.7399999999999998	0.08089994590072996
2.745	0.08076347536302146
2.75	0.0806272480160716
2.755	0.08049126270215458
2.76	0.08035551826952744
2.765	0.08022001357236955
2.77	0.08008474747073195
2.775	0.0799497188305209
2.78	0.07981492652340312
2.785	0.07968036942681563
2.79	0.07954604642386856
2.795	0.07941195640333551
2.8	0.07927809825959611
2.8049999999999997	0.0791444708925874
2.81	0.07901107320776676
2.815	0.07887790411606538
2.82	0.07874496253385296
2.825	0.07861224738287835
2.83	0.07847975759024256
2.835	0.07834749208834357
2.84	0.07821544981485086
2.8449999999999998	0.07808362971264698
2.85	0.07795203072979556
2.855	0.0778206518195002
2.86	0.07768949194005426
2.8649999999999998	0.07755855005482112
2.87	0.0774278251321735
2.875	0.07729731614546216
2.88	0.07716702207297249
2.885	0.07703694189790337
2.89	0.07690707460829428
2.895	0.0767774191970275
2.9	0.0766479746617526
2.905	0.07651874000487316
2.91	0.07638971423350022
2.915	0.07626089635941612
2.92	0.07613228539903918
2.925	0.0760038803733846
2.9299999999999997	0.07587568030802341
2.935	0.07574768423306215
2.94	0.07561989118308507
2.945	0.0754923001971386
2.95	0.07536491031868658
2.955	0.07523772059557056
2.96	0.07511073007998656
2.965	0.07498393782843932
2.9699999999999998	0.07485734290171583
2.975	0.07473094436485075
2.98	0.07460474128708207
2.985	0.07447873274183721
2.9899999999999998	0.07435291780667827
2.995	0.07422729556328228
3.	0.07410186509740686
3.005	0.07397662549885232
3.01	0.07385157586143766
3.015	0.073726715282956
3.02	0.07360204286515612
3.025	0.07347755771370211
3.03	0.07335325893814343
3.035	0.07322914565188612
3.04	0.07310521697215949
3.045	0.07298147201998462
3.05	0.07285790992015394
3.0549999999999997	0.0727345298011745
3.06	0.07261133079527211
3.065	0.07248831203833478
3.07	0.07236547266989334
3.075	0.07224281183309691
3.08	0.07212032867467044
3.085	0.07199802234489552
3.09	0.07187589199758229
3.0949999999999998	0.0717539367900262
3.1	0.0716321558830015
3.105	0.07151054844071487
3.11	0.07138911363078557
3.115	0.07126785062421398
3.12	0.07114675859535538
3.125	0.07102583672189142
3.13	0.07090508418480479
3.135	0.07078450016834557
3.14	0.0706640838600136
3.145	0.07054383445052353
3.15	0.07042375113378008
3.155	0.07030383310685329
3.16	0.07018407956994897
3.165	0.07006448972638504
3.17	0.0699450627825641
3.175	0.06982579794794865
3.1799999999999997	0.06970669443502844
3.185	0.06958775145930846
3.19	0.06946896823926588
3.195	0.06935034399634349
3.2	0.06923187795490485
3.205	0.06911356934222684
3.21	0.06899541738846132
3.215	0.06887742132661877
3.2199999999999998	0.06875958039253952
3.225	0.06864189382486936
3.23	0.06852436086503512
3.235	0.06840698075722335
3.24	0.06828975274835221
3.245	0.06817267608804746
3.25	0.06805575002862377
3.255	0.06793897382505198
3.26	0.06782234673494476
3.265	0.0677058680185267
3.27	0.06758953693861328
3.275	0.06747335276058854
3.28	0.06735731475237894
3.285	0.06724142218443246
3.29	0.06712567432969424
3.295	0.06701007046358744
3.3	0.06689460986398384
3.3049999999999997	0.06677929181118795
3.31	0.06666411558790974
3.315	0.06654908047924454
3.32	0.06643418577265113
3.325	0.06631943075792814
3.33	0.06620481472719139
3.335	0.06609033697485454
3.34	0.06597599679760476
3.3449999999999998	0.06586179349438177
3.35	0.06574772636635665
3.355	0.06563379471690962
3.36	0.06551999785160842
3.365	0.06540633507818625
3.37	0.06529280570652349
3.375	0.06517940904862327
3.38	0.06506614441858902
3.385	0.06495301113261001
3.39	0.0648400085089323
3.395	0.06472713586784436
3.4	0.06461439253165112
3.405	0.06450177782465666
3.41	0.06438929107314292
3.415	0.06427693160534728
3.42	0.06416469875144623
3.425	0.06405259184352773
3.4299999999999997	0.0639406102155794
3.435	0.0638287532034619
3.44	0.06371702014489161
3.445	0.06360541037941854
3.45	0.06349392324840772
3.455	0.06338255809502251
3.46	0.06327131426419295
3.465	0.06316019110261284
3.4699999999999998	0.06304918795870637
3.475	0.06293830418261148
3.48	0.06282753912616366
3.485	0.062716892142876
3.49	0.06260636258791309
3.495	0.062495949818080564
3.5	0.06238565319179789
3.505	0.0622754720690856
3.51	0.06216540581153672
3.515	0.06205545378230851
3.52	0.061945615346095176
3.525	0.061835889869112384
3.53	0.061726276719076156
3.535	0.061616775265182236
3.54	0.06150738487809335
3.545	0.06139810492991092
3.55	0.06128893479416356
3.5549999999999997	0.06117987384578602
3.56	0.0610709214610959
3.565	0.06096207701777991
3.5700000000000003	0.06085333989487524
3.575	0.060744709472746516
3.58	0.060636185133067004
3.585	0.060527766258806515
3.59	0.06041945223420159
3.5949999999999998	0.0603112424447477
3.5999999999999996	0.06020313627717534
3.605	0.06009513311942668
3.61	0.05998723236064994
3.615	0.05987943339116087
3.62	0.05977173560244527
3.625	0.05966413838712723
3.63	0.059556641138952045
3.635	0.05944924325277101
3.6399999999999997	0.05934194412451904
3.645	0.05923474315119981
3.65	0.05912763973086328
3.6550000000000002	0.059020633262592354
3.66	0.058913723146474396
3.665	0.05880690878359389
3.67	0.05870018957600962
3.675	0.05859356492672789
3.6799999999999997	0.058487034239700454
3.685	0.05838059691978939
3.69	0.05827425237276171
3.6950000000000003	0.058168000005259415
3.7	0.05806183922478757
3.705	0.05795576943969109
3.71	0.057849790059147276
3.715	0.057743900493131085
3.7199999999999998	0.05763810015240531
3.7249999999999996	0.05753238844850137
3.73	0.05742676479370433
3.735	0.05732122860101761
3.74	0.05721577928416988
3.745	0.05711041625757135
3.75	0.05700513893631314
3.755	0.056899946736140045
3.76	0.056794839073424176
3.7649999999999997	0.05668981536516905
3.77	0.056584875028965025
3.775	0.05648001748298296
3.7800000000000002	0.056375242145956586
3.785	0.05627054843715878
3.79	0.056165935776384714
3.795	0.05606140358393239
3.8	0.0559569512805783
3.8049999999999997	0.05585257828756876
3.81	0.05574828402659052
3.815	0.05564406791976251
3.8200000000000003	0.05553992938959137
3.825	0.05543586785899276
3.83	0.05533188275123215
3.835	0.055227973489933524
3.84	0.055124139499042185
3.8449999999999998	0.0550203802028073
3.8499999999999996	0.054916695025774565
3.855	0.054813083392752385
3.86	0.05470954472879872
3.865	0.0546060784591997
3.87	0.05450268400944644
3.875	0.05439936080522227
3.88	0.05429610827237718
3.885	0.05419292583690718
3.8899999999999997	0.054089812924934366
3.895	0.053986768962690536
3.9	0.05388379337649219
3.9050000000000002	0.0537808855927163
3.91	0.053678045037790466
3.915	0.05357527113816931
3.92	0.05347256332029851
3.925	0.05336992101061403
3.9299999999999997	0.053267343635513255
3.935	0.053164830621324155
3.94	0.05306238139430466
3.9450000000000003	0.052959995380601435
3.95	0.052857672006240725
3.955	0.052755410697091845
3.96	0.05265321087887303
3.965	0.05255107197710079
3.9699999999999998	0.052448993417075436
3.9749999999999996	0.052346974623874894
3.98	0.05224501502231394
3.985	0.05214311403692395
3.99	0.05204127109194752
3.995	0.05193948561128452
4.	0.05183775701850511
4.005	0.05173608473680133
4.01	0.05163446818896477
4.015	0.05153290679738972
4.02	0.0514313999840038
4.025	0.05132994717029723
4.03	0.05122854777726595
4.035	0.0511272012253779
4.04	0.05102590693458376
4.045	0.050924664324279265
4.05	0.05082347281324534
4.055	0.05072233181969163
4.0600000000000005	0.050621240761178105
4.0649999999999995	0.05052019905459678
4.07	0.05041920611618115
4.075	0.05031826136142935
4.08	0.050217364205125556
4.085	0.05011651406127989
4.09	0.05001571034313116
4.095	0.049914952463089336
4.1	0.04981423983273863
4.105	0.04971357186280428
4.109999999999999	0.04961294796309402
4.115	0.049512367542532035
4.12	0.04941183000906537
4.125	0.0493113347696863
4.13	0.049210881230385625
4.135	0.049110468796113
4.14	0.04901009687077726
4.145	0.048909764857185345
4.15	0.04880947215705161
4.155	0.04870921817092258
4.16	0.048609002298189506
4.165	0.04850882393703989
4.17	0.04840868248442605
4.175	0.04830857733603672
4.18	0.04820850788627725
4.1850000000000005	0.0481084735282205
4.1899999999999995	0.04800847365359344
4.195	0.04790850765273801
4.2	0.04780857491457939
4.205	0.04770867482659244
4.21	0.047608806774779536
4.215	0.047508970143615964
4.22	0.047409164316041176
4.225	0.047309388673425413
4.23	0.047209642595517534
4.234999999999999	0.04710992546040401
4.24	0.047010236644527824
4.245	0.04691057552258945
4.25	0.046810941467551645
4.255	0.04671133385058736
4.26	0.0466117520410442
4.265	0.04651219540643133
4.27	0.046412663312347495
4.275	0.04631315512247571
4.28	0.04621367019851404
4.285	0.04611420790016685
4.29	0.046014767585094284
4.295	0.04591534860888164
4.3	0.04581595032497742
4.305	0.045716572084684166
4.3100000000000005	0.0456172132370981
4.3149999999999995	0.045517873129060485
4.32	0.045418551105167904
4.325	0.04531924650765849
4.33	0.04521995867642311
4.335	0.04512068694893678
4.34	0.04502143066022583
4.345	0.04492218914282804
4.35	0.04482296172673858
4.355	0.04472374773936441
4.359999999999999	0.04462454650549964
4.365	0.04452535734724783
4.37	0.044426179584007776
4.375	0.04432701253240713
4.38	0.04422785550624716
4.385	0.04412870781648515
4.39	0.044029568771159315
4.395	0.04393043767533482
4.4	0.04383131383109797
4.405	0.043732196537438116
4.41	0.04363308509024788
4.415	0.043533978782269916
4.42	0.04343487690300118
4.425	0.0433357787386843
4.43	0.04323668357223841
4.4350000000000005	0.04313759068319411
4.4399999999999995	0.0430384993476465
4.445	0.042939408838206745
4.45	0.042840318423922295
4.455	0.04274122737024797
4.46	0.04264213493895737
4.465	0.0425430403881075
4.47	0.04244394297195742
4.475	0.04234484194092771
4.48	0.04224573654152973
4.484999999999999	0.042146626016278096
4.49	0.04204750960367517
4.495	0.04194838653810304
4.5	0.04184925604976714
4.505	0.04175011736465774
4.51	0.04165096970443685
4.515	0.041551812286400765
4.52	0.04145264432340346
4.525	0.04135346502376924
4.53	0.04125427359124237
4.535	0.04115506922489781
4.54	0.041055851119090304
4.545	0.040956618463333226
4.55	0.04085737044226291
4.555	0.04075810623555336
4.5600000000000005	0.04065882501782075
4.5649999999999995	0.040559525958543535
4.57	0.04046020822200741
4.575	0.040360870967188975
4.58	0.04026151334770181
4.585	0.04016213451166415
4.59	0.04006273360166389
4.595000000000001	0.03996330975463451
4.6	0.039863862101793705
4.605	0.03976438976851088
4.609999999999999	0.03966489187425072
4.615	0.039565367532464875
4.62	0.03946581585048662
4.625	0.03936623592945112
4.63	0.039266626864170776
4.635	0.03916698774305521
4.640000000000001	0.0390673176480078
4.645	0.038967615654309465
4.65	0.038867880830499524
4.654999999999999	0.0387681122383062
4.66	0.03866830893248641
4.665	0.03856846996077125
4.67	0.038468594363691835
4.675	0.03836868117448625
4.68	0.038268729419010175
4.6850000000000005	0.03816873811556573
4.6899999999999995	0.038068706274814616
4.695	0.03796863289963969
4.7	0.03786851698500104
4.705	0.037768357517844
4.71	0.03766815347693817
4.715	0.037567903832741285
4.720000000000001	0.03746760754728144
4.725	0.03736726357399345
4.73	0.03726687085759956
4.734999999999999	0.03716642833395288
4.74	0.03706593492987563
4.745	0.03696538956304068
4.75	0.03686479114178323
4.755	0.03676413856496924
4.76	0.0366634307218269
4.765000000000001	0.03656266649178049
4.77	0.03646184474427896
4.775	0.036360964338663336
4.779999999999999	0.036260024123928744
4.785	0.03615902293859773
4.79	0.03605795961055119
4.795	0.03595683295679084
4.8	0.035855641783295665
4.805	0.03575438488483201
4.8100000000000005	0.03565306104472625
4.8149999999999995	0.03555166903469391
4.82	0.035450207614632336
4.825	0.0353486755324129
4.83	0.035247071523665255
4.835	0.035145394311560725
4.84	0.035043642606609915
4.845000000000001	0.03494181510640525
4.85	0.034839910495429734
4.855	0.03473792744480459
4.859999999999999	0.03463586461201833
4.865	0.03453372064076672
4.87	0.03443149416060602
4.875	0.034329183786764035
4.88	0.03422678811984729
4.885	0.03412430574559098
4.890000000000001	0.034021735234589706
4.895	0.03391907514198865
4.9	0.033816324007239704
4.904999999999999	0.033713480353788544
4.91	0.03361054268877763
4.915	0.03350750950273798
4.92	0.033404379269305735
4.925	0.033301150444852386
4.93	0.03319782146823239
4.9350000000000005	0.033094390760369505
4.9399999999999995	0.03299085672398209
4.945	0.032887217743192705
4.95	0.03278347218318192
4.955	0.032679618389844275
4.96	0.0325756546893845
4.965	0.03247157938794623
4.970000000000001	0.03236739077122953
4.975	0.03226308710407721
4.98	0.03215866663005595
4.984999999999999	0.03205412757105087
4.99	0.03194946812684123
4.995	0.031844686474630804
5.	0.03173978076860961
5.005	0.031634749139498354
5.01	0.0315295896940495
5.015000000000001	0.03142430051457116
5.02	0.03131887965843363
5.025	0.031213325157548478
5.029999999999999	0.031107635017831592
5.035	0.031001807218673707
5.04	0.030895839712394513
5.045	0.03078973042364769
5.05	0.030683477248860523
5.055	0.03057707805562608
5.0600000000000005	0.03047053068207757
5.0649999999999995	0.030363832936276407
5.07	0.030256982595546503
5.075	0.03014997740580759
5.08	0.03004281508090142
5.085	0.02993549330188237
5.09	0.029828009716287383
5.095000000000001	0.029720361937398194
5.1	0.02961254754348708
5.105	0.02950456407700694
5.109999999999999	0.02939640904380023
5.115	0.02928807991226886
5.12	0.029179574112518203
5.125	0.02907088903545549
5.13	0.02896202203192036
5.135	0.028852970411725302
5.14	0.028743731442707116
5.145	0.028634302349740494
5.15	0.02852468031371681
5.155	0.028414862470489594
5.16	0.028304845909810097
5.165	0.02819462767419763
5.17	0.028084204757817928
5.175	0.02797357410526418
5.18	0.02786273261037648
5.185	0.027751677114941857
5.19	0.02764040440745206
5.195	0.02752891122171472
5.2	0.027417194235498512
5.205	0.027305250069101332
5.21	0.027193075283871725
5.215	0.02708066638071852
5.22	0.026968019798498347
5.225	0.026855131912418062
5.23	0.026741999032364558
5.235	0.02662861740113835
5.24	0.02651498319272144
5.245	0.02640109251036674
5.25	0.02628694138471146
5.255	0.026172525771772842
5.26	0.0260578415509372
5.265	0.025942884522786903
5.27	0.025827650406915415
5.275	0.025712134839701774
5.28	0.025596333371832976
5.285	0.025480241465974825
5.29	0.025363854494189014
5.295	0.025247167735265377
5.3	0.02513017637205159
5.305	0.025012875488601465
5.31	0.024895260067228767
5.315	0.024777324985447248
5.32	0.024659065012845618
5.325	0.02454047480774564
5.33	0.02442154891380412
5.335	0.02430228175645834
5.34	0.02418266763922482
5.345	0.02406270073985175
5.35	0.023942375106315212
5.355	0.023821684652656144
5.36	0.02370062315463243
5.365	0.02357918424520447
5.37	0.023457361409830516
5.375	0.023335147981530528
5.38	0.02321253713579189
5.385	0.023089521885207367
5.39	0.02296609507390562
5.395	0.022842249371715122
5.4	0.02271797726808583
5.405	0.022593271065733046
5.41	0.02246812287397398
5.415	0.02234252460179989
5.42	0.022216467950563073
5.425	0.022089944406384353
5.43	0.021962945232151913
5.435	0.021835461459182408
5.44	0.02170748387842409
5.445	0.021579003031276484
5.45	0.021450009199923653
5.455	0.02132049239720975
5.46	0.02119044235597875
5.465	0.02105984851788526
5.47	0.02092870002161304
5.475	0.02079698569048426
5.48	0.02066469401941472
5.485	0.020531813161159363
5.49	0.020398330911822464
5.495	0.020264234695565705
5.5	0.02012951154846644
5.505	0.019994148101468764
5.51	0.019858130562367647
5.515	0.019721444696741842
5.52	0.01958407580778079
5.525	0.019446008714921283
5.53	0.019307227731184134
5.535	0.01916771663915172
5.54	0.01902745866545809
5.545	0.018886436453675416
5.55	0.01874463203549792
5.555	0.01860202680006134
5.56	0.01845860146126991
5.565	0.018314336022954996
5.57	0.018169209741701414
5.575	0.018023201087136093
5.58	0.01787628769946974
5.585	0.017728446344055633
5.59	0.0175796528627082
5.595	0.017429882121487373
5.6	0.017279107954628885
5.605	0.01712730310429635
5.61	0.01697443915571313
5.615	0.016820486467289186
5.62	0.016665414095233293
5.625	0.01650918971211455
5.63	0.01635177951877345
5.635	0.016193148148902374
5.64	0.01603325856553744
5.645	0.015872071948630346
5.65	0.015709547572670197
5.655	0.015545642673390784
5.66	0.015380312302187055
5.665	0.015213509166967929
5.67	0.015045183457800402
5.675	0.014875282655522605
5.68	0.014703751321296532
5.6850000000000005	0.014530530864692809
5.69	0.01435555928758589
5.695	0.014178770900683585
5.7	0.014000096009070736
5.705	0.013819460562513907
5.71	0.013636785765530667
5.715	0.01345198764148333
5.72	0.013264976543913615
5.725	0.013075656607020935
5.73	0.012883925125797897
5.735	0.012689671854560264
5.74	0.012492778210258623
5.745	0.012293116364401939
5.75	0.012090548203724981
5.755	0.011884924136129208
5.76	0.011676081712117148
5.765	0.011463844026269286
5.77	0.011248017854029615
5.775	0.011028391468133461
5.78	0.010804732064883379
5.785	0.01057678271147756
5.79	0.01034425870081669
5.795	0.010106843166906665
5.8	0.009864181768949048
5.805	0.009615876190301817
5.8100000000000005	0.009361476112924226
5.815	0.009100469205770442
5.82	0.008832268492121464
5.825	0.008556196204779723
5.83	0.008271462857306806
5.835	0.00797713967576526
5.84	0.007672121620754948
5.845	0.007355076749586108
5.85	0.007024375195498151
5.855	0.006677986741131527
5.86	0.00631332814089646
5.865	0.00592702631998574
5.87	0.005514532758724658
5.875	0.005069455810748639
5.88	0.004582308526648498
5.885	0.004037890252528533
5.89	0.0034088677824701255
5.895	0.002635335969338864
5.9	0.0015094319251993768
5.905	0.
5.91	0.
5.915	0.
5.92	0.
5.925	0.
5.93	0.
5.9350000000000005	0.
5.94	0.
5.945	0.
5.95	0.
5.955	0.
5.96	0.
5.965	0.
5.97	0.
5.975	0.
5.98	0.
5.985	0.
5.99	0.
5.995	0.
6.	0.
6.005	0.
6.01	0.
6.015	0.
6.02	0.
6.025	0.
6.03	0.
6.035	0.
6.04	0.
6.045	0.
6.05	0.
6.055	0.
6.0600000000000005	0.
6.065	0.
6.07	0.
6.075	0.
6.08	0.
6.085	0.
6.09	0.
6.095	0.
6.1	0.
6.105	0.
6.11	0.
6.115	0.
6.12	0.
6.125	0.
6.13	0.
6.135	0.
6.140000000000001	0.
6.145	0.
6.15	0.
6.155	0.
6.16	0.
6.165	0.
6.17	0.
6.175	0.
6.18	0.
6.1850000000000005	0.
6.1899999999999995	0.
6.195	0.
6.2	0.
6.205	0.
6.21	0.
6.215	0.
6.22	0.
6.225	0.
6.23	0.
6.235	0.
6.24	0.
6.245	0.
6.25	0.
6.255	0.
6.26	0.
6.265000000000001	0.
6.27	0.
6.275	0.
6.28	0.
6.285	0.
6.29	0.
6.295	0.
6.3	0.
6.305	0.
6.3100000000000005	0.
6.3149999999999995	0.
6.32	0.
6.325	0.
6.33	0.
6.335	0.
6.34	0.
6.345	0.
6.35	0.
6.355	0.
6.36	0.
6.365	0.
6.37	0.
6.375	0.
6.38	0.
6.385	0.
6.390000000000001	0.
6.395	0.
6.4	0.
6.405	0.
6.41	0.
6.415	0.
6.42	0.
6.425	0.
6.43	0.
6.4350000000000005	0.
6.4399999999999995	0.
6.445	0.
6.45	0.
6.455	0.
6.46	0.
6.465	0.
6.47	0.
6.475	0.
6.48	0.
6.485	0.
6.49	0.
6.495	0.
6.5	0.
6.505	0.
6.51	0.
6.515000000000001	0.
6.52	0.
6.525	0.
6.53	0.
6.535	0.
6.54	0.
6.545	0.
6.55	0.
6.555	0.
6.5600000000000005	0.
6.5649999999999995	0.
6.57	0.
6.575	0.
6.58	0.
6.585	0.
6.59	0.
6.595	0.
6.6	0.
6.605	0.
6.61	0.
6.615	0.
6.62	0.
6.625	0.
6.63	0.
6.635	0.
6.640000000000001	0.
6.645	0.
6.65	0.
6.655	0.
6.66	0.
6.665	0.
6.67	0.
6.675	0.
6.68	0.
6.6850000000000005	0.
6.6899999999999995	0.
6.695	0.
6.7	0.
6.705	0.
6.71	0.
6.715	0.
6.72	0.
6.725	0.
6.73	0.
6.735	0.
6.74	0.
6.745	0.
6.75	0.
6.755	0.
6.76	0.
6.765000000000001	0.
6.77	0.
6.775	0.
6.78	0.
6.785	0.
6.79	0.
6.795	0.
6.8	0.
6.805	0.
6.8100000000000005	0.
6.8149999999999995	0.
6.82	0.
6.825	0.
6.83	0.
6.835	0.
6.84	0.
6.845	0.
6.85	0.
6.855	0.
6.86	0.
6.865	0.
6.87	0.
6.875	0.
6.88	0.
6.885	0.
6.890000000000001	0.
6.895	0.
6.9	0.
6.905	0.
6.91	0.
6.915	0.
6.92	0.
6.925	0.
6.93	0.
6.9350000000000005	0.
6.9399999999999995	0.
6.945	0.
6.95	0.
6.955	0.
6.96	0.
6.965	0.
6.97	0.
6.975	0.
6.98	0.
6.985	0.
6.99	0.
6.995	0.
7.	0.
7.005	0.
7.01	0.
7.015000000000001	0.
7.02	0.
7.025	0.
7.03	0.
7.035	0.
7.04	0.
7.045	0.
7.05	0.
7.055	0.
7.0600000000000005	0.
7.0649999999999995	0.
7.07	0.
7.075	0.
7.08	0.
7.085	0.
7.09	0.
7.095	0.
7.1	0.
7.105	0.
7.11	0.
7.115	0.
7.12	0.
7.125	0.
7.13	0.
7.135	0.
7.140000000000001	0.
7.145	0.
7.15	0.
7.155	0.
7.16	0.
7.165	0.
7.17	0.
7.175	0.
7.18	0.
7.1850000000000005	0.
7.1899999999999995	0.
7.195	0.
7.2	0.
7.205	0.
7.21	0.
7.215	0.
7.220000000000001	0.
7.225	0.
7.23	0.
7.234999999999999	0.
7.24	0.
7.245	0.
7.25	0.
7.255	0.
7.26	0.
7.265000000000001	0.
7.27	0.
7.275	0.
7.28	0.
7.285	0.
7.29	0.
7.295	0.
7.300000000000001	0.
7.305	0.
7.3100000000000005	0.
7.3149999999999995	0.
7.32	0.
7.325	0.
7.33	0.
7.335	0.
7.34	0.
7.345000000000001	0.
7.35	0.
7.355	0.
7.359999999999999	0.
7.365	0.
7.37	0.
7.375	0.
7.38	0.
7.385	0.
7.390000000000001	0.
7.395	0.
7.4	0.
7.405	0.
7.41	0.
7.415	0.
7.42	0.
7.425000000000001	0.
7.43	0.
7.4350000000000005	0.
7.4399999999999995	0.
7.445	0.
7.45	0.
7.455	0.
7.46	0.
7.465	0.
7.470000000000001	0.
7.475	0.
7.48	0.
7.484999999999999	0.
7.49	0.
7.495	0.
7.5	0.
7.505	0.
7.51	0.
7.515000000000001	0.
7.52	0.
7.525	0.
7.53	0.
7.535	0.
7.54	0.
7.545	0.
7.550000000000001	0.
7.555	0.
7.5600000000000005	0.
7.5649999999999995	0.
7.57	0.
7.575	0.
7.58	0.
7.585	0.
7.59	0.
7.595000000000001	0.
7.6	0.
7.605	0.
7.609999999999999	0.
7.615	0.
7.62	0.
7.625	0.
7.63	0.
7.635	0.
7.640000000000001	0.
7.645	0.
7.65	0.
7.655	0.
7.66	0.
7.665	0.
7.67	0.
7.675000000000001	0.
7.68	0.
7.685	0.
7.6899999999999995	0.
7.694999999999999	0.
7.699999999999999	0.
7.704999999999999	0.
7.71	0.
7.715	0.
7.72	0.
7.725	0.
7.7299999999999995	0.
7.734999999999999	0.
7.739999999999999	0.
7.744999999999999	0.
7.75	0.
7.755	0.
7.76	0.
7.765	0.
7.77	0.
7.7749999999999995	0.
7.779999999999999	0.
7.784999999999999	0.
7.79	0.
7.795	0.
7.8	0.
7.805	0.
7.81	0.
7.8149999999999995	0.
7.819999999999999	0.
7.824999999999999	0.
7.829999999999999	0.
7.835	0.
7.84	0.
7.845	0.
7.85	0.
7.8549999999999995	0.
7.859999999999999	0.
7.864999999999999	0.
7.869999999999999	0.
7.875	0.
7.88	0.
7.885	0.
7.89	0.
7.895	0.
7.8999999999999995	0.
7.904999999999999	0.
7.909999999999999	0.
7.915	0.
7.92	0.
7.925	0.
7.93	0.
7.935	0.
7.9399999999999995	0.
7.944999999999999	0.
7.949999999999999	0.
7.955	0.
7.96	0.
7.965	0.
7.97	0.
7.975	0.
7.9799999999999995	0.
7.984999999999999	0.
7.989999999999999	0.
7.994999999999999	0.
8.	0.
8.004999999999999	0.
8.01	0.
8.014999999999999	0.
8.02	0.
8.025	0.
8.03	0.
8.035	0.
8.04	0.
8.045	0.
8.049999999999999	0.
8.055	0.
8.059999999999999	0.
8.065	0.
8.07	0.
8.075	0.
8.08	0.
8.084999999999999	0.
8.09	0.
8.094999999999999	0.
8.1	0.
8.105	0.
8.11	0.
8.115	0.
8.12	0.
8.125	0.
8.129999999999999	0.
8.135	0.
8.139999999999999	0.
8.145	0.
8.15	0.
8.155	0.
8.16	0.
8.165	0.
8.17	0.
8.174999999999999	0.
8.18	0.
8.184999999999999	0.
8.19	0.
8.195	0.
8.2	0.
8.205	0.
8.209999999999999	0.
8.215	0.
8.219999999999999	0.
8.225	0.
8.23	0.
8.235	0.
8.24	0.
8.245	0.
8.25	0.
8.254999999999999	0.
8.26	0.
8.264999999999999	0.
8.27	0.
8.275	0.
8.28	0.
8.285	0.
8.29	0.
8.295	0.
8.299999999999999	0.
8.305	0.
8.309999999999999	0.
8.315	0.
8.32	0.
8.325	0.
8.33	0.
8.334999999999999	0.
8.34	0.
8.344999999999999	0.
8.35	0.
8.355	0.
8.36	0.
8.365	0.
8.37	0.
8.375	0.
8.379999999999999	0.
8.385	0.
8.389999999999999	0.
8.395	0.
8.4	0.
8.405	0.
8.41	0.
8.415	0.
8.42	0.
8.424999999999999	0.
8.43	0.
8.434999999999999	0.
8.44	0.
8.445	0.
8.45	0.
8.455	0.
8.459999999999999	0.
8.465	0.
8.469999999999999	0.
8.475	0.
8.48	0.
8.485	0.
8.49	0.
8.495	0.
8.5	0.
8.504999999999999	0.
8.51	0.
8.515	0.
8.52	0.
8.525	0.
8.53	0.
8.535	0.
8.54	0.
8.545	0.
8.549999999999999	0.
8.555	0.
8.559999999999999	0.
8.565	0.
8.57	0.
8.575	0.
8.58	0.
8.584999999999999	0.
8.59	0.
8.594999999999999	0.
8.6	0.
8.605	0.
8.61	0.
8.615	0.
8.62	0.
8.625	0.
8.629999999999999	0.
8.635	0.
8.64	0.
8.645	0.
8.65	0.
8.655	0.
8.66	0.
8.665	0.
8.67	0.
8.674999999999999	0.
8.68	0.
8.684999999999999	0.
8.69	0.
8.695	0.
8.7	0.
8.705	0.
8.709999999999999	0.
8.715	0.
8.719999999999999	0.
8.725	0.
8.73	0.
8.735	0.
8.74	0.
8.745	0.
8.75	0.
8.754999999999999	0.
8.76	0.
8.765	0.
8.77	0.
8.775	0.
8.78	0.
8.785	0.
8.79	0.
8.795	0.
8.799999999999999	0.
8.805	0.
8.809999999999999	0.
8.815	0.
8.82	0.
8.825	0.
8.83	0.
8.834999999999999	0.
8.84	0.
8.844999999999999	0.
8.85	0.
8.855	0.
8.86	0.
8.865	0.
8.87	0.
8.875	0.
8.879999999999999	0.
8.885	0.
8.89	0.
8.895	0.
8.9	0.
8.905	0.
8.91	0.
8.915	0.
8.92	0.
8.924999999999999	0.
8.93	0.
8.934999999999999	0.
8.94	0.
8.945	0.
8.95	0.
8.955	0.
8.959999999999999	0.
8.965	0.
8.969999999999999	0.
8.975	0.
8.98	0.
8.985	0.
8.99	0.
8.995	0.
9.	0.
9.004999999999999	0.
9.01	0.
9.015	0.
9.02	0.
9.025	0.
9.03	0.
9.035	0.
9.04	0.
9.045	0.
9.049999999999999	0.
9.055	0.
9.059999999999999	0.
9.065	0.
9.07	0.
9.075	0.
9.08	0.
9.084999999999999	0.
9.09	0.
9.094999999999999	0.
9.1	0.
9.105	0.
9.11	0.
9.115	0.
9.12	0.
9.125	0.
9.129999999999999	0.
9.135	0.
9.14	0.
9.145	0.
9.15	0.
9.155	0.
9.16	0.
9.165	0.
9.17	0.
9.174999999999999	0.
9.18	0.
9.184999999999999	0.
9.19	0.
9.195	0.
9.2	0.
9.205	0.
9.209999999999999	0.
9.215	0.
9.219999999999999	0.
9.225	0.
9.23	0.
9.235	0.
9.24	0.
9.245	0.
9.25	0.
9.254999999999999	0.
9.26	0.
9.265	0.
9.27	0.
9.275	0.
9.28	0.
9.285	0.
9.29	0.
9.295	0.
9.299999999999999	0.
9.305	0.
9.309999999999999	0.
9.315	0.
9.32	0.
9.325	0.
9.33	0.
9.334999999999999	0.
9.34	0.
9.344999999999999	0.
9.35	0.
9.355	0.
9.36	0.
9.365	0.
9.37	0.
9.375	0.
9.379999999999999	0.
9.385	0.
9.39	0.
9.395	0.
9.4	0.
9.405	0.
9.41	0.
9.415	0.
9.42	0.
9.424999999999999	0.
9.43	0.
9.434999999999999	0.
9.44	0.
9.445	0.
9.45	0.
9.455	0.
9.459999999999999	0.
9.465	0.
9.469999999999999	0.
9.475	0.
9.48	0.
9.485	0.
9.49	0.
9.495	0.
9.5	0.
9.504999999999999	0.
9.51	0.
9.515	0.
9.52	0.
9.525	0.
9.53	0.
9.535	0.
9.54	0.
9.545	0.
9.549999999999999	0.
9.555	0.
9.559999999999999	0.
9.565	0.
9.57	0.
9.575	0.
9.58	0.
9.584999999999999	0.
9.59	0.
9.594999999999999	0.
9.6	0.
9.605	0.
9.61	0.
9.615	0.
9.62	0.
9.625	0.
9.629999999999999	0.
9.635	0.
9.64	0.
9.645	0.
9.65	0.
9.655	0.
9.66	0.
9.665	0.
9.67	0.
9.674999999999999	0.
9.68	0.
9.684999999999999	0.
9.69	0.
9.695	0.
9.7	0.
9.705	0.
9.709999999999999	0.
9.715	0.
9.719999999999999	0.
9.725	0.
9.73	0.
9.735	0.
9.74	0.
9.745	0.
9.75	0.
9.754999999999999	0.
9.76	0.
9.765	0.
9.77	0.
9.774999999999999	0.
9.78	0.
9.785	0.
9.79	0.
9.795	0.
9.8	0.
9.805	0.
9.809999999999999	0.
9.815	0.
9.82	0.
9.825	0.
9.83	0.
9.834999999999999	0.
9.84	0.
9.844999999999999	0.
9.85	0.
9.855	0.
9.86	0.
9.865	0.
9.87	0.
9.875	0.
9.879999999999999	0.
9.885	0.
9.89	0.
9.895	0.
9.899999999999999	0.
9.905	0.
9.91	0.
9.915	0.
9.92	0.
9.925	0.
9.93	0.
9.934999999999999	0.
9.94	0.
9.945	0.
9.95	0.
9.955	0.
9.959999999999999	0.
9.965	0.
9.969999999999999	0.
9.975	0.
9.98	0.
9.985	0.
9.99	0.
9.995	0.
10.	0.
10.004999999999999	0.
10.01	0.
10.015	0.
10.02	0.
10.024999999999999	0.
10.03	0.
10.035	0.
10.04	0.
10.045	0.
10.05	0.
10.055	0.
10.059999999999999	0.
10.065	0.
10.07	0.
10.075	0.
10.08	0.
10.084999999999999	0.
10.09	0.
10.094999999999999	0.
10.1	0.
10.105	0.
10.11	0.
10.115	0.
10.12	0.
10.125	0.
10.129999999999999	0.
10.135	0.
10.14	0.
10.145	0.
10.149999999999999	0.
10.155	0.
10.16	0.
10.165	0.
10.17	0.
10.175	0.
10.18	0.
10.184999999999999	0.
10.19	0.
10.195	0.
10.2	0.
10.205	0.
10.209999999999999	0.
10.215	0.
10.219999999999999	0.
10.225	0.
10.23	0.
10.235	0.
10.24	0.
10.245000000000001	0.
10.250000000000002	0.
10.255	0.
10.260000000000002	0.
10.265	0.
10.270000000000001	0.
10.275	0.
10.280000000000001	0.
10.285	0.
10.290000000000001	0.
10.295000000000002	0.
10.3	0.
10.305000000000001	0.
10.31	0.
10.315000000000001	0.
10.32	0.
10.325000000000001	0.
10.330000000000002	0.
10.335	0.
10.340000000000002	0.
10.345	0.
10.350000000000001	0.
10.355	0.
10.360000000000001	0.
10.365	0.
10.370000000000001	0.
10.375000000000002	0.
10.38	0.
10.385000000000002	0.
10.39	0.
10.395000000000001	0.
10.4	0.
10.405000000000001	0.
10.41	0.
10.415000000000001	0.
10.420000000000002	0.
10.425	0.
10.430000000000001	0.
10.435	0.
10.440000000000001	0.
10.445	0.
10.450000000000001	0.
10.455000000000002	0.
10.46	0.
10.465000000000002	0.
10.47	0.
10.475000000000001	0.
10.48	0.
10.485000000000001	0.
10.49	0.
10.495000000000001	0.
10.500000000000002	0.
10.505	0.
10.510000000000002	0.
10.515	0.
10.520000000000001	0.
10.525	0.
10.530000000000001	0.
10.535	0.
10.540000000000001	0.
10.545000000000002	0.
10.55	0.
10.555000000000001	0.
10.56	0.
10.565000000000001	0.
10.57	0.
10.575000000000001	0.
10.580000000000002	0.
10.585	0.
10.590000000000002	0.
10.595	0.
10.600000000000001	0.
10.605	0.
10.610000000000001	0.
10.615	0.
10.620000000000001	0.
10.625000000000002	0.
10.63	0.
10.635000000000002	0.
10.64	0.
10.645000000000001	0.
10.65	0.
10.655000000000001	0.
10.66	0.
10.665000000000001	0.
10.670000000000002	0.
10.675	0.
10.680000000000001	0.
10.685	0.
10.690000000000001	0.
10.695	0.
10.700000000000001	0.
10.705000000000002	0.
10.71	0.
10.715000000000002	0.
10.72	0.
10.725000000000001	0.
10.73	0.
10.735000000000001	0.
10.74	0.
10.745000000000001	0.
10.750000000000002	0.
10.755	0.
10.760000000000002	0.
10.765	0.
10.770000000000001	0.
10.775	0.
10.780000000000001	0.
10.785	0.
10.790000000000001	0.
10.795000000000002	0.
10.8	0.
10.805000000000001	0.
10.81	0.
10.815000000000001	0.
10.82	0.
10.825000000000001	0.
10.830000000000002	0.
10.835	0.
10.840000000000002	0.
10.845	0.
10.850000000000001	0.
10.855	0.
10.860000000000001	0.
10.865	0.
10.870000000000001	0.
10.875000000000002	0.
10.88	0.
10.885000000000002	0.
10.89	0.
10.895000000000001	0.
10.9	0.
10.905000000000001	0.
10.91	0.
10.915000000000001	0.
10.920000000000002	0.
10.925	0.
10.930000000000001	0.
10.935	0.
10.940000000000001	0.
10.945	0.
10.950000000000001	0.
10.955000000000002	0.
10.96	0.
10.965000000000002	0.
10.97	0.
10.975000000000001	0.
10.98	0.
10.985000000000001	0.
10.99	0.
10.995000000000001	0.
11.000000000000002	0.
11.005	0.
11.010000000000002	0.
11.015	0.
11.020000000000001	0.
11.025	0.
11.030000000000001	0.
11.035	0.
11.040000000000001	0.
11.045000000000002	0.
11.05	0.
11.055000000000001	0.
11.06	0.
11.065000000000001	0.
11.07	0.
11.075000000000001	0.
11.080000000000002	0.
11.085	0.
11.090000000000002	0.
11.095	0.
11.100000000000001	0.
11.105	0.
11.110000000000001	0.
11.115	0.
11.120000000000001	0.
11.125000000000002	0.
11.13	0.
11.135000000000002	0.
11.14	0.
11.145000000000001	0.
11.15	0.
11.155000000000001	0.
11.16	0.
11.165000000000001	0.
11.170000000000002	0.
11.175	0.
11.180000000000001	0.
11.185	0.
11.190000000000001	0.
11.195	0.
11.200000000000001	0.
11.205000000000002	0.
11.21	0.
11.215000000000002	0.
11.22	0.
11.225000000000001	0.
11.23	0.
11.235000000000001	0.
11.24	0.
11.245000000000001	0.
11.250000000000002	0.
11.255	0.
11.260000000000002	0.
11.265	0.
11.270000000000001	0.
11.275	0.
11.280000000000001	0.
11.285	0.
11.290000000000001	0.
11.295000000000002	0.
11.3	0.
11.305000000000001	0.
11.31	0.
11.315000000000001	0.
11.32	0.
11.325000000000001	0.
11.330000000000002	0.
11.335	0.
11.340000000000002	0.
11.345	0.
11.350000000000001	0.
11.355	0.
11.360000000000001	0.
11.365000000000002	0.
11.370000000000001	0.
11.375000000000002	0.
11.38	0.
11.385000000000002	0.
11.39	0.
11.395000000000001	0.
11.4	0.
11.405000000000001	0.
11.41	0.
11.415000000000001	0.
11.420000000000002	0.
11.425	0.
11.430000000000001	0.
11.435	0.
11.440000000000001	0.
11.445	0.
11.450000000000001	0.
11.455000000000002	0.
11.46	0.
11.465000000000002	0.
11.47	0.
11.475000000000001	0.
11.48	0.
11.485000000000001	0.
11.490000000000002	0.
11.495000000000001	0.
11.500000000000002	0.
11.505	0.
11.510000000000002	0.
11.515	0.
11.520000000000001	0.
11.525	0.
11.530000000000001	0.
11.535	0.
11.540000000000001	0.
11.545000000000002	0.
11.55	0.
11.555000000000001	0.
11.56	0.
11.565000000000001	0.
11.57	0.
11.575000000000001	0.
11.580000000000002	0.
11.585	0.
11.590000000000002	0.
11.595	0.
11.600000000000001	0.
11.605	0.
11.610000000000001	0.
11.615000000000002	0.
11.620000000000001	0.
11.625000000000002	0.
11.63	0.
11.635000000000002	0.
11.64	0.
11.645000000000001	0.
11.65	0.
11.655000000000001	0.
11.66	0.
11.665000000000001	0.
11.670000000000002	0.
11.675	0.
11.680000000000001	0.
11.685	0.
11.690000000000001	0.
11.695	0.
11.700000000000001	0.
11.705000000000002	0.
11.71	0.
11.715000000000002	0.
11.72	0.
11.725000000000001	0.
11.73	0.
11.735000000000001	0.
11.740000000000002	0.
11.745000000000001	0.
11.750000000000002	0.
11.755	0.
11.760000000000002	0.
11.765	0.
11.770000000000001	0.
11.775	0.
11.780000000000001	0.
11.785	0.
11.790000000000001	0.
11.795000000000002	0.
11.8	0.
11.805000000000001	0.
11.81	0.
11.815000000000001	0.
11.82	0.
11.825000000000001	0.
11.830000000000002	0.
11.835	0.
11.840000000000002	0.
11.845	0.
11.850000000000001	0.
11.855	0.
11.860000000000001	0.
11.865000000000002	0.
11.870000000000001	0.
11.875000000000002	0.
11.88	0.
11.885000000000002	0.
11.89	0.
11.895000000000001	0.
11.9	0.
11.905000000000001	0.
11.91	0.
11.915000000000001	0.
11.920000000000002	0.
11.925	0.
11.930000000000001	0.
11.935	0.
11.940000000000001	0.
11.945	0.
11.950000000000001	0.
11.955000000000002	0.
11.96	0.
11.965000000000002	0.
11.97	0.
11.975000000000001	0.
11.98	0.
11.985000000000001	0.
11.990000000000002	0.
11.995000000000001	0.
12.000000000000002	0.
12.005	0.
12.010000000000002	0.
12.015	0.
12.020000000000001	0.
12.025	0.
12.030000000000001	0.
12.035	0.
12.040000000000001	0.
12.045000000000002	0.
12.05	0.
12.055000000000001	0.
12.06	0.
12.065000000000001	0.
12.07	0.
12.075000000000001	0.
12.080000000000002	0.
12.085	0.
12.090000000000002	0.
12.095	0.
12.100000000000001	0.
12.105	0.
12.110000000000001	0.
12.115000000000002	0.
12.120000000000001	0.
12.125000000000002	0.
12.13	0.
12.135000000000002	0.
12.14	0.
12.145000000000001	0.
12.15	0.
12.155000000000001	0.
12.16	0.
12.165000000000001	0.
12.170000000000002	0.
12.175	0.
12.180000000000001	0.
12.185	0.
12.190000000000001	0.
12.195	0.
12.200000000000001	0.
12.205000000000002	0.
12.21	0.
12.215000000000002	0.
12.22	0.
12.225000000000001	0.
12.23	0.
12.235000000000001	0.
12.240000000000002	0.
12.245000000000001	0.
12.25	0.
12.255	0.
12.260000000000002	0.
12.265	0.
12.270000000000001	0.
12.275000000000002	0.
12.280000000000001	0.
12.285	0.
12.290000000000001	0.
12.295000000000002	0.
12.3	0.
12.305000000000001	0.
12.31	0.
12.315000000000001	0.
12.32	0.
12.325000000000001	0.
12.330000000000002	0.
12.335	0.
12.340000000000002	0.
12.345	0.
12.350000000000001	0.
12.355	0.
12.360000000000001	0.
12.365000000000002	0.
12.370000000000001	0.
12.375	0.
12.38	0.
12.385000000000002	0.
12.39	0.
12.395000000000001	0.
12.400000000000002	0.
12.405000000000001	0.
12.41	0.
12.415000000000001	0.
12.420000000000002	0.
12.425	0.
12.430000000000001	0.
12.435	0.
12.440000000000001	0.
12.445	0.
12.450000000000001	0.
12.455000000000002	0.
12.46	0.
12.465000000000002	0.
12.47	0.
12.475000000000001	0.
12.48	0.
12.485000000000001	0.
12.490000000000002	0.
12.495000000000001	0.
12.5	0.
12.505	0.
12.510000000000002	0.
12.515	0.
12.520000000000001	0.
12.525000000000002	0.
12.530000000000001	0.
12.535	0.
12.540000000000001	0.
12.545000000000002	0.
12.55	0.
12.555000000000001	0.
12.56	0.
12.565000000000001	0.
12.57	0.
12.575000000000001	0.
12.580000000000002	0.
12.585	0.
12.590000000000002	0.
12.595	0.
12.600000000000001	0.
12.605	0.
12.610000000000001	0.
12.615000000000002	0.
12.620000000000001	0.
12.625	0.
12.63	0.
12.635000000000002	0.
12.64	0.
12.645000000000001	0.
12.650000000000002	0.
12.655000000000001	0.
12.66	0.
12.665000000000001	0.
12.670000000000002	0.
12.675	0.
12.680000000000001	0.
12.685	0.
12.690000000000001	0.
12.695	0.
12.700000000000001	0.
12.705000000000002	0.
12.71	0.
12.715000000000002	0.
12.72	0.
12.725000000000001	0.
12.73	0.
12.735000000000001	0.
12.740000000000002	0.
12.745000000000001	0.
12.75	0.
12.755	0.
12.760000000000002	0.
12.765	0.
12.770000000000001	0.
12.775000000000002	0.
12.780000000000001	0.
12.785	0.
12.790000000000001	0.
12.795000000000002	0.
12.8	0.
12.805000000000001	0.
12.810000000000002	0.
12.815000000000001	0.
12.820000000000002	0.
12.825000000000001	0.
12.830000000000002	0.
12.835	0.
12.840000000000002	0.
12.845	0.
12.850000000000001	0.
12.855000000000002	0.
12.860000000000001	0.
12.865000000000002	0.
12.870000000000001	0.
12.875000000000002	0.
12.88	0.
12.885000000000002	0.
12.890000000000002	0.
12.895000000000001	0.
12.900000000000002	0.
12.905000000000001	0.
12.910000000000002	0.
12.915000000000001	0.
12.920000000000002	0.
12.925	0.
12.930000000000001	0.
12.935000000000002	0.
12.940000000000001	0.
12.945000000000002	0.
12.950000000000001	0.
12.955000000000002	0.
12.96	0.
12.965000000000002	0.
12.97	0.
12.975000000000001	0.
12.980000000000002	0.
12.985000000000001	0.
12.990000000000002	0.
12.995000000000001	0.
13.000000000000002	0.
13.005	0.
13.010000000000002	0.
13.015000000000002	0.
13.020000000000001	0.
13.025000000000002	0.
13.030000000000001	0.
13.035000000000002	0.
13.040000000000001	0.
13.045000000000002	0.
13.05	0.
13.055000000000001	0.
13.060000000000002	0.
13.065000000000001	0.
13.070000000000002	0.
13.075000000000001	0.
13.080000000000002	0.
13.085	0.
13.090000000000002	0.
13.095	0.
13.100000000000001	0.
13.105000000000002	0.
13.110000000000001	0.
13.115000000000002	0.
13.120000000000001	0.
13.125000000000002	0.
13.13	0.
13.135000000000002	0.
13.140000000000002	0.
13.145000000000001	0.
13.150000000000002	0.
13.155000000000001	0.
13.160000000000002	0.
13.165000000000001	0.
13.170000000000002	0.
13.175	0.
13.180000000000001	0.
13.185000000000002	0.
13.190000000000001	0.
13.195000000000002	0.
13.200000000000001	0.
13.205000000000002	0.
13.21	0.
13.215000000000002	0.
13.220000000000002	0.
13.225000000000001	0.
13.230000000000002	0.
13.235000000000001	0.
13.240000000000002	0.
13.245000000000001	0.
13.250000000000002	0.
13.255	0.
13.260000000000002	0.
13.265000000000002	0.
13.270000000000001	0.
13.275000000000002	0.
13.280000000000001	0.
13.285000000000002	0.
13.290000000000001	0.
13.295000000000002	0.
13.3	0.
13.305000000000001	0.
13.310000000000002	0.
13.315000000000001	0.
13.320000000000002	0.
13.325000000000001	0.
13.330000000000002	0.
13.335	0.
13.340000000000002	0.
13.345000000000002	0.
13.350000000000001	0.
13.355000000000002	0.
13.360000000000001	0.
13.365000000000002	0.
13.370000000000001	0.
13.375000000000002	0.
13.38	0.
13.385000000000002	0.
13.39	0.
13.395000000000001	0.
13.400000000000002	0.
13.405000000000001	0.
13.410000000000002	0.
13.415000000000001	0.
13.420000000000002	0.
13.425	0.
13.430000000000001	0.
13.435000000000002	0.
13.440000000000001	0.
13.445000000000002	0.
13.450000000000001	0.
13.455000000000002	0.
13.46	0.
13.465000000000002	0.
13.470000000000002	0.
13.475000000000001	0.
13.480000000000002	0.
13.485000000000001	0.
13.490000000000002	0.
13.495000000000001	0.
13.500000000000002	0.
13.505	0.
13.510000000000002	0.
13.515	0.
13.520000000000001	0.
13.525000000000002	0.
13.530000000000001	0.
13.535000000000002	0.
13.540000000000001	0.
13.545000000000002	0.
13.55	0.
13.555000000000001	0.
13.560000000000002	0.
13.565000000000001	0.
13.570000000000002	0.
13.575000000000001	0.
13.580000000000002	0.
13.585	0.
13.590000000000002	0.
13.595000000000002	0.
13.600000000000001	0.
13.605000000000002	0.
13.610000000000001	0.
13.615000000000002	0.
13.620000000000001	0.
13.625000000000002	0.
13.63	0.
13.635000000000002	0.
13.64	0.
13.645000000000001	0.
13.650000000000002	0.
13.655000000000001	0.
13.660000000000002	0.
13.665000000000001	0.
13.670000000000002	0.
13.675	0.
13.680000000000001	0.
13.685000000000002	0.
13.690000000000001	0.
13.695000000000002	0.
13.700000000000001	0.
13.705000000000002	0.
13.71	0.
13.715000000000002	0.
13.720000000000002	0.
13.725000000000001	0.
13.730000000000002	0.
13.735000000000001	0.
13.740000000000002	0.
13.745000000000001	0.
13.750000000000002	0.
13.755	0.
13.760000000000002	0.
13.765	0.
13.770000000000001	0.
13.775000000000002	0.
13.780000000000001	0.
13.785000000000002	0.
13.790000000000001	0.
13.795000000000002	0.
13.8	0.
13.805000000000001	0.
13.810000000000002	0.
13.815000000000001	0.
13.820000000000002	0.
13.825000000000001	0.
13.830000000000002	0.
13.835	0.
13.840000000000002	0.
13.845000000000002	0.
13.850000000000001	0.
13.855000000000002	0.
13.860000000000001	0.
13.865000000000002	0.
13.870000000000001	0.
13.875000000000002	0.
13.88	0.
13.885000000000002	0.
13.89	0.
13.895000000000001	0.
13.900000000000002	0.
13.905000000000001	0.
13.910000000000002	0.
13.915000000000001	0.
13.920000000000002	0.
13.925	0.
13.930000000000001	0.
13.935000000000002	0.
13.940000000000001	0.
13.945000000000002	0.
13.950000000000001	0.
13.955000000000002	0.
13.96	0.
13.965000000000002	0.
13.970000000000002	0.
13.975000000000001	0.
13.980000000000002	0.
13.985000000000001	0.
13.990000000000002	0.
13.995000000000001	0.
14.	0.