0.005	0.
0.01	0.
0.015	0.
0.02	0.
0.025	0.
0.030000000000000002	0.
0.034999999999999996	0.
0.04	0.
0.045	0.
0.049999999999999996	0.
0.055	0.
0.06	0.
0.065	0.
0.07	0.
0.07500000000000001	0.
0.08	0.
0.085	0.
0.09000000000000001	0.
0.095	0.
0.1	0.
0.10500000000000001	0.
0.11	0.
0.115	0.
0.12000000000000001	0.
0.125	0.
0.13	0.
0.135	0.
0.14	0.
0.14500000000000002	0.
0.15	0.06736064781603003
0.155	0.11266451305211352
0.16	0.1407409275769474
0.165	0.1613169193519538
0.17	0.1773647311877015
0.17500000000000002	0.19030166301961318
0.18000000000000002	0.20094523755500246
0.185	0.20982129548649134
0.19	0.2172928411258732
0.195	0.2236231690706809
0.2	0.22901033283650415
0.20500000000000002	0.2336075185646527
0.21000000000000002	0.2375358399193342
0.215	0.24089276683646182
0.22	0.24375789660260822
0.225	0.2461970328384727
0.23	0.24826514612311196
0.23500000000000001	0.2500085717765719
0.24000000000000002	0.25146667309659915
0.245	0.25267312121559626
0.25	0.2536568943751034
0.255	0.2544430681734999
0.26	0.25505344763222515
0.265	0.25550707787659455
0.27	0.25582066049872926
0.275	0.2560088958080056
0.28	0.25608476625302135
0.28500000000000003	0.256059772715849
0.29000000000000004	0.2559441327345443
0.295	0.25574694773305634
0.3	0.2554763448432096
0.305	0.2551395977615986
0.31	0.25474323020333933
0.315	0.25429310482895384
0.32	0.25379449998243914
0.325	0.2532521761528973
0.33	0.25267043373292236
0.335	0.252053163374947
0.34	0.2514038900272147
0.34500000000000003	0.25072581155280554
0.35000000000000003	0.25002183268966316
0.35500000000000004	0.249294594990185
0.36	0.2485465032804884
0.365	0.24777974909791178
0.37	0.2469963314974664
0.375	0.2461980755612594
0.38	0.24538664889735165
0.385	0.2445635763744956
0.39	0.24373025330537548
0.395	0.24288795726228596
0.4	0.24203785868483305
0.405	0.2411810304184039
0.41000000000000003	0.24031845630438195
0.41500000000000004	0.23945103892780903
0.42000000000000004	0.238579606615051
0.425	0.23770491976270108
0.43	0.23682767656916193
0.435	0.2359485182318457
0.44	0.2350680336655705
0.445	0.23418676379128786
0.45	0.23330520543870012
0.455	0.23242381490141104
0.46	0.23154301117896667
0.465	0.23066317893636765
0.47000000000000003	0.2297846712083665
0.47500000000000003	0.2289078118728669
0.48000000000000004	0.22803289791526338
0.485	0.22716020150320573
0.49	0.22628997188930855
0.495	0.22542243715753163
0.5	0.2245578058273438
0.505	0.22369626832842177
0.51	0.22283799835733575
0.515	0.2219831541265872
0.52	0.22113187951534044
0.525	0.22028430513031974
0.53	0.2194405492845084
0.535	0.21860071890062097
0.54	0.21776491034562712
0.545	0.2169332102020462
0.55	0.21610569598122722
0.555	0.21528243678333206
0.56	0.2144634939083412
0.5650000000000001	0.21364892142199002
0.5700000000000001	0.21283876668026713
0.5750000000000001	0.21203307081567455
0.5800000000000001	0.21123186918831482
0.585	0.21043519180448525
0.59	0.2096430637053258
0.595	0.20885550532777364
0.6	0.2080725328399551
0.605	0.2072941584529541
0.61	0.20652039071067266
0.615	0.20575123475949342
0.62	0.2049866925991672
0.625	0.20422676331633363
0.63	0.2034714433019612
0.635	0.20272072645381206
0.64	0.20197460436509398
0.645	0.20123306650020695
0.65	0.20049610035855503
0.655	0.19976369162725907
0.66	0.19903582432352435
0.665	0.19831248092742618
0.67	0.19759364250574002
0.675	0.19687928882749473
0.68	0.1961693984717167
0.685	0.1954639489280282
0.6900000000000001	0.19476291669048043
0.6950000000000001	0.19406627734513499
0.7000000000000001	0.1933740056518151
0.7050000000000001	0.19268607562037435
0.71	0.1920024605818997
0.715	0.19132313325518424
0.72	0.19064806580872662
0.725	0.18997722991861543
0.73	0.189310596822548
0.735	0.18864813737024336
0.74	0.18798982207042186
0.745	0.18733562113472957
0.75	0.1866855045185735
0.755	0.18603944195933733
0.76	0.185397403011894
0.765	0.18475935708177757
0.77	0.1841252734560424
0.775	0.183495121332031
0.78	0.18286886984413522
0.785	0.1822464880887468
0.79	0.18162794514739178
0.795	0.18101321010832105
0.8	0.18040225208647168
0.805	0.17979504024210105
0.81	0.17919154379800478
0.8150000000000001	0.178591732055545
0.8200000000000001	0.17799557440938787
0.8250000000000001	0.1774030403613049
0.8300000000000001	0.1768140995327648
0.8350000000000001	0.17622872167669035
0.84	0.17564687668826534
0.845	0.17506853461459665
0.85	0.17449366566675775
0.855	0.17392224021604702
0.86	0.1733542288256306
0.865	0.17278960223307224
0.87	0.17222833136857454
0.875	0.17167038736047413
0.88	0.1711157415384503
0.885	0.1705643654386564
0.89	0.1700162308085349
0.895	0.16947130961058152
0.9	0.16892957402550826
0.905	0.16839099645551237
0.91	0.16785554952696932
0.915	0.16732320609261814
0.92	0.16679393923383548
0.925	0.1662677222622271
0.93	0.16574452872101877
0.935	0.16522433238634404
0.9400000000000001	0.16470710726816878
0.9450000000000001	0.16419282761096007
0.9500000000000001	0.1636814678942553
0.9550000000000001	0.16317300283284814
0.9600000000000001	0.1626674073770531
0.965	0.16216465671248598
0.97	0.16166472625997713
0.975	0.16116759167515465
0.98	0.16067322884790886
0.985	0.1601816139017253
0.99	0.15969272319305863
0.995	0.15920653331028553
1.	0.15872302107284197
1.005	0.1582421635301358
1.01	0.15776393796033697
1.015	0.15728832186919003
1.02	0.15681529298869645
1.025	0.156344829275647
1.0299999999999998	0.15587690891027753
1.035	0.15541151029470093
1.0399999999999998	0.1549486120513516
1.045	0.1544881930213656
1.0499999999999998	0.15403023226297582
1.055	0.15357470904976497
1.0599999999999998	0.153121602868949
1.065	0.15267089341962495
1.0699999999999998	0.15222256061094325
1.075	0.15177658456038287
1.0799999999999998	0.1513329455917716
1.085	0.1508916242335709
1.0899999999999999	0.15045260121689852
1.095	0.15001585747366408
1.0999999999999999	0.14958137413471514
1.105	0.14914913252781728
1.1099999999999999	0.14871911417586897
1.115	0.14829130079484443
1.1199999999999999	0.14786567429195985
1.125	0.14744221676368294
1.13	0.14702091049382496
1.135	0.1466017379515934
1.14	0.1461846817896644
1.145	0.14576972484226172
1.15	0.14535685012321595
1.155	0.1449460408240625
1.16	0.1445372803121165
1.1649999999999998	0.14413055212856976
1.17	0.14372583998659175
1.1749999999999998	0.14332312776945266
1.18	0.14292239952865568
1.1849999999999998	0.1425236394820216
1.19	0.1421268320118908
1.1949999999999998	0.14173196166324262
1.2	0.14133901314188158
1.2049999999999998	0.1409479713126086
1.21	0.1405588211974266
1.2149999999999999	0.1401715479737446
1.22	0.13978613697259024
1.2249999999999999	0.13940257367687894
1.23	0.13902084371962
1.2349999999999999	0.13864093288223334
1.24	0.1382628270927877
1.2449999999999999	0.1378865124243421
1.25	0.1375119750932327
1.255	0.13713920145740818
1.26	0.13676817801478272
1.265	0.1363988914016033
1.27	0.13603132839080612
1.275	0.13566547589045114
1.28	0.13530132094209774
1.285	0.13493885071925132
1.2899999999999998	0.13457805252582203
1.295	0.13421891379454223
1.2999999999999998	0.13386142208551494
1.305	0.13350556508465589
1.3099999999999998	0.1331513306022074
1.315	0.13279870657131512
1.3199999999999998	0.13244768104650828
1.325	0.1320982422023221
1.3299999999999998	0.13175037833183345
1.335	0.131404077845281
1.3399999999999999	0.13105932926867006
1.345	0.13071612124239507
1.3499999999999999	0.13037444251990327
1.355	0.13003428196631628
1.3599999999999999	0.12969562855714833
1.365	0.12935847137697873
1.3699999999999999	0.12902279961815796
1.375	0.12868860257953565
1.38	0.12835586966520168
1.385	0.12802459038324496
1.39	0.12769475434449337
1.395	0.12736635126134752
1.4	0.1270393709465415
1.405	0.12671380331197207
1.41	0.1263896383675318
1.4149999999999998	0.12606686621995555
1.42	0.125745477071649
1.4249999999999998	0.1254254612196058
1.43	0.12510680905426966
1.4349999999999998	0.12478951105843795
1.44	0.12447355780618236
1.4449999999999998	0.12415893996176579
1.45	0.12384564827859634
1.4549999999999998	0.12353367359818654
1.46	0.12322300684911103
1.4649999999999999	0.12291363904599334
1.47	0.12260556128849856
1.4749999999999999	0.12229876476034714
1.48	0.12199324072833752
1.4849999999999999	0.12168898054136477
1.49	0.12138597562948958
1.4949999999999999	0.12108421750296658
1.5	0.12078369775134502
1.505	0.12048440804252807
1.51	0.12018634012188573
1.515	0.11988948581133638
1.52	0.11959383700849104
1.525	0.11929938568575567
1.53	0.11900612388949848
1.535	0.11871404373917636
1.54	0.11842313742650466
1.545	0.11813339721463968
1.5499999999999998	0.11784481543734301
1.555	0.11755738449820098
1.5599999999999998	0.11727109686979877
1.565	0.11698594509296224
1.5699999999999998	0.1167019217759597
1.575	0.116419019593757
1.5799999999999998	0.11613723128724633
1.585	0.11585654966251135
1.5899999999999999	0.11557696759008448
1.595	0.11529847800422245
1.5999999999999999	0.11502107390218505
1.605	0.11474474834354002
1.6099999999999999	0.1144694944494511
1.615	0.11419530540198163
1.6199999999999999	0.11392217444344258
1.625	0.11365009487568999
1.63	0.1133790600594788
1.635	0.11310906341379891
1.64	0.11284009841522813
1.645	0.11257215859730899
1.65	0.1123052375498986
1.655	0.1120393289185554
1.66	0.11177442640392547
1.665	0.11151052376114146
1.67	0.11124761479920102
1.6749999999999998	0.11098569338041947
1.68	0.11072475341979125
1.6849999999999998	0.1104647888844622
1.69	0.11020579379313122
1.6949999999999998	0.10994776221550569
1.7	0.10969068827173371
1.7049999999999998	0.10943456613186667
1.71	0.1091793900153141
1.7149999999999999	0.10892515419031838
1.72	0.10867185297340883
1.7249999999999999	0.10841948072890648
1.73	0.10816803186839032
1.7349999999999999	0.10791750085019983
1.74	0.10766788217893798
1.7449999999999999	0.10741917040496833
1.75	0.10717136012392257
1.755	0.10692444597623672
1.76	0.10667842264666476
1.765	0.10643328486380277
1.77	0.10618902739963079
1.775	0.10594564506905521
1.78	0.10570313272945565
1.785	0.1054614852802377
1.79	0.10522069766239131
1.795	0.10498076485805252
1.7999999999999998	0.10474168189007384
1.805	0.104503443821607
1.8099999999999998	0.10426604575567149
1.815	0.10402948283473964
1.8199999999999998	0.10379375024033823
1.825	0.10355884319263892
1.8299999999999998	0.10332475695004999
1.835	0.10309148680883642
1.8399999999999999	0.10285902810271333
1.845	0.10262737620247722
1.8499999999999999	0.1023965265156128
1.855	0.10216647448592793
1.8599999999999999	0.1019372155931723
1.865	0.1017087453526765
1.8699999999999999	0.1014810593149894
1.875	0.10125415306551601
1.88	0.10102802222417782
1.885	0.10080266244503894
1.89	0.10057806941598732
1.895	0.1003542388583736
1.9	0.10013116652669186
1.905	0.09990884820822625
1.91	0.09968727972274535
1.915	0.0994664569221588
1.92	0.09924637569020603
1.9249999999999998	0.09902703194213627
1.93	0.0988084216243983
1.9349999999999998	0.09859054071432269
1.94	0.09837338521983155
1.9449999999999998	0.09815695117911434
1.95	0.09794123466035026
1.9549999999999998	0.09772623176140299
1.96	0.0975119386095253
1.9649999999999999	0.09729835136108377
1.97	0.09708546620126228
1.9749999999999999	0.09687327934378313
1.98	0.09666178703063064
1.9849999999999999	0.09645098553178022
1.99	0.09624087114491811
1.9949999999999999	0.09603144019517938
2.	0.09582268903488163
2.005	0.09561461404325629
2.01	0.09540721162620089
2.015	0.095200478216014
2.02	0.09499441027114668
2.025	0.09478900427594605
2.03	0.09458425674041439
2.035	0.09438016419996549
2.04	0.0941767232151761
2.045	0.09397393037154952
2.05	0.09377178227928185
2.0549999999999997	0.09357027557302898
2.06	0.09336940691167302
2.065	0.09316917297808992
2.07	0.09296957047893542
2.0749999999999997	0.09277059614441154
2.08	0.09257224672805071
2.085	0.09237451900649737
2.09	0.09217740977929177
2.0949999999999998	0.0919809158686582
2.1	0.09178503411928703
2.105	0.09158976139814032
2.11	0.09139509459423399
2.1149999999999998	0.09120103061843852
2.12	0.09100756640327588
2.125	0.09081469890272299
2.13	0.09062242509201351
2.135	0.09043074196744127
2.14	0.09023964654617032
2.145	0.09004913586604407
2.15	0.0898592069853933
2.155	0.0896698569828575
2.16	0.08948108295719137
2.165	0.08929288202709014
2.17	0.08910525133100651
2.175	0.08891818802697
2.18	0.08873168929241698
2.185	0.08854575232401185
2.19	0.08836037433747257
2.195	0.08817555256740536
2.1999999999999997	0.08799128426713293
2.205	0.08780756670852978
2.21	0.08762439718185235
2.215	0.08744177299558269
2.2199999999999998	0.08725969147626235
2.225	0.08707814996833471
2.23	0.08689714583398477
2.235	0.08671667645298226
2.2399999999999998	0.08653673922253359
2.245	0.08635733155711935
2.25	0.0861784508883523
2.255	0.08600009466482042
2.26	0.08582226035194132
2.265	0.08564494543181725
2.27	0.08546814740308734
2.275	0.08529186378078747
2.28	0.08511609209620433
2.285	0.08494082989673801
2.29	0.08476607474576302
2.295	0.084591824222485
2.3	0.0844180759218182
2.305	0.08424482745423466
2.31	0.08407207644564352
2.315	0.08389982053724648
2.32	0.08372805738542628
2.3249999999999997	0.08355678466159586
2.33	0.08338600005208899
2.335	0.08321570125802145
2.34	0.08304588599517175
2.3449999999999998	0.08287655199385602
2.35	0.08270769699880498
2.355	0.08253931876904627
2.36	0.08237141507777626
2.3649999999999998	0.08220398371224828
2.37	0.08203702247365387
2.375	0.08187052917700774
2.38	0.08170450165102643
2.385	0.08153893773801944
2.39	0.08137383529377558
2.395	0.0812091921874519
2.4	0.08104500630146162
2.405	0.08088127553136326
2.41	0.08071799778575754
2.415	0.08055517098617554
2.42	0.0803927930669703
2.425	0.08023086197522174
2.43	0.08006937567062056
2.435	0.07990833212537388
2.44	0.07974772932409693
2.445	0.07958756526372052
2.4499999999999997	0.0794278379533809
2.455	0.07926854541432746
2.46	0.07910968567982346
2.465	0.07895125679504844
2.4699999999999998	0.0787932568170008
2.475	0.07863568381440608
2.48	0.07847853586761987
2.485	0.0783218110685366
2.4899999999999998	0.07816550752049443
2.495	0.07800962333818594
2.5	0.077854156647569
2.505	0.07769910558577549
2.51	0.07754446830101794
2.515	0.07739024295251189
2.52	0.07723642771037903
2.525	0.0770830207555683
2.53	0.07693002027976224
2.535	0.07677742448530293
2.54	0.07662523158509929
2.545	0.07647343980254864
2.55	0.07632204737145291
2.555	0.07617105253593949
2.56	0.0760204535503776
2.565	0.07587024867929947
2.57	0.07572043619732344
2.5749999999999997	0.0755710143890733
2.58	0.07542198154910068
2.585	0.07527333598180996
2.59	0.07512507600138242
2.5949999999999998	0.07497719993169709
2.6	0.07482970610625972
2.605	0.07468259286812898
2.61	0.0745358585698408
2.6149999999999998	0.07438950157333875
2.62	0.07424352024989794
2.625	0.07409791298005881
2.63	0.07395267815355298
2.635	0.07380781416923325
2.64	0.07366331943500944
2.645	0.07351919236777323
2.65	0.0733754313933327
2.655	0.0732320349463462
2.66	0.07308900147025474
2.665	0.07294632941721585
2.67	0.0728040172480379
2.675	0.07266206343211529
2.68	0.07252046644736564
2.685	0.07237922478016219
2.69	0.07223833692527544
2.695	0.07209780138580782
2.7	0.07195761667313184
2.705	0.07181778130682921
2.71	0.07167829381463092
2.715	0.07153915273235507
2.7199999999999998	0.07140035660384789
2.725	0.07126190398092462
2.73	0.07112379342331229
2.735	0.07098602349858682
2.7399999999999998	0.07084859278212213
2.745	0.07071149985702779
2.75	0.07057474331409455
2.755	0.0704383217517377
2.76	0.07030223377593944
2.765	0.07016647800020179
2.77	0.07003105304547984
2.775	0.06989595754013667
2.78	0.06976119011988763
2.785	0.06962674942774436
2.79	0.06949263411396474
2.795	0.06935884283600222
2.8	0.06922537425844817
2.8049999999999997	0.06909222705298614
2.81	0.06895939989834048
2.815	0.06882689148022059
2.82	0.06869470049127815
2.825	0.06856282563105284
2.83	0.06843126560592387
2.835	0.06830001912906304
2.84	0.0681690849203845
2.8449999999999998	0.06803846170649741
2.85	0.06790814822065953
2.855	0.06777814320272987
2.86	0.06764844539911777
2.8649999999999998	0.06751905356274562
2.87	0.06738996645299404
2.875	0.06726118283566127
2.88	0.06713270148291707
2.885	0.0670045211732574
2.89	0.06687664069146085
2.895	0.0667490588285446
2.9	0.06662177438172012
2.905	0.06649478615435055
2.91	0.06636809295590872
2.915	0.06624169360193172
2.92	0.06611558691398331
2.925	0.06598977171960785
2.9299999999999997	0.0658642468522913
2.935	0.06573901115141956
2.94	0.06561406346223722
2.945	0.0654894026358085
2.95	0.06536502752897516
2.955	0.06524093700431904
2.96	0.06511712993012081
2.965	0.0649936051803221
2.9699999999999998	0.06487036163448583
2.975	0.06474739817775847
2.98	0.06462471370083153
2.985	0.06450230709990398
2.9899999999999998	0.06438017727664479
2.995	0.06425832313815585
3.	0.06413674359693368
3.005	0.06401543757083568
3.01	0.06389440398304082
3.015	0.06377364176201561
3.02	0.06365314984147795
3.025	0.06353292716036066
3.03	0.06341297266277801
3.035	0.06329328529799007
3.04	0.06317386402036769
3.045	0.06305470778935882
3.05	0.06293581556945493
3.0549999999999997	0.06281718633015551
3.06	0.06269881904593697
3.065	0.06258071269621701
3.07	0.06246286626532363
3.075	0.06234527874246164
3.08	0.06222794912167977
3.085	0.062110876401839585
3.09	0.06199405958658237
3.0949999999999998	0.06187749768429867
3.1	0.061761189708095354
3.105	0.061645134675766156
3.11	0.06152933160975929
3.115	0.061413779537148126
3.12	0.06129847748959908
3.125	0.061183424503342326
3.13	0.061068619619142735
3.135	0.06095406188226858
3.14	0.060839750342461876
3.145	0.06072568405391112
3.15	0.060611862075219826
3.155	0.06049828346937934
3.16	0.06038494730373934
3.165	0.060271852649979876
3.17	0.0601589985840827
3.175	0.060046384186303946
3.1799999999999997	0.05993400854114583
3.185	0.05982187073732904
3.19	0.059709969867766464
3.195	0.05959830502953409
3.2	0.05948687532384595
3.205	0.05937567985602617
3.21	0.05926471773548316
3.215	0.0591539880756831
3.2199999999999998	0.059043489994123136
3.225	0.05893322261230679
3.23	0.058823185055716765
3.235	0.05871337645379046
3.24	0.058603795939894086
3.245	0.05849444265129728
3.25	0.0583853157291492
3.255	0.05827641431845156
3.26	0.058167737568036455
3.265	0.05805928463054101
3.27	0.05795105466238114
3.275	0.05784304682373204
3.28	0.057735260278498866
3.285	0.05762769419429681
3.29	0.057520347742426134
3.295	0.05741322009784899
3.3	0.05730631043916528
3.3049999999999997	0.05719961794859202
3.31	0.05709314181193738
3.315	0.05698688121857975
3.32	0.056880835361445364
3.325	0.05677500343698512
3.33	0.056669384645151595
3.335	0.05656397818937955
3.34	0.05645878327656086
3.3449999999999998	0.056353799117025205
3.35	0.05624902492451711
3.355	0.056144459916174214
3.36	0.05604010331250795
3.365	0.05593595433737923
3.37	0.05583201221798026
3.375	0.055728276184812145
3.38	0.05562474547166436
3.385	0.0555214193155947
3.39	0.05541829695690866
3.395	0.05531537763913783
3.4	0.055212660609022135
3.405	0.055110145116487264
3.41	0.05500783041462722
3.415	0.05490571575968205
3.42	0.05480380041102015
3.425	0.05470208363111862
3.4299999999999997	0.054600564685542224
3.435	0.054499242842926586
3.44	0.054398117374957235
3.445	0.05429718755634998
3.45	0.05419645266483612
3.455	0.054095911981138896
3.46	0.05399556478895799
3.465	0.05389541037494879
3.4699999999999998	0.05379544802870642
3.475	0.0536956770427462
3.48	0.05359609671248496
3.485	0.053496706336225
3.49	0.05339750521513409
3.495	0.0532984926532295
3.5	0.0531996679573584
3.505	0.05310103043718317
3.51	0.053002579405160455
3.515	0.05290431417652692
3.52	0.05280623406928117
3.525	0.05270833840416611
3.53	0.052610626504651176
3.535	0.052513097696918434
3.54	0.05241575130984288
3.545	0.052318586674977026
3.55	0.052221603126535135
3.5549999999999997	0.052124800001374774
3.56	0.05202817663898323
3.565	0.05193173238145821
3.5700000000000003	0.051835466573493846
3.575	0.051739378562365115
3.58	0.0516434676979085
3.585	0.05154773333251214
3.59	0.051452174821093696
3.5949999999999998	0.05135679152108842
3.5999999999999996	0.05126158279243389
3.605	0.05116654799755127
3.61	0.05107168650133487
3.615	0.050976997671132916
3.62	0.050882480876734484
3.625	0.05078813549035262
3.63	0.05069396088661152
3.635	0.05059995644252998
3.6399999999999997	0.050506121537508566
3.645	0.050412455553312696
3.65	0.05031895787405844
3.6550000000000002	0.050225627886200094
3.66	0.05013246497851267
3.665	0.05003946854208096
3.67	0.049946637970281094
3.675	0.049853972658770805
3.6799999999999997	0.04976147200547246
3.685	0.049669135410558736
3.69	0.04957696227644267
3.6950000000000003	0.04948495200775769
3.7	0.049393104011348124
3.705	0.04930141769625625
3.71	0.049209892473704706
3.715	0.04911852775708588
3.7199999999999998	0.049027322961947464
3.7249999999999996	0.04893627750598032
3.73	0.04884539080900297
3.735	0.04875466229295132
3.74	0.048664091381861424
3.745	0.04857367750186019
3.75	0.04848342008115119
3.755	0.04839331854999998
3.76	0.048303372340724904
3.7649999999999997	0.04821358088768032
3.77	0.048123943627246486
3.775	0.048034459997815505
3.7800000000000002	0.04794512943978017
3.785	0.04785595139551967
3.79	0.047766925309388995
3.795	0.04767805062770469
3.8	0.047589326798733594
3.8049999999999997	0.04750075327268218
3.81	0.04741232950167902
3.815	0.04732405493977026
3.8200000000000003	0.047235929042900304
3.825	0.04714795126890478
3.83	0.04706012107749686
3.835	0.046972437930255004
3.84	0.046884901290611326
3.8449999999999998	0.046797510623840445
3.8499999999999996	0.046710265397046695
3.855	0.046623165079154254
3.86	0.0465362091408943
3.865	0.0464493970547919
3.87	0.046362728295158105
3.875	0.046276202338077485
3.88	0.0461898186613938
3.885	0.04610357674470163
3.8899999999999997	0.04601747606933468
3.895	0.04593151611835437
3.9	0.04584569637653908
3.9050000000000002	0.04576001633037205
3.91	0.04567447546803068
3.915	0.045589073279376356
3.92	0.04550380925594247
3.925	0.04541868289092357
3.9299999999999997	0.04533369367916678
3.935	0.04524884111715739
3.94	0.04516412470301125
3.9450000000000003	0.045079543936460645
3.95	0.0449950983188489
3.955	0.044910787353114136
3.96	0.044826610543782744
3.965	0.04474256739695655
3.9699999999999998	0.044658657420302346
3.9749999999999996	0.04457488012304552
3.98	0.04449123501595386
3.985	0.04440772161133007
3.99	0.044324339423002075
3.995	0.044241087966311106
4.	0.04415796675810541
4.005	0.044074975316723074
4.01	0.043992113161987166
4.015	0.04390937981519647
4.02	0.04382677479911219
4.025	0.04374429763794868
4.03	0.043661947857364346
4.035	0.04357972498445238
4.04	0.04349762854773045
4.045	0.043415658077126856
4.05	0.04333381310397792
4.055	0.04325209316101294
4.0600000000000005	0.04317049778234785
4.0649999999999995	0.04308902650346955
4.07	0.04300767886123714
4.075	0.04292645439385989
4.08	0.04284535264089552
4.085	0.04276437314323965
4.09	0.04268351544311319
4.095	0.04260277908405527
4.1	0.04252216361091473
4.105	0.042441668569838414
4.109999999999999	0.042361293508263634
4.115	0.0422810379749066
4.12	0.042200901519754676
4.125	0.04212088369405774
4.13	0.04204098405031555
4.135	0.041961202142275854
4.14	0.04188153752491519
4.145	0.041801989754438544
4.15	0.04172255838826341
4.155	0.04164324298501499
4.16	0.04156404310451597
4.165	0.041484958307778215
4.17	0.041405988156991674
4.175	0.04132713221551467
4.18	0.041248390047870405
4.1850000000000005	0.0411697612197331
4.1899999999999995	0.04109124529791845
4.195	0.04101284185037851
4.2	0.04093455044618984
4.205	0.04085637065554524
4.21	0.04077830204974486
4.215	0.04070034420118955
4.22	0.04062249668336949
4.225	0.040544759070855134
4.23	0.04046713093929048
4.234999999999999	0.040389611865381696
4.24	0.04031220142689126
4.245	0.040234899202627454
4.25	0.04015770477243686
4.255	0.04008061771719327
4.26	0.04000363761879074
4.265	0.0399267640601372
4.27	0.03984999662514121
4.275	0.03977333489870768
4.28	0.03969677846672213
4.285	0.03962032691605355
4.29	0.039543979834535975
4.295	0.03946773681096271
4.3	0.03939159743508033
4.305	0.03931556129757725
4.3100000000000005	0.039239627990077894
4.3149999999999995	0.039163797105127233
4.32	0.039088068236195185
4.325	0.03901244097765431
4.33	0.03893691492477777
4.335	0.03886148967373533
4.34	0.03878616482157611
4.345	0.03871093996622383
4.35	0.03863581470646957
4.355	0.03856078864196373
4.359999999999999	0.03848586137320383
4.365	0.03841103250153044
4.37	0.03833630162911564
4.375	0.03826166835895652
4.38	0.03818713229486559
4.385	0.03811269304146143
4.39	0.0380383502041648
4.395	0.03796410338918424
4.4	0.037889952203512
4.405	0.03781589625491493
4.41	0.037741935151920154
4.415	0.0376680685038207
4.42	0.03759429592065008
4.425	0.03752061701318657
4.43	0.03744703139293806
4.4350000000000005	0.03737353867213596
4.4399999999999995	0.03730013846373013
4.445	0.03722683038137211
4.45	0.03715361403941654
4.455	0.037080489052903017
4.46	0.03700745503755608
4.465	0.03693451160977357
4.47	0.036861658386614614
4.475	0.03678889498579573
4.48	0.036716221025685586
4.484999999999999	0.036643636125285144
4.49	0.03657113990423059
4.495	0.0364987319827797
4.5	0.03642641198180606
4.505	0.036354179522782824
4.51	0.03628203422778764
4.515	0.03620997571948112
4.52	0.03613800362110694
4.525	0.03606611755647945
4.53	0.035994317149974205
4.535	0.035922602026523996
4.54	0.03585097181160768
4.545	0.035779426131238676
4.55	0.03570796461195937
4.555	0.03563658688083587
4.5600000000000005	0.03556529256544179
4.5649999999999995	0.035494081293856575
4.57	0.03542295269465218
4.575	0.035351906396888594
4.58	0.035280942030097816
4.585	0.03521005922428505
4.59	0.03513925760991213
4.595000000000001	0.03506853681789394
4.6	0.03499789647958582
4.605	0.03492733622677529
4.609999999999999	0.03485685569167774
4.615	0.03478645450691959
4.62	0.03471613230553912
4.625	0.0346458887209687
4.63	0.03457572338702898
4.635	0.034505635937924356
4.640000000000001	0.03443562600822788
4.645	0.03436569323287435
4.65	0.03429583724715148
4.654999999999999	0.0342260576866942
4.66	0.034156354187467125
4.665	0.03408672638576631
4.67	0.03401717391819744
4.675	0.03394769642168028
4.68	0.03387829353342986
4.6850000000000005	0.03380896489094882
4.6899999999999995	0.033739710132023426
4.695	0.0336705288947077
4.7	0.03360142081731531
4.705	0.03353238553841512
4.71	0.03346342269681384
4.715	0.03339453193155721
4.720000000000001	0.03332571288190669
4.725	0.03325696518734246
4.73	0.0331882884875467
4.734999999999999	0.03311968242239759
4.74	0.03305114663195566
4.745	0.032982680756457036
4.75	0.03291428443630573
4.755	0.032845957312056084
4.76	0.03277769902441108
4.765000000000001	0.03270950921421095
4.77	0.032641387522415896
4.775	0.032573333590107216
4.779999999999999	0.03250534705846759
4.785	0.03243742756877778
4.79	0.03236957476240073
4.795	0.03230178828077624
4.8	0.03223406776540768
4.805	0.032166412857853335
4.8100000000000005	0.032098823199713106
4.8149999999999995	0.03203129843262095
4.82	0.03196383819823574
4.825	0.03189644213822566
4.83	0.03182910989425825
4.835	0.03176184110799543
4.84	0.03169463542107775
4.845000000000001	0.03162749247511203
4.85	0.031560411911665066
4.855	0.03149339337225014
4.859999999999999	0.03142643649831645
4.865	0.031359540931235386
4.87	0.031292706312294555
4.875	0.031225932282681106
4.88	0.031159218483472466
4.885	0.031092564555626194
4.890000000000001	0.03102597013996611
4.895	0.030959434877171465
4.9	0.030892958407767988
4.904999999999999	0.03082654037210743
4.91	0.030760180410368057
4.915	0.030693878162535507
4.92	0.03062763326838414
4.925	0.030561445367478797
4.93	0.03049531409915586
4.9350000000000005	0.030429239102507177
4.9399999999999995	0.03036322001637258
4.945	0.030297256479324707
4.95	0.030231348129663632
4.955	0.030165494605385836
4.96	0.030099695544194862
4.965	0.03003395058346927
4.970000000000001	0.029968259360260537
4.975	0.02990262151127629
4.98	0.029837036672862267
4.984999999999999	0.029771504480999154
4.99	0.029706024571280784
4.995	0.029640596578904117
5.	0.029575220138649626
5.005	0.029509894884878735
5.01	0.02944462045150803
5.015000000000001	0.029379396472003154
5.02	0.029314222579354236
5.025	0.02924909840608042
5.029999999999999	0.029184023584191948
5.035	0.02911899774519145
5.04	0.02905402052005521
5.045	0.02898909153921356
5.05	0.02892421043254385
5.055	0.028859376829346892
5.0600000000000005	0.028794590358335183
5.0649999999999995	0.02872985064762084
5.07	0.028665157324692304
5.075	0.02860051001640388
5.08	0.02853590834895784
5.085	0.02847135194788759
5.09	0.028406840438041862
5.095000000000001	0.028342373443570785
5.1	0.0282779505879013
5.105	0.02821357149373033
5.109999999999999	0.028149235783001176
5.115	0.028084943076886075
5.12	0.02802069299576873
5.125	0.027956485159231412
5.13	0.027892319186034742
5.135	0.027828194694092465
5.14	0.027764111300464824
5.145	0.02770006862132972
5.15	0.027636066271974204
5.155	0.027572103866765178
5.16	0.027508181019136563
5.165	0.027444297341568284
5.17	0.02738045244556619
5.175	0.027316645941643042
5.18	0.02725287743929853
5.185	0.0271891465469975
5.19	0.02712545287215224
5.195	0.027061796021097262
5.2	0.026998175599071635
5.205	0.02693459121020017
5.21	0.026871042457463374
5.215	0.026807528942685642
5.22	0.026744050266504317
5.225	0.026680606028353235
5.23	0.02661719582644032
5.235	0.0265538192577175
5.24	0.02649047591786688
5.245	0.026427165401270682
5.25	0.026363887300991956
5.255	0.026300641208743578
5.26	0.026237426714873884
5.265	0.02617424340833197
5.27	0.026111090876648143
5.275	0.02604796870590959
5.28	0.025984876480728215
5.285	0.025921813784224097
5.29	0.025858780197989723
5.295	0.02579577530206659
5.3	0.02573279867492146
5.305	0.025669849893414164
5.31	0.025606928532773056
5.315	0.02554403416656243
5.32	0.025481166366658047
5.325	0.025418324703218673
5.33	0.025355508744648574
5.335	0.025292718057580765
5.34	0.0252299522068373
5.345	0.02516721075539576
5.35	0.025104493264368498
5.355	0.025041799292963143
5.36	0.024979128398451702
5.365	0.024916480136141846
5.37	0.02485385405933986
5.375	0.02479124971931524
5.38	0.024728666665277094
5.385	0.024666104444323995
5.39	0.024603562601422633
5.395	0.024541040679363958
5.4	0.02447853821873114
5.405	0.024416054757861686
5.41	0.024353589832809344
5.415	0.0242911429773096
5.42	0.024228713722734743
5.425	0.024166301598060567
5.43	0.024103906129829496
5.435	0.0240415268421008
5.44	0.023979163256416507
5.445	0.023916814891758727
5.45	0.02385448126451306
5.455	0.023792161888408526
5.46	0.023729856274495798
5.465	0.02366756393108897
5.47	0.023605284363724326
5.475	0.023543017075115764
5.48	0.023480761565109993
5.485	0.023418517330634842
5.49	0.023356283865653877
5.495	0.023294060661117014
5.5	0.023231847204913836
5.505	0.023169642981819515
5.51	0.023107447473446188
5.515	0.023045260158187825
5.52	0.02298308051117266
5.525	0.022920908004201886
5.53	0.022858742105704693
5.535	0.02279658228067355
5.54	0.022734427990608718
5.545	0.022672278693470826
5.55	0.022610133843607456
5.555	0.022547992891701216
5.56	0.022485855284714105
5.565	0.022423720465811786
5.57	0.022361587874313367
5.575	0.022299456945624678
5.58	0.022237327111168596
5.585	0.022175197798320733
5.59	0.02211306843034474
5.595	0.02205093842632091
5.6	0.021988807201073757
5.605	0.021926674165111685
5.61	0.021864538724536614
5.615	0.021802400280984905
5.62	0.02174025823154681
5.625	0.021678111968688327
5.63	0.021615960880173226
5.635	0.021553804348989486
5.64	0.02149164175325746
5.645	0.021429472466153555
5.65	0.02136729585582864
5.655	0.021305111285313778
5.66	0.021242918112439082
5.665	0.021180715689745996
5.67	0.021118503364384963
5.675	0.021056280478035608
5.68	0.020994046366805814
5.6850000000000005	0.020931800361134647
5.69	0.02086954178569481
5.695	0.020807269959292288
5.7	0.02074498419476438
5.705	0.020682683798872625
5.71	0.020620368072197696
5.715	0.02055803630903285
5.72	0.02049568779726797
5.725	0.020433321818274935
5.73	0.02037093764680334
5.735	0.02030853455084447
5.74	0.020246111791525054
5.745	0.020183668622976447
5.75	0.020121204292213916
5.755	0.02005871803899865
5.76	0.01999620909571768
5.765	0.01993367668724275
5.77	0.019871120030795133
5.775	0.019808538335802116
5.78	0.01974593080376091
5.785	0.019683296628083633
5.79	0.019620634993957716
5.795	0.01955794507818034
5.8	0.019495226049012826
5.805	0.0194324770660181
5.8100000000000005	0.01936969727989324
5.815	0.019306885832304388
5.82	0.019244041855719513
5.825	0.01918116447322931
5.83	0.01911825279836552
5.835	0.019055305934924754
5.84	0.018992322976778053
5.845	0.01892930300767503
5.85	0.018866245101055612
5.855	0.018803148319843276
5.86	0.018740011716238073
5.865	0.018676834331511565
5.87	0.018613615195785176
5.875	0.01855035332781545
5.88	0.01848704773476169
5.885	0.018423697411955875
5.89	0.01836030134266685
5.895	0.01829685849785612
5.9	0.018233367835925815
5.905	0.018169828302467116
5.91	0.01810623882999253
5.915	0.01804259833767257
5.92	0.01797890573105598
5.925	0.017915159901788113
5.93	0.017851359727320413
5.9350000000000005	0.017787504070615207
5.94	0.017723591779835946
5.945	0.01765962168803676
5.95	0.017595592612839675
5.955	0.017531503356104955
5.96	0.017467352703591177
5.965	0.01740313942460765
5.97	0.017338862271655372
5.975	0.017274519980061992
5.98	0.017210111267604074
5.985	0.017145634834116047
5.99	0.01708108936109569
5.995	0.017016473511292315
6.	0.0169517859282847
6.005	0.016887025236051494
6.01	0.016822190038521853
6.015	0.01675727891912176
6.02	0.016692290440296336
6.025	0.016627223143031975
6.03	0.016562075546352795
6.035	0.01649684614680837
6.04	0.016431533417946148
6.045	0.016366135809761095
6.05	0.016300651748144126
6.055	0.01623507963429567
6.0600000000000005	0.016169417844138275
6.065	0.01610366472769374
6.07	0.016037818608459334
6.075	0.01597187778275109
6.08	0.015905840519033286
6.085	0.015839705057225262
6.09	0.0157734696079865
6.095	0.01570713235197444
6.1	0.01564069143909105
6.105	0.01557414498768741
6.11	0.015507491083759841
6.115	0.01544072778010723
6.12	0.01537385309546326
6.125	0.015306865013608017
6.13	0.015239761482437459
6.135	0.015172540413009795
6.140000000000001	0.015105199678557415
6.145	0.015037737113462964
6.15	0.014970150512203068
6.155	0.014902437628256215
6.16	0.01483459617296559
6.165	0.0147666238143711
6.17	0.014698518175988821
6.175	0.014630276835562742
6.18	0.014561897323752097
6.1850000000000005	0.014493377122787435
6.1899999999999995	0.014424713665066351
6.195	0.014355904331702177
6.2	0.01428694645101853
6.205	0.014217837296986783
6.21	0.01414857408760028
6.215	0.014079153983193754
6.22	0.014009574084691955
6.225	0.013939831431790832
6.23	0.013869923001071977
6.235	0.013799845704035512
6.24	0.013729596385058817
6.245	0.013659171819272788
6.25	0.013588568710348652
6.255	0.013517783688198368
6.26	0.013446813306576336
6.265000000000001	0.013375654040582682
6.27	0.013304302284058203
6.275	0.013232754346874856
6.28	0.013161006452101163
6.285	0.013089054733052892
6.29	0.01301689523020816
6.295	0.012944523887989157
6.3	0.012871936551399954
6.305	0.012799128962512125
6.3100000000000005	0.012726096756789637
6.3149999999999995	0.012652835459245339
6.32	0.012579340480417919
6.325	0.012505607112162413
6.33	0.012431630523236079
6.335	0.012357405754676308
6.34	0.012282927714953745
6.345	0.01220819117488641
6.35	0.012133190762302406
6.355	0.012057920956437687
6.36	0.011982376082044922
6.365	0.01190655030320367
6.37	0.011830437616811651
6.375	0.011754031845731018
6.38	0.011677326631572655
6.385	0.011600315427095158
6.390000000000001	0.011522991488186755
6.395	0.011445347865411678
6.4	0.011367377395082966
6.405	0.011289072689831595
6.41	0.011210426128642896
6.415	0.011131429846311634
6.42	0.011052075722283115
6.425	0.010972355368833085
6.43	0.010892260118536168
6.4350000000000005	0.010811781010973492
6.4399999999999995	0.0107309087786187
6.445	0.010649633831847638
6.45	0.010567946242982953
6.455	0.010485835729329145
6.46	0.010403291635090014
6.465	0.01032030291209637
6.47	0.010236858099233855
6.475	0.010152945300469606
6.48	0.010068552161358171
6.485	0.009983665843901413
6.49	0.009898272999601299
6.495	0.009812359740572018
6.5	0.009725911608508523
6.505	0.009638913541344064
6.51	0.00955134983735249
6.515000000000001	0.00946320411647865
6.52	0.00937445927861464
6.525	0.009285097458528301
6.53	0.009195099977110264
6.535	0.009104447288564663
6.54	0.009013118923119082
6.545	0.008921093424794312
6.55	0.008828348283683897
6.555	0.008734859862160977
6.5600000000000005	0.00864060331431893
6.5649999999999995	0.008545552497874922
6.57	0.008449679877666856
6.575	0.008352956419736516
6.58	0.008255351474841164
6.585	0.00815683265010312
6.59	0.008057365667262532
6.595	0.007956914205793848
6.6	0.007855439728882455
6.605	0.007752901289866057
6.61	0.007649255316482716
6.615	0.007544455369637385
6.62	0.007438451872973044
6.625	0.007331191808812473
6.63	0.007222618375191746
6.635	0.007112670597734705
6.640000000000001	0.007001282888916541
6.645	0.006888384545668137
6.65	0.006773899174545345
6.655	0.006657744031185352
6.66	0.0065398292579780855
6.665	0.0064200570000651205
6.67	0.006298320375122582
6.675	0.006174502266201505
6.68	0.006048473899075101
6.6850000000000005	0.005920093155134764
6.6899999999999995	0.005789202557177284
6.695	0.005655626847187657
6.7	0.005519170050234136
6.705	0.005379611884823579
6.71	0.005236703332666829
6.715	0.0050901611140481235
6.72	0.004939660719339935
6.725	0.0047848275069492146
6.73	0.0046252251689585765
6.735	0.004460340546049101
6.74	0.004289563272181937
6.745	0.004112157920662514
6.75	0.003927224972247494
6.755	0.003733644581178316
6.76	0.0035299928565773954
6.765000000000001	0.003314412213618813
6.77	0.0030844006501590795
6.775	0.002836447778549969
6.78	0.0025653544655151253
6.785	0.0022628166805623833
6.79	0.0019139782612183985
6.795	0.0014865911776505275
6.8	0.0008719234099720275
6.805	0.
6.8100000000000005	0.
6.8149999999999995	0.
6.82	0.
6.825	0.
6.83	0.
6.835	0.
6.84	0.
6.845	0.
6.85	0.
6.855	0.
6.86	0.
6.865	0.
6.87	0.
6.875	0.
6.88	0.
6.885	0.
6.890000000000001	0.
6.895	0.
6.9	0.
6.905	0.
6.91	0.
6.915	0.
6.92	0.
6.925	0.
6.93	0.
6.9350000000000005	0.
6.9399999999999995	0.
6.945	0.
6.95	0.
6.955	0.
6.96	0.
6.965	0.
6.97	0.
6.975	0.
6.98	0.
6.985	0.
6.99	0.
6.995	0.
7.	0.
7.005	0.
7.01	0.
7.015000000000001	0.
7.02	0.
7.025	0.
7.03	0.
7.035	0.
7.04	0.
7.045	0.
7.05	0.
7.055	0.
7.0600000000000005	0.
7.0649999999999995	0.
7.07	0.
7.075	0.
7.08	0.
7.085	0.
7.09	0.
7.095	0.
7.1	0.
7.105	0.
7.11	0.
7.115	0.
7.12	0.
7.125	0.
7.13	0.
7.135	0.
7.140000000000001	0.
7.145	0.
7.15	0.
7.155	0.
7.16	0.
7.165	0.
7.17	0.
7.175	0.
7.18	0.
7.1850000000000005	0.
7.1899999999999995	0.
7.195	0.
7.2	0.
7.205	0.
7.21	0.
7.215	0.
7.220000000000001	0.
7.225	0.
7.23	0.
7.234999999999999	0.
7.24	0.
7.245	0.
7.25	0.
7.255	0.
7.26	0.
7.265000000000001	0.
7.27	0.
7.275	0.
7.28	0.
7.285	0.
7.29	0.
7.295	0.
7.300000000000001	0.
7.305	0.
7.3100000000000005	0.
7.3149999999999995	0.
7.32	0.
7.325	0.
7.33	0.
7.335	0.
7.34	0.
7.345000000000001	0.
7.35	0.
7.355	0.
7.359999999999999	0.
7.365	0.
7.37	0.
7.375	0.
7.38	0.
7.385	0.
7.390000000000001	0.
7.395	0.
7.4	0.
7.405	0.
7.41	0.
7.415	0.
7.42	0.
7.425000000000001	0.
7.43	0.
7.4350000000000005	0.
7.4399999999999995	0.
7.445	0.
7.45	0.
7.455	0.
7.46	0.
7.465	0.
7.470000000000001	0.
7.475	0.
7.48	0.
7.484999999999999	0.
7.49	0.
7.495	0.
7.5	0.
7.505	0.
7.51	0.
7.515000000000001	0.
7.52	0.
7.525	0.
7.53	0.
7.535	0.
7.54	0.
7.545	0.
7.550000000000001	0.
7.555	0.
7.5600000000000005	0.
7.5649999999999995	0.
7.57	0.
7.575	0.
7.58	0.
7.585	0.
7.59	0.
7.595000000000001	0.
7.6	0.
7.605	0.
7.609999999999999	0.
7.615	0.
7.62	0.
7.625	0.
7.63	0.
7.635	0.
7.640000000000001	0.
7.645	0.
7.65	0.
7.655	0.
7.66	0.
7.665	0.
7.67	0.
7.675000000000001	0.
7.68	0.
7.685	0.
7.6899999999999995	0.
7.694999999999999	0.
7.699999999999999	0.
7.704999999999999	0.
7.71	0.
7.715	0.
7.72	0.
7.725	0.
7.7299999999999995	0.
7.734999999999999	0.
7.739999999999999	0.
7.744999999999999	0.
7.75	0.
7.755	0.
7.76	0.
7.765	0.
7.77	0.
7.7749999999999995	0.
7.779999999999999	0.
7.784999999999999	0.
7.79	0.
7.795	0.
7.8	0.
7.805	0.
7.81	0.
7.8149999999999995	0.
7.819999999999999	0.
7.824999999999999	0.
7.829999999999999	0.
7.835	0.
7.84	0.
7.845	0.
7.85	0.
7.8549999999999995	0.
7.859999999999999	0.
7.864999999999999	0.
7.869999999999999	0.
7.875	0.
7.88	0.
7.885	0.
7.89	0.
7.895	0.
7.8999999999999995	0.
7.904999999999999	0.
7.909999999999999	0.
7.915	0.
7.92	0.
7.925	0.
7.93	0.
7.935	0.
7.9399999999999995	0.
7.944999999999999	0.
7.949999999999999	0.
7.955	0.
7.96	0.
7.965	0.
7.97	0.
7.975	0.
7.9799999999999995	0.
7.984999999999999	0.
7.989999999999999	0.
7.994999999999999	0.
8.	0.
8.004999999999999	0.
8.01	0.
8.014999999999999	0.
8.02	0.
8.025	0.
8.03	0.
8.035	0.
8.04	0.
8.045	0.
8.049999999999999	0.
8.055	0.
8.059999999999999	0.
8.065	0.
8.07	0.
8.075	0.
8.08	0.
8.084999999999999	0.
8.09	0.
8.094999999999999	0.
8.1	0.
8.105	0.
8.11	0.
8.115	0.
8.12	0.
8.125	0.
8.129999999999999	0.
8.135	0.
8.139999999999999	0.
8.145	0.
8.15	0.
8.155	0.
8.16	0.
8.165	0.
8.17	0.
8.174999999999999	0.
8.18	0.
8.184999999999999	0.
8.19	0.
8.195	0.
8.2	0.
8.205	0.
8.209999999999999	0.
8.215	0.
8.219999999999999	0.
8.225	0.
8.23	0.
8.235	0.
8.24	0.
8.245	0.
8.25	0.
8.254999999999999	0.
8.26	0.
8.264999999999999	0.
8.27	0.
8.275	0.
8.28	0.
8.285	0.
8.29	0.
8.295	0.
8.299999999999999	0.
8.305	0.
8.309999999999999	0.
8.315	0.
8.32	0.
8.325	0.
8.33	0.
8.334999999999999	0.
8.34	0.
8.344999999999999	0.
8.35	0.
8.355	0.
8.36	0.
8.365	0.
8.37	0.
8.375	0.
8.379999999999999	0.
8.385	0.
8.389999999999999	0.
8.395	0.
8.4	0.
8.405	0.
8.41	0.
8.415	0.
8.42	0.
8.424999999999999	0.
8.43	0.
8.434999999999999	0.
8.44	0.
8.445	0.
8.45	0.
8.455	0.
8.459999999999999	0.
8.465	0.
8.469999999999999	0.
8.475	0.
8.48	0.
8.485	0.
8.49	0.
8.495	0.
8.5	0.
8.504999999999999	0.
8.51	0.
8.515	0.
8.52	0.
8.525	0.
8.53	0.
8.535	0.
8.54	0.
8.545	0.
8.549999999999999	0.
8.555	0.
8.559999999999999	0.
8.565	0.
8.57	0.
8.575	0.
8.58	0.
8.584999999999999	0.
8.59	0.
8.594999999999999	0.
8.6	0.
8.605	0.
8.61	0.
8.615	0.
8.62	0.
8.625	0.
8.629999999999999	0.
8.635	0.
8.64	0.
8.645	0.
8.65	0.
8.655	0.
8.66	0.
8.665	0.
8.67	0.
8.674999999999999	0.
8.68	0.
8.684999999999999	0.
8.69	0.
8.695	0.
8.7	0.
8.705	0.
8.709999999999999	0.
8.715	0.
8.719999999999999	0.
8.725	0.
8.73	0.
8.735	0.
8.74	0.
8.745	0.
8.75	0.
8.754999999999999	0.
8.76	0.
8.765	0.
8.77	0.
8.775	0.
8.78	0.
8.785	0.
8.79	0.
8.795	0.
8.799999999999999	0.
8.805	0.
8.809999999999999	0.
8.815	0.
8.82	0.
8.825	0.
8.83	0.
8.834999999999999	0.
8.84	0.
8.844999999999999	0.
8.85	0.
8.855	0.
8.86	0.
8.865	0.
8.87	0.
8.875	0.
8.879999999999999	0.
8.885	0.
8.89	0.
8.895	0.
8.9	0.
8.905	0.
8.91	0.
8.915	0.
8.92	0.
8.924999999999999	0.
8.93	0.
8.934999999999999	0.
8.94	0.
8.945	0.
8.95	0.
8.955	0.
8.959999999999999	0.
8.965	0.
8.969999999999999	0.
8.975	0.
8.98	0.
8.985	0.
8.99	0.
8.995	0.
9.	0.
9.004999999999999	0.
9.01	0.
9.015	0.
9.02	0.
9.025	0.
9.03	0.
9.035	0.
9.04	0.
9.045	0.
9.049999999999999	0.
9.055	0.
9.059999999999999	0.
9.065	0.
9.07	0.
9.075	0.
9.08	0.
9.084999999999999	0.
9.09	0.
9.094999999999999	0.
9.1	0.
9.105	0.
9.11	0.
9.115	0.
9.12	0.
9.125	0.
9.129999999999999	0.
9.135	0.
9.14	0.
9.145	0.
9.15	0.
9.155	0.
9.16	0.
9.165	0.
9.17	0.
9.174999999999999	0.
9.18	0.
9.184999999999999	0.
9.19	0.
9.195	0.
9.2	0.
9.205	0.
9.209999999999999	0.
9.215	0.
9.219999999999999	0.
9.225	0.
9.23	0.
9.235	0.
9.24	0.
9.245	0.
9.25	0.
9.254999999999999	0.
9.26	0.
9.265	0.
9.27	0.
9.275	0.
9.28	0.
9.285	0.
9.29	0.
9.295	0.
9.299999999999999	0.
9.305	0.
9.309999999999999	0.
9.315	0.
9.32	0.
9.325	0.
9.33	0.
9.334999999999999	0.
9.34	0.
9.344999999999999	0.
9.35	0.
9.355	0.
9.36	0.
9.365	0.
9.37	0.
9.375	0.
9.379999999999999	0.
9.385	0.
9.39	0.
9.395	0.
9.4	0.
9.405	0.
9.41	0.
9.415	0.
9.42	0.
9.424999999999999	0.
9.43	0.
9.434999999999999	0.
9.44	0.
9.445	0.
9.45	0.
9.455	0.
9.459999999999999	0.
9.465	0.
9.469999999999999	0.
9.475	0.
9.48	0.
9.485	0.
9.49	0.
9.495	0.
9.5	0.
9.504999999999999	0.
9.51	0.
9.515	0.
9.52	0.
9.525	0.
9.53	0.
9.535	0.
9.54	0.
9.545	0.
9.549999999999999	0.
9.555	0.
9.559999999999999	0.
9.565	0.
9.57	0.
9.575	0.
9.58	0.
9.584999999999999	0.
9.59	0.
9.594999999999999	0.
9.6	0.
9.605	0.
9.61	0.
9.615	0.
9.62	0.
9.625	0.
9.629999999999999	0.
9.635	0.
9.64	0.
9.645	0.
9.65	0.
9.655	0.
9.66	0.
9.665	0.
9.67	0.
9.674999999999999	0.
9.68	0.
9.684999999999999	0.
9.69	0.
9.695	0.
9.7	0.
9.705	0.
9.709999999999999	0.
9.715	0.
9.719999999999999	0.
9.725	0.
9.73	0.
9.735	0.
9.74	0.
9.745	0.
9.75	0.
9.754999999999999	0.
9.76	0.
9.765	0.
9.77	0.
9.774999999999999	0.
9.78	0.
9.785	0.
9.79	0.
9.795	0.
9.8	0.
9.805	0.
9.809999999999999	0.
9.815	0.
9.82	0.
9.825	0.
9.83	0.
9.834999999999999	0.
9.84	0.
9.844999999999999	0.
9.85	0.
9.855	0.
9.86	0.
9.865	0.
9.87	0.
9.875	0.
9.879999999999999	0.
9.885	0.
9.89	0.
9.895	0.
9.899999999999999	0.
9.905	0.
9.91	0.
9.915	0.
9.92	0.
9.925	0.
9.93	0.
9.934999999999999	0.
9.94	0.
9.945	0.
9.95	0.
9.955	0.
9.959999999999999	0.
9.965	0.
9.969999999999999	0.
9.975	0.
9.98	0.
9.985	0.
9.99	0.
9.995	0.
10.	0.
10.004999999999999	0.
10.01	0.
10.015	0.
10.02	0.
10.024999999999999	0.
10.03	0.
10.035	0.
10.04	0.
10.045	0.
10.05	0.
10.055	0.
10.059999999999999	0.
10.065	0.
10.07	0.
10.075	0.
10.08	0.
10.084999999999999	0.
10.09	0.
10.094999999999999	0.
10.1	0.
10.105	0.
10.11	0.
10.115	0.
10.12	0.
10.125	0.
10.129999999999999	0.
10.135	0.
10.14	0.
10.145	0.
10.149999999999999	0.
10.155	0.
10.16	0.
10.165	0.
10.17	0.
10.175	0.
10.18	0.
10.184999999999999	0.
10.19	0.
10.195	0.
10.2	0.
10.205	0.
10.209999999999999	0.
10.215	0.
10.219999999999999	0.
10.225	0.
10.23	0.
10.235	0.
10.24	0.
10.245000000000001	0.
10.250000000000002	0.
10.255	0.
10.260000000000002	0.
10.265	0.
10.270000000000001	0.
10.275	0.
10.280000000000001	0.
10.285	0.
10.290000000000001	0.
10.295000000000002	0.
10.3	0.
10.305000000000001	0.
10.31	0.
10.315000000000001	0.
10.32	0.
10.325000000000001	0.
10.330000000000002	0.
10.335	0.
10.340000000000002	0.
10.345	0.
10.350000000000001	0.
10.355	0.
10.360000000000001	0.
10.365	0.
10.370000000000001	0.
10.375000000000002	0.
10.38	0.
10.385000000000002	0.
10.39	0.
10.395000000000001	0.
10.4	0.
10.405000000000001	0.
10.41	0.
10.415000000000001	0.
10.420000000000002	0.
10.425	0.
10.430000000000001	0.
10.435	0.
10.440000000000001	0.
10.445	0.
10.450000000000001	0.
10.455000000000002	0.
10.46	0.
10.465000000000002	0.
10.47	0.
10.475000000000001	0.
10.48	0.
10.485000000000001	0.
10.49	0.
10.495000000000001	0.
10.500000000000002	0.
10.505	0.
10.510000000000002	0.
10.515	0.
10.520000000000001	0.
10.525	0.
10.530000000000001	0.
10.535	0.
10.540000000000001	0.
10.545000000000002	0.
10.55	0.
10.555000000000001	0.
10.56	0.
10.565000000000001	0.
10.57	0.
10.575000000000001	0.
10.580000000000002	0.
10.585	0.
10.590000000000002	0.
10.595	0.
10.600000000000001	0.
10.605	0.
10.610000000000001	0.
10.615	0.
10.620000000000001	0.
10.625000000000002	0.
10.63	0.
10.635000000000002	0.
10.64	0.
10.645000000000001	0.
10.65	0.
10.655000000000001	0.
10.66	0.
10.665000000000001	0.
10.670000000000002	0.
10.675	0.
10.680000000000001	0.
10.685	0.
10.690000000000001	0.
10.695	0.
10.700000000000001	0.
10.705000000000002	0.
10.71	0.
10.715000000000002	0.
10.72	0.
10.725000000000001	0.
10.73	0.
10.735000000000001	0.
10.74	0.
10.745000000000001	0.
10.750000000000002	0.
10.755	0.
10.760000000000002	0.
10.765	0.
10.770000000000001	0.
10.775	0.
10.780000000000001	0.
10.785	0.
10.790000000000001	0.
10.795000000000002	0.
10.8	0.
10.805000000000001	0.
10.81	0.
10.815000000000001	0.
10.82	0.
10.825000000000001	0.
10.830000000000002	0.
10.835	0.
10.840000000000002	0.
10.845	0.
10.850000000000001	0.
10.855	0.
10.860000000000001	0.
10.865	0.
10.870000000000001	0.
10.875000000000002	0.
10.88	0.
10.885000000000002	0.
10.89	0.
10.895000000000001	0.
10.9	0.
10.905000000000001	0.
10.91	0.
10.915000000000001	0.
10.920000000000002	0.
10.925	0.
10.930000000000001	0.
10.935	0.
10.940000000000001	0.
10.945	0.
10.950000000000001	0.
10.955000000000002	0.
10.96	0.
10.965000000000002	0.
10.97	0.
10.975000000000001	0.
10.98	0.
10.985000000000001	0.
10.99	0.
10.995000000000001	0.
11.000000000000002	0.
11.005	0.
11.010000000000002	0.
11.015	0.
11.020000000000001	0.
11.025	0.
11.030000000000001	0.
11.035	0.
11.040000000000001	0.
11.045000000000002	0.
11.05	0.
11.055000000000001	0.
11.06	0.
11.065000000000001	0.
11.07	0.
11.075000000000001	0.
11.080000000000002	0.
11.085	0.
11.090000000000002	0.
11.095	0.
11.100000000000001	0.
11.105	0.
11.110000000000001	0.
11.115	0.
11.120000000000001	0.
11.125000000000002	0.
11.13	0.
11.135000000000002	0.
11.14	0.
11.145000000000001	0.
11.15	0.
11.155000000000001	0.
11.16	0.
11.165000000000001	0.
11.170000000000002	0.
11.175	0.
11.180000000000001	0.
11.185	0.
11.190000000000001	0.
11.195	0.
11.200000000000001	0.
11.205000000000002	0.
11.21	0.
11.215000000000002	0.
11.22	0.
11.225000000000001	0.
11.23	0.
11.235000000000001	0.
11.24	0.
11.245000000000001	0.
11.250000000000002	0.
11.255	0.
11.260000000000002	0.
11.265	0.
11.270000000000001	0.
11.275	0.
11.280000000000001	0.
11.285	0.
11.290000000000001	0.
11.295000000000002	0.
11.3	0.
11.305000000000001	0.
11.31	0.
11.315000000000001	0.
11.32	0.
11.325000000000001	0.
11.330000000000002	0.
11.335	0.
11.340000000000002	0.
11.345	0.
11.350000000000001	0.
11.355	0.
11.360000000000001	0.
11.365000000000002	0.
11.370000000000001	0.
11.375000000000002	0.
11.38	0.
11.385000000000002	0.
11.39	0.
11.395000000000001	0.
11.4	0.
11.405000000000001	0.
11.41	0.
11.415000000000001	0.
11.420000000000002	0.
11.425	0.
11.430000000000001	0.
11.435	0.
11.440000000000001	0.
11.445	0.
11.450000000000001	0.
11.455000000000002	0.
11.46	0.
11.465000000000002	0.
11.47	0.
11.475000000000001	0.
11.48	0.
11.485000000000001	0.
11.490000000000002	0.
11.495000000000001	0.
11.500000000000002	0.
11.505	0.
11.510000000000002	0.
11.515	0.
11.520000000000001	0.
11.525	0.
11.530000000000001	0.
11.535	0.
11.540000000000001	0.
11.545000000000002	0.
11.55	0.
11.555000000000001	0.
11.56	0.
11.565000000000001	0.
11.57	0.
11.575000000000001	0.
11.580000000000002	0.
11.585	0.
11.590000000000002	0.
11.595	0.
11.600000000000001	0.
11.605	0.
11.610000000000001	0.
11.615000000000002	0.
11.620000000000001	0.
11.625000000000002	0.
11.63	0.
11.635000000000002	0.
11.64	0.
11.645000000000001	0.
11.65	0.
11.655000000000001	0.
11.66	0.
11.665000000000001	0.
11.670000000000002	0.
11.675	0.
11.680000000000001	0.
11.685	0.
11.690000000000001	0.
11.695	0.
11.700000000000001	0.
11.705000000000002	0.
11.71	0.
11.715000000000002	0.
11.72	0.
11.725000000000001	0.
11.73	0.
11.735000000000001	0.
11.740000000000002	0.
11.745000000000001	0.
11.750000000000002	0.
11.755	0.
11.760000000000002	0.
11.765	0.
11.770000000000001	0.
11.775	0.
11.780000000000001	0.
11.785	0.
11.790000000000001	0.
11.795000000000002	0.
11.8	0.
11.805000000000001	0.
11.81	0.
11.815000000000001	0.
11.82	0.
11.825000000000001	0.
11.830000000000002	0.
11.835	0.
11.840000000000002	0.
11.845	0.
11.850000000000001	0.
11.855	0.
11.860000000000001	0.
11.865000000000002	0.
11.870000000000001	0.
11.875000000000002	0.
11.88	0.
11.885000000000002	0.
11.89	0.
11.895000000000001	0.
11.9	0.
11.905000000000001	0.
11.91	0.
11.915000000000001	0.
11.920000000000002	0.
11.925	0.
11.930000000000001	0.
11.935	0.
11.940000000000001	0.
11.945	0.
11.950000000000001	0.
11.955000000000002	0.
11.96	0.
11.965000000000002	0.
11.97	0.
11.975000000000001	0.
11.98	0.
11.985000000000001	0.
11.990000000000002	0.
11.995000000000001	0.
12.000000000000002	0.
12.005	0.
12.010000000000002	0.
12.015	0.
12.020000000000001	0.
12.025	0.
12.030000000000001	0.
12.035	0.
12.040000000000001	0.
12.045000000000002	0.
12.05	0.
12.055000000000001	0.
12.06	0.
12.065000000000001	0.
12.07	0.
12.075000000000001	0.
12.080000000000002	0.
12.085	0.
12.090000000000002	0.
12.095	0.
12.100000000000001	0.
12.105	0.
12.110000000000001	0.
12.115000000000002	0.
12.120000000000001	0.
12.125000000000002	0.
12.13	0.
12.135000000000002	0.
12.14	0.
12.145000000000001	0.
12.15	0.
12.155000000000001	0.
12.16	0.
12.165000000000001	0.
12.170000000000002	0.
12.175	0.
12.180000000000001	0.
12.185	0.
12.190000000000001	0.
12.195	0.
12.200000000000001	0.
12.205000000000002	0.
12.21	0.
12.215000000000002	0.
12.22	0.
12.225000000000001	0.
12.23	0.
12.235000000000001	0.
12.240000000000002	0.
12.245000000000001	0.
12.25	0.
12.255	0.
12.260000000000002	0.
12.265	0.
12.270000000000001	0.
12.275000000000002	0.
12.280000000000001	0.
12.285	0.
12.290000000000001	0.
12.295000000000002	0.
12.3	0.
12.305000000000001	0.
12.31	0.
12.315000000000001	0.
12.32	0.
12.325000000000001	0.
12.330000000000002	0.
12.335	0.
12.340000000000002	0.
12.345	0.
12.350000000000001	0.
12.355	0.
12.360000000000001	0.
12.365000000000002	0.
12.370000000000001	0.
12.375	0.
12.38	0.
12.385000000000002	0.
12.39	0.
12.395000000000001	0.
12.400000000000002	0.
12.405000000000001	0.
12.41	0.
12.415000000000001	0.
12.420000000000002	0.
12.425	0.
12.430000000000001	0.
12.435	0.
12.440000000000001	0.
12.445	0.
12.450000000000001	0.
12.455000000000002	0.
12.46	0.
12.465000000000002	0.
12.47	0.
12.475000000000001	0.
12.48	0.
12.485000000000001	0.
12.490000000000002	0.
12.495000000000001	0.
12.5	0.
12.505	0.
12.510000000000002	0.
12.515	0.
12.520000000000001	0.
12.525000000000002	0.
12.530000000000001	0.
12.535	0.
12.540000000000001	0.
12.545000000000002	0.
12.55	0.
12.555000000000001	0.
12.56	0.
12.565000000000001	0.
12.57	0.
12.575000000000001	0.
12.580000000000002	0.
12.585	0.
12.590000000000002	0.
12.595	0.
12.600000000000001	0.
12.605	0.
12.610000000000001	0.
12.615000000000002	0.
12.620000000000001	0.
12.625	0.
12.63	0.
12.635000000000002	0.
12.64	0.
12.645000000000001	0.
12.650000000000002	0.
12.655000000000001	0.
12.66	0.
12.665000000000001	0.
12.670000000000002	0.
12.675	0.
12.680000000000001	0.
12.685	0.
12.690000000000001	0.
12.695	0.
12.700000000000001	0.
12.705000000000002	0.
12.71	0.
12.715000000000002	0.
12.72	0.
12.725000000000001	0.
12.73	0.
12.735000000000001	0.
12.740000000000002	0.
12.745000000000001	0.
12.75	0.
12.755	0.
12.760000000000002	0.
12.765	0.
12.770000000000001	0.
12.775000000000002	0.
12.780000000000001	0.
12.785	0.
12.790000000000001	0.
12.795000000000002	0.
12.8	0.
12.805000000000001	0.
12.810000000000002	0.
12.815000000000001	0.
12.820000000000002	0.
12.825000000000001	0.
12.830000000000002	0.
12.835	0.
12.840000000000002	0.
12.845	0.
12.850000000000001	0.
12.855000000000002	0.
12.860000000000001	0.
12.865000000000002	0.
12.870000000000001	0.
12.875000000000002	0.
12.88	0.
12.885000000000002	0.
12.890000000000002	0.
12.895000000000001	0.
12.900000000000002	0.
12.905000000000001	0.
12.910000000000002	0.
12.915000000000001	0.
12.920000000000002	0.
12.925	0.
12.930000000000001	0.
12.935000000000002	0.
12.940000000000001	0.
12.945000000000002	0.
12.950000000000001	0.
12.955000000000002	0.
12.96	0.
12.965000000000002	0.
12.97	0.
12.975000000000001	0.
12.980000000000002	0.
12.985000000000001	0.
12.990000000000002	0.
12.995000000000001	0.
13.000000000000002	0.
13.005	0.
13.010000000000002	0.
13.015000000000002	0.
13.020000000000001	0.
13.025000000000002	0.
13.030000000000001	0.
13.035000000000002	0.
13.040000000000001	0.
13.045000000000002	0.
13.05	0.
13.055000000000001	0.
13.060000000000002	0.
13.065000000000001	0.
13.070000000000002	0.
13.075000000000001	0.
13.080000000000002	0.
13.085	0.
13.090000000000002	0.
13.095	0.
13.100000000000001	0.
13.105000000000002	0.
13.110000000000001	0.
13.115000000000002	0.
13.120000000000001	0.
13.125000000000002	0.
13.13	0.
13.135000000000002	0.
13.140000000000002	0.
13.145000000000001	0.
13.150000000000002	0.
13.155000000000001	0.
13.160000000000002	0.
13.165000000000001	0.
13.170000000000002	0.
13.175	0.
13.180000000000001	0.
13.185000000000002	0.
13.190000000000001	0.
13.195000000000002	0.
13.200000000000001	0.
13.205000000000002	0.
13.21	0.
13.215000000000002	0.
13.220000000000002	0.
13.225000000000001	0.
13.230000000000002	0.
13.235000000000001	0.
13.240000000000002	0.
13.245000000000001	0.
13.250000000000002	0.
13.255	0.
13.260000000000002	0.
13.265000000000002	0.
13.270000000000001	0.
13.275000000000002	0.
13.280000000000001	0.
13.285000000000002	0.
13.290000000000001	0.
13.295000000000002	0.
13.3	0.
13.305000000000001	0.
13.310000000000002	0.
13.315000000000001	0.
13.320000000000002	0.
13.325000000000001	0.
13.330000000000002	0.
13.335	0.
13.340000000000002	0.
13.345000000000002	0.
13.350000000000001	0.
13.355000000000002	0.
13.360000000000001	0.
13.365000000000002	0.
13.370000000000001	0.
13.375000000000002	0.
13.38	0.
13.385000000000002	0.
13.39	0.
13.395000000000001	0.
13.400000000000002	0.
13.405000000000001	0.
13.410000000000002	0.
13.415000000000001	0.
13.420000000000002	0.
13.425	0.
13.430000000000001	0.
13.435000000000002	0.
13.440000000000001	0.
13.445000000000002	0.
13.450000000000001	0.
13.455000000000002	0.
13.46	0.
13.465000000000002	0.
13.470000000000002	0.
13.475000000000001	0.
13.480000000000002	0.
13.485000000000001	0.
13.490000000000002	0.
13.495000000000001	0.
13.500000000000002	0.
13.505	0.
13.510000000000002	0.
13.515	0.
13.520000000000001	0.
13.525000000000002	0.
13.530000000000001	0.
13.535000000000002	0.
13.540000000000001	0.
13.545000000000002	0.
13.55	0.
13.555000000000001	0.
13.560000000000002	0.
13.565000000000001	0.
13.570000000000002	0.
13.575000000000001	0.
13.580000000000002	0.
13.585	0.
13.590000000000002	0.
13.595000000000002	0.
13.600000000000001	0.
13.605000000000002	0.
13.610000000000001	0.
13.615000000000002	0.
13.620000000000001	0.
13.625000000000002	0.
13.63	0.
13.635000000000002	0.
13.64	0.
13.645000000000001	0.
13.650000000000002	0.
13.655000000000001	0.
13.660000000000002	0.
13.665000000000001	0.
13.670000000000002	0.
13.675	0.
13.680000000000001	0.
13.685000000000002	0.
13.690000000000001	0.
13.695000000000002	0.
13.700000000000001	0.
13.705000000000002	0.
13.71	0.
13.715000000000002	0.
13.720000000000002	0.
13.725000000000001	0.
13.730000000000002	0.
13.735000000000001	0.
13.740000000000002	0.
13.745000000000001	0.
13.750000000000002	0.
13.755	0.
13.760000000000002	0.
13.765	0.
13.770000000000001	0.
13.775000000000002	0.
13.780000000000001	0.
13.785000000000002	0.
13.790000000000001	0.
13.795000000000002	0.
13.8	0.
13.805000000000001	0.
13.810000000000002	0.
13.815000000000001	0.
13.820000000000002	0.
13.825000000000001	0.
13.830000000000002	0.
13.835	0.
13.840000000000002	0.
13.845000000000002	0.
13.850000000000001	0.
13.855000000000002	0.
13.860000000000001	0.
13.865000000000002	0.
13.870000000000001	0.
13.875000000000002	0.
13.88	0.
13.885000000000002	0.
13.89	0.
13.895000000000001	0.
13.900000000000002	0.
13.905000000000001	0.
13.910000000000002	0.
13.915000000000001	0.
13.920000000000002	0.
13.925	0.
13.930000000000001	0.
13.935000000000002	0.
13.940000000000001	0.
13.945000000000002	0.
13.950000000000001	0.
13.955000000000002	0.
13.96	0.
13.965000000000002	0.
13.970000000000002	0.
13.975000000000001	0.
13.980000000000002	0.
13.985000000000001	0.
13.990000000000002	0.
13.995000000000001	0.
14.	0.