0.005	0.
0.01	0.
0.015	0.
0.02	0.
0.025	0.
0.030000000000000002	0.
0.034999999999999996	0.
0.04	0.
0.045	0.
0.049999999999999996	0.
0.055	0.
0.06	0.
0.065	0.
0.07	0.
0.07500000000000001	0.
0.08	0.
0.085	0.
0.09000000000000001	0.
0.095	0.
0.1	0.
0.10500000000000001	0.
0.11	0.
0.115	0.
0.12000000000000001	0.
0.125	0.
0.13	0.
0.135	0.
0.14	0.
0.14500000000000002	0.
0.15	0.
0.155	0.
0.16	0.
0.165	0.
0.17	0.03066692680254338
0.17500000000000002	0.08243773404458896
0.18000000000000002	0.10953415584765334
0.185	0.12893656118584168
0.19	0.144030050244905
0.195	0.1562578623522013
0.2	0.16640662205435347
0.20500000000000002	0.17496543890591693
0.21000000000000002	0.1822646984776021
0.215	0.18854062269374558
0.22	0.19396922726196322
0.225	0.19868583100823675
0.23	0.20279703783157682
0.23500000000000001	0.20638849032344292
0.24000000000000002	0.20953010243975873
0.245	0.2122797146900914
0.25	0.2146857218598044
0.255	0.21678900855213556
0.26	0.21862440481873116
0.265	0.22022180069850456
0.27	0.22160701304291977
0.275	0.22280246900622824
0.28	0.22382775156118997
0.28500000000000003	0.22470003962386612
0.29000000000000004	0.22543446660031127
0.295	0.22604441502975994
0.3	0.22654176062759937
0.305	0.2269370758688783
0.31	0.22723980093202417
0.315	0.2274583880963884
0.32	0.22760042438823821
0.325	0.22767273628132742
0.33	0.22768147949822518
0.335	0.22763221636893202
0.34	0.22752998274166525
0.34500000000000003	0.22737934607640048
0.35000000000000003	0.22718445606211396
0.35500000000000004	0.22694908886668208
0.36	0.22667668594147203
0.365	0.22637038815099927
0.37	0.22603306587436842
0.375	0.22566734562374938
0.38	0.22527563364153946
0.385	0.22486013686857093
0.39	0.2244228816180959
0.395	0.22396573024211436
0.4	0.22349039603614335
0.405	0.22299845659453837
0.41000000000000003	0.2224913657996296
0.41500000000000004	0.22197046460351733
0.42000000000000004	0.22143699074060263
0.425	0.22089208749111117
0.43	0.22033681160071442
0.435	0.21977214044822227
0.44	0.21919897854210424
0.445	0.2186181634168407
0.45	0.2180304709916895
0.455	0.21743662044714418
0.46	0.21683727866798955
0.465	0.2162330642963048
0.47000000000000003	0.2156245514329386
0.47500000000000003	0.21501227302168438
0.48000000000000004	0.21439672394671386
0.485	0.2137783638704919
0.49	0.21315761983654888
0.495	0.21253488865891138
0.5	0.21191053911775368
0.505	0.21128491397881674
0.51	0.21065833185239674
0.515	0.2100310889061154
0.52	0.20940346044426955
0.525	0.20877570236535425
0.53	0.208148052508184
0.535	0.2075207318960896
0.54	0.20689394588775534
0.545	0.20626788524244147
0.55	0.20564272710668666
0.555	0.2050186359288478
0.56	0.20439576430737127
0.5650000000000001	0.20377425377801375
0.5700000000000001	0.20315423554496873
0.5750000000000001	0.20253583116019977
0.5800000000000001	0.20191915315508538
0.585	0.20130430562803134
0.59	0.20069138479142998
0.595	0.20008047948104862
0.6	0.19947167163067844
0.605	0.19886503671463363
0.61	0.19826064416048053
0.615	0.1976585577342009
0.62	0.19705883589977854
0.625	0.19646153215505346
0.63	0.1958666953455765
0.635	0.1952743699580182
0.64	0.19468459639454722
0.645	0.19409741122957247
0.65	0.193512847450028
0.655	0.19293093468035064
0.66	0.19235169939325256
0.665	0.19177516510714718
0.67	0.19120135257127163
0.675	0.19063027993921094
0.68	0.19006196293167776
0.685	0.18949641498924824
0.6900000000000001	0.18893364741566315
0.6950000000000001	0.1883736695124111
0.7000000000000001	0.1878164887050793
0.7050000000000001	0.18726211066201695
0.71	0.1867105394058611
0.715	0.18616177741834378
0.72	0.18561582573875404
0.725	0.18507268405660607
0.73	0.18453235079869368
0.735	0.18399482321103328
0.74	0.1834600974359356
0.745	0.1829281685845497
0.75	0.18239903080507455
0.755	0.18187267734703585
0.76	0.1813491006217826
0.765	0.18082829225940353
0.77	0.1803102431623985
0.775	0.1797949435561485
0.78	0.17928238303652355
0.785	0.17877255061469186
0.79	0.17826543475932938
0.795	0.17776102343641914
0.8	0.17725930414674151
0.805	0.17676026396116748
0.81	0.17626388955394168
0.8150000000000001	0.17577016723408379
0.8200000000000001	0.17527908297489844
0.8250000000000001	0.17479062244189209
0.8300000000000001	0.17430477101894573
0.8350000000000001	0.17382151383309238
0.84	0.1733408357778098
0.845	0.17286272153500643
0.85	0.17238715559568085
0.855	0.17191412227944394
0.86	0.1714436057528568
0.865	0.1709755900467349
0.87	0.17051005907245284
0.875	0.17004699663727066
0.88	0.16958638645875554
0.885	0.16912821217840723
0.89	0.1686724573744173
0.895	0.16821910557373526
0.9	0.16776814026335785
0.905	0.16731954490098497
0.91	0.1668733029250109
0.915	0.16642939776394233
0.92	0.1659878128452353
0.925	0.1655485316035281
0.93	0.16511153748847204
0.935	0.16467681397203418
0.9400000000000001	0.16424434455532644
0.9450000000000001	0.1638141127749851
0.9500000000000001	0.16338610220915534
0.9550000000000001	0.16296029648329363
0.9600000000000001	0.16253667927510723
0.965	0.16211523431971364
0.97	0.16169594541410565
0.975	0.1612787964214645
0.98	0.160863771275069
0.985	0.1604508539820944
0.99	0.16004002862702296
0.995	0.1596312793747896
1.	0.15922459047375845
1.005	0.15881994625848883
1.01	0.15841733115225112
1.015	0.1580167296693206
1.02	0.1576181264171072
1.025	0.15722150609843602
1.0299999999999998	0.15682685351978826
1.035	0.1564341535572546
1.0399999999999998	0.15604339123538613
1.045	0.1556545516380136
1.0499999999999998	0.1552676199735181
1.055	0.15488258154686296
1.0599999999999998	0.15449942176832757
1.065	0.15411812615469328
1.0699999999999998	0.15373868032796598
1.075	0.15336107001854132
1.0799999999999998	0.1529852810630125
1.085	0.1526112994065977
1.0899999999999999	0.1522391111032021
1.095	0.1518687023146762
1.0999999999999999	0.15150005931242794
1.105	0.15113316847645475
1.1099999999999999	0.1507680162962275
1.115	0.15040458937017995
1.1199999999999999	0.1500428744062263
1.125	0.14968285822099422
1.13	0.14932452774040242
1.135	0.1489678699987278
1.14	0.14861287213915914
1.145	0.14825952141291687
1.15	0.14790780517917806
1.155	0.1475577109047117
1.16	0.1472092261634974
1.1649999999999998	0.14686233863621234
1.17	0.14651703610992825
1.1749999999999998	0.14617330647747157
1.18	0.14583113773707687
1.1849999999999998	0.14549051799162163
1.19	0.14515143544832093
1.1949999999999998	0.14481387841803858
1.2	0.14447783531457986
1.2049999999999998	0.14414329465430636
1.21	0.14381024505524392
1.2149999999999999	0.14347867523667396
1.22	0.1431485740182623
1.2249999999999999	0.14281993031946838
1.23	0.14249273315890743
1.2349999999999999	0.14216697165355352
1.24	0.14184263501804203
1.2449999999999999	0.14151971256400425
1.25	0.1411981936992615
1.255	0.14087806792716362
1.26	0.14055932484579003
1.265	0.14024195414719054
1.27	0.13992594561667318
1.275	0.13961128913201218
1.28	0.13929797466272933
1.285	0.1389859922692274
1.2899999999999998	0.13867533210215213
1.295	0.13836598440150663
1.2999999999999998	0.138057939495949
1.305	0.13775118780203327
1.3099999999999998	0.1374457198233213
1.315	0.13714152614979355
1.3199999999999998	0.1368385974568355
1.325	0.1365369245047286
1.3299999999999998	0.13623649813767433
1.335	0.13593730928312223
1.3399999999999999	0.1356393489509914
1.345	0.13534260823289326
1.3499999999999999	0.13504707830135962
1.355	0.1347527504091163
1.3599999999999999	0.13445961588824307
1.365	0.13416766614958492
1.3699999999999999	0.1338768926817831
1.375	0.1335872870507188
1.38	0.1332988408986614
1.385	0.1330115459435896
1.39	0.13272539397838512
1.395	0.13244037687019533
1.4	0.13215648655960427
1.405	0.13187371506003245
1.41	0.1315920544568976
1.4149999999999998	0.13131149690700575
1.42	0.1310320346377407
1.4249999999999998	0.13075365994647156
1.43	0.1304763651998012
1.4349999999999998	0.13020014283286196
1.44	0.12992498534867086
1.4449999999999998	0.12965088531738042
1.45	0.12937783537575287
1.4549999999999998	0.129105828226238
1.46	0.12883485663659275
1.4649999999999999	0.12856491343904536
1.47	0.12829599152967924
1.4749999999999999	0.12802808386780185
1.48	0.12776118347529136
1.4849999999999999	0.12749528343599686
1.49	0.12723037689504008
1.4949999999999999	0.1269664570582469
1.5	0.12670351719153644
1.505	0.12644155062023735
1.51	0.12618055072857653
1.515	0.12592051095899742
1.52	0.1256614248115988
1.525	0.12540328584357222
1.53	0.12514608766857427
1.535	0.12488982395615028
1.54	0.12463448843119883
1.545	0.12438007487336422
1.5499999999999998	0.12412657711649284
1.555	0.12387398904810863
1.5599999999999998	0.12362230460878976
1.565	0.12337151779170405
1.5699999999999998	0.12312162264198488
1.575	0.12287261325630566
1.5799999999999998	0.12262448378226064
1.585	0.12237722841785438
1.5899999999999999	0.1221308414110517
1.595	0.12188531705919123
1.5999999999999999	0.12164064970849416
1.605	0.121396833753608
1.6099999999999999	0.12115386363705567
1.615	0.12091173384878376
1.6199999999999999	0.12067043892563802
1.625	0.12042997345094388
1.63	0.12019033205397817
1.635	0.11995150940948293
1.64	0.11971350023728888
1.645	0.11947629930177726
1.65	0.11923990141143574
1.655	0.1190043014184354
1.66	0.11876949421817089
1.665	0.11853547474881279
1.67	0.1183022379908901
1.6749999999999998	0.11806977896683436
1.68	0.11783809274059107
1.6849999999999998	0.11760717441715789
1.69	0.11737701914218646
1.6949999999999998	0.11714762210157638
1.7	0.11691897852106693
1.7049999999999998	0.11669108366579937
1.71	0.1164639328399766
1.7149999999999999	0.1162375213864298
1.72	0.11601184468622829
1.7249999999999999	0.11578689815831483
1.73	0.11556267725910084
1.7349999999999999	0.11533917748210945
1.74	0.11511639435758973
1.7449999999999999	0.11489432345213361
1.75	0.11467296036836343
1.755	0.11445230074451437
1.76	0.11423234025408077
1.765	0.114013074605526
1.77	0.11379449954185861
1.775	0.11357661084032011
1.78	0.11335940431204794
1.785	0.11314287580173313
1.79	0.11292702118726874
1.795	0.112711836379451
1.7999999999999998	0.1124973173216305
1.805	0.11228345998939916
1.8099999999999998	0.11207026039026972
1.815	0.11185771456335658
1.8199999999999998	0.11164581857905552
1.825	0.11143456853876892
1.8299999999999998	0.11122396057454606
1.835	0.11101399084883222
1.8399999999999999	0.1108046555541363
1.845	0.110595950912773
1.8499999999999999	0.11038787317650844
1.855	0.11018041862635443
1.8599999999999999	0.10997358357218648
1.865	0.10976736435255975
1.8699999999999999	0.10956175733435179
1.875	0.10935675891253993
1.88	0.10915236550988133
1.885	0.10894857357668127
1.89	0.10874537959052372
1.895	0.10854278005595962
1.9	0.10834077150431633
1.905	0.10813935049339216
1.91	0.10793851360720728
1.915	0.10773825745575041
1.92	0.10753857867475049
1.9249999999999998	0.1073394739254127
1.93	0.10714093989417016
1.9349999999999998	0.10694297329243455
1.94	0.10674557085638371
1.9449999999999998	0.10654872934670415
1.95	0.10635244554837917
1.9549999999999998	0.10615671627041261
1.96	0.10596153834565235
1.9649999999999999	0.10576690863052388
1.97	0.10557282400484186
1.9749999999999999	0.10537928137156158
1.98	0.10518627765654494
1.9849999999999999	0.10499380980840892
1.99	0.10480187479823073
1.9949999999999999	0.10461046961940246
2.	0.10441959128737531
2.005	0.10422923683948088
2.01	0.10403940333469501
2.015	0.10385008785347714
2.02	0.1036612874975332
2.025	0.10347299938964738
2.03	0.1032852206734348
2.035	0.10309794851322475
2.04	0.10291118009378765
2.045	0.10272491262019665
2.05	0.10253914331763778
2.0549999999999997	0.10235386943118101
2.06	0.10216908822564957
2.065	0.10198479698540105
2.07	0.10180099301416189
2.0749999999999997	0.10161767363486035
2.08	0.10143483618941224
2.085	0.10125247803859129
2.09	0.10107059656181745
2.0949999999999998	0.1008891891570196
2.1	0.10070825324043875
2.105	0.10052778624649081
2.11	0.10034778562756644
2.1149999999999998	0.10016824885388122
2.12	0.09998917341332375
2.125	0.099810556811296
2.13	0.09963239657053298
2.135	0.09945469023096008
2.14	0.09927743534953958
2.145	0.0991006295001205
2.15	0.0989242702732654
2.155	0.0987483552761182
2.16	0.09857288213226052
2.165	0.09839784848154826
2.17	0.09822325197996737
2.175	0.09804909029950633
2.18	0.09787536112798476
2.185	0.09770206216895207
2.19	0.09752919114148612
2.195	0.0973567457801322
2.1999999999999997	0.09718472383470735
2.205	0.09701312307017358
2.21	0.09684194126653357
2.215	0.09667117621865692
2.2199999999999998	0.09650082573619095
2.225	0.09633088764338642
2.23	0.09616135977901567
2.235	0.0959922399961926
2.2399999999999998	0.09582352616229525
2.245	0.09565521615879616
2.25	0.09548730788119447
2.255	0.09531979923883929
2.26	0.09515268815482324
2.265	0.09498597256588547
2.27	0.09481965042226755
2.275	0.09465371968761115
2.28	0.09448817833882801
2.285	0.09432302436600062
2.29	0.0941582557722431
2.295	0.09399387057362148
2.3	0.09382986679901828
2.305	0.09366624249003191
2.31	0.09350299570085623
2.315	0.09334012449817948
2.32	0.09317762696107763
2.3249999999999997	0.09301550118092212
2.33	0.09285374526123583
2.335	0.09269235731761996
2.34	0.09253133547765871
2.3449999999999998	0.09237067788077102
2.35	0.09221038267816557
2.355	0.09205044803271217
2.36	0.0918908721188224
2.3649999999999998	0.09173165312239934
2.37	0.09157278924070411
2.375	0.09141427868227367
2.38	0.0912561196668114
2.385	0.09109831042511392
2.39	0.09094084919895316
2.395	0.09078373424101929
2.4	0.09062696381478656
2.405	0.09047053619444502
2.41	0.09031444966481637
2.415	0.09015870252125002
2.42	0.0900032930695319
2.425	0.08984821962583055
2.43	0.08969348051656242
2.435	0.0895390740783351
2.44	0.08938499865785585
2.445	0.08923125261185876
2.4499999999999997	0.08907783430700222
2.455	0.08892474211978756
2.46	0.08877197443649733
2.465	0.08861952965309222
2.4699999999999998	0.08846740617514791
2.475	0.08831560241775874
2.48	0.08816411680547613
2.485	0.08801294777220953
2.4899999999999998	0.08786209376117894
2.495	0.08771155322480277
2.5	0.08756132462465399
2.505	0.08741140643136286
2.51	0.08726179712455463
2.515	0.08711249519276913
2.52	0.0869634991333935
2.525	0.08681480745258115
2.53	0.08666641866519033
2.535	0.08651833129470182
2.54	0.08637054387317092
2.545	0.08622305494111687
2.55	0.08607586304749539
2.555	0.08592896674960614
2.56	0.08578236461303729
2.565	0.08563605521158357
2.57	0.0854900371271938
2.5749999999999997	0.08534430894990223
2.58	0.08519886927775462
2.585	0.08505371671674997
2.59	0.08490884988077863
2.5949999999999998	0.08476426739155733
2.6	0.08461996787854592
2.605	0.08447594997893015
2.61	0.084332212337509
2.6149999999999998	0.08418875360667322
2.62	0.08404557244631011
2.625	0.08390266752377944
2.63	0.08376003751381934
2.635	0.08361768109851286
2.64	0.08347559696720172
2.645	0.08333378381646848
2.65	0.08319224035004179
2.655	0.08305096527875026
2.66	0.08290995732046862
2.665	0.0827692152000753
2.67	0.08262873764935164
2.675	0.082488523406992
2.68	0.08234857121848527
2.685	0.0822088798361077
2.69	0.08206944801883868
2.695	0.08193027453232515
2.7	0.08179135814881981
2.705	0.08165269764713015
2.71	0.08151429181257418
2.715	0.0813761394369129
2.7199999999999998	0.08123823931831438
2.725	0.08110059026129185
2.73	0.08096319107666668
2.735	0.08082604058150217
2.7399999999999998	0.08068913759906728
2.745	0.08055248095877422
2.75	0.08041606949615583
2.755	0.08027990205277384
2.76	0.08014397747621897
2.765	0.08000829462002733
2.77	0.0798728523436595
2.775	0.07973764951243296
2.78	0.07960268499747639
2.785	0.07946795767571595
2.79	0.0793334664297829
2.795	0.0791992101480027
2.8	0.07906518772433832
2.8049999999999997	0.07893139805833911
2.81	0.0787978400551111
2.815	0.07866451262526318
2.82	0.07853141468486573
2.825	0.07839854515541589
2.83	0.07826590296377599
2.835	0.07813348704215177
2.84	0.0780012963280354
2.8449999999999998	0.07786932976417567
2.85	0.07773758629853078
2.855	0.07760606488422489
2.86	0.07747476447950583
2.8649999999999998	0.07734368404772232
2.87	0.07721282255725435
2.875	0.07708217898150618
2.88	0.0769517522988362
2.885	0.07682154149254346
2.89	0.07669154555081009
2.895	0.07656176346667733
2.9	0.07643219423799687
2.905	0.07630283686739513
2.91	0.07617369036224102
2.915	0.07604475373460143
2.92	0.07591602600120931
2.925	0.07578750618342782
2.9299999999999997	0.07565919330720573
2.935	0.07553108640305328
2.94	0.07540318450599282
2.945	0.07527548665553438
2.95	0.0751479918956396
2.955	0.07502069927467372
2.96	0.0748936078453869
2.965	0.07476671666487404
2.9699999999999998	0.07464002479453317
2.975	0.07451353130004332
2.98	0.07438723525132085
2.985	0.07426113572249168
2.9899999999999998	0.07413523179185937
2.995	0.07400952254185791
3.	0.0738840070590449
3.005	0.07375868443403909
3.01	0.07363355376151125
3.015	0.0735086141401453
3.02	0.07338386467259676
3.025	0.07325930446547256
3.03	0.07313493262929753
3.035	0.0730107482784791
3.04	0.07288675053127897
3.045	0.07276293850977808
3.05	0.07263931133985911
3.0549999999999997	0.07251586815115775
3.06	0.07239260807704373
3.065	0.07226953025459132
3.07	0.07214663382454191
3.075	0.07202391793128457
3.08	0.07190138172281826
3.085	0.07177902435072504
3.09	0.07165684497014452
3.0949999999999998	0.07153484273973917
3.1	0.07141301682167316
3.105	0.07129136638157185
3.11	0.07116989058850942
3.115	0.07104858861497082
3.12	0.07092745963682245
3.125	0.07080650283328888
3.13	0.0706857173869279
3.135	0.07056510248359434
3.14	0.07044465731242106
3.145	0.07032438106578982
3.15	0.07020427293930205
3.155	0.07008433213175122
3.16	0.06996455784510408
3.165	0.06984494928446647
3.17	0.06972550565805916
3.175	0.06960622617719577
3.1799999999999997	0.0694871100562488
3.185	0.06936815651263221
3.19	0.06924936476677063
3.195	0.06913073404207727
3.2	0.06901226356492698
3.205	0.06889395256463057
3.21	0.06877580027341075
3.215	0.0686578059263787
3.2199999999999998	0.06853996876150613
3.225	0.06842228801960373
3.23	0.06830476294429437
3.235	0.06818739278199208
3.24	0.06807017678187431
3.245	0.06795311419586084
3.25	0.06783620427858734
3.255	0.06771944628738456
3.26	0.06760283948225322
3.265	0.06748638312583881
3.27	0.06737007648341198
3.275	0.06725391882284255
3.28	0.06713790941457733
3.285	0.06702204753161672
3.29	0.06690633244949278
3.295	0.06679076344624685
3.3	0.06667533980240405
3.3049999999999997	0.06656006080095297
3.31	0.06644492572732567
3.315	0.06632993386936903
3.32	0.06621508451732894
3.325	0.06610037696382531
3.33	0.06598581050382957
3.335	0.06587138443464388
3.34	0.06575709805588
3.3449999999999998	0.06564295066943551
3.35	0.06552894157947484
3.355	0.06541507009240491
3.36	0.06530133551685749
3.365	0.06518773716366402
3.37	0.06507427434583721
3.375	0.06496094637854855
3.38	0.06484775257910755
3.385	0.06473469226694198
3.39	0.06462176476357435
3.395	0.06450896939260418
3.4	0.06439630547968664
3.405	0.06428377235250922
3.41	0.0641713693407771
3.415	0.06405909577618508
3.42	0.0639469509924032
3.425	0.06383493432505459
3.4299999999999997	0.06372304511169534
3.435	0.06361128269179278
3.44	0.06349964640670952
3.445	0.0633881355996792
3.45	0.06327674961578683
3.455	0.06316548780195543
3.46	0.06305434950691592
3.465	0.06294333408119579
3.4699999999999998	0.06283244087709473
3.475	0.06272166924866777
3.48	0.06261101855170667
3.485	0.06250048814371446
3.49	0.062390077383892725
3.495	0.06227978563312107
3.5	0.06216961225393212
3.505	0.062059556610501075
3.51	0.06194961806861883
3.515	0.06183979599568017
3.52	0.061730089760654694
3.525	0.061620498734078405
3.53	0.061511022288029585
3.535	0.06140165979610923
3.54	0.06129241063342154
3.545	0.06118327417656051
3.55	0.06107424980358467
3.5549999999999997	0.06096533689400123
3.56	0.06085653482874854
3.565	0.06074784299017439
3.5700000000000003	0.060639260762020405
3.575	0.06053078752939981
3.58	0.06042242267878099
3.585	0.06031416559797249
3.59	0.06020601567609822
3.5949999999999998	0.06009797230357739
3.5999999999999996	0.05999003487211884
3.605	0.0598822027746862
3.61	0.05977447540549219
3.615	0.05966685215997259
3.62	0.05955933243476814
3.625	0.05945191562771672
3.63	0.05934460113781479
3.635	0.059237388365220335
3.6399999999999997	0.05913027671122232
3.645	0.05902326557822288
3.65	0.058916354369724915
3.6550000000000002	0.058809542490305046
3.66	0.0587028293456077
3.665	0.05859621434231353
3.67	0.05848969688812727
3.675	0.058383276391761156
3.6799999999999997	0.05827695226291718
3.685	0.05817072391225996
3.69	0.058064590751412244
3.6950000000000003	0.0579585521929227
3.7	0.05785260765026186
3.705	0.057746756537785444
3.71	0.057640998270737265
3.715	0.057535332265212014
3.7199999999999998	0.0574297579381536
3.7249999999999996	0.057324274707323104
3.73	0.057218881991285976
3.735	0.05711357920939731
3.74	0.05700836578177406
3.745	0.05690324112928958
3.75	0.05679820467353807
3.755	0.05669325583684009
3.76	0.056588394042195206
3.7649999999999997	0.0564836187132881
3.77	0.056378929274457035
3.775	0.056274325150679885
3.7800000000000002	0.05616980576755257
3.785	0.056065370551270435
3.79	0.0559610189286154
3.795	0.055856750326935725
3.8	0.055752564174113464
3.8049999999999997	0.05564845989857129
3.81	0.05554443692922761
3.815	0.055440494695495064
3.8200000000000003	0.05533663262725561
3.825	0.05523285015484345
3.83	0.05512914670901978
3.835	0.05502552172096416
3.84	0.054921974622248904
3.8449999999999998	0.054818504844819704
3.8499999999999996	0.05471511182097365
3.855	0.054611794983355375
3.86	0.05450855376491489
3.865	0.05440538759890427
3.87	0.05430229591885401
3.875	0.054199278158555256
3.88	0.05409633375203676
3.885	0.05399346213354225
3.8899999999999997	0.05389066273752214
3.895	0.05378793499859754
3.9	0.05368527835156183
3.9050000000000002	0.053582692231339234
3.91	0.05348017607297711
3.915	0.05337772931162201
3.92	0.05327535138250377
3.925	0.05317304172090191
3.9299999999999997	0.05307079976214748
3.935	0.05296862494158244
3.94	0.05286651669454476
3.9450000000000003	0.052764474456358
3.95	0.052662497662297095
3.955	0.05256058574757247
3.96	0.05245873814730635
3.965	0.05235695429652458
3.9699999999999998	0.052255233630113536
3.9749999999999996	0.05215357558282412
3.98	0.05205197958921834
3.985	0.0519504450836865
3.99	0.05184897150038872
3.995	0.05174755827325812
4.	0.05164620483597451
4.005	0.05154491062193172
4.01	0.05144367506421427
4.015	0.05134249759560163
4.02	0.05124137764851565
4.025	0.0511403146550123
4.03	0.05103930804675168
4.035	0.050938357254978125
4.04	0.05083746171051475
4.045	0.05073662084370175
4.05	0.050635834084403364
4.055	0.0505351008619948
4.0600000000000005	0.05043442060527965
4.0649999999999995	0.05033379274254336
4.07	0.050233216701479066
4.075	0.050132691909173216
4.08	0.050032217792079496
4.085	0.049931793776020555
4.09	0.049831419286119755
4.095	0.04973109374680527
4.1	0.04963081658179076
4.105	0.049530587214011955
4.109999999999999	0.04943040506564903
4.115	0.049330269558076435
4.12	0.049230180111817554
4.125	0.04913013614656251
4.13	0.049030137081115914
4.135	0.04893018233336445
4.14	0.048830271320264323
4.145	0.04873040345781271
4.15	0.048630578161012426
4.155	0.04853079484384689
4.16	0.048431052919256284
4.165	0.04833135179910756
4.17	0.04823169089417781
4.175	0.048132069614083624
4.18	0.04803248736731858
4.1850000000000005	0.047932943561168444
4.1899999999999995	0.04783343760169993
4.195	0.04773396889374694
4.2	0.047634536840849034
4.205	0.04753514084524902
4.21	0.04743578030785651
4.215	0.04733645462821121
4.22	0.0472371632044368
4.225	0.047137905433250145
4.23	0.04703868070989413
4.234999999999999	0.046939488428110306
4.24	0.04684032798014378
4.245	0.04674119875663657
4.25	0.04664210014667138
4.255	0.04654303153769037
4.26	0.04644399231548024
4.265	0.04634498186413174
4.27	0.04624599956601768
4.275	0.04614704480173161
4.28	0.0460481169500742
4.285	0.045949215388034016
4.29	0.04585033949068847
4.295	0.04575148863124776
4.3	0.0456526621809541
4.305	0.045553859509082355
4.3100000000000005	0.04545507998288451
4.3149999999999995	0.045356322967559905
4.32	0.045257587826204856
4.325	0.0451588739197932
4.33	0.04506018060712255
4.335	0.04496150724477062
4.34	0.04486285318707347
4.345	0.04476421778605858
4.35	0.044665600391428986
4.355	0.044567000350514085
4.359999999999999	0.04446841700820475
4.365	0.044369849706947594
4.37	0.0442712977866672
4.375	0.044172760584758435
4.38	0.044074237435998885
4.385	0.04397572767254142
4.39	0.043877230623846616
4.395	0.043778745616636375
4.4	0.04368027197487614
4.405	0.04358180901967115
4.41	0.043483356069283906
4.415	0.04338491243903433
4.42	0.04328647744127488
4.425	0.04318805038533611
4.43	0.04308963057747533
4.4350000000000005	0.042991217320817406
4.4399999999999995	0.04289280991531998
4.445	0.042794407657697715
4.45	0.04269600984139281
4.455	0.04259761575651118
4.46	0.04249922468975452
4.465	0.04240083592438656
4.47	0.04230244874014303
4.475	0.04220406241322491
4.48	0.04210567621619662
4.484999999999999	0.04200728941793934
4.49	0.041908901283607455
4.495	0.04181051107453443
4.5	0.041712118048204655
4.505	0.04161372145817806
4.51	0.04151532055400729
4.515	0.04141691458120673
4.52	0.04131850278117885
4.525	0.04122008439111601
4.53	0.04112165864397586
4.535	0.041023224768384554
4.54	0.04092478198858834
4.545	0.040826329524361195
4.55	0.04072786659094941
4.555	0.040629392398986726
4.5600000000000005	0.040530906154431896
4.5649999999999995	0.04043240705848144
4.57	0.040333894307527596
4.575	0.04023536709300579
4.58	0.040136824601406995
4.585	0.04003826601413759
4.59	0.039939690507453426
4.595000000000001	0.03984109725238158
4.6	0.03974248541463363
4.605	0.03964385415452993
4.609999999999999	0.03954520262688553
4.615	0.039446529980961494
4.62	0.039347835360343364
4.625	0.039249117902853514
4.63	0.03915037674049416
4.635	0.03905161099929801
4.640000000000001	0.03895281979925843
4.645	0.038854002254275634
4.65	0.03875515747196537
4.654999999999999	0.03865628455363425
4.66	0.03855738259414725
4.665	0.0384584506818352
4.67	0.03835948789838875
4.675	0.0382604933187185
4.68	0.03816146601089027
4.6850000000000005	0.03806240503599786
4.6899999999999995	0.0379633094480261
4.695	0.037864178293785154
4.7	0.03776501061273555
4.705	0.037665805436905134
4.71	0.0375665617907709
4.715	0.03746727869109879
4.720000000000001	0.03736795514685729
4.725	0.037268590159063975
4.73	0.03716918272067069
4.734999999999999	0.0370697318164063
4.74	0.03697023642267937
4.745	0.036870695507379724
4.75	0.036771108029816965
4.755	0.03667147294049646
4.76	0.03657178918102931
4.765000000000001	0.036472055683960405
4.77	0.03637227137261965
4.775	0.03627243516096258
4.779999999999999	0.036172545953407714
4.785	0.03607260264469737
4.79	0.03597260411971615
4.795	0.03587254925331467
4.8	0.035772436910166204
4.805	0.035672265944579236
4.8100000000000005	0.035572035200288205
4.8149999999999995	0.035471743510327496
4.82	0.03537138969680445
4.825	0.035270972570739474
4.83	0.035170490931846224
4.835	0.03506994356835613
4.84	0.03496932925680212
4.845000000000001	0.034868646761829505
4.85	0.03476789483597248
4.855	0.034667072219449487
4.859999999999999	0.03456617763994279
4.865	0.034465209812376336
4.87	0.03436416743868567
4.875	0.03426304920759345
4.88	0.034161853794360326
4.885	0.03406057986055139
4.890000000000001	0.03395922605379465
4.895	0.033857791007500714
4.9	0.033756273340661364
4.904999999999999	0.033654671657508094
4.91	0.03355298454730072
4.915	0.03345121058403862
4.92	0.03334934832616466
4.925	0.033247396316290624
4.93	0.03314535308088852
4.9350000000000005	0.03304321713001604
4.9399999999999995	0.03294098695698289
4.945	0.032838661038023735
4.95	0.032736237832031424
4.955	0.03263371578014898
4.96	0.03253109330550148
4.965	0.032428368812814565
4.970000000000001	0.032325540688059214
4.975	0.03222260729811259
4.98	0.032119566990352094
4.984999999999999	0.03201641809230831
4.99	0.03191315891125727
4.995	0.03180978773383172
5.	0.03170630282559601
5.005	0.031602702430672765
5.01	0.03149898477123468
5.015000000000001	0.03139514804714903
5.02	0.03129119043548308
5.025	0.031187110090046915
5.029999999999999	0.031082905140923288
5.035	0.030978573693984383
5.04	0.030874113830403612
5.045	0.030769523606133182
5.05	0.03066480105136598
5.055	0.030559944170033583
5.0600000000000005	0.03045495093924876
5.0649999999999995	0.030349819308705193
5.07	0.03024454720013697
5.075	0.030139132506711176
5.08	0.030033573092405567
5.085	0.029927866791388664
5.09	0.029822011407380767
5.095000000000001	0.029716004712978188
5.1	0.029609844448991965
5.105	0.029503528323726193
5.109999999999999	0.029397054012274635
5.115	0.029290419155774024
5.12	0.02918362136064526
5.125	0.029076658197828294
5.13	0.028969527201956276
5.135	0.028862225870528127
5.14	0.028754751663092087
5.145	0.02864710200032646
5.15	0.028539274263178
5.155	0.02843126579191422
5.16	0.028323073885164158
5.165	0.028214695798963088
5.17	0.028106128745712864
5.175	0.027997369893143654
5.18	0.02788841636326954
5.185	0.027779265231240486
5.19	0.027669913524227322
5.195	0.027560358220241797
5.2	0.027450596246927306
5.205	0.02734062448028026
5.21	0.02723043974340795
5.215	0.02712003880515404
5.22	0.02700941837874549
5.225	0.02689857512037203
5.23	0.026787505627725246
5.235	0.02667620643847256
5.24	0.026564674028691723
5.245	0.02645290481129102
5.25	0.026340895134298454
5.255	0.0262286412791619
5.26	0.026116139458949316
5.265	0.02600338581652407
5.27	0.02589037642259902
5.275	0.025777107273823614
5.28	0.025663574290682296
5.285	0.025549773315396176
5.29	0.025435700109730838
5.295	0.0253213503527367
5.3	0.025206719638390697
5.305	0.025091803473134777
5.31	0.024976597273388152
5.315	0.024861096362876024
5.32	0.024745295969971274
5.325	0.0246291912248078
5.33	0.024512777156395507
5.335	0.024396048689543173
5.34	0.024279000641741322
5.345	0.02416162771983181
5.35	0.024043924516622437
5.355	0.02392588550733766
5.36	0.023807505045919816
5.365	0.02368877736118141
5.37	0.02356969655284686
5.375	0.023450256587346043
5.38	0.02333045129350068
5.385	0.023210274358021612
5.39	0.02308971932078158
5.395	0.022968779569926056
5.4	0.022847448336752268
5.405	0.02272571869035408
5.41	0.022603583532068282
5.415	0.02248103558963526
5.42	0.022358067411132547
5.425	0.02223467135859962
5.43	0.0221108396013997
5.435	0.021986564109261746
5.44	0.021861836644994435
5.445	0.021736648756885184
5.45	0.02161099177067781
5.455	0.021484856781230816
5.46	0.02135823464372765
5.465	0.02123111596447707
5.47	0.021103491091229967
5.475	0.020975350103039372
5.48	0.020846682799598216
5.485	0.020717478689991128
5.49	0.02058772698093017
5.495	0.020457416564316228
5.5	0.02032653600415198
5.505	0.020195073522770494
5.51	0.020063016986282767
5.515	0.019930353889244922
5.52	0.019797071338463795
5.525	0.01966315603587848
5.53	0.0195285942604758
5.535	0.019393371849145684
5.54	0.01925747417641716
5.545	0.01912088613298173
5.55	0.018983592102943758
5.555	0.01884557593964633
5.56	0.018706820940027874
5.565	0.018567309817353085
5.57	0.01842702467221599
5.575	0.018285946961663226
5.58	0.018144057466293564
5.585	0.01800133625517587
5.59	0.017857762648392037
5.595	0.017713315177019483
5.6	0.01756797154032278
5.605	0.017421708559928875
5.61	0.017274502130707425
5.615	0.01712632716806705
5.62	0.016977157551355693
5.625	0.01682696606297338
5.63	0.016675724322847273
5.635	0.01652340271777964
5.64	0.016369970325179763
5.645	0.016215394830676425
5.65	0.01605964243890974
5.655	0.015902677776890563
5.66	0.015744463789096823
5.665	0.015584961623429979
5.67	0.015424130507115727
5.675	0.015261927611308106
5.68	0.015098307903252998
5.6850000000000005	0.01493322398449452
5.69	0.014766625913533333
5.695	0.014598461011025025
5.7	0.014428673645423704
5.705	0.014257204996575044
5.71	0.014083992794467749
5.715	0.013908971029788749
5.72	0.013732069632658465
5.725	0.013553214114885614
5.73	0.013372325170861465
5.735	0.013189318230880862
5.74	0.013004102959800222
5.745	0.012816582692818535
5.75	0.01262665379811691
5.755	0.012434204954868319
5.76	0.012239116332089722
5.765	0.012041258651443742
5.77	0.011840492113081202
5.775	0.011636665159467919
5.78	0.011429613046223697
5.785	0.01121915618171455
5.79	0.011005098188172996
5.795	0.010787223625004087
5.8	0.010565295299422343
5.805	0.010339051069251332
5.8100000000000005	0.010108200015506096
5.815	0.009872417826169207
5.82	0.009631341182713103
5.825	0.009384560873044978
5.83	0.009131613259034827
5.835	0.008871969590832278
5.84	0.008605022465029167
5.845	0.008330068433872495
5.85	0.008046285338879137
5.855	0.007752702269928039
5.86	0.007448158988521226
5.865	0.007131249913894255
5.87	0.006800244825629567
5.875	0.0064529732377313
5.88	0.00608664976705595
5.885	0.0056975989150431965
5.89	0.005280797863611054
5.895	0.004829064291828772
5.9	0.004331480064793692
5.905	0.003769930712441988
5.91	0.0031099541360644634
5.915	0.0022671589700550858
5.92	0.0007854563230760317
5.925	0.
5.93	0.
5.9350000000000005	0.
5.94	0.
5.945	0.
5.95	0.
5.955	0.
5.96	0.
5.965	0.
5.97	0.
5.975	0.
5.98	0.
5.985	0.
5.99	0.
5.995	0.
6.	0.
6.005	0.
6.01	0.
6.015	0.
6.02	0.
6.025	0.
6.03	0.
6.035	0.
6.04	0.
6.045	0.
6.05	0.
6.055	0.
6.0600000000000005	0.
6.065	0.
6.07	0.
6.075	0.
6.08	0.
6.085	0.
6.09	0.
6.095	0.
6.1	0.
6.105	0.
6.11	0.
6.115	0.
6.12	0.
6.125	0.
6.13	0.
6.135	0.
6.140000000000001	0.
6.145	0.
6.15	0.
6.155	0.
6.16	0.
6.165	0.
6.17	0.
6.175	0.
6.18	0.
6.1850000000000005	0.
6.1899999999999995	0.
6.195	0.
6.2	0.
6.205	0.
6.21	0.
6.215	0.
6.22	0.
6.225	0.
6.23	0.
6.235	0.
6.24	0.
6.245	0.
6.25	0.
6.255	0.
6.26	0.
6.265000000000001	0.
6.27	0.
6.275	0.
6.28	0.
6.285	0.
6.29	0.
6.295	0.
6.3	0.
6.305	0.
6.3100000000000005	0.
6.3149999999999995	0.
6.32	0.
6.325	0.
6.33	0.
6.335	0.
6.34	0.
6.345	0.
6.35	0.
6.355	0.
6.36	0.
6.365	0.
6.37	0.
6.375	0.
6.38	0.
6.385	0.
6.390000000000001	0.
6.395	0.
6.4	0.
6.405	0.
6.41	0.
6.415	0.
6.42	0.
6.425	0.
6.43	0.
6.4350000000000005	0.
6.4399999999999995	0.
6.445	0.
6.45	0.
6.455	0.
6.46	0.
6.465	0.
6.47	0.
6.475	0.
6.48	0.
6.485	0.
6.49	0.
6.495	0.
6.5	0.
6.505	0.
6.51	0.
6.515000000000001	0.
6.52	0.
6.525	0.
6.53	0.
6.535	0.
6.54	0.
6.545	0.
6.55	0.
6.555	0.
6.5600000000000005	0.
6.5649999999999995	0.
6.57	0.
6.575	0.
6.58	0.
6.585	0.
6.59	0.
6.595	0.
6.6	0.
6.605	0.
6.61	0.
6.615	0.
6.62	0.
6.625	0.
6.63	0.
6.635	0.
6.640000000000001	0.
6.645	0.
6.65	0.
6.655	0.
6.66	0.
6.665	0.
6.67	0.
6.675	0.
6.68	0.
6.6850000000000005	0.
6.6899999999999995	0.
6.695	0.
6.7	0.
6.705	0.
6.71	0.
6.715	0.
6.72	0.
6.725	0.
6.73	0.
6.735	0.
6.74	0.
6.745	0.
6.75	0.
6.755	0.
6.76	0.
6.765000000000001	0.
6.77	0.
6.775	0.
6.78	0.
6.785	0.
6.79	0.
6.795	0.
6.8	0.
6.805	0.
6.8100000000000005	0.
6.8149999999999995	0.
6.82	0.
6.825	0.
6.83	0.
6.835	0.
6.84	0.
6.845	0.
6.85	0.
6.855	0.
6.86	0.
6.865	0.
6.87	0.
6.875	0.
6.88	0.
6.885	0.
6.890000000000001	0.
6.895	0.
6.9	0.
6.905	0.
6.91	0.
6.915	0.
6.92	0.
6.925	0.
6.93	0.
6.9350000000000005	0.
6.9399999999999995	0.
6.945	0.
6.95	0.
6.955	0.
6.96	0.
6.965	0.
6.97	0.
6.975	0.
6.98	0.
6.985	0.
6.99	0.
6.995	0.
7.	0.
7.005	0.
7.01	0.
7.015000000000001	0.
7.02	0.
7.025	0.
7.03	0.
7.035	0.
7.04	0.
7.045	0.
7.05	0.
7.055	0.
7.0600000000000005	0.
7.0649999999999995	0.
7.07	0.
7.075	0.
7.08	0.
7.085	0.
7.09	0.
7.095	0.
7.1	0.
7.105	0.
7.11	0.
7.115	0.
7.12	0.
7.125	0.
7.13	0.
7.135	0.
7.140000000000001	0.
7.145	0.
7.15	0.
7.155	0.
7.16	0.
7.165	0.
7.17	0.
7.175	0.
7.18	0.
7.1850000000000005	0.
7.1899999999999995	0.
7.195	0.
7.2	0.
7.205	0.
7.21	0.
7.215	0.
7.220000000000001	0.
7.225	0.
7.23	0.
7.234999999999999	0.
7.24	0.
7.245	0.
7.25	0.
7.255	0.
7.26	0.
7.265000000000001	0.
7.27	0.
7.275	0.
7.28	0.
7.285	0.
7.29	0.
7.295	0.
7.300000000000001	0.
7.305	0.
7.3100000000000005	0.
7.3149999999999995	0.
7.32	0.
7.325	0.
7.33	0.
7.335	0.
7.34	0.
7.345000000000001	0.
7.35	0.
7.355	0.
7.359999999999999	0.
7.365	0.
7.37	0.
7.375	0.
7.38	0.
7.385	0.
7.390000000000001	0.
7.395	0.
7.4	0.
7.405	0.
7.41	0.
7.415	0.
7.42	0.
7.425000000000001	0.
7.43	0.
7.4350000000000005	0.
7.4399999999999995	0.
7.445	0.
7.45	0.
7.455	0.
7.46	0.
7.465	0.
7.470000000000001	0.
7.475	0.
7.48	0.
7.484999999999999	0.
7.49	0.
7.495	0.
7.5	0.
7.505	0.
7.51	0.
7.515000000000001	0.
7.52	0.
7.525	0.
7.53	0.
7.535	0.
7.54	0.
7.545	0.
7.550000000000001	0.
7.555	0.
7.5600000000000005	0.
7.5649999999999995	0.
7.57	0.
7.575	0.
7.58	0.
7.585	0.
7.59	0.
7.595000000000001	0.
7.6	0.
7.605	0.
7.609999999999999	0.
7.615	0.
7.62	0.
7.625	0.
7.63	0.
7.635	0.
7.640000000000001	0.
7.645	0.
7.65	0.
7.655	0.
7.66	0.
7.665	0.
7.67	0.
7.675000000000001	0.
7.68	0.
7.685	0.
7.6899999999999995	0.
7.694999999999999	0.
7.699999999999999	0.
7.704999999999999	0.
7.71	0.
7.715	0.
7.72	0.
7.725	0.
7.7299999999999995	0.
7.734999999999999	0.
7.739999999999999	0.
7.744999999999999	0.
7.75	0.
7.755	0.
7.76	0.
7.765	0.
7.77	0.
7.7749999999999995	0.
7.779999999999999	0.
7.784999999999999	0.
7.79	0.
7.795	0.
7.8	0.
7.805	0.
7.81	0.
7.8149999999999995	0.
7.819999999999999	0.
7.824999999999999	0.
7.829999999999999	0.
7.835	0.
7.84	0.
7.845	0.
7.85	0.
7.8549999999999995	0.
7.859999999999999	0.
7.864999999999999	0.
7.869999999999999	0.
7.875	0.
7.88	0.
7.885	0.
7.89	0.
7.895	0.
7.8999999999999995	0.
7.904999999999999	0.
7.909999999999999	0.
7.915	0.
7.92	0.
7.925	0.
7.93	0.
7.935	0.
7.9399999999999995	0.
7.944999999999999	0.
7.949999999999999	0.
7.955	0.
7.96	0.
7.965	0.
7.97	0.
7.975	0.
7.9799999999999995	0.
7.984999999999999	0.
7.989999999999999	0.
7.994999999999999	0.
8.	0.
8.004999999999999	0.
8.01	0.
8.014999999999999	0.
8.02	0.
8.025	0.
8.03	0.
8.035	0.
8.04	0.
8.045	0.
8.049999999999999	0.
8.055	0.
8.059999999999999	0.
8.065	0.
8.07	0.
8.075	0.
8.08	0.
8.084999999999999	0.
8.09	0.
8.094999999999999	0.
8.1	0.
8.105	0.
8.11	0.
8.115	0.
8.12	0.
8.125	0.
8.129999999999999	0.
8.135	0.
8.139999999999999	0.
8.145	0.
8.15	0.
8.155	0.
8.16	0.
8.165	0.
8.17	0.
8.174999999999999	0.
8.18	0.
8.184999999999999	0.
8.19	0.
8.195	0.
8.2	0.
8.205	0.
8.209999999999999	0.
8.215	0.
8.219999999999999	0.
8.225	0.
8.23	0.
8.235	0.
8.24	0.
8.245	0.
8.25	0.
8.254999999999999	0.
8.26	0.
8.264999999999999	0.
8.27	0.
8.275	0.
8.28	0.
8.285	0.
8.29	0.
8.295	0.
8.299999999999999	0.
8.305	0.
8.309999999999999	0.
8.315	0.
8.32	0.
8.325	0.
8.33	0.
8.334999999999999	0.
8.34	0.
8.344999999999999	0.
8.35	0.
8.355	0.
8.36	0.
8.365	0.
8.37	0.
8.375	0.
8.379999999999999	0.
8.385	0.
8.389999999999999	0.
8.395	0.
8.4	0.
8.405	0.
8.41	0.
8.415	0.
8.42	0.
8.424999999999999	0.
8.43	0.
8.434999999999999	0.
8.44	0.
8.445	0.
8.45	0.
8.455	0.
8.459999999999999	0.
8.465	0.
8.469999999999999	0.
8.475	0.
8.48	0.
8.485	0.
8.49	0.
8.495	0.
8.5	0.
8.504999999999999	0.
8.51	0.
8.515	0.
8.52	0.
8.525	0.
8.53	0.
8.535	0.
8.54	0.
8.545	0.
8.549999999999999	0.
8.555	0.
8.559999999999999	0.
8.565	0.
8.57	0.
8.575	0.
8.58	0.
8.584999999999999	0.
8.59	0.
8.594999999999999	0.
8.6	0.
8.605	0.
8.61	0.
8.615	0.
8.62	0.
8.625	0.
8.629999999999999	0.
8.635	0.
8.64	0.
8.645	0.
8.65	0.
8.655	0.
8.66	0.
8.665	0.
8.67	0.
8.674999999999999	0.
8.68	0.
8.684999999999999	0.
8.69	0.
8.695	0.
8.7	0.
8.705	0.
8.709999999999999	0.
8.715	0.
8.719999999999999	0.
8.725	0.
8.73	0.
8.735	0.
8.74	0.
8.745	0.
8.75	0.
8.754999999999999	0.
8.76	0.
8.765	0.
8.77	0.
8.775	0.
8.78	0.
8.785	0.
8.79	0.
8.795	0.
8.799999999999999	0.
8.805	0.
8.809999999999999	0.
8.815	0.
8.82	0.
8.825	0.
8.83	0.
8.834999999999999	0.
8.84	0.
8.844999999999999	0.
8.85	0.
8.855	0.
8.86	0.
8.865	0.
8.87	0.
8.875	0.
8.879999999999999	0.
8.885	0.
8.89	0.
8.895	0.
8.9	0.
8.905	0.
8.91	0.
8.915	0.
8.92	0.
8.924999999999999	0.
8.93	0.
8.934999999999999	0.
8.94	0.
8.945	0.
8.95	0.
8.955	0.
8.959999999999999	0.
8.965	0.
8.969999999999999	0.
8.975	0.
8.98	0.
8.985	0.
8.99	0.
8.995	0.
9.	0.
9.004999999999999	0.
9.01	0.
9.015	0.
9.02	0.
9.025	0.
9.03	0.
9.035	0.
9.04	0.
9.045	0.
9.049999999999999	0.
9.055	0.
9.059999999999999	0.
9.065	0.
9.07	0.
9.075	0.
9.08	0.
9.084999999999999	0.
9.09	0.
9.094999999999999	0.
9.1	0.
9.105	0.
9.11	0.
9.115	0.
9.12	0.
9.125	0.
9.129999999999999	0.
9.135	0.
9.14	0.
9.145	0.
9.15	0.
9.155	0.
9.16	0.
9.165	0.
9.17	0.
9.174999999999999	0.
9.18	0.
9.184999999999999	0.
9.19	0.
9.195	0.
9.2	0.
9.205	0.
9.209999999999999	0.
9.215	0.
9.219999999999999	0.
9.225	0.
9.23	0.
9.235	0.
9.24	0.
9.245	0.
9.25	0.
9.254999999999999	0.
9.26	0.
9.265	0.
9.27	0.
9.275	0.
9.28	0.
9.285	0.
9.29	0.
9.295	0.
9.299999999999999	0.
9.305	0.
9.309999999999999	0.
9.315	0.
9.32	0.
9.325	0.
9.33	0.
9.334999999999999	0.
9.34	0.
9.344999999999999	0.
9.35	0.
9.355	0.
9.36	0.
9.365	0.
9.37	0.
9.375	0.
9.379999999999999	0.
9.385	0.
9.39	0.
9.395	0.
9.4	0.
9.405	0.
9.41	0.
9.415	0.
9.42	0.
9.424999999999999	0.
9.43	0.
9.434999999999999	0.
9.44	0.
9.445	0.
9.45	0.
9.455	0.
9.459999999999999	0.
9.465	0.
9.469999999999999	0.
9.475	0.
9.48	0.
9.485	0.
9.49	0.
9.495	0.
9.5	0.
9.504999999999999	0.
9.51	0.
9.515	0.
9.52	0.
9.525	0.
9.53	0.
9.535	0.
9.54	0.
9.545	0.
9.549999999999999	0.
9.555	0.
9.559999999999999	0.
9.565	0.
9.57	0.
9.575	0.
9.58	0.
9.584999999999999	0.
9.59	0.
9.594999999999999	0.
9.6	0.
9.605	0.
9.61	0.
9.615	0.
9.62	0.
9.625	0.
9.629999999999999	0.
9.635	0.
9.64	0.
9.645	0.
9.65	0.
9.655	0.
9.66	0.
9.665	0.
9.67	0.
9.674999999999999	0.
9.68	0.
9.684999999999999	0.
9.69	0.
9.695	0.
9.7	0.
9.705	0.
9.709999999999999	0.
9.715	0.
9.719999999999999	0.
9.725	0.
9.73	0.
9.735	0.
9.74	0.
9.745	0.
9.75	0.
9.754999999999999	0.
9.76	0.
9.765	0.
9.77	0.
9.774999999999999	0.
9.78	0.
9.785	0.
9.79	0.
9.795	0.
9.8	0.
9.805	0.
9.809999999999999	0.
9.815	0.
9.82	0.
9.825	0.
9.83	0.
9.834999999999999	0.
9.84	0.
9.844999999999999	0.
9.85	0.
9.855	0.
9.86	0.
9.865	0.
9.87	0.
9.875	0.
9.879999999999999	0.
9.885	0.
9.89	0.
9.895	0.
9.899999999999999	0.
9.905	0.
9.91	0.
9.915	0.
9.92	0.
9.925	0.
9.93	0.
9.934999999999999	0.
9.94	0.
9.945	0.
9.95	0.
9.955	0.
9.959999999999999	0.
9.965	0.
9.969999999999999	0.
9.975	0.
9.98	0.
9.985	0.
9.99	0.
9.995	0.
10.	0.
10.004999999999999	0.
10.01	0.
10.015	0.
10.02	0.
10.024999999999999	0.
10.03	0.
10.035	0.
10.04	0.
10.045	0.
10.05	0.
10.055	0.
10.059999999999999	0.
10.065	0.
10.07	0.
10.075	0.
10.08	0.
10.084999999999999	0.
10.09	0.
10.094999999999999	0.
10.1	0.
10.105	0.
10.11	0.
10.115	0.
10.12	0.
10.125	0.
10.129999999999999	0.
10.135	0.
10.14	0.
10.145	0.
10.149999999999999	0.
10.155	0.
10.16	0.
10.165	0.
10.17	0.
10.175	0.
10.18	0.
10.184999999999999	0.
10.19	0.
10.195	0.
10.2	0.
10.205	0.
10.209999999999999	0.
10.215	0.
10.219999999999999	0.
10.225	0.
10.23	0.
10.235	0.
10.24	0.
10.245000000000001	0.
10.250000000000002	0.
10.255	0.
10.260000000000002	0.
10.265	0.
10.270000000000001	0.
10.275	0.
10.280000000000001	0.
10.285	0.
10.290000000000001	0.
10.295000000000002	0.
10.3	0.
10.305000000000001	0.
10.31	0.
10.315000000000001	0.
10.32	0.
10.325000000000001	0.
10.330000000000002	0.
10.335	0.
10.340000000000002	0.
10.345	0.
10.350000000000001	0.
10.355	0.
10.360000000000001	0.
10.365	0.
10.370000000000001	0.
10.375000000000002	0.
10.38	0.
10.385000000000002	0.
10.39	0.
10.395000000000001	0.
10.4	0.
10.405000000000001	0.
10.41	0.
10.415000000000001	0.
10.420000000000002	0.
10.425	0.
10.430000000000001	0.
10.435	0.
10.440000000000001	0.
10.445	0.
10.450000000000001	0.
10.455000000000002	0.
10.46	0.
10.465000000000002	0.
10.47	0.
10.475000000000001	0.
10.48	0.
10.485000000000001	0.
10.49	0.
10.495000000000001	0.
10.500000000000002	0.
10.505	0.
10.510000000000002	0.
10.515	0.
10.520000000000001	0.
10.525	0.
10.530000000000001	0.
10.535	0.
10.540000000000001	0.
10.545000000000002	0.
10.55	0.
10.555000000000001	0.
10.56	0.
10.565000000000001	0.
10.57	0.
10.575000000000001	0.
10.580000000000002	0.
10.585	0.
10.590000000000002	0.
10.595	0.
10.600000000000001	0.
10.605	0.
10.610000000000001	0.
10.615	0.
10.620000000000001	0.
10.625000000000002	0.
10.63	0.
10.635000000000002	0.
10.64	0.
10.645000000000001	0.
10.65	0.
10.655000000000001	0.
10.66	0.
10.665000000000001	0.
10.670000000000002	0.
10.675	0.
10.680000000000001	0.
10.685	0.
10.690000000000001	0.
10.695	0.
10.700000000000001	0.
10.705000000000002	0.
10.71	0.
10.715000000000002	0.
10.72	0.
10.725000000000001	0.
10.73	0.
10.735000000000001	0.
10.74	0.
10.745000000000001	0.
10.750000000000002	0.
10.755	0.
10.760000000000002	0.
10.765	0.
10.770000000000001	0.
10.775	0.
10.780000000000001	0.
10.785	0.
10.790000000000001	0.
10.795000000000002	0.
10.8	0.
10.805000000000001	0.
10.81	0.
10.815000000000001	0.
10.82	0.
10.825000000000001	0.
10.830000000000002	0.
10.835	0.
10.840000000000002	0.
10.845	0.
10.850000000000001	0.
10.855	0.
10.860000000000001	0.
10.865	0.
10.870000000000001	0.
10.875000000000002	0.
10.88	0.
10.885000000000002	0.
10.89	0.
10.895000000000001	0.
10.9	0.
10.905000000000001	0.
10.91	0.
10.915000000000001	0.
10.920000000000002	0.
10.925	0.
10.930000000000001	0.
10.935	0.
10.940000000000001	0.
10.945	0.
10.950000000000001	0.
10.955000000000002	0.
10.96	0.
10.965000000000002	0.
10.97	0.
10.975000000000001	0.
10.98	0.
10.985000000000001	0.
10.99	0.
10.995000000000001	0.
11.000000000000002	0.
11.005	0.
11.010000000000002	0.
11.015	0.
11.020000000000001	0.
11.025	0.
11.030000000000001	0.
11.035	0.
11.040000000000001	0.
11.045000000000002	0.
11.05	0.
11.055000000000001	0.
11.06	0.
11.065000000000001	0.
11.07	0.
11.075000000000001	0.
11.080000000000002	0.
11.085	0.
11.090000000000002	0.
11.095	0.
11.100000000000001	0.
11.105	0.
11.110000000000001	0.
11.115	0.
11.120000000000001	0.
11.125000000000002	0.
11.13	0.
11.135000000000002	0.
11.14	0.
11.145000000000001	0.
11.15	0.
11.155000000000001	0.
11.16	0.
11.165000000000001	0.
11.170000000000002	0.
11.175	0.
11.180000000000001	0.
11.185	0.
11.190000000000001	0.
11.195	0.
11.200000000000001	0.
11.205000000000002	0.
11.21	0.
11.215000000000002	0.
11.22	0.
11.225000000000001	0.
11.23	0.
11.235000000000001	0.
11.24	0.
11.245000000000001	0.
11.250000000000002	0.
11.255	0.
11.260000000000002	0.
11.265	0.
11.270000000000001	0.
11.275	0.
11.280000000000001	0.
11.285	0.
11.290000000000001	0.
11.295000000000002	0.
11.3	0.
11.305000000000001	0.
11.31	0.
11.315000000000001	0.
11.32	0.
11.325000000000001	0.
11.330000000000002	0.
11.335	0.
11.340000000000002	0.
11.345	0.
11.350000000000001	0.
11.355	0.
11.360000000000001	0.
11.365000000000002	0.
11.370000000000001	0.
11.375000000000002	0.
11.38	0.
11.385000000000002	0.
11.39	0.
11.395000000000001	0.
11.4	0.
11.405000000000001	0.
11.41	0.
11.415000000000001	0.
11.420000000000002	0.
11.425	0.
11.430000000000001	0.
11.435	0.
11.440000000000001	0.
11.445	0.
11.450000000000001	0.
11.455000000000002	0.
11.46	0.
11.465000000000002	0.
11.47	0.
11.475000000000001	0.
11.48	0.
11.485000000000001	0.
11.490000000000002	0.
11.495000000000001	0.
11.500000000000002	0.
11.505	0.
11.510000000000002	0.
11.515	0.
11.520000000000001	0.
11.525	0.
11.530000000000001	0.
11.535	0.
11.540000000000001	0.
11.545000000000002	0.
11.55	0.
11.555000000000001	0.
11.56	0.
11.565000000000001	0.
11.57	0.
11.575000000000001	0.
11.580000000000002	0.
11.585	0.
11.590000000000002	0.
11.595	0.
11.600000000000001	0.
11.605	0.
11.610000000000001	0.
11.615000000000002	0.
11.620000000000001	0.
11.625000000000002	0.
11.63	0.
11.635000000000002	0.
11.64	0.
11.645000000000001	0.
11.65	0.
11.655000000000001	0.
11.66	0.
11.665000000000001	0.
11.670000000000002	0.
11.675	0.
11.680000000000001	0.
11.685	0.
11.690000000000001	0.
11.695	0.
11.700000000000001	0.
11.705000000000002	0.
11.71	0.
11.715000000000002	0.
11.72	0.
11.725000000000001	0.
11.73	0.
11.735000000000001	0.
11.740000000000002	0.
11.745000000000001	0.
11.750000000000002	0.
11.755	0.
11.760000000000002	0.
11.765	0.
11.770000000000001	0.
11.775	0.
11.780000000000001	0.
11.785	0.
11.790000000000001	0.
11.795000000000002	0.
11.8	0.
11.805000000000001	0.
11.81	0.
11.815000000000001	0.
11.82	0.
11.825000000000001	0.
11.830000000000002	0.
11.835	0.
11.840000000000002	0.
11.845	0.
11.850000000000001	0.
11.855	0.
11.860000000000001	0.
11.865000000000002	0.
11.870000000000001	0.
11.875000000000002	0.
11.88	0.
11.885000000000002	0.
11.89	0.
11.895000000000001	0.
11.9	0.
11.905000000000001	0.
11.91	0.
11.915000000000001	0.
11.920000000000002	0.
11.925	0.
11.930000000000001	0.
11.935	0.
11.940000000000001	0.
11.945	0.
11.950000000000001	0.
11.955000000000002	0.
11.96	0.
11.965000000000002	0.
11.97	0.
11.975000000000001	0.
11.98	0.
11.985000000000001	0.
11.990000000000002	0.
11.995000000000001	0.
12.000000000000002	0.
12.005	0.
12.010000000000002	0.
12.015	0.
12.020000000000001	0.
12.025	0.
12.030000000000001	0.
12.035	0.
12.040000000000001	0.
12.045000000000002	0.
12.05	0.
12.055000000000001	0.
12.06	0.
12.065000000000001	0.
12.07	0.
12.075000000000001	0.
12.080000000000002	0.
12.085	0.
12.090000000000002	0.
12.095	0.
12.100000000000001	0.
12.105	0.
12.110000000000001	0.
12.115000000000002	0.
12.120000000000001	0.
12.125000000000002	0.
12.13	0.
12.135000000000002	0.
12.14	0.
12.145000000000001	0.
12.15	0.
12.155000000000001	0.
12.16	0.
12.165000000000001	0.
12.170000000000002	0.
12.175	0.
12.180000000000001	0.
12.185	0.
12.190000000000001	0.
12.195	0.
12.200000000000001	0.
12.205000000000002	0.
12.21	0.
12.215000000000002	0.
12.22	0.
12.225000000000001	0.
12.23	0.
12.235000000000001	0.
12.240000000000002	0.
12.245000000000001	0.
12.25	0.
12.255	0.
12.260000000000002	0.
12.265	0.
12.270000000000001	0.
12.275000000000002	0.
12.280000000000001	0.
12.285	0.
12.290000000000001	0.
12.295000000000002	0.
12.3	0.
12.305000000000001	0.
12.31	0.
12.315000000000001	0.
12.32	0.
12.325000000000001	0.
12.330000000000002	0.
12.335	0.
12.340000000000002	0.
12.345	0.
12.350000000000001	0.
12.355	0.
12.360000000000001	0.
12.365000000000002	0.
12.370000000000001	0.
12.375	0.
12.38	0.
12.385000000000002	0.
12.39	0.
12.395000000000001	0.
12.400000000000002	0.
12.405000000000001	0.
12.41	0.
12.415000000000001	0.
12.420000000000002	0.
12.425	0.
12.430000000000001	0.
12.435	0.
12.440000000000001	0.
12.445	0.
12.450000000000001	0.
12.455000000000002	0.
12.46	0.
12.465000000000002	0.
12.47	0.
12.475000000000001	0.
12.48	0.
12.485000000000001	0.
12.490000000000002	0.
12.495000000000001	0.
12.5	0.
12.505	0.
12.510000000000002	0.
12.515	0.
12.520000000000001	0.
12.525000000000002	0.
12.530000000000001	0.
12.535	0.
12.540000000000001	0.
12.545000000000002	0.
12.55	0.
12.555000000000001	0.
12.56	0.
12.565000000000001	0.
12.57	0.
12.575000000000001	0.
12.580000000000002	0.
12.585	0.
12.590000000000002	0.
12.595	0.
12.600000000000001	0.
12.605	0.
12.610000000000001	0.
12.615000000000002	0.
12.620000000000001	0.
12.625	0.
12.63	0.
12.635000000000002	0.
12.64	0.
12.645000000000001	0.
12.650000000000002	0.
12.655000000000001	0.
12.66	0.
12.665000000000001	0.
12.670000000000002	0.
12.675	0.
12.680000000000001	0.
12.685	0.
12.690000000000001	0.
12.695	0.
12.700000000000001	0.
12.705000000000002	0.
12.71	0.
12.715000000000002	0.
12.72	0.
12.725000000000001	0.
12.73	0.
12.735000000000001	0.
12.740000000000002	0.
12.745000000000001	0.
12.75	0.
12.755	0.
12.760000000000002	0.
12.765	0.
12.770000000000001	0.
12.775000000000002	0.
12.780000000000001	0.
12.785	0.
12.790000000000001	0.
12.795000000000002	0.
12.8	0.
12.805000000000001	0.
12.810000000000002	0.
12.815000000000001	0.
12.820000000000002	0.
12.825000000000001	0.
12.830000000000002	0.
12.835	0.
12.840000000000002	0.
12.845	0.
12.850000000000001	0.
12.855000000000002	0.
12.860000000000001	0.
12.865000000000002	0.
12.870000000000001	0.
12.875000000000002	0.
12.88	0.
12.885000000000002	0.
12.890000000000002	0.
12.895000000000001	0.
12.900000000000002	0.
12.905000000000001	0.
12.910000000000002	0.
12.915000000000001	0.
12.920000000000002	0.
12.925	0.
12.930000000000001	0.
12.935000000000002	0.
12.940000000000001	0.
12.945000000000002	0.
12.950000000000001	0.
12.955000000000002	0.
12.96	0.
12.965000000000002	0.
12.97	0.
12.975000000000001	0.
12.980000000000002	0.
12.985000000000001	0.
12.990000000000002	0.
12.995000000000001	0.
13.000000000000002	0.
13.005	0.
13.010000000000002	0.
13.015000000000002	0.
13.020000000000001	0.
13.025000000000002	0.
13.030000000000001	0.
13.035000000000002	0.
13.040000000000001	0.
13.045000000000002	0.
13.05	0.
13.055000000000001	0.
13.060000000000002	0.
13.065000000000001	0.
13.070000000000002	0.
13.075000000000001	0.
13.080000000000002	0.
13.085	0.
13.090000000000002	0.
13.095	0.
13.100000000000001	0.
13.105000000000002	0.
13.110000000000001	0.
13.115000000000002	0.
13.120000000000001	0.
13.125000000000002	0.
13.13	0.
13.135000000000002	0.
13.140000000000002	0.
13.145000000000001	0.
13.150000000000002	0.
13.155000000000001	0.
13.160000000000002	0.
13.165000000000001	0.
13.170000000000002	0.
13.175	0.
13.180000000000001	0.
13.185000000000002	0.
13.190000000000001	0.
13.195000000000002	0.
13.200000000000001	0.
13.205000000000002	0.
13.21	0.
13.215000000000002	0.
13.220000000000002	0.
13.225000000000001	0.
13.230000000000002	0.
13.235000000000001	0.
13.240000000000002	0.
13.245000000000001	0.
13.250000000000002	0.
13.255	0.
13.260000000000002	0.
13.265000000000002	0.
13.270000000000001	0.
13.275000000000002	0.
13.280000000000001	0.
13.285000000000002	0.
13.290000000000001	0.
13.295000000000002	0.
13.3	0.
13.305000000000001	0.
13.310000000000002	0.
13.315000000000001	0.
13.320000000000002	0.
13.325000000000001	0.
13.330000000000002	0.
13.335	0.
13.340000000000002	0.
13.345000000000002	0.
13.350000000000001	0.
13.355000000000002	0.
13.360000000000001	0.
13.365000000000002	0.
13.370000000000001	0.
13.375000000000002	0.
13.38	0.
13.385000000000002	0.
13.39	0.
13.395000000000001	0.
13.400000000000002	0.
13.405000000000001	0.
13.410000000000002	0.
13.415000000000001	0.
13.420000000000002	0.
13.425	0.
13.430000000000001	0.
13.435000000000002	0.
13.440000000000001	0.
13.445000000000002	0.
13.450000000000001	0.
13.455000000000002	0.
13.46	0.
13.465000000000002	0.
13.470000000000002	0.
13.475000000000001	0.
13.480000000000002	0.
13.485000000000001	0.
13.490000000000002	0.
13.495000000000001	0.
13.500000000000002	0.
13.505	0.
13.510000000000002	0.
13.515	0.
13.520000000000001	0.
13.525000000000002	0.
13.530000000000001	0.
13.535000000000002	0.
13.540000000000001	0.
13.545000000000002	0.
13.55	0.
13.555000000000001	0.
13.560000000000002	0.
13.565000000000001	0.
13.570000000000002	0.
13.575000000000001	0.
13.580000000000002	0.
13.585	0.
13.590000000000002	0.
13.595000000000002	0.
13.600000000000001	0.
13.605000000000002	0.
13.610000000000001	0.
13.615000000000002	0.
13.620000000000001	0.
13.625000000000002	0.
13.63	0.
13.635000000000002	0.
13.64	0.
13.645000000000001	0.
13.650000000000002	0.
13.655000000000001	0.
13.660000000000002	0.
13.665000000000001	0.
13.670000000000002	0.
13.675	0.
13.680000000000001	0.
13.685000000000002	0.
13.690000000000001	0.
13.695000000000002	0.
13.700000000000001	0.
13.705000000000002	0.
13.71	0.
13.715000000000002	0.
13.720000000000002	0.
13.725000000000001	0.
13.730000000000002	0.
13.735000000000001	0.
13.740000000000002	0.
13.745000000000001	0.
13.750000000000002	0.
13.755	0.
13.760000000000002	0.
13.765	0.
13.770000000000001	0.
13.775000000000002	0.
13.780000000000001	0.
13.785000000000002	0.
13.790000000000001	0.
13.795000000000002	0.
13.8	0.
13.805000000000001	0.
13.810000000000002	0.
13.815000000000001	0.
13.820000000000002	0.
13.825000000000001	0.
13.830000000000002	0.
13.835	0.
13.840000000000002	0.
13.845000000000002	0.
13.850000000000001	0.
13.855000000000002	0.
13.860000000000001	0.
13.865000000000002	0.
13.870000000000001	0.
13.875000000000002	0.
13.88	0.
13.885000000000002	0.
13.89	0.
13.895000000000001	0.
13.900000000000002	0.
13.905000000000001	0.
13.910000000000002	0.
13.915000000000001	0.
13.920000000000002	0.
13.925	0.
13.930000000000001	0.
13.935000000000002	0.
13.940000000000001	0.
13.945000000000002	0.
13.950000000000001	0.
13.955000000000002	0.
13.96	0.
13.965000000000002	0.
13.970000000000002	0.
13.975000000000001	0.
13.980000000000002	0.
13.985000000000001	0.
13.990000000000002	0.
13.995000000000001	0.
14.	0.