0.005	0.
0.01	0.
0.015	0.
0.02	0.
0.025	0.
0.030000000000000002	0.
0.034999999999999996	0.
0.04	0.
0.045	0.
0.049999999999999996	0.
0.055	0.
0.06	0.
0.065	0.
0.07	0.
0.07500000000000001	0.
0.08	0.
0.085	0.
0.09000000000000001	0.
0.095	0.
0.1	0.
0.10500000000000001	0.
0.11	0.
0.115	0.
0.12000000000000001	0.
0.125	0.
0.13	0.
0.135	0.
0.14	0.
0.14500000000000002	0.
0.15	0.
0.155	0.
0.16	0.
0.165	0.07141238098869253
0.17	0.10637194296814044
0.17500000000000002	0.12964041664208095
0.18000000000000002	0.1471897893087092
0.185	0.1611423433838823
0.19	0.17256646503975182
0.195	0.1820967709891625
0.2	0.19014927392069947
0.20500000000000002	0.1970151368579744
0.21000000000000002	0.20290784429825937
0.215	0.20798944259204633
0.22	0.21238626512216816
0.225	0.21619891353946089
0.23	0.2195088894286271
0.23500000000000001	0.2223831673302317
0.24000000000000002	0.22487744672231325
0.245	0.22703852514431463
0.25	0.22890606847967876
0.255	0.23051395673708805
0.26	0.23189132404250626
0.265	0.2330633739407093
0.27	0.23405202668747666
0.275	0.2348764389556804
0.28	0.2355534253069832
0.28500000000000003	0.2360978030876469
0.29000000000000004	0.23652267696353915
0.295	0.23683967539422746
0.3	0.237059148487885
0.305	0.23719033456374278
0.31	0.2372415011642807
0.315	0.2372200650586357
0.32	0.23713269485930152
0.325	0.23698539916332284
0.33	0.23678360257468525
0.335	0.23653221152839712
0.34	0.2362356714910456
0.34500000000000003	0.23589801683655806
0.35000000000000003	0.23552291447405177
0.35500000000000004	0.235113702125226
0.36	0.23467342200275307
0.365	0.23420485052171908
0.37	0.23371052457792554
0.375	0.23319276484575568
0.38	0.23265369648087247
0.385	0.23209526755688714
0.39	0.23151926551806154
0.395	0.23092733189057618
0.4	0.23032097546153626
0.405	0.22970158410661964
0.41000000000000003	0.22907043542328787
0.41500000000000004	0.22842870630601123
0.42000000000000004	0.22777748158246924
0.425	0.22711776181469395
0.43	0.22645047035621182
0.435	0.2257764597451421
0.44	0.22509651750358248
0.445	0.22441137140527215
0.45	0.22372169426632052
0.455	0.2230281083074406
0.46	0.22233118913068936
0.465	0.22163146934884503
0.47000000000000003	0.22092944190139957
0.47500000000000003	0.22022556308740288
0.48000000000000004	0.2195202553421818
0.485	0.21881390978204165
0.49	0.21810688853858412
0.495	0.21739952690201098
0.5	0.21669213529079207
0.505	0.21598500106332796
0.51	0.2152783901857072
0.515	0.21457254876820128
0.52	0.2138677044819722
0.525	0.21316406786631706
0.53	0.21246183353580017
0.535	0.21176118129575106
0.54	0.21106227717379536
0.545	0.21036527437437938
0.55	0.20967031416263573
0.555	0.20897752668331676
0.56	0.20828703172006685
0.5650000000000001	0.20759893939976126
0.5700000000000001	0.20691335084630974
0.5750000000000001	0.2062303587878654
0.5800000000000001	0.20555004812107303
0.585	0.20487249643568967
0.59	0.204197774502589
0.595	0.20352594672795216
0.6	0.20285707157618846
0.605	0.2021912019639184
0.61	0.2015283856271609
0.615	0.2008686654637273
0.62	0.20021207985258604
0.625	0.19955866295193134
0.63	0.1989084449774105
0.635	0.1982614524620082
0.64	0.19761770849883437
0.645	0.19697723296805325
0.65	0.19634004274903372
0.655	0.19570615191878415
0.66	0.19507557193759836
0.665	0.1944483118227863
0.67	0.19382437831131674
0.675	0.1932037760121165
0.68	0.19258650754872902
0.685	0.19197257369296122
0.6900000000000001	0.19136197349013617
0.6950000000000001	0.19075470437651015
0.7000000000000001	0.190150762289354
0.7050000000000001	0.18955014177016694
0.71	0.18895283606151966
0.715	0.18835883719790752
0.72	0.18776813609095258
0.725	0.1871807226094251
0.73	0.18659658565431902
0.735	0.18601571322931543
0.74	0.18543809250699483
0.745	0.1848637098909483
0.75	0.18429255107412093
0.755	0.1837246010936263
0.76	0.18315984438223334
0.765	0.1825982648166649
0.77	0.18203984576304635
0.775	0.18148457011955002
0.78	0.18093242035646065
0.785	0.18038337855382194
0.79	0.1798374264367972
0.795	0.1792945454088891
0.8	0.17875471658309686
0.805	0.1782179208112639
0.81	0.17768413871156738
0.8150000000000001	0.17715335069437624
0.8200000000000001	0.17662553698643868
0.8250000000000001	0.17610067765380294
0.8300000000000001	0.17557875262304265
0.8350000000000001	0.17505974170137845
0.84	0.17454362459553488
0.845	0.17403038092933643
0.85	0.1735199902602889
0.855	0.17301243209510278
0.86	0.17250768590421584
0.865	0.17200573113544632
0.87	0.17150654722674877
0.875	0.17101011361811982
0.88	0.17051640976285037
0.885	0.17002541513785346
0.89	0.1695371092535723
0.895	0.16905147166297738
0.9	0.16856848197015947
0.905	0.1680881198382444
0.91	0.1676103649967547
0.915	0.16713519724855946
0.92	0.1666625964762666
0.925	0.16619254264812744
0.93	0.1657250158236452
0.935	0.16525999615862597
0.9400000000000001	0.16479746390999953
0.9450000000000001	0.164337399440123
0.9500000000000001	0.1638797832208792
0.9550000000000001	0.1634245958374234
0.9600000000000001	0.16297181799152954
0.965	0.16252143050480763
0.97	0.16207341432155067
0.975	0.16162775051019268
0.98	0.16118442027088972
0.985	0.16074340493078706
0.99	0.16030468594512845
0.995	0.15986824490875354
1.	0.1594340635500904
1.005	0.15900212373248435
1.01	0.1585724074583171
1.015	0.1581448968684761
1.02	0.15771957424357352
1.025	0.1572964220046853
1.0299999999999998	0.15687542271402122
1.035	0.1564565590757146
1.0399999999999998	0.15603981393604632
1.045	0.15562517028338443
1.0499999999999998	0.15521261124911614
1.055	0.15480212010711114
1.0599999999999998	0.15439368027407785
1.065	0.1539872753094599
1.0699999999999998	0.15358288891523372
1.075	0.15318050493567034
1.0799999999999998	0.1527801073571258
1.085	0.152381680307595
1.0899999999999999	0.15198520805647198
1.095	0.15159067501386297
1.0999999999999999	0.15119806573021116
1.105	0.15080736489568422
1.1099999999999999	0.15041855733952397
1.115	0.15003162802949355
1.1199999999999999	0.14964656207103336
1.125	0.14926334470667327
1.13	0.14888196131510706
1.135	0.1485023974105886
1.14	0.14812463864190428
1.145	0.14774867079163315
1.15	0.14737447977525886
1.155	0.14700205164020388
1.16	0.1466313725650325
1.1649999999999998	0.14626242885830673
1.17	0.145895206957878
1.1749999999999998	0.14552969342963717
1.18	0.14516587496679403
1.1849999999999998	0.14480373838865382
1.19	0.1444432706398056
1.1949999999999998	0.14408445878888623
1.2	0.14372729002770993
1.2049999999999998	0.1433717516701796
1.21	0.14301783115121156
1.2149999999999999	0.14266551602575306
1.22	0.1423147939676415
1.2249999999999999	0.14196565276864137
1.23	0.14161808033727194
1.2349999999999999	0.1412720646978636
1.24	0.1409275939893801
1.2449999999999999	0.14058465646447244
1.25	0.14024324048827722
1.255	0.1399033345374851
1.26	0.1395649271991869
1.265	0.13922800716984854
1.27	0.1388925632542751
1.275	0.13855858436452098
1.28	0.138226059518831
1.285	0.1378949778406001
1.2899999999999998	0.13756532855741452
1.295	0.137237100999858
1.2999999999999998	0.13691028460060428
1.305	0.13658486889332863
1.3099999999999998	0.13626084351171885
1.315	0.1359381981884429
1.3199999999999998	0.1356169227540891
1.325	0.1352970071362817
1.3299999999999998	0.1349784413585464
1.335	0.1346612155394302
1.3399999999999999	0.1343453198914542
1.345	0.13403074472014068
1.3499999999999999	0.13371748042308115
1.355	0.13340551748893392
1.3599999999999999	0.1330948464964921
1.365	0.13278545811372633
1.3699999999999999	0.1324773430968504
1.375	0.1321704922893764
1.38	0.13186489662123466
1.385	0.13156054710779902
1.39	0.13125743484901514
1.395	0.1309555510285055
1.4	0.13065488691264715
1.405	0.13035543384973935
1.41	0.1300571832690659
1.4149999999999998	0.1297601266800797
1.42	0.1294642556715267
1.4249999999999998	0.1291695619105958
1.43	0.12887603714207457
1.4349999999999998	0.1285836731875351
1.44	0.12829246194446878
1.4449999999999998	0.12800239538553518
1.45	0.1277134655576711
1.4549999999999998	0.12742566458135854
1.46	0.1271389846498217
1.4649999999999999	0.12685341802821495
1.47	0.12656895705284993
1.4749999999999999	0.12628559413048265
1.48	0.1260033217374798
1.4849999999999999	0.1257221324191163
1.49	0.12544201878884373
1.4949999999999999	0.12516297352747674
1.5	0.12488498938256956
1.505	0.12460805916764062
1.51	0.12433217576145766
1.515	0.12405733210735445
1.52	0.12378352121252388
1.525	0.12351073614733385
1.53	0.12323897004467117
1.535	0.12296821609921442
1.54	0.12269846756681059
1.545	0.12242971776380857
1.5499999999999998	0.12216196006640977
1.555	0.1218951879100412
1.5599999999999998	0.1216293947886584
1.565	0.12136457425419972
1.5699999999999998	0.12110071991591033
1.575	0.12083782543975465
1.5799999999999998	0.12057588454778212
1.585	0.12031489101755433
1.5899999999999999	0.12005483868155185
1.595	0.11979572142655616
1.5999999999999999	0.11953753319310216
1.605	0.11928026797489384
1.6099999999999999	0.11902391981823658
1.615	0.11876848282148923
1.6199999999999999	0.1185139511344735
1.625	0.11826031895798421
1.63	0.11800758054319913
1.635	0.11775573019118
1.64	0.11750476225229697
1.645	0.11725467112577773
1.65	0.1170054512591299
1.655	0.1167570971476532
1.66	0.11650960333393261
1.665	0.11626296440735238
1.67	0.11601717500359145
1.6749999999999998	0.11577222980413115
1.68	0.11552812353579532
1.6849999999999998	0.11528485097025055
1.69	0.11504240692356298
1.6949999999999998	0.11480078625570349
1.7	0.11455998387011104
1.7049999999999998	0.11431999471323577
1.71	0.11408081377408692
1.7149999999999999	0.11384243608379284
1.72	0.11360485671515609
1.7249999999999999	0.11336807078223257
1.73	0.11313207343988826
1.7349999999999999	0.11289685988340353
1.74	0.11266242534802187
1.7449999999999999	0.11242876510855682
1.75	0.11219587447898849
1.755	0.11196374881204109
1.76	0.11173238349880958
1.765	0.11150177396834486
1.77	0.11127191568726828
1.775	0.11104280415939366
1.78	0.1108144349253516
1.785	0.11058680356219579
1.79	0.11035990568304821
1.795	0.1101337369367277
1.7999999999999998	0.10990829300737255
1.805	0.10968356961411974
1.8099999999999998	0.1094595625107028
1.815	0.10923626748512726
1.8199999999999998	0.109013680359329
1.825	0.10879179698882371
1.8299999999999998	0.10857061326237262
1.835	0.1083501251016341
1.8399999999999999	0.10813032846084925
1.845	0.10791121932651222
1.8499999999999999	0.10769279371703928
1.855	0.10747504768246645
1.8599999999999999	0.1072579773041076
1.865	0.10704157869427457
1.8699999999999999	0.10682584799594008
1.875	0.10661078138244616
1.88	0.10639637505720793
1.885	0.10618262525340467
1.89	0.1059695282336938
1.895	0.10575708028990913
1.9	0.10554527774279325
1.905	0.1053341169416916
1.91	0.1051235942642809
1.915	0.1049137061162907
1.92	0.10470444893122502
1.9249999999999998	0.10449581917010546
1.93	0.1042878133211822
1.9349999999999998	0.10408042789967897
1.94	0.10387365944752033
1.9449999999999998	0.10366750453309836
1.95	0.10346195975098396
1.9549999999999998	0.1032570217216972
1.96	0.10305268709143152
1.9649999999999999	0.1028489525318414
1.97	0.10264581473976118
1.9749999999999999	0.10244327043698544
1.98	0.10224131637002133
1.9849999999999999	0.10203994930984045
1.99	0.10183916605168027
1.9949999999999999	0.10163896341476261
2.	0.1014393382420965
2.005	0.10124028740026277
2.01	0.10104180777914196
2.015	0.10084389629174566
2.02	0.10064654987396567
2.025	0.1004497654843656
2.03	0.10025354010396238
2.035	0.10005787073603906
2.04	0.09986275440587902
2.045	0.09966818816062527
2.05	0.0994741690690365
2.0549999999999997	0.09928069422128347
2.06	0.09908776072876264
2.065	0.09889536572389114
2.07	0.09870350635991637
2.0749999999999997	0.09851217981071171
2.08	0.09832138327059163
2.085	0.09813111395412358
2.09	0.09794136909592796
2.0949999999999998	0.09775214595051646
2.1	0.0975634417920779
2.105	0.09737525391432383
2.11	0.09718757963028708
2.1149999999999998	0.09700041627215626
2.12	0.09681376119110577
2.125	0.09662761175710806
2.13	0.09644196535875954
2.135	0.09625681940312844
2.14	0.09607217131557037
2.145	0.09588801853956508
2.15	0.09570435853655988
2.155	0.09552118878579458
2.16	0.09533850678414926
2.165	0.09515631004597759
2.17	0.09497459610295424
2.175	0.09479336250391947
2.18	0.09461260681471438
2.185	0.0944323266180428
2.19	0.0942525195133088
2.195	0.09407318311647363
2.1999999999999997	0.09389431505989944
2.205	0.09371591299221678
2.21	0.09353797457815818
2.215	0.0933604974984398
2.2199999999999998	0.09318347944959714
2.225	0.09300691814385884
2.23	0.09283081130900353
2.235	0.09265515668822137
2.2399999999999998	0.09247995203997326
2.245	0.09230519513785876
2.25	0.092130883770499
2.255	0.09195701574137696
2.26	0.0917835888687275
2.265	0.09161060098539182
2.27	0.09143804993871182
2.275	0.09126593359037508
2.28	0.09109424981631958
2.285	0.09092299650658318
2.29	0.09075217156520071
2.295	0.09058177291007018
2.3	0.09041179847283368
2.305	0.09024224619876439
2.31	0.09007311404664707
2.315	0.08990439998865472
2.32	0.08973610201024884
2.3249999999999997	0.08956821811004133
2.33	0.0894007462997006
2.335	0.08923368460383332
2.34	0.08906703105987675
2.3449999999999998	0.08890078371798493
2.35	0.08873494064091642
2.355	0.08856949990393419
2.36	0.08840445959469741
2.3649999999999998	0.08823981781316016
2.37	0.08807557267144862
2.375	0.08791172229378325
2.38	0.0877482648163632
2.385	0.08758519838726538
2.39	0.08742252116633609
2.395	0.08726023132511203
2.4	0.08709832704671043
2.405	0.08693680652572557
2.41	0.08677566796814429
2.415	0.08661490959124374
2.42	0.08645452962349313
2.425	0.08629452630448135
2.43	0.08613489788478834
2.435	0.0859756426259243
2.44	0.08581675880022886
2.445	0.0856582446907821
2.4499999999999997	0.08550009859130425
2.455	0.08534231880608795
2.46	0.08518490364989054
2.465	0.08502785144786762
2.4699999999999998	0.0848711605354658
2.475	0.08471482925835651
2.48	0.08455885597234127
2.485	0.08440323904327302
2.4899999999999998	0.08424797684697113
2.495	0.0840930677691414
2.5	0.08393851020529458
2.505	0.08378430256066671
2.51	0.08363044325014231
2.515	0.08347693069816342
2.52	0.08332376333867457
2.525	0.0831709396150278
2.53	0.08301845797990384
2.535	0.0828663168952531
2.54	0.08271451483220835
2.545	0.08256305027101266
2.55	0.08241192170095045
2.555	0.08226112762026329
2.56	0.08211066653609729
2.565	0.0819605369644071
2.57	0.0818107374299095
2.5749999999999997	0.08166126646599496
2.58	0.0815121226146662
2.585	0.08136330442647081
2.59	0.08121481046042547
2.5949999999999998	0.08106663928395838
2.6	0.08091878947283578
2.605	0.08077125961109664
2.61	0.08062404829098703
2.6149999999999998	0.08047715411289678
2.62	0.08033057568528873
2.625	0.0801843116246514
2.63	0.08003836055541162
2.635	0.07989272110989094
2.64	0.07974739192823455
2.645	0.07960237165835433
2.65	0.07945765895585717
2.655	0.07931325248400475
2.66	0.07916915091363443
2.665	0.0790253529231083
2.67	0.07888185719825068
2.675	0.07873866243229553
2.68	0.07859576732582382
2.685	0.07845317058670491
2.69	0.07831087093004431
2.695	0.07816886707813067
2.7	0.07802715776036546
2.705	0.07788574171322349
2.71	0.07774461768018605
2.715	0.07760378441169966
2.7199999999999998	0.07746324066510943
2.725	0.07732298520461084
2.73	0.07718301680120353
2.735	0.07704333423262327
2.7399999999999998	0.07690393628330677
2.745	0.07676482174432472
2.75	0.07662598941334817
2.755	0.07648743809458236
2.76	0.07634916659872243
2.765	0.07621117374290719
2.77	0.0760734583506632
2.775	0.07593601925186262
2.78	0.07579885528266675
2.785	0.07566196528548848
2.79	0.07552534810893353
2.795	0.07538900260776124
2.8	0.07525292764283611
2.8049999999999997	0.07511712208107643
2.81	0.07498158479541836
2.815	0.07484631466475568
2.82	0.0747113105739147
2.825	0.0745765714135862
2.83	0.07444209608030085
2.835	0.07430788347637282
2.84	0.07417393250986092
2.8449999999999998	0.07404024209452706
2.85	0.073906811149786
2.855	0.07377363860067468
2.86	0.0736407233777938
2.8649999999999998	0.07350806441728366
2.87	0.07337566066076773
2.875	0.07324351105532088
2.88	0.07311161455342548
2.885	0.07297997011292891
2.89	0.07284857669700469
2.895	0.07271743327411742
2.9	0.0725865388179749
2.905	0.0724558923074942
2.91	0.07232549272676139
2.915	0.07219533906499355
2.92	0.07206543031650048
2.925	0.07193576548064777
2.9299999999999997	0.07180634356181455
2.935	0.07167716356936256
2.94	0.0715482245175936
2.945	0.07141952542571922
2.95	0.07129106531781623
2.955	0.071162843222799
2.96	0.07103485817437526
2.965	0.0709071092110171
2.9699999999999998	0.07077959537592457
2.975	0.07065231571698662
2.98	0.07052526928675187
2.985	0.07039845514238967
2.9899999999999998	0.07027187234565954
2.995	0.07014551996287448
3.	0.07001939706486816
3.005	0.06989350272696598
3.01	0.06976783602894171
3.015	0.0696423960549962
3.02	0.069517181893717
3.025	0.0693921926380489
3.03	0.06926742738526366
3.035	0.06914288523692212
3.04	0.06901856529885032
3.045	0.06889446668110465
3.05	0.06877058849793706
3.0549999999999997	0.06864692986777053
3.06	0.06852348991316612
3.065	0.06840026776079018
3.07	0.0682772625413898
3.075	0.06815447338975343
3.08	0.06803189944469444
3.085	0.0679095398490092
3.09	0.06778739374945467
3.0949999999999998	0.06766546029671798
3.1	0.0675437386453871
3.105	0.0674222279539222
3.11	0.06730092738462876
3.115	0.06717983610362667
3.12	0.06705895328082576
3.125	0.06693827808989523
3.13	0.06681780970823717
3.135	0.06669754731695854
3.14	0.06657749010084689
3.145	0.06645763724833854
3.15	0.06633798795149597
3.155	0.06621854140597998
3.16	0.06609929681102304
3.165	0.06598025336940196
3.17	0.06586141028741566
3.175	0.06574276677485602
3.1799999999999997	0.06562432204498199
3.185	0.06550607531449697
3.19	0.06538802580352195
3.195	0.06527017273556976
3.2	0.06515251533752084
3.205	0.06503505283960154
3.21	0.06491778447535196
3.215	0.06480070948161126
3.2199999999999998	0.06468382709848546
3.225	0.06456713656932765
3.23	0.06445063714071368
3.235	0.06433432806241648
3.24	0.06421820858738521
3.245	0.0641022779717204
3.25	0.06398653547465065
3.255	0.06387098035850969
3.26	0.06375561188871538
3.265	0.06364042933374343
3.27	0.06352543196510761
3.275	0.06341061905733691
3.28	0.06329598988795211
3.285	0.06318154373744483
3.29	0.06306727988925492
3.295	0.06295319762974953
3.3	0.06283929624819962
3.3049999999999997	0.0627255750367603
3.31	0.06261203329044869
3.315	0.06249867030712204
3.32	0.06238548538745831
3.325	0.06227247783493287
3.33	0.06215964695579995
3.335	0.062046992059069855
3.34	0.06193451245649025
3.3449999999999998	0.06182220746252421
3.35	0.061710076394331057
3.355	0.061598118571744874
3.36	0.061486333317256496
3.365	0.06137471995599057
3.37	0.061263277815688764
3.375	0.06115200622668838
3.38	0.06104090452190277
3.385	0.060929972036802796
3.39	0.060819208109396304
3.395	0.060708612080210125
3.4	0.0605981832922709
3.405	0.06048792109108358
3.41	0.06037782482461652
3.415	0.06026789384328006
3.42	0.060158127499909404
3.425	0.06004852514974416
3.4299999999999997	0.05993908615040991
3.435	0.059829809861904296
3.44	0.0597206956465725
3.445	0.05961174286909337
3.45	0.059502950896460315
3.455	0.05939431909796292
3.46	0.05928584684516898
3.465	0.059177533511908395
3.4699999999999998	0.05906937847425291
3.475	0.058961381110501226
3.48	0.05885354080116089
3.485	0.05874585692892939
3.49	0.05863832887867816
3.495	0.058530956037436875
3.5	0.05842373779437342
3.505	0.058316673540779185
3.51	0.0582097626700512
3.515	0.058103004577675706
3.52	0.05799639866121243
3.525	0.05788994432027427
3.53	0.057783640956516835
3.535	0.05767748797361619
3.54	0.05757148477725618
3.545	0.057465630775111715
3.55	0.057359925376828984
3.5549999999999997	0.057254367994015586
3.56	0.05714895804022116
3.565	0.057043694930917564
3.5700000000000003	0.05693857808349084
3.575	0.05683360691721942
3.58	0.05672878085326099
3.585	0.056624099314638354
3.59	0.056519561726217984
3.5949999999999998	0.056415167514701395
3.5999999999999996	0.05631091610860582
3.605	0.056206806938249566
3.61	0.056102839435737496
3.615	0.05599901303494449
3.62	0.055895327171500746
3.625	0.05579178128277995
3.63	0.05568837480787791
3.635	0.05558510718760193
3.6399999999999997	0.05548197786445423
3.645	0.05537898628262179
3.65	0.055276131887952634
3.6550000000000002	0.0551734141279479
3.66	0.055070832451747674
3.665	0.054968386310110744
3.67	0.05486607515540751
3.675	0.054763898441595904
3.6799999999999997	0.05466185562421825
3.685	0.054559946160377674
3.69	0.05445816950872999
3.6950000000000003	0.05435652512946202
3.7	0.05425501248428887
3.705	0.05415363103642733
3.71	0.054052380250589394
3.715	0.053951259592969036
3.7199999999999998	0.05385026853122099
3.7249999999999996	0.053749406534451524
3.73	0.053648673073210036
3.735	0.05354806761946162
3.74	0.05344758964658653
3.745	0.05334723862935757
3.75	0.05324701404393331
3.755	0.05314691536783538
3.76	0.053046942079944724
3.7649999999999997	0.052947093660483446
3.77	0.05284736959099663
3.775	0.05274776935434942
3.7800000000000002	0.052648292434699234
3.785	0.05254893831749898
3.79	0.052449706489473794
3.795	0.052350596438601606
3.8	0.052251607654116385
3.8049999999999997	0.05215273962648057
3.81	0.052053991847375296
3.815	0.05195536380969414
3.8200000000000003	0.05185685500751907
3.825	0.051758464936115876
3.83	0.05166019309191242
3.835	0.05156203897250095
3.84	0.05146400207660286
3.8449999999999998	0.05136608190407216
3.8499999999999996	0.05126827795587861
3.855	0.051170589734093504
3.86	0.05107301674187805
3.865	0.050975558483462094
3.87	0.050878214464145755
3.875	0.050780984190276345
3.88	0.05068386716923719
3.885	0.0505868629094336
3.8899999999999997	0.05048997092028558
3.895	0.05039319071220638
3.9	0.05029652179660093
3.9050000000000002	0.050199963685837824
3.91	0.05010351589324787
3.915	0.05000717793311557
3.92	0.04991094932064691
3.925	0.04981482957197462
3.9299999999999997	0.0497188182041417
3.935	0.04962291473508061
3.94	0.0495271186836096
3.9450000000000003	0.04943142956941418
3.95	0.04933584691303963
3.955	0.04924037023586959
3.96	0.04914499906012436
3.965	0.04904973290883928
3.9699999999999998	0.048954571305853276
3.9749999999999996	0.048859513775805545
3.98	0.048764559844104265
3.985	0.04866970903693187
3.99	0.04857496088122479
3.995	0.04848031490465743
4.	0.048385770635634574
4.005	0.048291327603279116
4.01	0.04819698533741142
4.015	0.048102743368546905
4.02	0.048008601227875786
4.025	0.04791455844725522
4.03	0.04782061455918926
4.035	0.04772676909682424
4.04	0.04763302159393471
4.045	0.04753937158490306
4.05	0.04744581860471123
4.055	0.04735236218893512
4.0600000000000005	0.04725900187371961
4.0649999999999995	0.047165737195767214
4.07	0.047072567692339126
4.075	0.04697949290122288
4.08	0.04688651236072826
4.085	0.04679362560968511
4.09	0.046700832187402945
4.095	0.04660813163368447
4.1	0.04651552348880444
4.105	0.04642300729348332
4.109999999999999	0.04633058258889689
4.115	0.046238248916643895
4.12	0.04614600581874082
4.125	0.04605385283761311
4.13	0.04596178951606728
4.135	0.045869815397296176
4.14	0.04577793002485317
4.145	0.045686132942638985
4.15	0.045594423694896594
4.155	0.04550280182618619
4.16	0.04541126688137901
4.165	0.04531981840564514
4.17	0.04522845594444131
4.175	0.04513717904347996
4.18	0.04504598724873955
4.1850000000000005	0.044954880106437015
4.1899999999999995	0.04486385716301221
4.195	0.04477291796513107
4.2	0.04468206205964413
4.205	0.04459128899359531
4.21	0.044500598314201535
4.215	0.04440998956882989
4.22	0.04431946230499926
4.225	0.04422901607035896
4.23	0.044138650412657424
4.234999999999999	0.044048364879758765
4.24	0.04395815901961311
4.245	0.04386803238023227
4.25	0.04377798450969247
4.255	0.04368801495611428
4.26	0.043598123267635146
4.265	0.0435083089924145
4.27	0.04341857167860902
4.275	0.04332891087436011
4.28	0.04323932612777033
4.285	0.04314981698690032
4.29	0.04306038299974803
4.295	0.04297102371422816
4.3	0.042881738678183255
4.305	0.04279252743931451
4.3100000000000005	0.04270338954523005
4.3149999999999995	0.042614324543383014
4.32	0.04252533198107263
4.325	0.04243641140543161
4.33	0.0423475623634044
4.335	0.042258784401732016
4.34	0.042170077066936186
4.345	0.04208143990530376
4.35	0.041992872462878125
4.355	0.04190437428541909
4.359999999999999	0.041815944918414547
4.365	0.041727583907050565
4.37	0.04163929079618428
4.375	0.04155106513035926
4.38	0.04146290645374843
4.385	0.04137481431016175
4.39	0.04128678824302424
4.395	0.04119882779536299
4.4	0.041110932509775495
4.405	0.04102310192842331
4.41	0.040935335593012656
4.415	0.040847633044778946
4.42	0.040759993824456706
4.425	0.04067241747228107
4.43	0.0405849035279507
4.4350000000000005	0.04049745153061958
4.4399999999999995	0.0404100610188731
4.445	0.04032273153071156
4.45	0.04023546260354349
4.455	0.040148253774139095
4.46	0.040061104578628874
4.465	0.03997401455249407
4.47	0.0398869832305199
4.475	0.03980001014680405
4.48	0.039713094834707564
4.484999999999999	0.03962623682686469
4.49	0.039539435655140266
4.495	0.039452690850617846
4.5	0.03936600194358572
4.505	0.039279368463501205
4.51	0.03919278993897462
4.515	0.039106265897758175
4.52	0.039019795866713176
4.525	0.038933379371790235
4.53	0.03884701593801043
4.535	0.03876070508944126
4.54	0.03867444634917607
4.545	0.03858823923930666
4.55	0.03850208328090532
4.555	0.03841597799400451
4.5600000000000005	0.03832992289756373
4.5649999999999995	0.0382439175094488
4.57	0.03815796134641841
4.575	0.0380720539240972
4.58	0.03798619475692749
4.585	0.03790038335817978
4.59	0.03781461923991568
4.595000000000001	0.037728901912940725
4.6	0.03764323088681393
4.605	0.03755760566980431
4.609999999999999	0.0374720257688611
4.615	0.03738649068959624
4.62	0.037300999936248594
4.625	0.03721555301167769
4.63	0.037130149417305386
4.635	0.03704478865311728
4.640000000000001	0.03695947021761729
4.645	0.03687419360780249
4.65	0.03678895831915211
4.654999999999999	0.03670376384556426
4.66	0.036618609679360446
4.665	0.036533495311239325
4.67	0.03644842023024118
4.675	0.03636338392374478
4.68	0.03627838587740408
4.6850000000000005	0.03619342557513542
4.6899999999999995	0.03610850249909279
4.695	0.03602361612960589
4.7	0.03593876594518787
4.705	0.03585395142247126
4.71	0.03576917203619749
4.715	0.03568442725916831
4.720000000000001	0.03559971656221338
4.725	0.03551503941416365
4.73	0.035430395281819974
4.734999999999999	0.03534578362989627
4.74	0.03526120392101327
4.745	0.035176655615640526
4.75	0.035092138172071484
4.755	0.03500765104637927
4.76	0.0349231936923794
4.765000000000001	0.034838765561606255
4.77	0.03475436610325458
4.775	0.034669994764156505
4.779999999999999	0.03458565098872098
4.785	0.0345013342189257
4.79	0.03441704389424604
4.795	0.0343327794516269
4.8	0.034248540325446095
4.805	0.03416432594746348
4.8100000000000005	0.03408013574678156
4.8149999999999995	0.033995969149796565
4.82	0.033911825580152995
4.825	0.03382770445872755
4.83	0.03374360520353083
4.835	0.03365952722971437
4.84	0.033575469949485605
4.845000000000001	0.033491432772079596
4.85	0.03340741510369833
4.855	0.0333234163474902
4.859999999999999	0.033239435903450555
4.865	0.03315547316842485
4.87	0.033071527536007714
4.875	0.03298759839654234
4.88	0.03290368513702165
4.885	0.0328197871410581
4.890000000000001	0.0327359037888265
4.895	0.03265203445700805
4.9	0.032568178518729264
4.904999999999999	0.032484335343510945
4.91	0.0324005042972043
4.915	0.03231668474194701
4.92	0.03223287603607373
4.925	0.03214907753408603
4.93	0.03206528858657491
4.9350000000000005	0.031981508540155856
4.9399999999999995	0.03189773673742192
4.945	0.03181397251685306
4.95	0.0317302152127704
4.955	0.03164646415526521
4.96	0.03156271867012196
4.965	0.03147897807875605
4.970000000000001	0.03139524169814733
4.975	0.03131150884076268
4.98	0.03122777881448128
4.984999999999999	0.03114405092251288
4.99	0.031060324463355615
4.995	0.030976598730679136
5.	0.030892873013265813
5.005	0.03080914659493004
5.01	0.03072541875443655
5.015000000000001	0.03064168876542455
5.02	0.030557955896304376
5.025	0.0304742194101979
5.029999999999999	0.03039047856483013
5.035	0.030306732612451433
5.04	0.030222980799754946
5.045	0.0301392223677663
5.05	0.030055456551764878
5.055	0.029971682581178657
5.0600000000000005	0.029887899679515065
5.0649999999999995	0.029804107064209245
5.07	0.029720303946583454
5.075	0.029636489531701865
5.08	0.029552663018289696
5.085	0.029468823598611384
5.09	0.029384970458381357
5.095000000000001	0.029301102776637375
5.1	0.02921721972564365
5.105	0.029133320470752965
5.109999999999999	0.029049404170313483
5.115	0.028965469975546925
5.12	0.02888151703041016
5.125	0.028797544471501395
5.13	0.028713551427892295
5.135	0.02862953702104781
5.14	0.028545500364658565
5.145	0.028461440564533317
5.15	0.028377356718431824
5.155	0.028293247915959722
5.16	0.02820911323840753
5.165	0.028124951758605868
5.17	0.02804076254079642
5.175	0.027956544640443587
5.18	0.02787229710413323
5.185	0.027788018969359736
5.19	0.027703709264409973
5.195	0.027619367008180806
5.2	0.027534991210018848
5.205	0.02745058086953094
5.21	0.027366134976439534
5.215	0.027281652510385866
5.22	0.02719713244074797
5.225	0.027112573726470923
5.23	0.02702797531585506
5.235	0.0269433361463792
5.24	0.026858655144498252
5.245	0.02677393122543201
5.25	0.026689163292982893
5.255	0.0266043502392874
5.26	0.026519490944631206
5.265	0.026434584277212566
5.27	0.02634962909292395
5.275	0.026264624235121645
5.28	0.026179568534376016
5.285	0.026094460808238573
5.29	0.02600929986100897
5.295	0.02592408448345235
5.3	0.02583881345255892
5.305	0.025753485531278524
5.31	0.025668099468245963
5.315	0.025582653997487506
5.32	0.025497147838175648
5.325	0.025411579694297175
5.33	0.025325948254369256
5.335	0.02524025219114551
5.34	0.02515449016127685
5.345	0.025068660805024432
5.35	0.02498276274589365
5.355	0.02489679459032773
5.36	0.024810754927343755
5.365	0.02472464232818524
5.37	0.024638455345953863
5.375	0.02455219251526055
5.38	0.02446585235179458
5.385	0.024379433351986703
5.39	0.024292933992568037
5.395	0.02420635273017345
5.4	0.02411968800092559
5.405	0.02403293821998443
5.41	0.023946101781107468
5.415	0.02385917705620176
5.42	0.02377216239483291
5.425	0.023685056123769206
5.43	0.023597856546467524
5.435	0.02351056194256601
5.44	0.023423170567358473
5.445	0.023335680651277356
5.45	0.02324809039931497
5.455	0.023160397990466233
5.46	0.023072601577150555
5.465	0.022984699284600462
5.47	0.022896689210254787
5.475	0.022808569423106207
5.48	0.022720337963073843
5.485	0.02263199284030109
5.49	0.0225435320344894
5.495	0.022454953494169903
5.5	0.02236625513596772
5.505	0.0222774348438632
5.51	0.022188490468385676
5.515	0.02209941982584557
5.52	0.022010220697482156
5.525	0.02192089082861662
5.53	0.021831427927779368
5.535	0.02174182966580525
5.54	0.021652093674900494
5.545	0.021562217547667656
5.55	0.021472198836126815
5.555	0.02138203505068208
5.56	0.021291723659069405
5.565	0.02120126208525152
5.57	0.02111064770831514
5.575	0.021019877861271803
5.58	0.020928949829880653
5.585	0.020837860851391665
5.59	0.020746608113267964
5.595	0.02065518875184424
5.6	0.02056359985096634
5.605	0.02047183844056334
5.61	0.020379901495167007
5.615	0.020287785932408736
5.62	0.0201954886114289
5.625	0.020103006331247925
5.63	0.02001033582907723
5.635	0.01991747377857232
5.64	0.01982441678800753
5.645	0.019731161398408567
5.65	0.01963770408159409
5.655	0.019544041238152787
5.66	0.01945016919534627
5.665	0.019356084204936324
5.67	0.0192617824409106
5.675	0.019167259997150514
5.68	0.019072512884983878
5.6850000000000005	0.01897753703065018
5.69	0.01888232827266909
5.695	0.018786882359100195
5.7	0.01869119494469604
5.705	0.0185952615879349
5.71	0.018499077747936153
5.715	0.01840263878125125
5.72	0.018305939938510787
5.725	0.01820897636094464
5.73	0.01811174307674051
5.735	0.018014234997261326
5.74	0.017916446913082303
5.745	0.017818373489873685
5.75	0.017720009264089426
5.755	0.017621348638464058
5.76	0.01752238587731318
5.765	0.017423115101622345
5.77	0.017323530283904532
5.775	0.01722362524281993
5.78	0.017123393637550676
5.785	0.017022828961902384
5.79	0.01692192453813232
5.795	0.016820673510469557
5.8	0.016719068838327317
5.805	0.016617103289179723
5.8100000000000005	0.01651476943107881
5.815	0.01641205962479955
5.82	0.01630896601558405
5.825	0.01620548052445564
5.83	0.016101594839087262
5.835	0.015997300404182173
5.84	0.015892588411347216
5.845	0.01578744978841315
5.85	0.01568187518817776
5.855	0.01557585497652317
5.86	0.015469379219866485
5.865	0.015362437671903812
5.87	0.015255019759588994
5.875	0.015147114568301166
5.88	0.015038710826135011
5.885	0.014929796887257133
5.89	0.014820360714254787
5.895	0.01471038985940312
5.9	0.014599871444768141
5.905	0.014488792141061099
5.91	0.014377138145135703
5.915	0.014264895156032433
5.92	0.014152048349449253
5.925	0.014038582350505762
5.93	0.013924481204669773
5.9350000000000005	0.013809728346683422
5.94	0.013694306567321535
5.945	0.013578197977795227
5.95	0.013461383971596677
5.955	0.013343845183549481
5.96	0.013225561445812736
5.965	0.01310651174057346
5.97	0.012986674149089161
5.975	0.012866025796746136
5.98	0.01274454279375974
5.985	0.012622200171064498
5.99	0.012498971810909771
5.995	0.01237483037165052
6.	0.012249747206069996
6.005	0.012123692272612693
6.01	0.011996634038694451
6.015	0.011868539375264964
6.02	0.011739373441578632
6.025	0.01160909955910811
6.03	0.011477679073281169
6.035	0.011345071201559823
6.04	0.011211232866214192
6.045	0.011076118509861125
6.05	0.010939679891537615
6.055	0.010801865860695516
6.0600000000000005	0.010662622106234216
6.065	0.010521890877031734
6.07	0.010379610669911714
6.075	0.010235715880395822
6.08	0.010090136410516185
6.085	0.009942797227203166
6.09	0.009793617863351235
6.095	0.009642511852178319
6.1	0.009489386083776396
6.105	0.009334140070184523
6.11	0.009176665102737146
6.115	0.009016843281699943
6.12	0.008854546393689919
6.125	0.008689634606736144
6.13	0.008521954945333877
6.135	0.008351339498571241
6.140000000000001	0.008177603301709394
6.145	0.008000541815753137
6.15	0.007819927907400824
6.155	0.007635508202990795
6.16	0.007446998650225839
6.165	0.007254079066526658
6.17	0.007056386376409456
6.175	0.006853506130624986
6.18	0.006644961741921941
6.1850000000000005	0.006430200637810166
6.1899999999999995	0.006208576178137147
6.195	0.005979323638139471
6.2	0.005741527688704776
6.205	0.005494077378514123
6.21	0.005235602194916991
6.215	0.004964378472529996
6.22	0.004678187388249636
6.225	0.0043740898984133405
6.23	0.004048050211068813
6.235	0.003694260793375526
6.24	0.003303816088563565
6.245	0.002861748730579615
6.25	0.002338965474677643
6.255	0.0016609164407280995
6.26	0.00023073630334690236
6.265000000000001	0.
6.27	0.
6.275	0.
6.28	0.
6.285	0.
6.29	0.
6.295	0.
6.3	0.
6.305	0.
6.3100000000000005	0.
6.3149999999999995	0.
6.32	0.
6.325	0.
6.33	0.
6.335	0.
6.34	0.
6.345	0.
6.35	0.
6.355	0.
6.36	0.
6.365	0.
6.37	0.
6.375	0.
6.38	0.
6.385	0.
6.390000000000001	0.
6.395	0.
6.4	0.
6.405	0.
6.41	0.
6.415	0.
6.42	0.
6.425	0.
6.43	0.
6.4350000000000005	0.
6.4399999999999995	0.
6.445	0.
6.45	0.
6.455	0.
6.46	0.
6.465	0.
6.47	0.
6.475	0.
6.48	0.
6.485	0.
6.49	0.
6.495	0.
6.5	0.
6.505	0.
6.51	0.
6.515000000000001	0.
6.52	0.
6.525	0.
6.53	0.
6.535	0.
6.54	0.
6.545	0.
6.55	0.
6.555	0.
6.5600000000000005	0.
6.5649999999999995	0.
6.57	0.
6.575	0.
6.58	0.
6.585	0.
6.59	0.
6.595	0.
6.6	0.
6.605	0.
6.61	0.
6.615	0.
6.62	0.
6.625	0.
6.63	0.
6.635	0.
6.640000000000001	0.
6.645	0.
6.65	0.
6.655	0.
6.66	0.
6.665	0.
6.67	0.
6.675	0.
6.68	0.
6.6850000000000005	0.
6.6899999999999995	0.
6.695	0.
6.7	0.
6.705	0.
6.71	0.
6.715	0.
6.72	0.
6.725	0.
6.73	0.
6.735	0.
6.74	0.
6.745	0.
6.75	0.
6.755	0.
6.76	0.
6.765000000000001	0.
6.77	0.
6.775	0.
6.78	0.
6.785	0.
6.79	0.
6.795	0.
6.8	0.
6.805	0.
6.8100000000000005	0.
6.8149999999999995	0.
6.82	0.
6.825	0.
6.83	0.
6.835	0.
6.84	0.
6.845	0.
6.85	0.
6.855	0.
6.86	0.
6.865	0.
6.87	0.
6.875	0.
6.88	0.
6.885	0.
6.890000000000001	0.
6.895	0.
6.9	0.
6.905	0.
6.91	0.
6.915	0.
6.92	0.
6.925	0.
6.93	0.
6.9350000000000005	0.
6.9399999999999995	0.
6.945	0.
6.95	0.
6.955	0.
6.96	0.
6.965	0.
6.97	0.
6.975	0.
6.98	0.
6.985	0.
6.99	0.
6.995	0.
7.	0.
7.005	0.
7.01	0.
7.015000000000001	0.
7.02	0.
7.025	0.
7.03	0.
7.035	0.
7.04	0.
7.045	0.
7.05	0.
7.055	0.
7.0600000000000005	0.
7.0649999999999995	0.
7.07	0.
7.075	0.
7.08	0.
7.085	0.
7.09	0.
7.095	0.
7.1	0.
7.105	0.
7.11	0.
7.115	0.
7.12	0.
7.125	0.
7.13	0.
7.135	0.
7.140000000000001	0.
7.145	0.
7.15	0.
7.155	0.
7.16	0.
7.165	0.
7.17	0.
7.175	0.
7.18	0.
7.1850000000000005	0.
7.1899999999999995	0.
7.195	0.
7.2	0.
7.205	0.
7.21	0.
7.215	0.
7.220000000000001	0.
7.225	0.
7.23	0.
7.234999999999999	0.
7.24	0.
7.245	0.
7.25	0.
7.255	0.
7.26	0.
7.265000000000001	0.
7.27	0.
7.275	0.
7.28	0.
7.285	0.
7.29	0.
7.295	0.
7.300000000000001	0.
7.305	0.
7.3100000000000005	0.
7.3149999999999995	0.
7.32	0.
7.325	0.
7.33	0.
7.335	0.
7.34	0.
7.345000000000001	0.
7.35	0.
7.355	0.
7.359999999999999	0.
7.365	0.
7.37	0.
7.375	0.
7.38	0.
7.385	0.
7.390000000000001	0.
7.395	0.
7.4	0.
7.405	0.
7.41	0.
7.415	0.
7.42	0.
7.425000000000001	0.
7.43	0.
7.4350000000000005	0.
7.4399999999999995	0.
7.445	0.
7.45	0.
7.455	0.
7.46	0.
7.465	0.
7.470000000000001	0.
7.475	0.
7.48	0.
7.484999999999999	0.
7.49	0.
7.495	0.
7.5	0.
7.505	0.
7.51	0.
7.515000000000001	0.
7.52	0.
7.525	0.
7.53	0.
7.535	0.
7.54	0.
7.545	0.
7.550000000000001	0.
7.555	0.
7.5600000000000005	0.
7.5649999999999995	0.
7.57	0.
7.575	0.
7.58	0.
7.585	0.
7.59	0.
7.595000000000001	0.
7.6	0.
7.605	0.
7.609999999999999	0.
7.615	0.
7.62	0.
7.625	0.
7.63	0.
7.635	0.
7.640000000000001	0.
7.645	0.
7.65	0.
7.655	0.
7.66	0.
7.665	0.
7.67	0.
7.675000000000001	0.
7.68	0.
7.685	0.
7.6899999999999995	0.
7.694999999999999	0.
7.699999999999999	0.
7.704999999999999	0.
7.71	0.
7.715	0.
7.72	0.
7.725	0.
7.7299999999999995	0.
7.734999999999999	0.
7.739999999999999	0.
7.744999999999999	0.
7.75	0.
7.755	0.
7.76	0.
7.765	0.
7.77	0.
7.7749999999999995	0.
7.779999999999999	0.
7.784999999999999	0.
7.79	0.
7.795	0.
7.8	0.
7.805	0.
7.81	0.
7.8149999999999995	0.
7.819999999999999	0.
7.824999999999999	0.
7.829999999999999	0.
7.835	0.
7.84	0.
7.845	0.
7.85	0.
7.8549999999999995	0.
7.859999999999999	0.
7.864999999999999	0.
7.869999999999999	0.
7.875	0.
7.88	0.
7.885	0.
7.89	0.
7.895	0.
7.8999999999999995	0.
7.904999999999999	0.
7.909999999999999	0.
7.915	0.
7.92	0.
7.925	0.
7.93	0.
7.935	0.
7.9399999999999995	0.
7.944999999999999	0.
7.949999999999999	0.
7.955	0.
7.96	0.
7.965	0.
7.97	0.
7.975	0.
7.9799999999999995	0.
7.984999999999999	0.
7.989999999999999	0.
7.994999999999999	0.
8.	0.
8.004999999999999	0.
8.01	0.
8.014999999999999	0.
8.02	0.
8.025	0.
8.03	0.
8.035	0.
8.04	0.
8.045	0.
8.049999999999999	0.
8.055	0.
8.059999999999999	0.
8.065	0.
8.07	0.
8.075	0.
8.08	0.
8.084999999999999	0.
8.09	0.
8.094999999999999	0.
8.1	0.
8.105	0.
8.11	0.
8.115	0.
8.12	0.
8.125	0.
8.129999999999999	0.
8.135	0.
8.139999999999999	0.
8.145	0.
8.15	0.
8.155	0.
8.16	0.
8.165	0.
8.17	0.
8.174999999999999	0.
8.18	0.
8.184999999999999	0.
8.19	0.
8.195	0.
8.2	0.
8.205	0.
8.209999999999999	0.
8.215	0.
8.219999999999999	0.
8.225	0.
8.23	0.
8.235	0.
8.24	0.
8.245	0.
8.25	0.
8.254999999999999	0.
8.26	0.
8.264999999999999	0.
8.27	0.
8.275	0.
8.28	0.
8.285	0.
8.29	0.
8.295	0.
8.299999999999999	0.
8.305	0.
8.309999999999999	0.
8.315	0.
8.32	0.
8.325	0.
8.33	0.
8.334999999999999	0.
8.34	0.
8.344999999999999	0.
8.35	0.
8.355	0.
8.36	0.
8.365	0.
8.37	0.
8.375	0.
8.379999999999999	0.
8.385	0.
8.389999999999999	0.
8.395	0.
8.4	0.
8.405	0.
8.41	0.
8.415	0.
8.42	0.
8.424999999999999	0.
8.43	0.
8.434999999999999	0.
8.44	0.
8.445	0.
8.45	0.
8.455	0.
8.459999999999999	0.
8.465	0.
8.469999999999999	0.
8.475	0.
8.48	0.
8.485	0.
8.49	0.
8.495	0.
8.5	0.
8.504999999999999	0.
8.51	0.
8.515	0.
8.52	0.
8.525	0.
8.53	0.
8.535	0.
8.54	0.
8.545	0.
8.549999999999999	0.
8.555	0.
8.559999999999999	0.
8.565	0.
8.57	0.
8.575	0.
8.58	0.
8.584999999999999	0.
8.59	0.
8.594999999999999	0.
8.6	0.
8.605	0.
8.61	0.
8.615	0.
8.62	0.
8.625	0.
8.629999999999999	0.
8.635	0.
8.64	0.
8.645	0.
8.65	0.
8.655	0.
8.66	0.
8.665	0.
8.67	0.
8.674999999999999	0.
8.68	0.
8.684999999999999	0.
8.69	0.
8.695	0.
8.7	0.
8.705	0.
8.709999999999999	0.
8.715	0.
8.719999999999999	0.
8.725	0.
8.73	0.
8.735	0.
8.74	0.
8.745	0.
8.75	0.
8.754999999999999	0.
8.76	0.
8.765	0.
8.77	0.
8.775	0.
8.78	0.
8.785	0.
8.79	0.
8.795	0.
8.799999999999999	0.
8.805	0.
8.809999999999999	0.
8.815	0.
8.82	0.
8.825	0.
8.83	0.
8.834999999999999	0.
8.84	0.
8.844999999999999	0.
8.85	0.
8.855	0.
8.86	0.
8.865	0.
8.87	0.
8.875	0.
8.879999999999999	0.
8.885	0.
8.89	0.
8.895	0.
8.9	0.
8.905	0.
8.91	0.
8.915	0.
8.92	0.
8.924999999999999	0.
8.93	0.
8.934999999999999	0.
8.94	0.
8.945	0.
8.95	0.
8.955	0.
8.959999999999999	0.
8.965	0.
8.969999999999999	0.
8.975	0.
8.98	0.
8.985	0.
8.99	0.
8.995	0.
9.	0.
9.004999999999999	0.
9.01	0.
9.015	0.
9.02	0.
9.025	0.
9.03	0.
9.035	0.
9.04	0.
9.045	0.
9.049999999999999	0.
9.055	0.
9.059999999999999	0.
9.065	0.
9.07	0.
9.075	0.
9.08	0.
9.084999999999999	0.
9.09	0.
9.094999999999999	0.
9.1	0.
9.105	0.
9.11	0.
9.115	0.
9.12	0.
9.125	0.
9.129999999999999	0.
9.135	0.
9.14	0.
9.145	0.
9.15	0.
9.155	0.
9.16	0.
9.165	0.
9.17	0.
9.174999999999999	0.
9.18	0.
9.184999999999999	0.
9.19	0.
9.195	0.
9.2	0.
9.205	0.
9.209999999999999	0.
9.215	0.
9.219999999999999	0.
9.225	0.
9.23	0.
9.235	0.
9.24	0.
9.245	0.
9.25	0.
9.254999999999999	0.
9.26	0.
9.265	0.
9.27	0.
9.275	0.
9.28	0.
9.285	0.
9.29	0.
9.295	0.
9.299999999999999	0.
9.305	0.
9.309999999999999	0.
9.315	0.
9.32	0.
9.325	0.
9.33	0.
9.334999999999999	0.
9.34	0.
9.344999999999999	0.
9.35	0.
9.355	0.
9.36	0.
9.365	0.
9.37	0.
9.375	0.
9.379999999999999	0.
9.385	0.
9.39	0.
9.395	0.
9.4	0.
9.405	0.
9.41	0.
9.415	0.
9.42	0.
9.424999999999999	0.
9.43	0.
9.434999999999999	0.
9.44	0.
9.445	0.
9.45	0.
9.455	0.
9.459999999999999	0.
9.465	0.
9.469999999999999	0.
9.475	0.
9.48	0.
9.485	0.
9.49	0.
9.495	0.
9.5	0.
9.504999999999999	0.
9.51	0.
9.515	0.
9.52	0.
9.525	0.
9.53	0.
9.535	0.
9.54	0.
9.545	0.
9.549999999999999	0.
9.555	0.
9.559999999999999	0.
9.565	0.
9.57	0.
9.575	0.
9.58	0.
9.584999999999999	0.
9.59	0.
9.594999999999999	0.
9.6	0.
9.605	0.
9.61	0.
9.615	0.
9.62	0.
9.625	0.
9.629999999999999	0.
9.635	0.
9.64	0.
9.645	0.
9.65	0.
9.655	0.
9.66	0.
9.665	0.
9.67	0.
9.674999999999999	0.
9.68	0.
9.684999999999999	0.
9.69	0.
9.695	0.
9.7	0.
9.705	0.
9.709999999999999	0.
9.715	0.
9.719999999999999	0.
9.725	0.
9.73	0.
9.735	0.
9.74	0.
9.745	0.
9.75	0.
9.754999999999999	0.
9.76	0.
9.765	0.
9.77	0.
9.774999999999999	0.
9.78	0.
9.785	0.
9.79	0.
9.795	0.
9.8	0.
9.805	0.
9.809999999999999	0.
9.815	0.
9.82	0.
9.825	0.
9.83	0.
9.834999999999999	0.
9.84	0.
9.844999999999999	0.
9.85	0.
9.855	0.
9.86	0.
9.865	0.
9.87	0.
9.875	0.
9.879999999999999	0.
9.885	0.
9.89	0.
9.895	0.
9.899999999999999	0.
9.905	0.
9.91	0.
9.915	0.
9.92	0.
9.925	0.
9.93	0.
9.934999999999999	0.
9.94	0.
9.945	0.
9.95	0.
9.955	0.
9.959999999999999	0.
9.965	0.
9.969999999999999	0.
9.975	0.
9.98	0.
9.985	0.
9.99	0.
9.995	0.
10.	0.
10.004999999999999	0.
10.01	0.
10.015	0.
10.02	0.
10.024999999999999	0.
10.03	0.
10.035	0.
10.04	0.
10.045	0.
10.05	0.
10.055	0.
10.059999999999999	0.
10.065	0.
10.07	0.
10.075	0.
10.08	0.
10.084999999999999	0.
10.09	0.
10.094999999999999	0.
10.1	0.
10.105	0.
10.11	0.
10.115	0.
10.12	0.
10.125	0.
10.129999999999999	0.
10.135	0.
10.14	0.
10.145	0.
10.149999999999999	0.
10.155	0.
10.16	0.
10.165	0.
10.17	0.
10.175	0.
10.18	0.
10.184999999999999	0.
10.19	0.
10.195	0.
10.2	0.
10.205	0.
10.209999999999999	0.
10.215	0.
10.219999999999999	0.
10.225	0.
10.23	0.
10.235	0.
10.24	0.
10.245000000000001	0.
10.250000000000002	0.
10.255	0.
10.260000000000002	0.
10.265	0.
10.270000000000001	0.
10.275	0.
10.280000000000001	0.
10.285	0.
10.290000000000001	0.
10.295000000000002	0.
10.3	0.
10.305000000000001	0.
10.31	0.
10.315000000000001	0.
10.32	0.
10.325000000000001	0.
10.330000000000002	0.
10.335	0.
10.340000000000002	0.
10.345	0.
10.350000000000001	0.
10.355	0.
10.360000000000001	0.
10.365	0.
10.370000000000001	0.
10.375000000000002	0.
10.38	0.
10.385000000000002	0.
10.39	0.
10.395000000000001	0.
10.4	0.
10.405000000000001	0.
10.41	0.
10.415000000000001	0.
10.420000000000002	0.
10.425	0.
10.430000000000001	0.
10.435	0.
10.440000000000001	0.
10.445	0.
10.450000000000001	0.
10.455000000000002	0.
10.46	0.
10.465000000000002	0.
10.47	0.
10.475000000000001	0.
10.48	0.
10.485000000000001	0.
10.49	0.
10.495000000000001	0.
10.500000000000002	0.
10.505	0.
10.510000000000002	0.
10.515	0.
10.520000000000001	0.
10.525	0.
10.530000000000001	0.
10.535	0.
10.540000000000001	0.
10.545000000000002	0.
10.55	0.
10.555000000000001	0.
10.56	0.
10.565000000000001	0.
10.57	0.
10.575000000000001	0.
10.580000000000002	0.
10.585	0.
10.590000000000002	0.
10.595	0.
10.600000000000001	0.
10.605	0.
10.610000000000001	0.
10.615	0.
10.620000000000001	0.
10.625000000000002	0.
10.63	0.
10.635000000000002	0.
10.64	0.
10.645000000000001	0.
10.65	0.
10.655000000000001	0.
10.66	0.
10.665000000000001	0.
10.670000000000002	0.
10.675	0.
10.680000000000001	0.
10.685	0.
10.690000000000001	0.
10.695	0.
10.700000000000001	0.
10.705000000000002	0.
10.71	0.
10.715000000000002	0.
10.72	0.
10.725000000000001	0.
10.73	0.
10.735000000000001	0.
10.74	0.
10.745000000000001	0.
10.750000000000002	0.
10.755	0.
10.760000000000002	0.
10.765	0.
10.770000000000001	0.
10.775	0.
10.780000000000001	0.
10.785	0.
10.790000000000001	0.
10.795000000000002	0.
10.8	0.
10.805000000000001	0.
10.81	0.
10.815000000000001	0.
10.82	0.
10.825000000000001	0.
10.830000000000002	0.
10.835	0.
10.840000000000002	0.
10.845	0.
10.850000000000001	0.
10.855	0.
10.860000000000001	0.
10.865	0.
10.870000000000001	0.
10.875000000000002	0.
10.88	0.
10.885000000000002	0.
10.89	0.
10.895000000000001	0.
10.9	0.
10.905000000000001	0.
10.91	0.
10.915000000000001	0.
10.920000000000002	0.
10.925	0.
10.930000000000001	0.
10.935	0.
10.940000000000001	0.
10.945	0.
10.950000000000001	0.
10.955000000000002	0.
10.96	0.
10.965000000000002	0.
10.97	0.
10.975000000000001	0.
10.98	0.
10.985000000000001	0.
10.99	0.
10.995000000000001	0.
11.000000000000002	0.
11.005	0.
11.010000000000002	0.
11.015	0.
11.020000000000001	0.
11.025	0.
11.030000000000001	0.
11.035	0.
11.040000000000001	0.
11.045000000000002	0.
11.05	0.
11.055000000000001	0.
11.06	0.
11.065000000000001	0.
11.07	0.
11.075000000000001	0.
11.080000000000002	0.
11.085	0.
11.090000000000002	0.
11.095	0.
11.100000000000001	0.
11.105	0.
11.110000000000001	0.
11.115	0.
11.120000000000001	0.
11.125000000000002	0.
11.13	0.
11.135000000000002	0.
11.14	0.
11.145000000000001	0.
11.15	0.
11.155000000000001	0.
11.16	0.
11.165000000000001	0.
11.170000000000002	0.
11.175	0.
11.180000000000001	0.
11.185	0.
11.190000000000001	0.
11.195	0.
11.200000000000001	0.
11.205000000000002	0.
11.21	0.
11.215000000000002	0.
11.22	0.
11.225000000000001	0.
11.23	0.
11.235000000000001	0.
11.24	0.
11.245000000000001	0.
11.250000000000002	0.
11.255	0.
11.260000000000002	0.
11.265	0.
11.270000000000001	0.
11.275	0.
11.280000000000001	0.
11.285	0.
11.290000000000001	0.
11.295000000000002	0.
11.3	0.
11.305000000000001	0.
11.31	0.
11.315000000000001	0.
11.32	0.
11.325000000000001	0.
11.330000000000002	0.
11.335	0.
11.340000000000002	0.
11.345	0.
11.350000000000001	0.
11.355	0.
11.360000000000001	0.
11.365000000000002	0.
11.370000000000001	0.
11.375000000000002	0.
11.38	0.
11.385000000000002	0.
11.39	0.
11.395000000000001	0.
11.4	0.
11.405000000000001	0.
11.41	0.
11.415000000000001	0.
11.420000000000002	0.
11.425	0.
11.430000000000001	0.
11.435	0.
11.440000000000001	0.
11.445	0.
11.450000000000001	0.
11.455000000000002	0.
11.46	0.
11.465000000000002	0.
11.47	0.
11.475000000000001	0.
11.48	0.
11.485000000000001	0.
11.490000000000002	0.
11.495000000000001	0.
11.500000000000002	0.
11.505	0.
11.510000000000002	0.
11.515	0.
11.520000000000001	0.
11.525	0.
11.530000000000001	0.
11.535	0.
11.540000000000001	0.
11.545000000000002	0.
11.55	0.
11.555000000000001	0.
11.56	0.
11.565000000000001	0.
11.57	0.
11.575000000000001	0.
11.580000000000002	0.
11.585	0.
11.590000000000002	0.
11.595	0.
11.600000000000001	0.
11.605	0.
11.610000000000001	0.
11.615000000000002	0.
11.620000000000001	0.
11.625000000000002	0.
11.63	0.
11.635000000000002	0.
11.64	0.
11.645000000000001	0.
11.65	0.
11.655000000000001	0.
11.66	0.
11.665000000000001	0.
11.670000000000002	0.
11.675	0.
11.680000000000001	0.
11.685	0.
11.690000000000001	0.
11.695	0.
11.700000000000001	0.
11.705000000000002	0.
11.71	0.
11.715000000000002	0.
11.72	0.
11.725000000000001	0.
11.73	0.
11.735000000000001	0.
11.740000000000002	0.
11.745000000000001	0.
11.750000000000002	0.
11.755	0.
11.760000000000002	0.
11.765	0.
11.770000000000001	0.
11.775	0.
11.780000000000001	0.
11.785	0.
11.790000000000001	0.
11.795000000000002	0.
11.8	0.
11.805000000000001	0.
11.81	0.
11.815000000000001	0.
11.82	0.
11.825000000000001	0.
11.830000000000002	0.
11.835	0.
11.840000000000002	0.
11.845	0.
11.850000000000001	0.
11.855	0.
11.860000000000001	0.
11.865000000000002	0.
11.870000000000001	0.
11.875000000000002	0.
11.88	0.
11.885000000000002	0.
11.89	0.
11.895000000000001	0.
11.9	0.
11.905000000000001	0.
11.91	0.
11.915000000000001	0.
11.920000000000002	0.
11.925	0.
11.930000000000001	0.
11.935	0.
11.940000000000001	0.
11.945	0.
11.950000000000001	0.
11.955000000000002	0.
11.96	0.
11.965000000000002	0.
11.97	0.
11.975000000000001	0.
11.98	0.
11.985000000000001	0.
11.990000000000002	0.
11.995000000000001	0.
12.000000000000002	0.
12.005	0.
12.010000000000002	0.
12.015	0.
12.020000000000001	0.
12.025	0.
12.030000000000001	0.
12.035	0.
12.040000000000001	0.
12.045000000000002	0.
12.05	0.
12.055000000000001	0.
12.06	0.
12.065000000000001	0.
12.07	0.
12.075000000000001	0.
12.080000000000002	0.
12.085	0.
12.090000000000002	0.
12.095	0.
12.100000000000001	0.
12.105	0.
12.110000000000001	0.
12.115000000000002	0.
12.120000000000001	0.
12.125000000000002	0.
12.13	0.
12.135000000000002	0.
12.14	0.
12.145000000000001	0.
12.15	0.
12.155000000000001	0.
12.16	0.
12.165000000000001	0.
12.170000000000002	0.
12.175	0.
12.180000000000001	0.
12.185	0.
12.190000000000001	0.
12.195	0.
12.200000000000001	0.
12.205000000000002	0.
12.21	0.
12.215000000000002	0.
12.22	0.
12.225000000000001	0.
12.23	0.
12.235000000000001	0.
12.240000000000002	0.
12.245000000000001	0.
12.25	0.
12.255	0.
12.260000000000002	0.
12.265	0.
12.270000000000001	0.
12.275000000000002	0.
12.280000000000001	0.
12.285	0.
12.290000000000001	0.
12.295000000000002	0.
12.3	0.
12.305000000000001	0.
12.31	0.
12.315000000000001	0.
12.32	0.
12.325000000000001	0.
12.330000000000002	0.
12.335	0.
12.340000000000002	0.
12.345	0.
12.350000000000001	0.
12.355	0.
12.360000000000001	0.
12.365000000000002	0.
12.370000000000001	0.
12.375	0.
12.38	0.
12.385000000000002	0.
12.39	0.
12.395000000000001	0.
12.400000000000002	0.
12.405000000000001	0.
12.41	0.
12.415000000000001	0.
12.420000000000002	0.
12.425	0.
12.430000000000001	0.
12.435	0.
12.440000000000001	0.
12.445	0.
12.450000000000001	0.
12.455000000000002	0.
12.46	0.
12.465000000000002	0.
12.47	0.
12.475000000000001	0.
12.48	0.
12.485000000000001	0.
12.490000000000002	0.
12.495000000000001	0.
12.5	0.
12.505	0.
12.510000000000002	0.
12.515	0.
12.520000000000001	0.
12.525000000000002	0.
12.530000000000001	0.
12.535	0.
12.540000000000001	0.
12.545000000000002	0.
12.55	0.
12.555000000000001	0.
12.56	0.
12.565000000000001	0.
12.57	0.
12.575000000000001	0.
12.580000000000002	0.
12.585	0.
12.590000000000002	0.
12.595	0.
12.600000000000001	0.
12.605	0.
12.610000000000001	0.
12.615000000000002	0.
12.620000000000001	0.
12.625	0.
12.63	0.
12.635000000000002	0.
12.64	0.
12.645000000000001	0.
12.650000000000002	0.
12.655000000000001	0.
12.66	0.
12.665000000000001	0.
12.670000000000002	0.
12.675	0.
12.680000000000001	0.
12.685	0.
12.690000000000001	0.
12.695	0.
12.700000000000001	0.
12.705000000000002	0.
12.71	0.
12.715000000000002	0.
12.72	0.
12.725000000000001	0.
12.73	0.
12.735000000000001	0.
12.740000000000002	0.
12.745000000000001	0.
12.75	0.
12.755	0.
12.760000000000002	0.
12.765	0.
12.770000000000001	0.
12.775000000000002	0.
12.780000000000001	0.
12.785	0.
12.790000000000001	0.
12.795000000000002	0.
12.8	0.
12.805000000000001	0.
12.810000000000002	0.
12.815000000000001	0.
12.820000000000002	0.
12.825000000000001	0.
12.830000000000002	0.
12.835	0.
12.840000000000002	0.
12.845	0.
12.850000000000001	0.
12.855000000000002	0.
12.860000000000001	0.
12.865000000000002	0.
12.870000000000001	0.
12.875000000000002	0.
12.88	0.
12.885000000000002	0.
12.890000000000002	0.
12.895000000000001	0.
12.900000000000002	0.
12.905000000000001	0.
12.910000000000002	0.
12.915000000000001	0.
12.920000000000002	0.
12.925	0.
12.930000000000001	0.
12.935000000000002	0.
12.940000000000001	0.
12.945000000000002	0.
12.950000000000001	0.
12.955000000000002	0.
12.96	0.
12.965000000000002	0.
12.97	0.
12.975000000000001	0.
12.980000000000002	0.
12.985000000000001	0.
12.990000000000002	0.
12.995000000000001	0.
13.000000000000002	0.
13.005	0.
13.010000000000002	0.
13.015000000000002	0.
13.020000000000001	0.
13.025000000000002	0.
13.030000000000001	0.
13.035000000000002	0.
13.040000000000001	0.
13.045000000000002	0.
13.05	0.
13.055000000000001	0.
13.060000000000002	0.
13.065000000000001	0.
13.070000000000002	0.
13.075000000000001	0.
13.080000000000002	0.
13.085	0.
13.090000000000002	0.
13.095	0.
13.100000000000001	0.
13.105000000000002	0.
13.110000000000001	0.
13.115000000000002	0.
13.120000000000001	0.
13.125000000000002	0.
13.13	0.
13.135000000000002	0.
13.140000000000002	0.
13.145000000000001	0.
13.150000000000002	0.
13.155000000000001	0.
13.160000000000002	0.
13.165000000000001	0.
13.170000000000002	0.
13.175	0.
13.180000000000001	0.
13.185000000000002	0.
13.190000000000001	0.
13.195000000000002	0.
13.200000000000001	0.
13.205000000000002	0.
13.21	0.
13.215000000000002	0.
13.220000000000002	0.
13.225000000000001	0.
13.230000000000002	0.
13.235000000000001	0.
13.240000000000002	0.
13.245000000000001	0.
13.250000000000002	0.
13.255	0.
13.260000000000002	0.
13.265000000000002	0.
13.270000000000001	0.
13.275000000000002	0.
13.280000000000001	0.
13.285000000000002	0.
13.290000000000001	0.
13.295000000000002	0.
13.3	0.
13.305000000000001	0.
13.310000000000002	0.
13.315000000000001	0.
13.320000000000002	0.
13.325000000000001	0.
13.330000000000002	0.
13.335	0.
13.340000000000002	0.
13.345000000000002	0.
13.350000000000001	0.
13.355000000000002	0.
13.360000000000001	0.
13.365000000000002	0.
13.370000000000001	0.
13.375000000000002	0.
13.38	0.
13.385000000000002	0.
13.39	0.
13.395000000000001	0.
13.400000000000002	0.
13.405000000000001	0.
13.410000000000002	0.
13.415000000000001	0.
13.420000000000002	0.
13.425	0.
13.430000000000001	0.
13.435000000000002	0.
13.440000000000001	0.
13.445000000000002	0.
13.450000000000001	0.
13.455000000000002	0.
13.46	0.
13.465000000000002	0.
13.470000000000002	0.
13.475000000000001	0.
13.480000000000002	0.
13.485000000000001	0.
13.490000000000002	0.
13.495000000000001	0.
13.500000000000002	0.
13.505	0.
13.510000000000002	0.
13.515	0.
13.520000000000001	0.
13.525000000000002	0.
13.530000000000001	0.
13.535000000000002	0.
13.540000000000001	0.
13.545000000000002	0.
13.55	0.
13.555000000000001	0.
13.560000000000002	0.
13.565000000000001	0.
13.570000000000002	0.
13.575000000000001	0.
13.580000000000002	0.
13.585	0.
13.590000000000002	0.
13.595000000000002	0.
13.600000000000001	0.
13.605000000000002	0.
13.610000000000001	0.
13.615000000000002	0.
13.620000000000001	0.
13.625000000000002	0.
13.63	0.
13.635000000000002	0.
13.64	0.
13.645000000000001	0.
13.650000000000002	0.
13.655000000000001	0.
13.660000000000002	0.
13.665000000000001	0.
13.670000000000002	0.
13.675	0.
13.680000000000001	0.
13.685000000000002	0.
13.690000000000001	0.
13.695000000000002	0.
13.700000000000001	0.
13.705000000000002	0.
13.71	0.
13.715000000000002	0.
13.720000000000002	0.
13.725000000000001	0.
13.730000000000002	0.
13.735000000000001	0.
13.740000000000002	0.
13.745000000000001	0.
13.750000000000002	0.
13.755	0.
13.760000000000002	0.
13.765	0.
13.770000000000001	0.
13.775000000000002	0.
13.780000000000001	0.
13.785000000000002	0.
13.790000000000001	0.
13.795000000000002	0.
13.8	0.
13.805000000000001	0.
13.810000000000002	0.
13.815000000000001	0.
13.820000000000002	0.
13.825000000000001	0.
13.830000000000002	0.
13.835	0.
13.840000000000002	0.
13.845000000000002	0.
13.850000000000001	0.
13.855000000000002	0.
13.860000000000001	0.
13.865000000000002	0.
13.870000000000001	0.
13.875000000000002	0.
13.88	0.
13.885000000000002	0.
13.89	0.
13.895000000000001	0.
13.900000000000002	0.
13.905000000000001	0.
13.910000000000002	0.
13.915000000000001	0.
13.920000000000002	0.
13.925	0.
13.930000000000001	0.
13.935000000000002	0.
13.940000000000001	0.
13.945000000000002	0.
13.950000000000001	0.
13.955000000000002	0.
13.96	0.
13.965000000000002	0.
13.970000000000002	0.
13.975000000000001	0.
13.980000000000002	0.
13.985000000000001	0.
13.990000000000002	0.
13.995000000000001	0.
14.	0.