0.005	0.
0.01	0.
0.015	0.
0.02	0.
0.025	0.
0.030000000000000002	0.
0.034999999999999996	0.
0.04	0.
0.045	0.
0.049999999999999996	0.
0.055	0.
0.06	0.
0.065	0.
0.07	0.
0.07500000000000001	0.
0.08	0.
0.085	0.
0.09000000000000001	0.
0.095	0.
0.1	0.
0.10500000000000001	0.
0.11	0.
0.115	0.
0.12000000000000001	0.
0.125	0.09670380158608577
0.13	0.1502196226786375
0.135	0.18367930432758287
0.14	0.20783967476569362
0.14500000000000002	0.22630243314862952
0.15	0.24084406015576687
0.155	0.2525069257950705
0.16	0.26196735351114986
0.165	0.2696938989815973
0.17	0.27602645704511236
0.17500000000000002	0.2812201111367478
0.18000000000000002	0.2854713544599785
0.185	0.288934704850541
0.19	0.2917337238547816
0.195	0.2939685981998917
0.2	0.2957215159224141
0.20500000000000002	0.29706057589323176
0.21000000000000002	0.29804269204635764
0.215	0.29871579051898706
0.22	0.2991204982863689
0.225	0.2992914589802181
0.23	0.2992583707129416
0.23500000000000001	0.2990468134966405
0.24000000000000002	0.29867891528696483
0.245	0.2981738927799716
0.25	0.2975484939594639
0.255	0.2968173628259826
0.26	0.2959933419474683
0.265	0.29508772492937124
0.27	0.2941104682514528
0.275	0.29307036991333685
0.28	0.29197522079852073
0.28500000000000003	0.29083193348462405
0.29000000000000004	0.28964665230813547
0.295	0.2884248477708624
0.3	0.2871713978056621
0.305	0.28589065796589924
0.31	0.28458652224034003
0.315	0.2832624759030174
0.32	0.2819216415709565
0.325	0.2805668194499651
0.33	0.27920052259099293
0.335	0.27782500784991077
0.34	0.27644230313647944
0.34500000000000003	0.27505423144945107
0.35000000000000003	0.2736624321208135
0.35500000000000004	0.27226837963034334
0.36	0.27087340029977586
0.365	0.2694786871322629
0.37	0.2680853130258833
0.375	0.26669424255875096
0.38	0.26530634251671337
0.385	0.2639223913120011
0.39	0.26254308742185767
0.395	0.2611690569596056
0.4	0.25980086047638484
0.405	0.2584389990795234
0.41000000000000003	0.2570839199429377
0.41500000000000004	0.2557360212757959
0.42000000000000004	0.2543956568077645
0.425	0.2530631398422174
0.43	0.251738746922853
0.435	0.2504227211538644
0.44	0.24911527520928423
0.445	0.24781659406306983
0.45	0.24652683746804363
0.455	0.24524614220863866
0.46	0.2439746241497793
0.465	0.24271238010172172
0.47000000000000003	0.2414594895186831
0.47500000000000003	0.2402160160470986
0.48000000000000004	0.23898200893779958
0.485	0.23775750433488269
0.49	0.23654252645270726
0.495	0.23533708865138253
0.5	0.23414119442003736
0.505	0.2329548382761711
0.51	0.2317780065886965
0.515	0.23061067833148777
0.52	0.229452825773519
0.525	0.2283044151112736
0.53	0.22716540704835272
0.535	0.2260357573269178
0.54	0.22491541721512504
0.545	0.22380433395425584
0.55	0.2227024511690047
0.555	0.22160970924401874
0.56	0.2205260456695329
0.5650000000000001	0.21945139535861533
0.5700000000000001	0.21838569093850327
0.5750000000000001	0.21732886301798426
0.5800000000000001	0.21628084043295132
0.585	0.21524155047181684
0.59	0.21421091908242645
0.595	0.21318887106199916
0.6	0.21217533023143662
0.605	0.21117021959520907
0.61	0.21017346148806454
0.615	0.20918497770954117
0.62	0.20820468964746783
0.625	0.20723251838960174
0.63	0.20626838482971918
0.635	0.20531220975940861
0.64	0.20436391395617073
0.645	0.2034234182619727
0.65	0.20249064365547154
0.655	0.2015655113179079
0.66	0.2006479426928815
0.665	0.19973785954092446
0.67	0.19883518398908395
0.675	0.1979398385757
0.68	0.1970517462911258
0.685	0.19617083061445037
0.6900000000000001	0.1952970155464916
0.6950000000000001	0.19443022563962206
0.7000000000000001	0.1935703860243454
0.7050000000000001	0.19271742243310286
0.71	0.19187126122141088
0.715	0.19103182938655963
0.72	0.19019905458410297
0.725	0.18937286514223933
0.73	0.18855319007431914
0.735	0.1877399590895292
0.74	0.18693310260207158
0.745	0.1861325517386844
0.75	0.1853382383449574
0.755	0.18455009499023206
0.76	0.1837680549714507
0.765	0.18299205231585133
0.77	0.18222202178272612
0.775	0.18145789886426328
0.78	0.18069961978554144
0.785	0.1799471215037806
0.79	0.17920034170691806
0.795	0.17845921881149626
0.8	0.17772369196002066
0.805	0.17699370101773435
0.81	0.17626918656897872
0.8150000000000001	0.17555008991305346
0.8200000000000001	0.17483635305970877
0.8250000000000001	0.17412791872426858
0.8300000000000001	0.17342473032243164
0.8350000000000001	0.17272673196478291
0.84	0.17203386845104007
0.845	0.17134608526405215
0.85	0.1706633285636206
0.855	0.16998554518009668
0.86	0.16931268260784008
0.865	0.1686446889985376
0.87	0.1679815131543767
0.875	0.16732310452113938
0.88	0.16666941318118078
0.885	0.1660203898463505
0.89	0.16537598585084265
0.895	0.1647361531440043
0.9	0.16410084428310429
0.905	0.16347001242607137
0.91	0.16284361132421996
0.915	0.16222159531496944
0.92	0.16160391931456455
0.925	0.16099053881081404
0.93	0.160381409855814
0.935	0.15977648905873718
0.9400000000000001	0.15917573357861942
0.9450000000000001	0.15857910111719234
0.9500000000000001	0.15798654991175404
0.9550000000000001	0.1573980387280799
0.9600000000000001	0.1568135268533888
0.965	0.15623297408934675
0.97	0.15565634074514778
0.975	0.15508358763061936
0.98	0.1545146760494282
0.985	0.1539495677923107
0.99	0.15338822513039707
0.995	0.15283061080858823
1.	0.15227668803899605
1.005	0.15172642049447638
1.01	0.1511797723022094
1.015	0.15063670803736054
1.02	0.15009719271682406
1.025	0.1495611917930233
1.0299999999999998	0.14902867114780075
1.035	0.14849959708637675
1.0399999999999998	0.1479739363313836
1.045	0.14745165601697938
1.0499999999999998	0.14693272368302876
1.055	0.14641710726937715
1.0599999999999998	0.14590477511017627
1.065	0.1453956959283101
1.0699999999999998	0.14488983882987955
1.075	0.14438717329877476
1.0799999999999998	0.14388766919131032
1.085	0.1433912967309434
1.0899999999999999	0.14289802650306827
1.095	0.142407829449877
1.0999999999999999	0.14192067686529422
1.105	0.1414365403899954
1.1099999999999999	0.1409553920064849
1.115	0.14047720403425004
1.1199999999999999	0.1400019491249896
1.125	0.1395296002579012
1.13	0.13906013073505874
1.135	0.13859351417683774
1.14	0.1381297245174131
1.145	0.13766873600033838
1.15	0.137210523174174
1.155	0.13675506088819234
1.16	0.13630232428813702
1.1649999999999998	0.13585228881206196
1.17	0.13540493018622066
1.1749999999999998	0.13496022442101713
1.18	0.13451814780702975
1.1849999999999998	0.1340786769110906
1.19	0.1336417885724142
1.1949999999999998	0.13320745989880528
1.2	0.13277566826290796
1.2049999999999998	0.13234639129852468
1.21	0.13191960689697704
1.2149999999999999	0.131495293203542
1.22	0.13107342861392368
1.2249999999999999	0.13065399177079517
1.23	0.1302369615603823
1.2349999999999999	0.1298223171091084
1.24	0.12941003778028431
1.2449999999999999	0.12900010317085397
1.25	0.1285924931081888
1.255	0.1281871876469307
1.26	0.12778416706588583
1.265	0.12738341186496582
1.27	0.12698490276217128
1.275	0.12658862069063093
1.28	0.1261945467956808
1.285	0.12580266243198743
1.2899999999999998	0.12541294916071863
1.295	0.12502538874675578
1.2999999999999998	0.12463996315595337
1.305	0.12425665455243268
1.3099999999999998	0.12387544529592086
1.315	0.12349631793913908
1.3199999999999998	0.12311925522521289
1.325	0.12274424008514309
1.3299999999999998	0.12237125563529928
1.335	0.12200028517495318
1.3399999999999999	0.1216313121838667
1.345	0.12126432031989434
1.3499999999999999	0.12089929341663298
1.355	0.12053621548110899
1.3599999999999999	0.12017507069149957
1.365	0.11981584339488147
1.3699999999999999	0.11945851810502744
1.375	0.119103079500221
1.38	0.11874951242111846
1.385	0.11839780186863089
1.39	0.11804793300184811
1.395	0.11769989113598688
1.4	0.11735366174037508
1.405	0.11700923043645914
1.41	0.11666658299585572
1.4149999999999998	0.11632570533841173
1.42	0.11598658353031335
1.4249999999999998	0.11564920378220969
1.43	0.1153135524473716
1.4349999999999998	0.1149796160198784
1.44	0.1146473811328235
1.4449999999999998	0.11431683455655453
1.45	0.11398796319694028
1.4549999999999998	0.11366075409365428
1.46	0.11333519441849736
1.4649999999999999	0.11301127147372873
1.47	0.11268897269043993
1.4749999999999999	0.11236828562693114
1.48	0.11204919796713454
1.4849999999999999	0.11173169751904341
1.49	0.1114157722131711
1.4949999999999999	0.11110141010103326
1.5	0.11078859935364636
1.505	0.11047732826005995
1.51	0.11016758522589147
1.515	0.10985935877190582
1.52	0.1095526375325933
1.525	0.10924741025478177
1.53	0.10894366579626437
1.535	0.10864139312444959
1.54	0.10834058131502276
1.545	0.10804121955063979
1.5499999999999998	0.10774329711962632
1.555	0.10744680341470435
1.5599999999999998	0.10715172793173561
1.565	0.10685806026847751
1.5699999999999998	0.10656579012336348
1.575	0.10627490729429455
1.5799999999999998	0.10598540167745772
1.585	0.10569726326614469
1.5899999999999999	0.10541048214960778
1.595	0.1051250485119113
1.5999999999999999	0.10484095263081519
1.605	0.10455818487666435
1.6099999999999999	0.10427673571130112
1.615	0.1039965956869846
1.6199999999999999	0.10371775544533152
1.625	0.10344020571626955
1.63	0.10316393731700531
1.635	0.10288894115100244
1.64	0.1026152082069876
1.645	0.10234272955795035
1.65	0.10207149636017156
1.655	0.1018014998522611
1.66	0.10153273135420361
1.665	0.10126518226642793
1.67	0.10099884406888024
1.6749999999999998	0.10073370832010896
1.68	0.10046976665637433
1.6849999999999998	0.10020701079075295
1.69	0.09994543251226644
1.6949999999999998	0.09968502368502048
1.7	0.09942577624735263
1.7049999999999998	0.09916768221098661
1.71	0.09891073366021147
1.7149999999999999	0.09865492275106189
1.72	0.09840024171050862
1.7249999999999999	0.09814668283566556
1.73	0.0978942384930031
1.7349999999999999	0.09764290111757466
1.74	0.09739266321224936
1.7449999999999999	0.09714351734696258
1.75	0.09689545615796595
1.755	0.09664847234709671
1.76	0.09640255868104973
1.765	0.09615770799066527
1.77	0.09591391317022126
1.775	0.09567116717673484
1.78	0.09542946302927859
1.785	0.0951887938082964
1.79	0.09494915265493953
1.795	0.09471053277040122
1.7999999999999998	0.09447292741526489
1.805	0.09423632990886065
1.8099999999999998	0.0940007336286284
1.815	0.09376613200949055
1.8199999999999998	0.09353251854323227
1.825	0.09329988677789033
1.8299999999999998	0.09306823031714706
1.835	0.09283754281973702
1.8399999999999999	0.09260781799885622
1.845	0.09237904962158294
1.8499999999999999	0.09215123150830112
1.855	0.09192435753213535
1.8599999999999999	0.09169842161839324
1.865	0.09147341774401162
1.8699999999999999	0.09124933993700968
1.875	0.09102618227595227
1.88	0.09080393888941855
1.885	0.09058260395547556
1.89	0.09036217170116179
1.895	0.09014263640197254
1.9	0.08992399238135612
1.905	0.08970623401021224
1.91	0.08948935570640384
1.915	0.08927335193426285
1.92	0.08905821720411519
1.9249999999999998	0.08884394607180283
1.93	0.08863053313821385
1.9349999999999998	0.08841797304882171
1.94	0.08820626049322403
1.9449999999999998	0.08799539020469323
1.95	0.08778535695972634
1.9549999999999998	0.08757615557760906
1.96	0.0873677809199731
1.9649999999999999	0.08716022789037225
1.97	0.08695349143385118
1.9749999999999999	0.08674756653652853
1.98	0.08654244822518141
1.9849999999999999	0.08633813156683297
1.99	0.08613461166834997
1.9949999999999999	0.0859318836760407
2.	0.08572994277525992
2.005	0.08552878419001707
2.01	0.08532840318259048
2.015	0.08512879505314731
2.02	0.08492995513936247
2.025	0.08473187881605121
2.03	0.08453456149479559
2.035	0.08433799862358521
2.04	0.08414218568645426
2.045	0.08394711820312688
2.05	0.08375279172866815
2.0549999999999997	0.08355920185313402
2.06	0.0833663442012283
2.065	0.08317421443196844
2.07	0.08298280823834446
2.0749999999999997	0.0827921213469891
2.08	0.08260214951785455
2.085	0.08241288854388336
2.09	0.08222433425069321
2.0949999999999998	0.08203648249625829
2.1	0.08184932917059601
2.105	0.08166287019546142
2.11	0.0814771015240394
2.1149999999999998	0.08129201914064367
2.12	0.08110761906041714
2.125	0.08092389732903962
2.13	0.08074085002243293
2.135	0.08055847324647686
2.14	0.08037676313671836
2.145	0.08019571585809684
2.15	0.08001532760465821
2.155	0.07983559459928581
2.16	0.07965651309342321
2.165	0.0794780793668092
2.17	0.07930028972720769
2.175	0.07912314051014725
2.18	0.07894662807865882
2.185	0.07877074882302065
2.19	0.07859549916050045
2.195	0.07842087553510747
2.1999999999999997	0.0782468744173401
2.205	0.07807349230394275
2.21	0.0779007257176598
2.215	0.07772857120699764
2.2199999999999998	0.07755702534598381
2.225	0.07738608473393307
2.23	0.07721574599521447
2.235	0.0770460057790209
2.2399999999999998	0.07687686075914182
2.245	0.07670830763373644
2.25	0.07654034312511217
2.255	0.07637296397950455
2.26	0.07620616696685809
2.265	0.07603994888061097
2.27	0.07587430653748263
2.275	0.07570923677726207
2.28	0.07554473646259792
2.285	0.07538080247879508
2.29	0.0752174317336068
2.295	0.07505462115703586
2.3	0.0748923677011325
2.305	0.07473066833979762
2.31	0.07456952006858696
2.315	0.07440891990451769
2.32	0.07424886488587694
2.3249999999999997	0.07408935207203145
2.33	0.0739303785432414
2.335	0.07377194140047508
2.34	0.07361403776522382
2.3449999999999998	0.0734566647793222
2.35	0.07329981960476667
2.355	0.07314349942353987
2.36	0.0729877014374329
2.3649999999999998	0.07283242286787232
2.37	0.07267766095574713
2.375	0.07252341296123974
2.38	0.07236967616365596
2.385	0.0722164478612585
2.39	0.07206372537110164
2.395	0.07191150602886914
2.4	0.07175978718871111
2.405	0.07160856622308315
2.41	0.07145784052259026
2.415	0.07130760749582939
2.42	0.07115786456923183
2.425	0.0710086091869137
2.43	0.07085983881052008
2.435	0.07071155091907742
2.44	0.0705637430088434
2.445	0.07041641259315935
2.4499999999999997	0.07026955720230524
2.455	0.07012317438335393
2.46	0.0699772617000295
2.465	0.06983181673256546
2.4699999999999998	0.06968683707756487
2.475	0.06954232034786056
2.48	0.06939826417237933
2.485	0.06925466619600562
2.4899999999999998	0.06911152407944632
2.495	0.06896883549909884
2.5	0.06882659814691854
2.505	0.0686848097302877
2.51	0.06854346797188864
2.515	0.06840257060957228
2.52	0.06826211539623522
2.525	0.06812210009969147
2.53	0.06798252250254995
2.535	0.06784338040209095
2.54	0.06770467161014475
2.545	0.06756639395297144
2.55	0.06742854527114073
2.555	0.06729112341941407
2.56	0.06715412626662937
2.565	0.06701755169558192
2.57	0.06688139760291356
2.5749999999999997	0.06674566189899558
2.58	0.06661034250781907
2.585	0.06647543736688157
2.59	0.06634094442707855
2.5949999999999998	0.06620686165259272
2.6	0.06607318702078649
2.605	0.06593991852209549
2.61	0.06580705415992127
2.6149999999999998	0.06567459195052794
2.62	0.06554252992293585
2.625	0.0654108661188211
2.63	0.06527959859241227
2.635	0.06514872541038887
2.64	0.06501824465178223
2.645	0.06488815440787646
2.65	0.0647584527821092
2.655	0.06462913788997494
2.66	0.06450020785893028
2.665	0.06437166082829535
2.67	0.06424349494916211
2.675	0.06411570838429936
2.68	0.06398829930806071
2.685	0.06386126590629226
2.69	0.06373460637624193
2.695	0.06360831892646918
2.7	0.06348240177675579
2.705	0.06335685315801799
2.71	0.06323167131221755
2.715	0.06310685449227707
2.7199999999999998	0.06298240096199097
2.725	0.06285830899594401
2.73	0.06273457687942412
2.735	0.06261120290834003
2.7399999999999998	0.06248818538913822
2.745	0.062365522638720125
2.75	0.06224321298436297
2.755	0.062121254763637036
2.76	0.06199964632432665
2.765	0.061878386024351646
2.77	0.06175747223168838
2.775	0.06163690332429234
2.78	0.06151667769002124
2.785	0.061396793726559436
2.79	0.06127724984134095
2.795	0.06115804445147631
2.8	0.061039175983677633
2.8049999999999997	0.06092064287418478
2.81	0.060802443568693756
2.815	0.06068457652228364
2.82	0.06056704019934525
2.825	0.06044983307351074
2.83	0.06033295362758313
2.835	0.06021640035346669
2.84	0.06010017175209808
2.8449999999999998	0.05998426633337856
2.85	0.05986868261610558
2.855	0.059753419127905924
2.86	0.05963847440516939
2.8649999999999998	0.059523846992982986
2.87	0.05940953544506525
2.875	0.05929553832370172
2.88	0.059181854199681465
2.885	0.05906848165223216
2.89	0.05895541926895821
2.895	0.058842665645778156
2.9	0.058730219386862195
2.905	0.05861807910457124
2.91	0.058506243419396704
2.915	0.05839471095989873
2.92	0.05828348036264795
2.925	0.05817255027216566
2.9299999999999997	0.05806191934086473
2.935	0.057951586228992685
2.94	0.057841549604572176
2.945	0.057731808143345664
2.95	0.057622360528717706
2.955	0.0575132054516987
2.96	0.0574043416108498
2.965	0.05729576771222765
2.9699999999999998	0.057187482469329046
2.975	0.057079484603037314
2.98	0.0569717728415679
2.985	0.056864345920416
2.9899999999999998	0.05675720258230294
2.995	0.056650341577124036
3.	0.056543761661896286
3.005	0.05643746160070772
3.01	0.05633144016466531
3.015	0.056225696131844895
3.02	0.0561202282872415
3.025	0.05601503542271805
3.03	0.05591011633695755
3.035	0.055805469835413436
3.04	0.05570109473026134
3.045	0.05559698984035062
3.05	0.05549315399115712
3.0549999999999997	0.05538958601473537
3.06	0.05528628474967256
3.065	0.05518324904104084
3.07	0.05508047774035202
3.075	0.05497796970551196
3.08	0.05487572380077513
3.085	0.05477373889669912
3.09	0.05467201387010045
3.0949999999999998	0.054570547604010575
3.1	0.05446933898763203
3.105	0.05436838691629448
3.11	0.05426769029141193
3.115	0.0541672480204404
3.12	0.05406705901683458
3.125	0.053967122200006594
3.13	0.05386743649528439
3.135	0.05376800083386923
3.14	0.05366881415279619
3.145	0.053569875394892594
3.15	0.05347118350873798
3.155	0.0533727374486238
3.16	0.053274536174513845
3.165	0.053176578652005556
3.17	0.05307886385229009
3.175	0.05298139075211385
3.1799999999999997	0.05288415833374065
3.185	0.05278716558491262
3.19	0.05269041149881365
3.195	0.05259389507403046
3.2	0.05249761531451733
3.205	0.05240157122955759
3.21	0.052305761833727434
3.215	0.05221018614686044
3.2199999999999998	0.052114843194010496
3.225	0.05201973200541719
3.23	0.0519248516164696
3.235	0.05183020106767161
3.24	0.0517357794046068
3.245	0.05164158567790392
3.25	0.05154761894320321
3.255	0.051453878261121175
3.26	0.05136036269721873
3.265	0.051267071321965556
3.27	0.05117400321070834
3.275	0.05108115744363776
3.28	0.05098853310575532
3.285	0.0508961292868406
3.29	0.050803945081420804
3.295	0.05071197958873692
3.3	0.050620231912712914
3.3049999999999997	0.0505287011619245
3.31	0.05043738644956758
3.315	0.05034628689342788
3.32	0.05025540161584924
3.325	0.05016472974370463
3.33	0.05007427040836472
3.335	0.049984022745668946
3.34	0.04989398589589445
3.3449999999999998	0.04980415900372812
3.35	0.04971454121823648
3.355	0.049625131692836555
3.36	0.049535929585267424
3.365	0.04944693405756192
3.37	0.04935814427601705
3.375	0.049269559411167604
3.38	0.04918117863775664
3.385	0.049093001134708734
3.39	0.04900502608510229
3.395	0.04891725267614195
3.4	0.04882968009913173
3.405	0.04874230754944829
3.41	0.048655134226514046
3.415	0.04856815933377063
3.42	0.0484813820786533
3.425	0.048394801672563645
3.4299999999999997	0.04830841733084523
3.435	0.04822222827275649
3.44	0.048136233721446514
3.445	0.048050432903928804
3.45	0.04796482505105629
3.455	0.0478794093974976
3.46	0.047794185181710545
3.465	0.047709151645919025
3.4699999999999998	0.047624308036088185
3.475	0.047539653601899844
3.48	0.047455187596729495
3.485	0.0473709092776215
3.49	0.047286817905266405
3.495	0.04720291274397609
3.5	0.04711919306166258
3.505	0.047035658129812946
3.51	0.046952307223467556
3.515	0.04686913962119719
3.52	0.04678615460507965
3.525	0.046703351460678846
3.53	0.0466207294770206
3.535	0.04653828794657289
3.54	0.04645602616522144
3.545	0.046373943432249765
3.55	0.04629203905031718
3.5549999999999997	0.04621031232543644
3.56	0.046128762566954196
3.565	0.04604738908752776
3.5700000000000003	0.04596619120310587
3.575	0.04588516823290723
3.58	0.045804319499399185
3.585	0.0457236443282786
3.59	0.04564314204844997
3.5949999999999998	0.04556281199200652
3.5999999999999996	0.04548265349420941
3.605	0.04540266589346766
3.61	0.04532284853131915
3.615	0.04524320075240967
3.62	0.045163721904474756
3.625	0.045084411338319946
3.63	0.0450052684078005
3.635	0.044926292469804154
3.6399999999999997	0.04484748288423052
3.645	0.044768839013973646
3.65	0.044690360224901804
3.6550000000000002	0.0446120458858405
3.66	0.04453389536855253
3.665	0.04445590804772119
3.67	0.04437808330093122
3.675	0.04430042050865049
3.6799999999999997	0.0442229190542135
3.685	0.04414557832380207
3.69	0.04406839770642815
3.6950000000000003	0.04399137659391664
3.7	0.043914514380888496
3.705	0.043837810464741306
3.71	0.04376126424563495
3.715	0.04368487512647212
3.7199999999999998	0.04360864251288336
3.7249999999999996	0.04353256581320866
3.73	0.04345664443848171
3.735	0.0433808778024135
3.74	0.0433052653213745
3.745	0.04322980641438025
3.75	0.043154500503074004
3.755	0.04307934701170982
3.76	0.04300434536713913
3.7649999999999997	0.04292949499879168
3.77	0.04285479533866212
3.775	0.04278024582129335
3.7800000000000002	0.04270584588376081
3.785	0.04263159496565815
3.79	0.04255749250907995
3.795	0.04248353795860766
3.8	0.04240973076129546
3.8049999999999997	0.042336070366653065
3.81	0.04226255622663178
3.815	0.04218918779560999
3.8200000000000003	0.04211596453037852
3.825	0.04204288589012481
3.83	0.04196995133641911
3.835	0.0418971603332014
3.84	0.04182451234676402
3.8449999999999998	0.04175200684574
3.8499999999999996	0.041679643301087844
3.855	0.04160742118607782
3.86	0.041535339976277355
3.865	0.04146339914953844
3.87	0.0413915981859815
3.875	0.041319936567985126
3.88	0.04124841378016935
3.885	0.04117702930938349
3.8899999999999997	0.041105782644693244
3.895	0.0410346732773654
3.9	0.040963700700857565
3.9050000000000002	0.040892864410801984
3.91	0.04082216390499424
3.915	0.04075159868338058
3.92	0.04068116824804327
3.925	0.040610872103189054
3.9299999999999997	0.040540709755136524
3.935	0.04047068071230281
3.94	0.04040078448519158
3.9450000000000003	0.040331020586379884
3.95	0.040261388530506315
3.955	0.040191887834258574
3.96	0.040122518016361665
3.965	0.04005327859756374
3.9699999999999998	0.039984169100627326
3.9749999999999996	0.039915189050314395
3.98	0.03984633797337536
3.985	0.039777615398538475
3.99	0.03970902085649566
3.995	0.0396405538798931
4.	0.03957221400331789
4.005	0.039504000763287576
4.01	0.03943591369823829
4.015	0.03936795234851271
4.02	0.03930011625635021
4.025	0.03923240496587421
4.03	0.03916481802308157
4.035	0.039097354975830854
4.04	0.03903001537383337
4.045	0.03896279876863851
4.05	0.03889570471362577
4.055	0.0388287327639936
4.0600000000000005	0.03876188247674756
4.0649999999999995	0.03869515341068929
4.07	0.0386285451264084
4.075	0.03856205718626825
4.08	0.03849568915439886
4.085	0.03842944059668375
4.09	0.03836331108075098
4.095	0.03829730017596286
4.1	0.038231407453405135
4.105	0.038165632485876996
4.109999999999999	0.03809997484788076
4.115	0.03803443411561208
4.12	0.037969009866949385
4.125	0.03790370168144547
4.13	0.03783850914031515
4.135	0.03777343182642696
4.14	0.03770846932429452
4.145	0.0376436212200624
4.15	0.03757888710150288
4.155	0.03751426655800086
4.16	0.03744975918054629
4.165	0.037385364561726676
4.17	0.037321082295713154
4.175	0.03725691197825489
4.18	0.03719285320666867
4.1850000000000005	0.037128905579830236
4.1899999999999995	0.03706506869816189
4.195	0.0370013421636281
4.2	0.03693772557972319
4.205	0.036874218551461994
4.21	0.03681082068537471
4.215	0.03674753158949185
4.22	0.03668435087334161
4.225	0.03662127814793661
4.23	0.036558313025766224
4.234999999999999	0.03649545512078945
4.24	0.03643270404842379
4.245	0.036370059425538455
4.25	0.03630752087044416
4.255	0.036245088002887296
4.26	0.03618276044403753
4.265	0.03612053781648229
4.27	0.03605841974421709
4.275	0.03599640585263854
4.28	0.035934495768534525
4.285	0.03587268912007515
4.29	0.0358109855368071
4.295	0.035749384649644424
4.3	0.035687886090859135
4.305	0.035626489494074695
4.3100000000000005	0.03556519449425735
4.3149999999999995	0.03550400072770765
4.32	0.035442907832053415
4.325	0.035381915446241786
4.33	0.03532102321052965
4.335	0.03526023076647877
4.34	0.03519953775694497
4.345	0.0351389438260725
4.35	0.03507844861928552
4.355	0.03501805178327999
4.359999999999999	0.034957752966017004
4.365	0.03489755181671492
4.37	0.03483744798584076
4.375	0.03477744112510504
4.38	0.034717530887451276
4.385	0.03465771692705155
4.39	0.03459799889929648
4.395	0.03453837646078913
4.4	0.0344788492693393
4.405	0.03441941698395256
4.41	0.0343600792648261
4.415	0.03430083577334091
4.42	0.0342416861720526
4.425	0.034182630124687155
4.43	0.03412366729613273
4.4350000000000005	0.034064797352431425
4.4399999999999995	0.03400601996077326
4.445	0.03394733478949123
4.45	0.0338887415080491
4.455	0.033830239787039446
4.46	0.033771829298175744
4.465	0.03371350971428237
4.47	0.033655280709293224
4.475	0.033597141958239284
4.48	0.03353909313724577
4.484999999999999	0.03348113392352368
4.49	0.033423263995363967
4.495	0.033365483032130015
4.5	0.033307790714251946
4.505	0.03325018672321866
4.51	0.03319267074157314
4.515	0.03313524245290485
4.52	0.03307790154184205
4.525	0.03302064769404852
4.53	0.032963480596213235
4.535	0.03290639993604745
4.54	0.03284940540227603
4.545	0.03279249668463223
4.55	0.03273567347384986
4.555	0.03267893546165978
4.5600000000000005	0.03262228234078025
4.5649999999999995	0.03256571380491351
4.57	0.03250922954873849
4.575	0.032452829267904076
4.58	0.03239651265902278
4.585	0.03234027941966697
4.59	0.03228412924835948
4.595000000000001	0.03222806184456982
4.6	0.03217207690870766
4.605	0.03211617414211543
4.609999999999999	0.03206035324706521
4.615	0.0320046139267488
4.62	0.031948955885275465
4.625	0.03189337882766433
4.63	0.031837882459837465
4.635	0.031782466488616476
4.640000000000001	0.03172713062171471
4.645	0.03167187456773167
4.65	0.03161669803614842
4.654999999999999	0.031561600737320145
4.66	0.031506582382471386
4.665	0.03145164268369044
4.67	0.03139678135392213
4.675	0.03134199810696446
4.68	0.03128729265746116
4.6850000000000005	0.031232664720896575
4.6899999999999995	0.031178114013590292
4.695	0.031123640252690255
4.7	0.031069243156169588
4.705	0.031014922442818085
4.71	0.0309606778322402
4.715	0.030906509044845275
4.720000000000001	0.030852415801845005
4.725	0.030798397825248326
4.73	0.030744454837852295
4.734999999999999	0.030690586563240602
4.74	0.030636792725777615
4.745	0.03058307305060005
4.75	0.030529427263614045
4.755	0.030475855091489572
4.76	0.030422356261654796
4.765000000000001	0.03036893050228959
4.77	0.030315577542322177
4.775	0.030262297111422046
4.779999999999999	0.030209088939996923
4.785	0.03015595275918356
4.79	0.030102888300847896
4.795	0.03004989529757492
4.8	0.02999697348266477
4.805	0.029944122590129445
4.8100000000000005	0.029891342354685994
4.8149999999999995	0.02983863251175033
4.82	0.029785992797435597
4.825	0.02973342294854291
4.83	0.029680922702556633
4.835	0.02962849179764416
4.84	0.02957612997264422
4.845000000000001	0.029523836967066425
4.85	0.02947161252108332
4.855	0.029419456375526898
4.859999999999999	0.029367368271883507
4.865	0.029315347952287914
4.87	0.02926339515951827
4.875	0.029211509636992743
4.88	0.02915969112876228
4.885	0.02910793937950628
4.890000000000001	0.029056254134529304
4.895	0.02900463513975361
4.9	0.028953082141715623
4.904999999999999	0.028901594887559445
4.91	0.028850173125035
4.915	0.028798816602489032
4.92	0.0287475250688648
4.925	0.028696298273691558
4.93	0.02864513596708473
4.9350000000000005	0.02859403789973832
4.9399999999999995	0.028543003822920333
4.945	0.02849203348846884
4.95	0.02844112664878602
4.955	0.02839028305683341
4.96	0.028339502466126716
4.965	0.028288784630733695
4.970000000000001	0.028238129305265366
4.975	0.028187536244873062
4.98	0.028137005205243315
4.984999999999999	0.028086535942593364
4.99	0.028036128213667445
4.995	0.02798578177572845
5.	0.02793549638655598
5.005	0.027885271804441475
5.01	0.02783510778818222
5.015000000000001	0.027785004097076932
5.02	0.02773496049092157
5.025	0.027684976730004494
5.029999999999999	0.027635052575099375
5.035	0.027585187787463668
5.04	0.02753538212883351
5.045	0.027485635361415496
5.05	0.027435947247885277
5.055	0.027386317551383196
5.0600000000000005	0.027336746035505403
5.0649999999999995	0.02728723246430333
5.07	0.02723777660227844
5.075	0.027188378214374604
5.08	0.02713903706597515
5.085	0.02708975292289957
5.09	0.0270405255513952
5.095000000000001	0.026991354718137323
5.1	0.026942240190218795
5.105	0.026893181735149665
5.109999999999999	0.02684417912085033
5.115	0.026795232115647646
5.12	0.026746340488269113
5.125	0.0266975040078395
5.13	0.026648722443875936
5.135	0.026599995566280506
5.14	0.02655132314533926
5.145	0.026502704951715972
5.15	0.026454140756445782
5.155	0.02640563033093343
5.16	0.026357173446944156
5.165	0.026308769876605402
5.17	0.02626041939239464
5.175	0.026212121767140394
5.18	0.02616387677401392
5.185	0.02611568418652664
5.19	0.02606754377852345
5.195	0.026019455324180086
5.2	0.025971418597996225
5.205	0.02592343337479033
5.21	0.0258754994296986
5.215	0.025827616538165347
5.22	0.025779784475941855
5.225	0.025732003019078537
5.23	0.02568427194392305
5.235	0.025636591027112205
5.24	0.025588960045571114
5.245	0.025541378776503598
5.25	0.025493846997391385
5.255	0.025446364485986816
5.26	0.025398931020308487
5.265	0.025351546378637378
5.27	0.025304210339509917
5.275	0.025256922681715234
5.28	0.025209683184288578
5.285	0.025162491626506335
5.29	0.02511534778788347
5.295	0.025068251448164772
5.3	0.02502120238732231
5.305	0.024974200385550635
5.31	0.024927245223260928
5.315	0.024880336681074474
5.32	0.02483347453982125
5.325	0.024786658580531973
5.33	0.02473988858443316
5.335	0.02469316433294384
5.34	0.024646485607668914
5.345	0.024599852190393463
5.35	0.024553263863080658
5.355	0.024506720407862427
5.36	0.02446022160703705
5.365	0.024413767243063662
5.37	0.024367357098557165
5.375	0.024320990956280163
5.38	0.024274668599142627
5.385	0.024228389810192312
5.39	0.02418215437261149
5.395	0.024135962069711255
5.4	0.024089812684928005
5.405	0.02404370600181285
5.41	0.023997641804032903
5.415	0.023951619875361096
5.42	0.023905639999671113
5.425	0.023859701960936612
5.43	0.023813805543219106
5.435	0.02376795053066677
5.44	0.02372213670750814
5.445	0.02367636385804572
5.45	0.023630631766651405
5.455	0.023584940217758952
5.46	0.023539288995862058
5.465	0.023493677885504553
5.47	0.023448106671277613
5.475	0.023402575137812163
5.48	0.023357083069775606
5.485	0.023311630251862146
5.49	0.023266216468791453
5.495	0.02322084150529861
5.5	0.023175505146132223
5.505	0.023130207176046053
5.51	0.023084947379791994
5.515	0.02303972554211876
5.52	0.02299454144776041
5.525	0.022949394881432914
5.53	0.022904285627829587
5.535	0.02285921347161153
5.54	0.022814178197405142
5.545	0.02276917958979253
5.55	0.022724217433307135
5.555	0.022679291512428004
5.56	0.02263440161157207
5.565	0.02258954751508785
5.57	0.022544729007252264
5.575	0.022499945872257808
5.58	0.022455197894212672
5.585	0.022410484857129983
5.59	0.02236580654492413
5.595	0.022321162741401643
5.6	0.022276553230255652
5.605	0.022231977795059994
5.61	0.022187436219260448
5.615	0.02214292828617156
5.62	0.022098453778965216
5.625	0.022054012480666595
5.63	0.022009604174146727
5.635	0.021965228642115635
5.64	0.02192088566711577
5.645	0.02187657503151244
5.65	0.021832296517490326
5.655	0.021788049907043593
5.66	0.021743834981967886
5.665	0.021699651523858922
5.67	0.02165549931409667
5.675	0.021611378133842504
5.68	0.021567287764034382
5.6850000000000005	0.021523227985373317
5.69	0.021479198578318176
5.695	0.021435199323082074
5.7	0.021391229999616318
5.705	0.02134729038761021
5.71	0.02130338026647999
5.715	0.021259499415360875
5.72	0.021215647613099013
5.725	0.021171824638243884
5.73	0.021128030269040046
5.735	0.021084264283419023
5.74	0.021040526458990245
5.745	0.020996816573033567
5.75	0.02095313440249178
5.755	0.020909479723958346
5.76	0.020865852313672422
5.765	0.02082225194750939
5.77	0.020778678400972684
5.775	0.020735131449181373
5.78	0.020691610866865218
5.785	0.020648116428354374
5.79	0.020604647907570002
5.795	0.020561205078014906
5.8	0.02051778771276449
5.805	0.02047439558445896
5.8100000000000005	0.020431028465289592
5.815	0.020387686126993713
5.82	0.02034436834084399
5.825	0.02030107487763569
5.83	0.020257805507680336
5.835	0.020214560000794024
5.84	0.020171338126288855
5.845	0.020128139652959315
5.85	0.02008496434907611
5.855	0.02004181198237444
5.86	0.01999868232004157
5.865	0.0199555751287081
5.87	0.01991249017443693
5.875	0.019869427222713648
5.88	0.019826386038431648
5.885	0.019783366385884467
5.89	0.019740368028756883
5.895	0.01969739073010436
5.9	0.019654434252353473
5.905	0.019611498357281022
5.91	0.019568582806006835
5.915	0.01952568735898157
5.92	0.019482811775971942
5.925	0.019439955816053112
5.93	0.01939711923759249
5.9350000000000005	0.01935430179823873
5.94	0.019311503254910264
5.945	0.01926872336378094
5.95	0.019225961880267158
5.955	0.01918321855901604
5.96	0.019140493153892168
5.965	0.019097785417963455
5.97	0.019055095103487286
5.975	0.01901242196189872
5.98	0.01896976574379404
5.985	0.018927126198920168
5.99	0.018884503076155648
5.995	0.018841896123502438
6.	0.01879930508806634
6.005	0.01875672971604387
6.01	0.018714169752707607
6.015	0.018671624942392374
6.02	0.018629095028476577
6.025	0.018586579753371062
6.03	0.01854407885849887
6.035	0.018501592084283126
6.04	0.01845911917012874
6.045	0.018416659854407567
6.05	0.01837421387443944
6.055	0.018331780966479257
6.0600000000000005	0.01828936086569688
6.065	0.018246953306159684
6.07	0.018204558020818246
6.075	0.018162174741485737
6.08	0.018119803198821637
6.085	0.018077443122312364
6.09	0.018035094240253447
6.095	0.01799275627973227
6.1	0.017950428966605946
6.105	0.01790811202548521
6.11	0.017865805179712646
6.115	0.017823508151345844
6.12	0.017781220661134526
6.125	0.017738942428500548
6.13	0.017696673171519756
6.135	0.0176544126068973
6.140000000000001	0.017612160449951068
6.145	0.01756991641458573
6.15	0.01752768021327418
6.155	0.01748545155703348
6.16	0.01744323015540247
6.165	0.017401015716420942
6.17	0.01735880794660472
6.175	0.01731660655092102
6.18	0.017274411232769536
6.1850000000000005	0.017232221693950955
6.1899999999999995	0.017190037634648995
6.195	0.017147858753402394
6.2	0.017105684747079575
6.205	0.01706351531085329
6.21	0.01702135013817615
6.215	0.016979188920749913
6.22	0.016937031348503655
6.225	0.016894877109563052
6.23	0.016852725890223297
6.235	0.016810577374922305
6.24	0.016768431246209352
6.245	0.016726287184718858
6.25	0.016684144869139418
6.255	0.01664200397618232
6.26	0.016599864180554494
6.265000000000001	0.01655772515492467
6.27	0.016515586569891536
6.275	0.016473448093954044
6.28	0.016431309393477058
6.285	0.01638917013265809
6.29	0.016347029973495956
6.295	0.016304888575752408
6.3	0.01626274559692103
6.305	0.016220600692189887
6.3100000000000005	0.01617845351440653
6.3149999999999995	0.016136303714040186
6.32	0.016094150939145655
6.325	0.016051994835324532
6.33	0.01600983504568754
6.335	0.015967671210813685
6.34	0.01592550296871325
6.345	0.015883329954783632
6.35	0.015841151801771012
6.355	0.015798968139726494
6.36	0.015756778595963146
6.365	0.01571458279501526
6.37	0.015672380358590154
6.375	0.015630170905524692
6.38	0.015587954051741112
6.385	0.015545729410196505
6.390000000000001	0.01550349659083875
6.395	0.01546125520055569
6.4	0.015419004843126824
6.405	0.01537674511917294
6.41	0.015334475626103355
6.415	0.015292195958067266
6.42	0.01524990570589519
6.425	0.0152076044570499
6.43	0.015165291795568919
6.4350000000000005	0.01512296730200771
6.4399999999999995	0.015080630553382976
6.445	0.015038281123115086
6.45	0.014995918580967441
6.455	0.014953542492984691
6.46	0.014911152421434277
6.465	0.014868747924739483
6.47	0.014826328557417555
6.475	0.01478389387001203
6.48	0.01474144340902913
6.485	0.014698976716864596
6.49	0.014656493331739701
6.495	0.014613992787624338
6.5	0.014571474614170094
6.505	0.014528938336632182
6.51	0.014486383475795546
6.515000000000001	0.014443809547898315
6.52	0.01440121606455213
6.525	0.014358602532663287
6.53	0.014315968454348772
6.535	0.014273313326854414
6.54	0.014230636642469537
6.545	0.01418793788843778
6.55	0.01414521654687095
6.555	0.014102472094655474
6.5600000000000005	0.014059704003361486
6.5649999999999995	0.014016911739146267
6.57	0.013974094762658724
6.575	0.013931252528939985
6.58	0.013888384487320363
6.585	0.01384549008131897
6.59	0.013802568748536708
6.595	0.013759619920547325
6.6	0.013716643022786641
6.605	0.013673637474441582
6.61	0.013630602688333347
6.615	0.013587538070799378
6.62	0.01354444302157223
6.625	0.013501316933657238
6.63	0.01345815919320358
6.635	0.013414969179377512
6.640000000000001	0.013371746264228606
6.645	0.013328489812554033
6.65	0.01328519918176053
6.655	0.01324187372172268
6.66	0.01319851277463585
6.665	0.01315511567487002
6.67	0.013111681748814856
6.675	0.013068210314724278
6.68	0.013024700682558406
6.6850000000000005	0.012981152153816546
6.6899999999999995	0.012937564021372123
6.695	0.01289393556929933
6.7	0.012850266072696709
6.705	0.012806554797507943
6.71	0.012762801000334306
6.715	0.01271900392824662
6.72	0.01267516281859054
6.725	0.012631276898785454
6.73	0.01258734538612069
6.735	0.012543367487545119
6.74	0.012499342399452
6.745	0.012455269307456296
6.75	0.012411147386169734
6.755	0.012366975798965302
6.76	0.012322753697739802
6.765000000000001	0.012278480222667627
6.77	0.012234154501948175
6.775	0.012189775651546938
6.78	0.01214534277492824
6.785	0.012100854962782978
6.79	0.012056311292747415
6.795	0.012011710829112851
6.8	0.011967052622530455
6.805	0.011922335709704012
6.8100000000000005	0.01187755911307744
6.8149999999999995	0.011832721840510728
6.82	0.011787822884948645
6.825	0.011742861224077781
6.83	0.011697835819975293
6.835	0.011652745618747153
6.84	0.011607589550154916
6.845	0.011562366527232401
6.85	0.011517075445889532
6.855	0.011471715184506594
6.86	0.0114262846035139
6.865	0.011380782544960074
6.87	0.0113352078320664
6.875	0.0112895592687678
6.88	0.01124383563923937
6.885	0.011198035707408495
6.890000000000001	0.011152158216451255
6.895	0.011106201888272028
6.9	0.011060165422969597
6.905	0.011014047498280551
6.91	0.010967846769011242
6.915	0.010921561866445963
6.92	0.010875191397737967
6.925	0.010828733945280467
6.93	0.010782188066056197
6.9350000000000005	0.01073555229096479
6.9399999999999995	0.010688825124127884
6.945	0.010642005042170218
6.95	0.010595090493477202
6.955	0.010548079897424135
6.96	0.010500971643581446
6.965	0.010453764090891327
6.97	0.010406455566812464
6.975	0.010359044366438757
6.98	0.010311528751581991
6.985	0.010263906949825527
6.99	0.010216177153538149
6.995	0.010168337518857434
7.	0.01012038616463067
7.005	0.010072321171317683
7.01	0.010024140579853213
7.015000000000001	0.009975842390464942
7.02	0.009927424561445904
7.025	0.009878885007879158
7.03	0.009830221600314855
7.035	0.009781432163390702
7.04	0.00973251447440317
7.045	0.009683466261816546
7.05	0.009634285203713643
7.055	0.009584968926184583
7.0600000000000005	0.009535515001645527
7.0649999999999995	0.009485920947091645
7.07	0.009436184222274033
7.075	0.009386302227798817
7.08	0.009336272303148993
7.085	0.009286091724615529
7.09	0.009235757703142257
7.095	0.009185267382074477
7.1	0.009134617834806708
7.105	0.009083806062326373
7.11	0.009032828990645511
7.115	0.00898168346811439
7.12	0.008930366262610914
7.125	0.008878874058600507
7.13	0.008827203454054817
7.135	0.00877535095722297
7.140000000000001	0.008723312983250919
7.145	0.008671085850631442
7.15	0.008618665777482534
7.155	0.008566048877638358
7.16	0.008513231156544824
7.165	0.00846020850694498
7.17	0.00840697670434255
7.175	0.008353531402228677
7.18	0.008299868127059582
7.1850000000000005	0.008245982272961883
7.1899999999999995	0.008191869096155671
7.195	0.008137523709072059
7.2	0.008082941074146767
7.205	0.008028115997262579
7.21	0.007973043120825021
7.215	0.007917716916437412
7.220000000000001	0.007862131677152058
7.225	0.0078062815092651994
7.23	0.007750160323619005
7.234999999999999	0.007693761826386721
7.24	0.0076370795092804075
7.245	0.007580106639164588
7.25	0.00752283624700408
7.255	0.007465261116115344
7.26	0.007407373769651267
7.265000000000001	0.007349166457264625
7.27	0.007290631140886619
7.275	0.007231759479535899
7.28	0.007172542813094832
7.285	0.007112972144940408
7.29	0.007053038123358227
7.295	0.006992731021612137
7.300000000000001	0.006932040716556269
7.305	0.006870956665659687
7.3100000000000005	0.0068094678822979765
7.3149999999999995	0.006747562909135612
7.32	0.006685229789442232
7.325	0.006622456036115128
7.33	0.006559228598199228
7.335	0.0064955338246477316
7.34	0.0064313574250378595
7.345000000000001	0.006366684426920848
7.35	0.00630149912946825
7.355	0.006235785052969175
7.359999999999999	0.006169524883780093
7.365	0.0061027004141473015
7.37	0.006035292476365917
7.375	0.005967280870570749
7.38	0.005898644285411026
7.385	0.005829360210734007
7.390000000000001	0.0057594048412409225
7.395	0.005688752970006613
7.4	0.0056173778704752516
7.405	0.005545251165393972
7.41	0.005472342680877345
7.415	0.005398620283479918
7.42	0.005324049697813334
7.425000000000001	0.005248594301756934
7.43	0.005172214895855906
7.4350000000000005	0.005094869442772287
7.4399999999999995	0.00501651277192781
7.445	0.004937096243478767
7.45	0.004856567364542242
7.455	0.004774869349168636
7.46	0.004691940611588263
7.465	0.004607714179987971
7.470000000000001	0.004522117015019026
7.475	0.004435069213417093
7.48	0.004346483072166063
7.484999999999999	0.00425626198215288
7.49	0.004164299111736705
7.495	0.004070475829395297
7.5	0.00397465979928509
7.505	0.003876702662904459
7.51	0.003776437191281199
7.515000000000001	0.0036736737520991825
7.52	0.0035681958789388697
7.525	0.003459754647049578
7.53	0.0033480614377380566
7.535	0.0032327784886301745
7.54	0.0031135063411439788
7.545	0.0029897668414866694
7.550000000000001	0.0028609796045497007
7.555	0.002726428578776613
7.5600000000000005	0.002585213093513208
7.5649999999999995	0.0024361735617481274
7.57	0.00227777368410141
7.575	0.002107903285459506
7.58	0.0019235246488562958
7.585	0.0017199770199083704
7.59	0.001489420507841528
7.595000000000001	0.001216593668776992
7.6	0.0008622625237240677
7.605	0.00009251254849252024
7.609999999999999	0.
7.615	0.
7.62	0.
7.625	0.
7.63	0.
7.635	0.
7.640000000000001	0.
7.645	0.
7.65	0.
7.655	0.
7.66	0.
7.665	0.
7.67	0.
7.675000000000001	0.
7.68	0.
7.685	0.
7.6899999999999995	0.
7.694999999999999	0.
7.699999999999999	0.
7.704999999999999	0.
7.71	0.
7.715	0.
7.72	0.
7.725	0.
7.7299999999999995	0.
7.734999999999999	0.
7.739999999999999	0.
7.744999999999999	0.
7.75	0.
7.755	0.
7.76	0.
7.765	0.
7.77	0.
7.7749999999999995	0.
7.779999999999999	0.
7.784999999999999	0.
7.79	0.
7.795	0.
7.8	0.
7.805	0.
7.81	0.
7.8149999999999995	0.
7.819999999999999	0.
7.824999999999999	0.
7.829999999999999	0.
7.835	0.
7.84	0.
7.845	0.
7.85	0.
7.8549999999999995	0.
7.859999999999999	0.
7.864999999999999	0.
7.869999999999999	0.
7.875	0.
7.88	0.
7.885	0.
7.89	0.
7.895	0.
7.8999999999999995	0.
7.904999999999999	0.
7.909999999999999	0.
7.915	0.
7.92	0.
7.925	0.
7.93	0.
7.935	0.
7.9399999999999995	0.
7.944999999999999	0.
7.949999999999999	0.
7.955	0.
7.96	0.
7.965	0.
7.97	0.
7.975	0.
7.9799999999999995	0.
7.984999999999999	0.
7.989999999999999	0.
7.994999999999999	0.
8.	0.
8.004999999999999	0.
8.01	0.
8.014999999999999	0.
8.02	0.
8.025	0.
8.03	0.
8.035	0.
8.04	0.
8.045	0.
8.049999999999999	0.
8.055	0.
8.059999999999999	0.
8.065	0.
8.07	0.
8.075	0.
8.08	0.
8.084999999999999	0.
8.09	0.
8.094999999999999	0.
8.1	0.
8.105	0.
8.11	0.
8.115	0.
8.12	0.
8.125	0.
8.129999999999999	0.
8.135	0.
8.139999999999999	0.
8.145	0.
8.15	0.
8.155	0.
8.16	0.
8.165	0.
8.17	0.
8.174999999999999	0.
8.18	0.
8.184999999999999	0.
8.19	0.
8.195	0.
8.2	0.
8.205	0.
8.209999999999999	0.
8.215	0.
8.219999999999999	0.
8.225	0.
8.23	0.
8.235	0.
8.24	0.
8.245	0.
8.25	0.
8.254999999999999	0.
8.26	0.
8.264999999999999	0.
8.27	0.
8.275	0.
8.28	0.
8.285	0.
8.29	0.
8.295	0.
8.299999999999999	0.
8.305	0.
8.309999999999999	0.
8.315	0.
8.32	0.
8.325	0.
8.33	0.
8.334999999999999	0.
8.34	0.
8.344999999999999	0.
8.35	0.
8.355	0.
8.36	0.
8.365	0.
8.37	0.
8.375	0.
8.379999999999999	0.
8.385	0.
8.389999999999999	0.
8.395	0.
8.4	0.
8.405	0.
8.41	0.
8.415	0.
8.42	0.
8.424999999999999	0.
8.43	0.
8.434999999999999	0.
8.44	0.
8.445	0.
8.45	0.
8.455	0.
8.459999999999999	0.
8.465	0.
8.469999999999999	0.
8.475	0.
8.48	0.
8.485	0.
8.49	0.
8.495	0.
8.5	0.
8.504999999999999	0.
8.51	0.
8.515	0.
8.52	0.
8.525	0.
8.53	0.
8.535	0.
8.54	0.
8.545	0.
8.549999999999999	0.
8.555	0.
8.559999999999999	0.
8.565	0.
8.57	0.
8.575	0.
8.58	0.
8.584999999999999	0.
8.59	0.
8.594999999999999	0.
8.6	0.
8.605	0.
8.61	0.
8.615	0.
8.62	0.
8.625	0.
8.629999999999999	0.
8.635	0.
8.64	0.
8.645	0.
8.65	0.
8.655	0.
8.66	0.
8.665	0.
8.67	0.
8.674999999999999	0.
8.68	0.
8.684999999999999	0.
8.69	0.
8.695	0.
8.7	0.
8.705	0.
8.709999999999999	0.
8.715	0.
8.719999999999999	0.
8.725	0.
8.73	0.
8.735	0.
8.74	0.
8.745	0.
8.75	0.
8.754999999999999	0.
8.76	0.
8.765	0.
8.77	0.
8.775	0.
8.78	0.
8.785	0.
8.79	0.
8.795	0.
8.799999999999999	0.
8.805	0.
8.809999999999999	0.
8.815	0.
8.82	0.
8.825	0.
8.83	0.
8.834999999999999	0.
8.84	0.
8.844999999999999	0.
8.85	0.
8.855	0.
8.86	0.
8.865	0.
8.87	0.
8.875	0.
8.879999999999999	0.
8.885	0.
8.89	0.
8.895	0.
8.9	0.
8.905	0.
8.91	0.
8.915	0.
8.92	0.
8.924999999999999	0.
8.93	0.
8.934999999999999	0.
8.94	0.
8.945	0.
8.95	0.
8.955	0.
8.959999999999999	0.
8.965	0.
8.969999999999999	0.
8.975	0.
8.98	0.
8.985	0.
8.99	0.
8.995	0.
9.	0.
9.004999999999999	0.
9.01	0.
9.015	0.
9.02	0.
9.025	0.
9.03	0.
9.035	0.
9.04	0.
9.045	0.
9.049999999999999	0.
9.055	0.
9.059999999999999	0.
9.065	0.
9.07	0.
9.075	0.
9.08	0.
9.084999999999999	0.
9.09	0.
9.094999999999999	0.
9.1	0.
9.105	0.
9.11	0.
9.115	0.
9.12	0.
9.125	0.
9.129999999999999	0.
9.135	0.
9.14	0.
9.145	0.
9.15	0.
9.155	0.
9.16	0.
9.165	0.
9.17	0.
9.174999999999999	0.
9.18	0.
9.184999999999999	0.
9.19	0.
9.195	0.
9.2	0.
9.205	0.
9.209999999999999	0.
9.215	0.
9.219999999999999	0.
9.225	0.
9.23	0.
9.235	0.
9.24	0.
9.245	0.
9.25	0.
9.254999999999999	0.
9.26	0.
9.265	0.
9.27	0.
9.275	0.
9.28	0.
9.285	0.
9.29	0.
9.295	0.
9.299999999999999	0.
9.305	0.
9.309999999999999	0.
9.315	0.
9.32	0.
9.325	0.
9.33	0.
9.334999999999999	0.
9.34	0.
9.344999999999999	0.
9.35	0.
9.355	0.
9.36	0.
9.365	0.
9.37	0.
9.375	0.
9.379999999999999	0.
9.385	0.
9.39	0.
9.395	0.
9.4	0.
9.405	0.
9.41	0.
9.415	0.
9.42	0.
9.424999999999999	0.
9.43	0.
9.434999999999999	0.
9.44	0.
9.445	0.
9.45	0.
9.455	0.
9.459999999999999	0.
9.465	0.
9.469999999999999	0.
9.475	0.
9.48	0.
9.485	0.
9.49	0.
9.495	0.
9.5	0.
9.504999999999999	0.
9.51	0.
9.515	0.
9.52	0.
9.525	0.
9.53	0.
9.535	0.
9.54	0.
9.545	0.
9.549999999999999	0.
9.555	0.
9.559999999999999	0.
9.565	0.
9.57	0.
9.575	0.
9.58	0.
9.584999999999999	0.
9.59	0.
9.594999999999999	0.
9.6	0.
9.605	0.
9.61	0.
9.615	0.
9.62	0.
9.625	0.
9.629999999999999	0.
9.635	0.
9.64	0.
9.645	0.
9.65	0.
9.655	0.
9.66	0.
9.665	0.
9.67	0.
9.674999999999999	0.
9.68	0.
9.684999999999999	0.
9.69	0.
9.695	0.
9.7	0.
9.705	0.
9.709999999999999	0.
9.715	0.
9.719999999999999	0.
9.725	0.
9.73	0.
9.735	0.
9.74	0.
9.745	0.
9.75	0.
9.754999999999999	0.
9.76	0.
9.765	0.
9.77	0.
9.774999999999999	0.
9.78	0.
9.785	0.
9.79	0.
9.795	0.
9.8	0.
9.805	0.
9.809999999999999	0.
9.815	0.
9.82	0.
9.825	0.
9.83	0.
9.834999999999999	0.
9.84	0.
9.844999999999999	0.
9.85	0.
9.855	0.
9.86	0.
9.865	0.
9.87	0.
9.875	0.
9.879999999999999	0.
9.885	0.
9.89	0.
9.895	0.
9.899999999999999	0.
9.905	0.
9.91	0.
9.915	0.
9.92	0.
9.925	0.
9.93	0.
9.934999999999999	0.
9.94	0.
9.945	0.
9.95	0.
9.955	0.
9.959999999999999	0.
9.965	0.
9.969999999999999	0.
9.975	0.
9.98	0.
9.985	0.
9.99	0.
9.995	0.
10.	0.
10.004999999999999	0.
10.01	0.
10.015	0.
10.02	0.
10.024999999999999	0.
10.03	0.
10.035	0.
10.04	0.
10.045	0.
10.05	0.
10.055	0.
10.059999999999999	0.
10.065	0.
10.07	0.
10.075	0.
10.08	0.
10.084999999999999	0.
10.09	0.
10.094999999999999	0.
10.1	0.
10.105	0.
10.11	0.
10.115	0.
10.12	0.
10.125	0.
10.129999999999999	0.
10.135	0.
10.14	0.
10.145	0.
10.149999999999999	0.
10.155	0.
10.16	0.
10.165	0.
10.17	0.
10.175	0.
10.18	0.
10.184999999999999	0.
10.19	0.
10.195	0.
10.2	0.
10.205	0.
10.209999999999999	0.
10.215	0.
10.219999999999999	0.
10.225	0.
10.23	0.
10.235	0.
10.24	0.
10.245000000000001	0.
10.250000000000002	0.
10.255	0.
10.260000000000002	0.
10.265	0.
10.270000000000001	0.
10.275	0.
10.280000000000001	0.
10.285	0.
10.290000000000001	0.
10.295000000000002	0.
10.3	0.
10.305000000000001	0.
10.31	0.
10.315000000000001	0.
10.32	0.
10.325000000000001	0.
10.330000000000002	0.
10.335	0.
10.340000000000002	0.
10.345	0.
10.350000000000001	0.
10.355	0.
10.360000000000001	0.
10.365	0.
10.370000000000001	0.
10.375000000000002	0.
10.38	0.
10.385000000000002	0.
10.39	0.
10.395000000000001	0.
10.4	0.
10.405000000000001	0.
10.41	0.
10.415000000000001	0.
10.420000000000002	0.
10.425	0.
10.430000000000001	0.
10.435	0.
10.440000000000001	0.
10.445	0.
10.450000000000001	0.
10.455000000000002	0.
10.46	0.
10.465000000000002	0.
10.47	0.
10.475000000000001	0.
10.48	0.
10.485000000000001	0.
10.49	0.
10.495000000000001	0.
10.500000000000002	0.
10.505	0.
10.510000000000002	0.
10.515	0.
10.520000000000001	0.
10.525	0.
10.530000000000001	0.
10.535	0.
10.540000000000001	0.
10.545000000000002	0.
10.55	0.
10.555000000000001	0.
10.56	0.
10.565000000000001	0.
10.57	0.
10.575000000000001	0.
10.580000000000002	0.
10.585	0.
10.590000000000002	0.
10.595	0.
10.600000000000001	0.
10.605	0.
10.610000000000001	0.
10.615	0.
10.620000000000001	0.
10.625000000000002	0.
10.63	0.
10.635000000000002	0.
10.64	0.
10.645000000000001	0.
10.65	0.
10.655000000000001	0.
10.66	0.
10.665000000000001	0.
10.670000000000002	0.
10.675	0.
10.680000000000001	0.
10.685	0.
10.690000000000001	0.
10.695	0.
10.700000000000001	0.
10.705000000000002	0.
10.71	0.
10.715000000000002	0.
10.72	0.
10.725000000000001	0.
10.73	0.
10.735000000000001	0.
10.74	0.
10.745000000000001	0.
10.750000000000002	0.
10.755	0.
10.760000000000002	0.
10.765	0.
10.770000000000001	0.
10.775	0.
10.780000000000001	0.
10.785	0.
10.790000000000001	0.
10.795000000000002	0.
10.8	0.
10.805000000000001	0.
10.81	0.
10.815000000000001	0.
10.82	0.
10.825000000000001	0.
10.830000000000002	0.
10.835	0.
10.840000000000002	0.
10.845	0.
10.850000000000001	0.
10.855	0.
10.860000000000001	0.
10.865	0.
10.870000000000001	0.
10.875000000000002	0.
10.88	0.
10.885000000000002	0.
10.89	0.
10.895000000000001	0.
10.9	0.
10.905000000000001	0.
10.91	0.
10.915000000000001	0.
10.920000000000002	0.
10.925	0.
10.930000000000001	0.
10.935	0.
10.940000000000001	0.
10.945	0.
10.950000000000001	0.
10.955000000000002	0.
10.96	0.
10.965000000000002	0.
10.97	0.
10.975000000000001	0.
10.98	0.
10.985000000000001	0.
10.99	0.
10.995000000000001	0.
11.000000000000002	0.
11.005	0.
11.010000000000002	0.
11.015	0.
11.020000000000001	0.
11.025	0.
11.030000000000001	0.
11.035	0.
11.040000000000001	0.
11.045000000000002	0.
11.05	0.
11.055000000000001	0.
11.06	0.
11.065000000000001	0.
11.07	0.
11.075000000000001	0.
11.080000000000002	0.
11.085	0.
11.090000000000002	0.
11.095	0.
11.100000000000001	0.
11.105	0.
11.110000000000001	0.
11.115	0.
11.120000000000001	0.
11.125000000000002	0.
11.13	0.
11.135000000000002	0.
11.14	0.
11.145000000000001	0.
11.15	0.
11.155000000000001	0.
11.16	0.
11.165000000000001	0.
11.170000000000002	0.
11.175	0.
11.180000000000001	0.
11.185	0.
11.190000000000001	0.
11.195	0.
11.200000000000001	0.
11.205000000000002	0.
11.21	0.
11.215000000000002	0.
11.22	0.
11.225000000000001	0.
11.23	0.
11.235000000000001	0.
11.24	0.
11.245000000000001	0.
11.250000000000002	0.
11.255	0.
11.260000000000002	0.
11.265	0.
11.270000000000001	0.
11.275	0.
11.280000000000001	0.
11.285	0.
11.290000000000001	0.
11.295000000000002	0.
11.3	0.
11.305000000000001	0.
11.31	0.
11.315000000000001	0.
11.32	0.
11.325000000000001	0.
11.330000000000002	0.
11.335	0.
11.340000000000002	0.
11.345	0.
11.350000000000001	0.
11.355	0.
11.360000000000001	0.
11.365000000000002	0.
11.370000000000001	0.
11.375000000000002	0.
11.38	0.
11.385000000000002	0.
11.39	0.
11.395000000000001	0.
11.4	0.
11.405000000000001	0.
11.41	0.
11.415000000000001	0.
11.420000000000002	0.
11.425	0.
11.430000000000001	0.
11.435	0.
11.440000000000001	0.
11.445	0.
11.450000000000001	0.
11.455000000000002	0.
11.46	0.
11.465000000000002	0.
11.47	0.
11.475000000000001	0.
11.48	0.
11.485000000000001	0.
11.490000000000002	0.
11.495000000000001	0.
11.500000000000002	0.
11.505	0.
11.510000000000002	0.
11.515	0.
11.520000000000001	0.
11.525	0.
11.530000000000001	0.
11.535	0.
11.540000000000001	0.
11.545000000000002	0.
11.55	0.
11.555000000000001	0.
11.56	0.
11.565000000000001	0.
11.57	0.
11.575000000000001	0.
11.580000000000002	0.
11.585	0.
11.590000000000002	0.
11.595	0.
11.600000000000001	0.
11.605	0.
11.610000000000001	0.
11.615000000000002	0.
11.620000000000001	0.
11.625000000000002	0.
11.63	0.
11.635000000000002	0.
11.64	0.
11.645000000000001	0.
11.65	0.
11.655000000000001	0.
11.66	0.
11.665000000000001	0.
11.670000000000002	0.
11.675	0.
11.680000000000001	0.
11.685	0.
11.690000000000001	0.
11.695	0.
11.700000000000001	0.
11.705000000000002	0.
11.71	0.
11.715000000000002	0.
11.72	0.
11.725000000000001	0.
11.73	0.
11.735000000000001	0.
11.740000000000002	0.
11.745000000000001	0.
11.750000000000002	0.
11.755	0.
11.760000000000002	0.
11.765	0.
11.770000000000001	0.
11.775	0.
11.780000000000001	0.
11.785	0.
11.790000000000001	0.
11.795000000000002	0.
11.8	0.
11.805000000000001	0.
11.81	0.
11.815000000000001	0.
11.82	0.
11.825000000000001	0.
11.830000000000002	0.
11.835	0.
11.840000000000002	0.
11.845	0.
11.850000000000001	0.
11.855	0.
11.860000000000001	0.
11.865000000000002	0.
11.870000000000001	0.
11.875000000000002	0.
11.88	0.
11.885000000000002	0.
11.89	0.
11.895000000000001	0.
11.9	0.
11.905000000000001	0.
11.91	0.
11.915000000000001	0.
11.920000000000002	0.
11.925	0.
11.930000000000001	0.
11.935	0.
11.940000000000001	0.
11.945	0.
11.950000000000001	0.
11.955000000000002	0.
11.96	0.
11.965000000000002	0.
11.97	0.
11.975000000000001	0.
11.98	0.
11.985000000000001	0.
11.990000000000002	0.
11.995000000000001	0.
12.000000000000002	0.
12.005	0.
12.010000000000002	0.
12.015	0.
12.020000000000001	0.
12.025	0.
12.030000000000001	0.
12.035	0.
12.040000000000001	0.
12.045000000000002	0.
12.05	0.
12.055000000000001	0.
12.06	0.
12.065000000000001	0.
12.07	0.
12.075000000000001	0.
12.080000000000002	0.
12.085	0.
12.090000000000002	0.
12.095	0.
12.100000000000001	0.
12.105	0.
12.110000000000001	0.
12.115000000000002	0.
12.120000000000001	0.
12.125000000000002	0.
12.13	0.
12.135000000000002	0.
12.14	0.
12.145000000000001	0.
12.15	0.
12.155000000000001	0.
12.16	0.
12.165000000000001	0.
12.170000000000002	0.
12.175	0.
12.180000000000001	0.
12.185	0.
12.190000000000001	0.
12.195	0.
12.200000000000001	0.
12.205000000000002	0.
12.21	0.
12.215000000000002	0.
12.22	0.
12.225000000000001	0.
12.23	0.
12.235000000000001	0.
12.240000000000002	0.
12.245000000000001	0.
12.25	0.
12.255	0.
12.260000000000002	0.
12.265	0.
12.270000000000001	0.
12.275000000000002	0.
12.280000000000001	0.
12.285	0.
12.290000000000001	0.
12.295000000000002	0.
12.3	0.
12.305000000000001	0.
12.31	0.
12.315000000000001	0.
12.32	0.
12.325000000000001	0.
12.330000000000002	0.
12.335	0.
12.340000000000002	0.
12.345	0.
12.350000000000001	0.
12.355	0.
12.360000000000001	0.
12.365000000000002	0.
12.370000000000001	0.
12.375	0.
12.38	0.
12.385000000000002	0.
12.39	0.
12.395000000000001	0.
12.400000000000002	0.
12.405000000000001	0.
12.41	0.
12.415000000000001	0.
12.420000000000002	0.
12.425	0.
12.430000000000001	0.
12.435	0.
12.440000000000001	0.
12.445	0.
12.450000000000001	0.
12.455000000000002	0.
12.46	0.
12.465000000000002	0.
12.47	0.
12.475000000000001	0.
12.48	0.
12.485000000000001	0.
12.490000000000002	0.
12.495000000000001	0.
12.5	0.
12.505	0.
12.510000000000002	0.
12.515	0.
12.520000000000001	0.
12.525000000000002	0.
12.530000000000001	0.
12.535	0.
12.540000000000001	0.
12.545000000000002	0.
12.55	0.
12.555000000000001	0.
12.56	0.
12.565000000000001	0.
12.57	0.
12.575000000000001	0.
12.580000000000002	0.
12.585	0.
12.590000000000002	0.
12.595	0.
12.600000000000001	0.
12.605	0.
12.610000000000001	0.
12.615000000000002	0.
12.620000000000001	0.
12.625	0.
12.63	0.
12.635000000000002	0.
12.64	0.
12.645000000000001	0.
12.650000000000002	0.
12.655000000000001	0.
12.66	0.
12.665000000000001	0.
12.670000000000002	0.
12.675	0.
12.680000000000001	0.
12.685	0.
12.690000000000001	0.
12.695	0.
12.700000000000001	0.
12.705000000000002	0.
12.71	0.
12.715000000000002	0.
12.72	0.
12.725000000000001	0.
12.73	0.
12.735000000000001	0.
12.740000000000002	0.
12.745000000000001	0.
12.75	0.
12.755	0.
12.760000000000002	0.
12.765	0.
12.770000000000001	0.
12.775000000000002	0.
12.780000000000001	0.
12.785	0.
12.790000000000001	0.
12.795000000000002	0.
12.8	0.
12.805000000000001	0.
12.810000000000002	0.
12.815000000000001	0.
12.820000000000002	0.
12.825000000000001	0.
12.830000000000002	0.
12.835	0.
12.840000000000002	0.
12.845	0.
12.850000000000001	0.
12.855000000000002	0.
12.860000000000001	0.
12.865000000000002	0.
12.870000000000001	0.
12.875000000000002	0.
12.88	0.
12.885000000000002	0.
12.890000000000002	0.
12.895000000000001	0.
12.900000000000002	0.
12.905000000000001	0.
12.910000000000002	0.
12.915000000000001	0.
12.920000000000002	0.
12.925	0.
12.930000000000001	0.
12.935000000000002	0.
12.940000000000001	0.
12.945000000000002	0.
12.950000000000001	0.
12.955000000000002	0.
12.96	0.
12.965000000000002	0.
12.97	0.
12.975000000000001	0.
12.980000000000002	0.
12.985000000000001	0.
12.990000000000002	0.
12.995000000000001	0.
13.000000000000002	0.
13.005	0.
13.010000000000002	0.
13.015000000000002	0.
13.020000000000001	0.
13.025000000000002	0.
13.030000000000001	0.
13.035000000000002	0.
13.040000000000001	0.
13.045000000000002	0.
13.05	0.
13.055000000000001	0.
13.060000000000002	0.
13.065000000000001	0.
13.070000000000002	0.
13.075000000000001	0.
13.080000000000002	0.
13.085	0.
13.090000000000002	0.
13.095	0.
13.100000000000001	0.
13.105000000000002	0.
13.110000000000001	0.
13.115000000000002	0.
13.120000000000001	0.
13.125000000000002	0.
13.13	0.
13.135000000000002	0.
13.140000000000002	0.
13.145000000000001	0.
13.150000000000002	0.
13.155000000000001	0.
13.160000000000002	0.
13.165000000000001	0.
13.170000000000002	0.
13.175	0.
13.180000000000001	0.
13.185000000000002	0.
13.190000000000001	0.
13.195000000000002	0.
13.200000000000001	0.
13.205000000000002	0.
13.21	0.
13.215000000000002	0.
13.220000000000002	0.
13.225000000000001	0.
13.230000000000002	0.
13.235000000000001	0.
13.240000000000002	0.
13.245000000000001	0.
13.250000000000002	0.
13.255	0.
13.260000000000002	0.
13.265000000000002	0.
13.270000000000001	0.
13.275000000000002	0.
13.280000000000001	0.
13.285000000000002	0.
13.290000000000001	0.
13.295000000000002	0.
13.3	0.
13.305000000000001	0.
13.310000000000002	0.
13.315000000000001	0.
13.320000000000002	0.
13.325000000000001	0.
13.330000000000002	0.
13.335	0.
13.340000000000002	0.
13.345000000000002	0.
13.350000000000001	0.
13.355000000000002	0.
13.360000000000001	0.
13.365000000000002	0.
13.370000000000001	0.
13.375000000000002	0.
13.38	0.
13.385000000000002	0.
13.39	0.
13.395000000000001	0.
13.400000000000002	0.
13.405000000000001	0.
13.410000000000002	0.
13.415000000000001	0.
13.420000000000002	0.
13.425	0.
13.430000000000001	0.
13.435000000000002	0.
13.440000000000001	0.
13.445000000000002	0.
13.450000000000001	0.
13.455000000000002	0.
13.46	0.
13.465000000000002	0.
13.470000000000002	0.
13.475000000000001	0.
13.480000000000002	0.
13.485000000000001	0.
13.490000000000002	0.
13.495000000000001	0.
13.500000000000002	0.
13.505	0.
13.510000000000002	0.
13.515	0.
13.520000000000001	0.
13.525000000000002	0.
13.530000000000001	0.
13.535000000000002	0.
13.540000000000001	0.
13.545000000000002	0.
13.55	0.
13.555000000000001	0.
13.560000000000002	0.
13.565000000000001	0.
13.570000000000002	0.
13.575000000000001	0.
13.580000000000002	0.
13.585	0.
13.590000000000002	0.
13.595000000000002	0.
13.600000000000001	0.
13.605000000000002	0.
13.610000000000001	0.
13.615000000000002	0.
13.620000000000001	0.
13.625000000000002	0.
13.63	0.
13.635000000000002	0.
13.64	0.
13.645000000000001	0.
13.650000000000002	0.
13.655000000000001	0.
13.660000000000002	0.
13.665000000000001	0.
13.670000000000002	0.
13.675	0.
13.680000000000001	0.
13.685000000000002	0.
13.690000000000001	0.
13.695000000000002	0.
13.700000000000001	0.
13.705000000000002	0.
13.71	0.
13.715000000000002	0.
13.720000000000002	0.
13.725000000000001	0.
13.730000000000002	0.
13.735000000000001	0.
13.740000000000002	0.
13.745000000000001	0.
13.750000000000002	0.
13.755	0.
13.760000000000002	0.
13.765	0.
13.770000000000001	0.
13.775000000000002	0.
13.780000000000001	0.
13.785000000000002	0.
13.790000000000001	0.
13.795000000000002	0.
13.8	0.
13.805000000000001	0.
13.810000000000002	0.
13.815000000000001	0.
13.820000000000002	0.
13.825000000000001	0.
13.830000000000002	0.
13.835	0.
13.840000000000002	0.
13.845000000000002	0.
13.850000000000001	0.
13.855000000000002	0.
13.860000000000001	0.
13.865000000000002	0.
13.870000000000001	0.
13.875000000000002	0.
13.88	0.
13.885000000000002	0.
13.89	0.
13.895000000000001	0.
13.900000000000002	0.
13.905000000000001	0.
13.910000000000002	0.
13.915000000000001	0.
13.920000000000002	0.
13.925	0.
13.930000000000001	0.
13.935000000000002	0.
13.940000000000001	0.
13.945000000000002	0.
13.950000000000001	0.
13.955000000000002	0.
13.96	0.
13.965000000000002	0.
13.970000000000002	0.
13.975000000000001	0.
13.980000000000002	0.
13.985000000000001	0.
13.990000000000002	0.
13.995000000000001	0.
14.	0.