0.005	0.
0.01	0.
0.015	0.
0.02	0.
0.025	0.
0.030000000000000002	0.
0.034999999999999996	0.
0.04	0.
0.045	0.
0.049999999999999996	0.
0.055	0.
0.06	0.
0.065	0.
0.07	0.
0.07500000000000001	0.
0.08	0.
0.085	0.
0.09000000000000001	0.
0.095	0.
0.1	0.
0.10500000000000001	0.
0.11	0.
0.115	0.
0.12000000000000001	0.
0.125	0.
0.13	0.
0.135	0.
0.14	0.
0.14500000000000002	0.
0.15	0.
0.155	0.
0.16	0.
0.165	0.
0.17	0.
0.17500000000000002	0.06372543807790998
0.18000000000000002	0.09672710563275715
0.185	0.11862298750269175
0.19	0.13518554501861146
0.195	0.1484128712965579
0.2	0.15929977300756004
0.20500000000000002	0.16843352417860225
0.21000000000000002	0.17619768922634707
0.215	0.18286014942746065
0.22	0.18861710858086156
0.225	0.19361745110763756
0.23	0.1979772811635486
0.23500000000000001	0.20178912112367434
0.24000000000000002	0.205128006978137
0.245	0.20805568250728462
0.25	0.21062357672177412
0.255	0.21287497372535036
0.26	0.21484662974563365
0.265	0.21657000154908934
0.27	0.21807219532454267
0.275	0.2193767104182061
0.28	0.22050402982171705
0.28500000000000003	0.22147209437359483
0.29000000000000004	0.2222966874769357
0.295	0.2229917500892531
0.3	0.2235696407610586
0.305	0.22404135192325952
0.31	0.22441669101526893
0.315	0.2247044331179193
0.32	0.2249124503121529
0.325	0.22504782189176778
0.33	0.2251169287223941
0.335	0.22512553439279184
0.34	0.2250788553007264
0.34500000000000003	0.22498162141956143
0.35000000000000003	0.22483812917781706
0.35500000000000004	0.22465228763326092
0.36	0.22442765892180577
0.365	0.22416749379847245
0.37	0.22387476295529646
0.375	0.22355218469235605
0.38	0.22320224942921343
0.385	0.22282724147003666
0.39	0.22242925837460129
0.395	0.2220102282361621
0.4	0.22157192512454174
0.405	0.22111598291656992
0.41000000000000003	0.22064390770581416
0.41500000000000004	0.22015708895772934
0.42000000000000004	0.2196568095543298
0.425	0.2191442548540769
0.43	0.21862052087643483
0.435	0.21808662170702042
0.44	0.21754349620737423
0.445	0.21699201410321786
0.45	0.21643298151631682
0.455	0.2158671459973028
0.46	0.21529520111029748
0.465	0.21471779061426766
0.47000000000000003	0.21413551228114555
0.47500000000000003	0.21354892138608075
0.48000000000000004	0.21295853390162003
0.485	0.21236482942389004
0.49	0.2117682538560742
0.495	0.2111692218717378
0.5	0.2105681191782363
0.505	0.20996530459834029
0.51	0.2093611119863862
0.515	0.20875585199370397
0.52	0.2081498136964718
0.525	0.20754326609800686
0.53	0.20693645951623765
0.535	0.20632962686618223
0.54	0.2057229848461701
0.545	0.20511673503592712
0.55	0.20451106491371718
0.555	0.20390614879921384
0.56	0.2033021487280586
0.5650000000000001	0.20269921526358556
0.5700000000000001	0.20209748825075102
0.5750000000000001	0.20149709751675113
0.5800000000000001	0.2008981635225036
0.585	0.20030079796881872
0.59	0.1997051043607013
0.595	0.19911117853292268
0.6	0.198519109139899
0.605	0.19792897811240454
0.61	0.19734086108366128
0.615	0.19675482778701373
0.62	0.19617094242732033
0.625	0.19558926402783358
0.63	0.19500984675446922
0.635	0.19443274021903104
0.64	0.19385798976278543
0.645	0.1932856367219218
0.65	0.19271571867602166
0.655	0.19214826968079052
0.66	0.19158332048612445
0.665	0.19102089874044478
0.67	0.19046102918234817
0.675	0.189903733820313
0.68	0.18934903210132137
0.685	0.18879694106913156
0.6900000000000001	0.18824747551280813
0.6950000000000001	0.18770064810631718
0.7000000000000001	0.18715646953954426
0.7050000000000001	0.1866149486414636
0.71	0.18607609249594556
0.715	0.1855399065505086
0.72	0.18500639471873556
0.725	0.184475559476489
0.73	0.1839474019525312
0.735	0.18342192201368296
0.74	0.18289911834512046
0.745	0.18237898852582898
0.75	0.18186152909980466
0.755	0.18134673564289844
0.76	0.18083460282604052
0.765	0.18032512447456345
0.77	0.17981829362425178
0.775	0.1793141025741176
0.78	0.17881254293611396
0.785	0.17831360568200263
0.79	0.17781728118764834
0.795	0.17732355927453644
0.8	0.17683242924917494
0.805	0.17634387994015566
0.81	0.17585789973296276
0.8150000000000001	0.175374476603088
0.8200000000000001	0.17489359814697047
0.8250000000000001	0.17441525161142207
0.8300000000000001	0.1739394239211729
0.8350000000000001	0.17346610170501814
0.84	0.17299527132037554
0.845	0.1725269188764636
0.85	0.17206103025624828
0.855	0.17159759113698694
0.86	0.17113658700972592
0.865	0.17067800319767892
0.87	0.17022182487347493
0.875	0.16976803707547633
0.88	0.16931662472316839
0.885	0.16886757263162328
0.89	0.1684208655252173
0.895	0.16797648805043364
0.9	0.16753442478794642
0.905	0.16709466026413952
0.91	0.16665717896182936
0.915	0.16622196533027192
0.92	0.16578900379487296
0.925	0.1653582787658863
0.93	0.16492977464704062
0.935	0.16450347584349936
0.9400000000000001	0.16407936676910204
0.9450000000000001	0.16365743185341342
0.9500000000000001	0.1632376555483611
0.9550000000000001	0.16282002233429635
0.9600000000000001	0.16240451672592068
0.965	0.16199112327748816
0.97	0.16157982658788145
0.975	0.16117061130563243
0.98	0.1607634621328306
0.985	0.16035836382991747
0.99	0.15995530121912677
0.995	0.15955425918795613
1.	0.159155222693029
1.005	0.15875817676270612
1.01	0.1583631065029331
1.015	0.15796999708601772
1.02	0.1575788337823108
1.025	0.15718960193086293
1.0299999999999998	0.15680228695964787
1.035	0.1564168743831547
1.0399999999999998	0.15603334980334319
1.045	0.1556516989121358
1.0499999999999998	0.155271907493519
1.055	0.15489396142340528
1.0599999999999998	0.1545178466720692
1.065	0.15414354930479254
1.0699999999999998	0.15377105548299214
1.075	0.1534003514650759
1.0799999999999998	0.15303142360703265
1.085	0.15266425836373218
1.0899999999999999	0.15229884228887605
1.095	0.1519351620359262
1.0999999999999999	0.1515732043583089
1.105	0.15121295610985414
1.1099999999999999	0.15085440424527985
1.115	0.15049753582010458
1.1199999999999999	0.15014233799101662
1.125	0.1497887980158596
1.13	0.14943690325378242
1.135	0.14908664116510584
1.14	0.14873799931142115
1.145	0.14839096535523622
1.15	0.148045527060081
1.155	0.14770167229007797
1.16	0.1473593890099332
1.1649999999999998	0.14701866528445007
1.17	0.14667948927833355
1.1749999999999998	0.14634184925584795
1.18	0.14600573358037705
1.1849999999999998	0.1456711307140915
1.19	0.14533802921744926
1.1949999999999998	0.14500641774881612
1.2	0.14467628506391544
1.2049999999999998	0.14434762001542562
1.21	0.1440204115522939
1.2149999999999999	0.1436946487194058
1.22	0.14337032065683597
1.2249999999999999	0.14304741659941408
1.23	0.14272592587604918
1.2349999999999999	0.1424058379091265
1.24	0.14208714221406527
1.2449999999999999	0.14176982839837585
1.25	0.14145388616130197
1.255	0.14113930529307003
1.26	0.14082607567417624
1.265	0.14051418727487544
1.27	0.14020363015431275
1.275	0.1398943944600452
1.28	0.1395864704271988
1.285	0.13927984837784518
1.2899999999999998	0.13897451872040517
1.295	0.13867047194869178
1.2999999999999998	0.13836769864157067
1.305	0.1380661894619372
1.3099999999999998	0.13776593515612656
1.315	0.13746692655333764
1.3199999999999998	0.13716915456473686
1.325	0.13687261018281363
1.3299999999999998	0.1365772844807241
1.335	0.13628316861154147
1.3399999999999999	0.13599025380752766
1.345	0.13569853137948104
1.3499999999999999	0.13540799271601905
1.355	0.13511862928281887
1.3599999999999999	0.134830432621969
1.365	0.13454339435126578
1.3699999999999999	0.13425750616353074
1.375	0.13397275982582532
1.38	0.13368914717890942
1.385	0.13340666013641522
1.39	0.13312529068422255
1.395	0.1328450308798064
1.4	0.1325658728514739
1.405	0.13228780879773439
1.41	0.1320108309866657
1.4149999999999998	0.13173493175518824
1.42	0.13146010350839088
1.4249999999999998	0.1311863387189785
1.43	0.13091362992646963
1.4349999999999998	0.1306419697366456
1.44	0.1303713508208541
1.4449999999999998	0.1301017659154304
1.45	0.12983320782096575
1.4549999999999998	0.12956566940175523
1.46	0.12929914358515127
1.4649999999999999	0.1290336233608898
1.47	0.12876910178055959
1.4749999999999999	0.12850557195691314
1.48	0.128243027063299
1.4849999999999999	0.12798146033303276
1.49	0.1277208650588529
1.4949999999999999	0.12746123459222788
1.5	0.12720256234286914
1.505	0.12694484177813412
1.51	0.12668806642235259
1.515	0.12643222985639782
1.52	0.1261773257169837
1.525	0.125923347696213
1.53	0.12567028954093423
1.535	0.12541814505227872
1.54	0.125166908085009
1.545	0.12491657254705058
1.5499999999999998	0.12466713239897038
1.555	0.12441858165335941
1.5599999999999998	0.12417091437440983
1.565	0.12392412467729483
1.5699999999999998	0.12367820672774699
1.575	0.12343315474146964
1.5799999999999998	0.12318896298366878
1.585	0.12294562576857831
1.5899999999999999	0.12270313745889912
1.595	0.1224614924653601
1.5999999999999999	0.12222068524621424
1.605	0.12198071030673589
1.6099999999999999	0.12174156219882129
1.615	0.12150323552041065
1.6199999999999999	0.12126572491508736
1.625	0.12102902507163314
1.63	0.12079313072353588
1.635	0.12055803664849356
1.64	0.12032373766810613
1.645	0.12009022864725041
1.65	0.11985750449383695
1.655	0.11962556015820049
1.66	0.11939439063277636
1.665	0.11916399095165092
1.67	0.11893435619013273
1.6749999999999998	0.11870548146435111
1.68	0.1184773619308233
1.6849999999999998	0.11824999278609717
1.69	0.11802336926626748
1.6949999999999998	0.11779748664668299
1.7	0.11757234024142325
1.7049999999999998	0.11734792540305634
1.71	0.11712423752212545
1.7149999999999999	0.11690127202685165
1.72	0.11667902438271556
1.7249999999999999	0.11645749009210885
1.73	0.11623666469393287
1.7349999999999999	0.11601654376326952
1.74	0.11579712291099556
1.7449999999999999	0.11557839778345208
1.75	0.11536036406206185
1.755	0.11514301746298904
1.76	0.11492635373681533
1.765	0.11471036866816159
1.77	0.1144950580753839
1.775	0.11428041781022488
1.78	0.11406644375746998
1.785	0.11385313183465025
1.79	0.11364047799170199
1.795	0.11342847821062473
1.7999999999999998	0.11321712850521688
1.805	0.11300642492072845
1.8099999999999998	0.11279636353354125
1.815	0.11258694045089897
1.8199999999999998	0.11237815181055989
1.825	0.11216999378053956
1.8299999999999998	0.11196246255880764
1.835	0.111755554372944
1.8399999999999999	0.11154926547993838
1.845	0.11134359216581285
1.8499999999999999	0.11113853074541355
1.855	0.11093407756207344
1.8599999999999999	0.11073022898735987
1.865	0.11052698142081038
1.8699999999999999	0.11032433128965223
1.875	0.11012227504851275
1.88	0.10992080917920304
1.885	0.10971993019039054
1.89	0.10951963461739521
1.895	0.10931991902192134
1.9	0.10912077999176711
1.905	0.10892221414062161
1.91	0.10872421810778829
1.915	0.10852678855795231
1.92	0.10832992218090647
1.9249999999999998	0.10813361569136114
1.93	0.10793786582869695
1.9349999999999998	0.10774266935666517
1.94	0.10754802306323995
1.9449999999999998	0.1073539237603329
1.95	0.1071603682835843
1.9549999999999998	0.10696735349215807
1.96	0.10677487626846892
1.9649999999999999	0.10658293351802028
1.97	0.10639152216912043
1.9749999999999999	0.10620063917274727
1.98	0.10601028150224436
1.9849999999999999	0.10582044615318606
1.99	0.10563113014314528
1.9949999999999999	0.10544233051145938
2.	0.10525404431904781
2.005	0.1050662686482372
2.01	0.10487900060248456
2.015	0.10469223730627727
2.02	0.10450597590486349
2.025	0.10432021356406847
2.03	0.10413494747016054
2.035	0.1039501748295951
2.04	0.1037658928688239
2.045	0.10358209883416937
2.05	0.1033987899916163
2.0549999999999997	0.10321596362658865
2.06	0.10303361704382287
2.065	0.10285174756716313
2.07	0.102670352539402
2.0749999999999997	0.10248942932208857
2.08	0.10230897529534909
2.085	0.10212898785777114
2.09	0.10194946442615566
2.0949999999999998	0.10177040243542286
2.1	0.10159179933837333
2.105	0.10141365260561089
2.11	0.1012359597253007
2.1149999999999998	0.10105871820306372
2.12	0.10088192556178385
2.125	0.10070557934148447
2.13	0.10052967709914146
2.135	0.1003542164085484
2.14	0.10017919486015141
2.145	0.10000461006091362
2.15	0.09983045963416283
2.155	0.09965674121942956
2.16	0.09948345247234301
2.165	0.09931059106440901
2.17	0.09913815468296089
2.175	0.09896614103094262
2.18	0.09879454782681789
2.185	0.09862337280440614
2.19	0.09845261371273686
2.195	0.09828226831596314
2.1999999999999997	0.09811233439316965
2.205	0.09794280973826755
2.21	0.097773692159869
2.215	0.09760497948114612
2.2199999999999998	0.09743666953969032
2.225	0.09726876018740645
2.23	0.097101249290403
2.235	0.09693413472880814
2.2399999999999998	0.09676741439668785
2.245	0.09660108620193536
2.25	0.09643514806611429
2.255	0.09626959792436823
2.26	0.09610443372527233
2.265	0.0959396534307549
2.27	0.09577525501594922
2.275	0.09561123646907653
2.28	0.09544759579137164
2.285	0.09528433099690485
2.29	0.09512144011254675
2.295	0.09495892117778715
2.3	0.09479677224467879
2.305	0.09463499137769447
2.31	0.09447357665363303
2.315	0.09431252616151498
2.32	0.09415183800248111
2.3249999999999997	0.09399151028966161
2.33	0.09383154114810646
2.335	0.09367192871466208
2.34	0.09351267113788939
2.3449999999999998	0.09335376657793844
2.35	0.09319521320646268
2.355	0.09303700920653211
2.36	0.09287915277250652
2.3649999999999998	0.09272164210996725
2.37	0.09256447543561186
2.375	0.09240765097713904
2.38	0.09225116697321027
2.385	0.09209502167327827
2.39	0.09193921333757435
2.395	0.09178374023695805
2.4	0.09162860065286071
2.405	0.09147379287717625
2.41	0.09131931521219257
2.415	0.0911651659704897
2.42	0.09101134347484811
2.425	0.09085784605818338
2.43	0.09070467206344159
2.435	0.09055181984351793
2.44	0.09039928776119394
2.445	0.09024707418902453
2.4499999999999997	0.09009517750927515
2.455	0.08994359611383826
2.46	0.08979232840413436
2.465	0.08964137279107014
2.4699999999999998	0.08949072769493444
2.475	0.08934039154529476
2.48	0.08919036278099278
2.485	0.0890406398499862
2.4899999999999998	0.08889122120933102
2.495	0.08874210532507024
2.5	0.0885932906721923
2.505	0.08844477573451501
2.51	0.08829655900465888
2.515	0.08814863898393481
2.52	0.08800101418229722
2.525	0.08785368311826132
2.53	0.08770664431883793
2.535	0.0875598963194605
2.54	0.08741343766391957
2.545	0.08726726690427641
2.55	0.08712138260083412
2.555	0.08697578332202462
2.56	0.08683046764437267
2.565	0.08668543415241715
2.57	0.08654068143864775
2.5749999999999997	0.08639620810344271
2.58	0.08625201275499483
2.585	0.08610809400925863
2.59	0.08596445048988188
2.5949999999999998	0.08582108082815616
2.6	0.0856779836629177
2.605	0.08553515764052422
2.61	0.0853926014147794
2.6149999999999998	0.08525031364687559
2.62	0.08510829300531977
2.625	0.08496653816589152
2.63	0.08482504781157797
2.635	0.08468382063251997
2.64	0.08454285532592905
2.645	0.08440215059607384
2.65	0.08426170515418026
2.655	0.08412151771840076
2.66	0.08398158701375887
2.665	0.08384191177206798
2.67	0.08370249073190197
2.675	0.08356332263854849
2.68	0.08342440624391134
2.685	0.08328574030650213
2.69	0.08314732359136597
2.695	0.08300915487003294
2.7	0.08287123292046174
2.705	0.08273355652698748
2.71	0.0825961244802866
2.715	0.08245893557729625
2.7199999999999998	0.08232198862119644
2.725	0.08218528242133022
2.73	0.08204881579318067
2.735	0.08191258755829826
2.7399999999999998	0.0817765965442646
2.745	0.08164084158463965
2.75	0.08150532151891822
2.755	0.08137003519248169
2.76	0.08123498145654208
2.765	0.08110015916810692
2.77	0.08096556718991765
2.775	0.08083120439042829
2.78	0.08069706964372632
2.785	0.08056316182951993
2.79	0.08042947983307244
2.795	0.08029602254515439
2.8	0.08016278886202546
2.8049999999999997	0.0800297776853536
2.81	0.07989698792220759
2.815	0.07976441848498646
2.82	0.07963206829139031
2.825	0.07949993626437224
2.83	0.07936802133209885
2.835	0.07923632242790847
2.84	0.0791048384902688
2.8449999999999998	0.07897356846272682
2.85	0.07884251129388899
2.855	0.0787116659373599
2.86	0.07858103135171217
2.8649999999999998	0.07845060650043935
2.87	0.07832039035192793
2.875	0.07819038187940469
2.88	0.07806058006090587
2.885	0.07793098387923648
2.89	0.07780159232192763
2.895	0.07767240438120349
2.9	0.0775434190539502
2.905	0.07741463534165187
2.91	0.0772860522503809
2.915	0.07715766879076075
2.92	0.07702948397789264
2.925	0.07690149683137508
2.9299999999999997	0.07677370637521302
2.935	0.07664611163782456
2.94	0.07651871165197512
2.945	0.07639150545476267
2.95	0.0762644920875628
2.955	0.07613767059601376
2.96	0.0760110400299731
2.965	0.07588459944347155
2.9699999999999998	0.07575834789469758
2.975	0.07563228444596012
2.98	0.07550640816364061
2.985	0.07538071811817254
2.9899999999999998	0.07525521338400043
2.995	0.07512989303955571
3.	0.07500475616721898
3.005	0.07487980185328201
3.01	0.07475502918792139
3.015	0.07463043726517322
3.02	0.0745060251828804
3.025	0.0743817920426847
3.03	0.0742577369499728
3.035	0.0741338590138642
3.04	0.07401015734717305
3.045	0.07388663106637164
3.05	0.07376327929156434
3.0549999999999997	0.07364010114645748
3.06	0.07351709575833033
3.065	0.07339426225799987
3.07	0.073271599779797
3.075	0.07314910746152921
3.08	0.07302678444446026
3.085	0.07290462987327406
3.09	0.07278264289604923
3.0949999999999998	0.07266082266421928
3.1	0.07253916833256828
3.105	0.07241767905917056
3.11	0.07229635400538917
3.115	0.07217519233583153
3.12	0.07205419321832769
3.125	0.07193335582390283
3.13	0.07181267932674479
3.135	0.071692162904182
3.14	0.07157180573664712
3.145	0.07145160700766495
3.15	0.071331565903807
3.155	0.07121168161467992
3.16	0.07109195333289185
3.165	0.07097238025402486
3.17	0.07085296157660612
3.175	0.07073369650209269
3.1799999999999997	0.07061458423483058
3.185	0.07049562398204066
3.19	0.07037681495378466
3.195	0.07025815636294387
3.2	0.07013964742518952
3.205	0.07002128735896439
3.21	0.06990307538544872
3.215	0.0697850107285415
3.2199999999999998	0.069667092614827
3.225	0.06954932027356624
3.23	0.0694316929366497
3.235	0.06931420983859143
3.24	0.06919687021649204
3.245	0.0690796733100235
3.25	0.06896261836139929
3.255	0.06884570461534936
3.26	0.06872893131909968
3.265	0.0686122977223461
3.27	0.06849580307722886
3.275	0.06837944663831226
3.28	0.0682632276625584
3.285	0.06814714540930362
3.29	0.06803119914023721
3.295	0.06791538811937615
3.3	0.06779971161304074
3.3049999999999997	0.06768416888983352
3.31	0.06756875922061562
3.315	0.06745348187848307
3.32	0.06733833613874529
3.325	0.0672233212788969
3.33	0.06710843657860477
3.335	0.06699368131967816
3.34	0.06687905478604872
3.3449999999999998	0.06676455626374256
3.35	0.06665018504086882
3.355	0.06653594040758691
3.36	0.06642182165608895
3.365	0.06630782808057856
3.37	0.06619395897724605
3.375	0.06608021364424903
3.38	0.06596659138168677
3.385	0.06585309149158412
3.39	0.06573971327786311
3.395	0.0656264560463262
3.4	0.06551331910463244
3.405	0.06540030176227611
3.41	0.06528740333056744
3.415	0.06517462312260752
3.42	0.06506196045326859
3.425	0.06494941463917252
3.4299999999999997	0.06483698499867009
3.435	0.06472467085182411
3.44	0.06461247152037493
3.445	0.06450038632773354
3.45	0.06438841459895649
3.455	0.06427655566071935
3.46	0.06416480884130366
3.465	0.0640531734705691
3.4699999999999998	0.06394164887994015
3.475	0.0638302344023761
3.48	0.06371892937235638
3.485	0.063607733125862
3.49	0.06349664500035128
3.495	0.0633856643347336
3.5	0.0632747904693612
3.505	0.06316402274599837
3.51	0.06305336050780674
3.515	0.0629428030993201
3.52	0.06283234986643213
3.525	0.06272200015636124
3.53	0.06261175331765022
3.535	0.062501608700123
3.54	0.06239156565488676
3.545	0.06228162353429542
3.55	0.062171781691935164
3.5549999999999997	0.06206203948260342
3.56	0.06195239626229336
3.565	0.061842851388161243
3.5700000000000003	0.061733404218520936
3.575	0.06162405411281749
3.58	0.06151480043159949
3.585	0.06140564253651023
3.59	0.06129657979026115
3.5949999999999998	0.06118761155661545
3.5999999999999996	0.061078737200364955
3.605	0.0609699560873047
3.61	0.0608612675842325
3.615	0.060752671058896826
3.62	0.06064416588000817
3.625	0.060535751417200946
3.63	0.060427427041015856
3.635	0.06031919212288097
3.6399999999999997	0.06021104603509642
3.645	0.060102988150803775
3.65	0.05999501784397586
3.6550000000000002	0.05988713448938789
3.66	0.059779337462603256
3.665	0.05967162613995174
3.67	0.05956399989850601
3.675	0.059456458116065036
3.6799999999999997	0.059349000171139824
3.685	0.059241625442906024
3.69	0.059134333311223815
3.6950000000000003	0.05902712315658282
3.7	0.05891999436010467
3.705	0.05881294630350216
3.71	0.05870597836907922
3.715	0.058599089939696015
3.7199999999999998	0.058492280398751664
3.7249999999999996	0.058385549130164985
3.73	0.05827889551835603
3.735	0.058172318948217575
3.74	0.05806581880510017
3.745	0.05795939447479548
3.75	0.057853045343498236
3.755	0.05774677079781276
3.76	0.05764057022469781
3.7649999999999997	0.05753444301147969
3.77	0.05742838854580159
3.775	0.05732240621561906
3.7800000000000002	0.0572164954091804
3.785	0.05711065551499312
3.79	0.05700488592181541
3.795	0.05689918601861993
3.8	0.056793555194582984
3.8049999999999997	0.05668799283907255
3.81	0.05658249834158429
3.815	0.056477071091783
3.8200000000000003	0.05637171047942361
3.825	0.05626641589436316
3.83	0.05616118672652573
3.835	0.05605602236587753
3.84	0.05595092220241492
3.8449999999999998	0.055845885626132394
3.8499999999999996	0.055740912027009336
3.855	0.05563600079497067
3.86	0.05553115131988741
3.865	0.05542636299153318
3.87	0.05532163519957413
3.875	0.05521696733353919
3.88	0.055112358782801026
3.885	0.05500780893653793
3.8899999999999997	0.05490331718374252
3.895	0.05479888291316242
3.9	0.05469450551330662
3.9050000000000002	0.054590184372388925
3.91	0.054485918878337196
3.915	0.05438170841874659
3.92	0.054277552380873104
3.925	0.05417345015158227
3.9299999999999997	0.054069401117356135
3.935	0.05396540466424707
3.94	0.05386146017785326
3.9450000000000003	0.053757567043313165
3.95	0.0536537246452551
3.955	0.053549932367794775
3.96	0.053446189594488804
3.965	0.05334249570831427
3.9699999999999998	0.053238850091660954
3.9749999999999996	0.053135252126278634
3.98	0.05303170119327576
3.985	0.052928196673072796
3.99	0.05282473794537564
3.995	0.052721324389172056
4.	0.05261795538268461
4.005	0.05251463030333479
4.01	0.05241134852774759
4.015	0.052308109431697364
4.02	0.05220491239007976
4.025	0.05210175677688739
4.03	0.05199864196521143
4.035	0.051895567327161066
4.04	0.05179253223386582
4.045	0.051689536055448244
4.05	0.05158657816096556
4.055	0.051483657918445676
4.0600000000000005	0.05138077469476419
4.0649999999999995	0.051277927855694815
4.07	0.05117511676583302
4.075	0.05107234078858879
4.08	0.05096959928612808
4.085	0.05086689161939879
4.09	0.05076421714801792
4.095	0.05066157523030488
4.1	0.05055896522323239
4.105	0.050456386482377234
4.109999999999999	0.0503538383619011
4.115	0.05025132021452493
4.12	0.05014883139146746
4.125	0.050046371242453896
4.13	0.049943939115643675
4.135	0.04984153435762077
4.14	0.0497391563133424
4.145	0.04963680432611235
4.15	0.049534477737543665
4.155	0.04943217588753883
4.16	0.049329898114205614
4.165	0.04922764375389109
4.17	0.049125412141085574
4.175	0.049023202608407035
4.18	0.048921014486569166
4.1850000000000005	0.04881884710434719
4.1899999999999995	0.04871669978850317
4.195	0.04861457186380503
4.2	0.04851246265293896
4.205	0.04841037147647546
4.21	0.04830829765287525
4.215	0.04820624049838468
4.22	0.0481041993270239
4.225	0.048002173450571874
4.23	0.04790016217846249
4.234999999999999	0.04779816481779364
4.24	0.04769618067328334
4.245	0.04759420904718915
4.25	0.047492249239278125
4.255	0.04739030054682094
4.26	0.04728836226448167
4.265	0.04718643368432877
4.27	0.047084514095754496
4.275	0.04698260278544471
4.28	0.04688069903731804
4.285	0.04677880213249284
4.29	0.046676911349234074
4.295	0.04657502596289131
4.3	0.046473145245860166
4.305	0.04637126846754278
4.3100000000000005	0.04626939489427253
4.3149999999999995	0.046167523789277694
4.32	0.04606565441262567
4.325	0.045963786021172244
4.33	0.045861917868495
4.335	0.0457600492048504
4.34	0.04565817927714019
4.345	0.0455563073287882
4.35	0.045454432599775295
4.355	0.04535255432649413
4.359999999999999	0.04525067174174263
4.365	0.04514878407466444
4.37	0.04504689055065948
4.375	0.04494499039134685
4.38	0.04484308281450489
4.385	0.04474116703396909
4.39	0.044639242259651206
4.395	0.044537307697370215
4.4	0.04443536254886656
4.405	0.044333406011713
4.41	0.044231437279218376
4.415	0.04412945554041375
4.42	0.044027459979939405
4.425	0.043925449777976196
4.43	0.0438234241102152
4.4350000000000005	0.04372138214773625
4.4399999999999995	0.043619323056947545
4.445	0.043517245999554546
4.45	0.04341515013240754
4.455	0.043313034607484854
4.46	0.04321089857179179
4.465	0.043108741167290965
4.47	0.04300656153081054
4.475	0.04290435879396172
4.48	0.04280213208307349
4.484999999999999	0.042699880519078165
4.49	0.042597603217473884
4.495	0.04249529928817286
4.5	0.042392967835474464
4.505	0.042290607957931915
4.51	0.042188218748277155
4.515	0.042085799293350656
4.52	0.041983348673958115
4.525	0.041880865964812795
4.53	0.0417783502344291
4.535	0.04167580054500488
4.54	0.04157321595236847
4.545	0.04147059550580315
4.55	0.04136793824801524
4.555	0.041265243214994106
4.5600000000000005	0.041162509435893765
4.5649999999999995	0.041059735932940856
4.57	0.04095692172132821
4.575	0.04085406580908078
4.58	0.04075116719696099
4.585	0.04064822487834108
4.59	0.04054523783909162
4.595000000000001	0.0404422050574214
4.6	0.04033912550384275
4.605	0.04023599814092538
4.609999999999999	0.04013282192327907
4.615	0.04002959579735589
4.62	0.0399263187013399
4.625	0.03982298956502012
4.63	0.03971960730960828
4.635	0.03961617084767214
4.640000000000001	0.03951267908293392
4.645	0.039409130910146944
4.65	0.039305525214945465
4.654999999999999	0.03920186087369474
4.66	0.039098136753318705
4.665	0.038994351711191554
4.67	0.03889050459492231
4.675	0.038786594242220085
4.68	0.03868261948073242
4.6850000000000005	0.03857857912785696
4.6899999999999995	0.038474471990601264
4.695	0.03837029686537063
4.7	0.038266052537801014
4.705	0.03816173778258128
4.71	0.03805735136330423
4.715	0.03795289203218384
4.720000000000001	0.0378483585299392
4.725	0.037743749585597716
4.73	0.03763906391623454
4.734999999999999	0.03753430022682367
4.74	0.03742945721000728
4.745	0.037324533545881014
4.75	0.03721952790176132
4.755	0.037114438932003876
4.76	0.03700926527772647
4.765000000000001	0.03690400556661802
4.77	0.0367986584126724
4.775	0.03669322241596751
4.779999999999999	0.03658769616239438
4.785	0.0364820782234407
4.79	0.036376367155866195
4.795	0.03627056150154403
4.8	0.036164659787076885
4.805	0.03605866052360783
4.8100000000000005	0.03595256220649517
4.8149999999999995	0.03584636331503977
4.82	0.03574006231218589
4.825	0.03563365764422783
4.83	0.03552714774048039
4.835	0.03542053101302492
4.84	0.03531380585630704
4.845000000000001	0.03520697064685991
4.85	0.035100023742981656
4.855	0.03499296348432253
4.859999999999999	0.03488578819161519
4.865	0.03477849616627185
4.87	0.03467108569000967
4.875	0.03456355502451848
4.88	0.03445590241100344
4.885	0.03434812606987348
4.890000000000001	0.03424022420026891
4.895	0.034132194979691756
4.9	0.034024036563564834
4.904999999999999	0.03391574708479658
4.91	0.03380732465334503
4.915	0.033698767355752626
4.92	0.03359007325470018
4.925	0.033481240388490985
4.93	0.03337226677060132
4.9350000000000005	0.03326315038916836
4.9399999999999995	0.03315388920644967
4.945	0.03304448115833517
4.95	0.0329349241537855
4.955	0.03282521607425577
4.96	0.03271535477317184
4.965	0.03260533807532103
4.970000000000001	0.032495163776242654
4.975	0.03238482964164323
4.98	0.032274333406730166
4.984999999999999	0.032163672775586565
4.99	0.03205284542051177
4.995	0.031941848981322005
5.	0.03183068106464586
5.005	0.03171933924322762
5.01	0.03160782105514661
5.015000000000001	0.03149612400311574
5.02	0.03138424555364913
5.025	0.03127218313625612
5.029999999999999	0.031159934142669148
5.035	0.031047495925918527
5.04	0.030934865799540093
5.045	0.03082204103661528
5.05	0.03070901886885517
5.055	0.030595796485684033
5.0600000000000005	0.030482371033226697
5.0649999999999995	0.030368739613305048
5.07	0.03025489928242228
5.075	0.03014084705066439
5.08	0.030026579880606953
5.085	0.029912094686218273
5.09	0.029797388331636684
5.095000000000001	0.029682457629999853
5.1	0.029567299342198327
5.105	0.029451910175591667
5.109999999999999	0.02933628678268058
5.115	0.02922042575978661
5.12	0.029104323645586464
5.125	0.028987976919728684
5.13	0.028871382001278395
5.135	0.028754535247219545
5.14	0.028637432950849757
5.145	0.02852007134010628
5.15	0.028402446575927113
5.155	0.02828455475042402
5.16	0.02816639188512066
5.165	0.028047953929042836
5.17	0.027929236756812647
5.175	0.027810236166591912
5.18	0.02769094787806271
5.185	0.027571367530236823
5.19	0.027451490679242303
5.195	0.02733131279603992
5.2	0.027210829264012
5.205	0.027090035376492284
5.21	0.02696892633425106
5.215	0.02684749724277795
5.22	0.026725743109564493
5.225	0.026603658841272075
5.23	0.026481239240730904
5.235	0.026358479003878058
5.24	0.026235372716610927
5.245	0.02611191485141031
5.25	0.025988099763959625
5.255	0.025863921689537325
5.26	0.025739374739322814
5.265	0.02561445289652152
5.27	0.025489150012371592
5.275	0.025363459801940005
5.28	0.025237375839799944
5.285	0.02511089155546285
5.29	0.024984000228728608
5.295	0.02485669498472368
5.3	0.024728968788785912
5.305	0.024600814441139575
5.31	0.024472224571333138
5.315	0.024343191632387167
5.32	0.024213707894791495
5.325	0.024083765440111184
5.33	0.023953356154384663
5.335	0.023822471721239614
5.34	0.023691103614594335
5.345	0.02355924309112701
5.35	0.02342688118235522
5.355	0.023294008686315256
5.36	0.023160616158882815
5.365	0.023026693904667276
5.37	0.02289223196744065
5.375	0.022757220120128364
5.38	0.02262164785427092
5.385	0.02248550436898018
5.39	0.022348778559324763
5.395	0.02221145900410297
5.4	0.022073533953017244
5.405	0.021934991313122734
5.41	0.021795818634599756
5.415	0.021656003095736218
5.42	0.021515531487088322
5.425	0.021374390194784158
5.43	0.021232565182870276
5.435	0.021090041974685954
5.44	0.020946805633147027
5.445	0.020802840739896678
5.45	0.020658131373228285
5.455	0.02051266108469314
5.46	0.0203664128742916
5.465	0.020219369164154594
5.47	0.020071511770584943
5.475	0.019922821874341037
5.48	0.01977327998903135
5.485	0.01962286592745922
5.49	0.0194715587657544
5.495	0.019319336805128904
5.5	0.019166177531030892
5.505	0.019012057569514306
5.51	0.01885695264055082
5.515	0.018700837508045222
5.52	0.018543685926267997
5.525	0.018385470582345652
5.53	0.018226163034517143
5.535	0.018065733645694398
5.54	0.017904151511950985
5.545	0.01774138438539815
5.55	0.017577398590954762
5.555	0.01741215893636383
5.56	0.017245628614809567
5.565	0.017077769099365203
5.57	0.016908540028378737
5.575	0.01673789908094541
5.58	0.016565801841233727
5.585	0.01639220165055691
5.59	0.016217049445749355
5.595	0.0160402935822976
5.6	0.015861879640361346
5.605	0.015681750211731585
5.61	0.015499844665305027
5.615	0.01531609888833273
5.62	0.015130445000491004
5.625	0.014942811036951846
5.63	0.014753120596455007
5.635	0.01456129244946923
5.64	0.014367240100719224
5.645	0.01417087129946577
5.65	0.01397208748977985
5.655	0.013770783191399271
5.66	0.013566845300308017
5.665	0.013360152295866764
5.67	0.013150573338853258
5.675	0.012937967241347194
5.68	0.012722181285631785
5.6850000000000005	0.01250304986413148
5.69	0.012280392906111328
5.695	0.012054014048623487
5.7	0.011823698499403288
5.705	0.011589210525425652
5.71	0.011350290483993544
5.715	0.011106651290327974
5.72	0.010857974184846457
5.725	0.01060390362305305
5.73	0.010344041054791161
5.735	0.010077937283071771
5.74	0.009805082984513467
5.745	0.009524896820923381
5.75	0.009236710348285548
5.755	0.008939748602007311
5.76	0.008633104740493265
5.765	0.008315706361996996
5.77	0.007986269887850424
5.775	0.007643237399392951
5.78	0.007284686901707929
5.785	0.006908200925457427
5.79	0.006510667070062125
5.795	0.006087961710377898
5.8	0.0056344204572352065
5.805	0.0051418879480755065
5.8100000000000005	0.004597848287488321
5.815	0.003981238917435783
5.82	0.003251023360320564
5.825	0.002301489855111199
5.83	0.00018261803596336768
5.835	0.
5.84	0.
5.845	0.
5.85	0.
5.855	0.
5.86	0.
5.865	0.
5.87	0.
5.875	0.
5.88	0.
5.885	0.
5.89	0.
5.895	0.
5.9	0.
5.905	0.
5.91	0.
5.915	0.
5.92	0.
5.925	0.
5.93	0.
5.9350000000000005	0.
5.94	0.
5.945	0.
5.95	0.
5.955	0.
5.96	0.
5.965	0.
5.97	0.
5.975	0.
5.98	0.
5.985	0.
5.99	0.
5.995	0.
6.	0.
6.005	0.
6.01	0.
6.015	0.
6.02	0.
6.025	0.
6.03	0.
6.035	0.
6.04	0.
6.045	0.
6.05	0.
6.055	0.
6.0600000000000005	0.
6.065	0.
6.07	0.
6.075	0.
6.08	0.
6.085	0.
6.09	0.
6.095	0.
6.1	0.
6.105	0.
6.11	0.
6.115	0.
6.12	0.
6.125	0.
6.13	0.
6.135	0.
6.140000000000001	0.
6.145	0.
6.15	0.
6.155	0.
6.16	0.
6.165	0.
6.17	0.
6.175	0.
6.18	0.
6.1850000000000005	0.
6.1899999999999995	0.
6.195	0.
6.2	0.
6.205	0.
6.21	0.
6.215	0.
6.22	0.
6.225	0.
6.23	0.
6.235	0.
6.24	0.
6.245	0.
6.25	0.
6.255	0.
6.26	0.
6.265000000000001	0.
6.27	0.
6.275	0.
6.28	0.
6.285	0.
6.29	0.
6.295	0.
6.3	0.
6.305	0.
6.3100000000000005	0.
6.3149999999999995	0.
6.32	0.
6.325	0.
6.33	0.
6.335	0.
6.34	0.
6.345	0.
6.35	0.
6.355	0.
6.36	0.
6.365	0.
6.37	0.
6.375	0.
6.38	0.
6.385	0.
6.390000000000001	0.
6.395	0.
6.4	0.
6.405	0.
6.41	0.
6.415	0.
6.42	0.
6.425	0.
6.43	0.
6.4350000000000005	0.
6.4399999999999995	0.
6.445	0.
6.45	0.
6.455	0.
6.46	0.
6.465	0.
6.47	0.
6.475	0.
6.48	0.
6.485	0.
6.49	0.
6.495	0.
6.5	0.
6.505	0.
6.51	0.
6.515000000000001	0.
6.52	0.
6.525	0.
6.53	0.
6.535	0.
6.54	0.
6.545	0.
6.55	0.
6.555	0.
6.5600000000000005	0.
6.5649999999999995	0.
6.57	0.
6.575	0.
6.58	0.
6.585	0.
6.59	0.
6.595	0.
6.6	0.
6.605	0.
6.61	0.
6.615	0.
6.62	0.
6.625	0.
6.63	0.
6.635	0.
6.640000000000001	0.
6.645	0.
6.65	0.
6.655	0.
6.66	0.
6.665	0.
6.67	0.
6.675	0.
6.68	0.
6.6850000000000005	0.
6.6899999999999995	0.
6.695	0.
6.7	0.
6.705	0.
6.71	0.
6.715	0.
6.72	0.
6.725	0.
6.73	0.
6.735	0.
6.74	0.
6.745	0.
6.75	0.
6.755	0.
6.76	0.
6.765000000000001	0.
6.77	0.
6.775	0.
6.78	0.
6.785	0.
6.79	0.
6.795	0.
6.8	0.
6.805	0.
6.8100000000000005	0.
6.8149999999999995	0.
6.82	0.
6.825	0.
6.83	0.
6.835	0.
6.84	0.
6.845	0.
6.85	0.
6.855	0.
6.86	0.
6.865	0.
6.87	0.
6.875	0.
6.88	0.
6.885	0.
6.890000000000001	0.
6.895	0.
6.9	0.
6.905	0.
6.91	0.
6.915	0.
6.92	0.
6.925	0.
6.93	0.
6.9350000000000005	0.
6.9399999999999995	0.
6.945	0.
6.95	0.
6.955	0.
6.96	0.
6.965	0.
6.97	0.
6.975	0.
6.98	0.
6.985	0.
6.99	0.
6.995	0.
7.	0.
7.005	0.
7.01	0.
7.015000000000001	0.
7.02	0.
7.025	0.
7.03	0.
7.035	0.
7.04	0.
7.045	0.
7.05	0.
7.055	0.
7.0600000000000005	0.
7.0649999999999995	0.
7.07	0.
7.075	0.
7.08	0.
7.085	0.
7.09	0.
7.095	0.
7.1	0.
7.105	0.
7.11	0.
7.115	0.
7.12	0.
7.125	0.
7.13	0.
7.135	0.
7.140000000000001	0.
7.145	0.
7.15	0.
7.155	0.
7.16	0.
7.165	0.
7.17	0.
7.175	0.
7.18	0.
7.1850000000000005	0.
7.1899999999999995	0.
7.195	0.
7.2	0.
7.205	0.
7.21	0.
7.215	0.
7.220000000000001	0.
7.225	0.
7.23	0.
7.234999999999999	0.
7.24	0.
7.245	0.
7.25	0.
7.255	0.
7.26	0.
7.265000000000001	0.
7.27	0.
7.275	0.
7.28	0.
7.285	0.
7.29	0.
7.295	0.
7.300000000000001	0.
7.305	0.
7.3100000000000005	0.
7.3149999999999995	0.
7.32	0.
7.325	0.
7.33	0.
7.335	0.
7.34	0.
7.345000000000001	0.
7.35	0.
7.355	0.
7.359999999999999	0.
7.365	0.
7.37	0.
7.375	0.
7.38	0.
7.385	0.
7.390000000000001	0.
7.395	0.
7.4	0.
7.405	0.
7.41	0.
7.415	0.
7.42	0.
7.425000000000001	0.
7.43	0.
7.4350000000000005	0.
7.4399999999999995	0.
7.445	0.
7.45	0.
7.455	0.
7.46	0.
7.465	0.
7.470000000000001	0.
7.475	0.
7.48	0.
7.484999999999999	0.
7.49	0.
7.495	0.
7.5	0.
7.505	0.
7.51	0.
7.515000000000001	0.
7.52	0.
7.525	0.
7.53	0.
7.535	0.
7.54	0.
7.545	0.
7.550000000000001	0.
7.555	0.
7.5600000000000005	0.
7.5649999999999995	0.
7.57	0.
7.575	0.
7.58	0.
7.585	0.
7.59	0.
7.595000000000001	0.
7.6	0.
7.605	0.
7.609999999999999	0.
7.615	0.
7.62	0.
7.625	0.
7.63	0.
7.635	0.
7.640000000000001	0.
7.645	0.
7.65	0.
7.655	0.
7.66	0.
7.665	0.
7.67	0.
7.675000000000001	0.
7.68	0.
7.685	0.
7.6899999999999995	0.
7.694999999999999	0.
7.699999999999999	0.
7.704999999999999	0.
7.71	0.
7.715	0.
7.72	0.
7.725	0.
7.7299999999999995	0.
7.734999999999999	0.
7.739999999999999	0.
7.744999999999999	0.
7.75	0.
7.755	0.
7.76	0.
7.765	0.
7.77	0.
7.7749999999999995	0.
7.779999999999999	0.
7.784999999999999	0.
7.79	0.
7.795	0.
7.8	0.
7.805	0.
7.81	0.
7.8149999999999995	0.
7.819999999999999	0.
7.824999999999999	0.
7.829999999999999	0.
7.835	0.
7.84	0.
7.845	0.
7.85	0.
7.8549999999999995	0.
7.859999999999999	0.
7.864999999999999	0.
7.869999999999999	0.
7.875	0.
7.88	0.
7.885	0.
7.89	0.
7.895	0.
7.8999999999999995	0.
7.904999999999999	0.
7.909999999999999	0.
7.915	0.
7.92	0.
7.925	0.
7.93	0.
7.935	0.
7.9399999999999995	0.
7.944999999999999	0.
7.949999999999999	0.
7.955	0.
7.96	0.
7.965	0.
7.97	0.
7.975	0.
7.9799999999999995	0.
7.984999999999999	0.
7.989999999999999	0.
7.994999999999999	0.
8.	0.
8.004999999999999	0.
8.01	0.
8.014999999999999	0.
8.02	0.
8.025	0.
8.03	0.
8.035	0.
8.04	0.
8.045	0.
8.049999999999999	0.
8.055	0.
8.059999999999999	0.
8.065	0.
8.07	0.
8.075	0.
8.08	0.
8.084999999999999	0.
8.09	0.
8.094999999999999	0.
8.1	0.
8.105	0.
8.11	0.
8.115	0.
8.12	0.
8.125	0.
8.129999999999999	0.
8.135	0.
8.139999999999999	0.
8.145	0.
8.15	0.
8.155	0.
8.16	0.
8.165	0.
8.17	0.
8.174999999999999	0.
8.18	0.
8.184999999999999	0.
8.19	0.
8.195	0.
8.2	0.
8.205	0.
8.209999999999999	0.
8.215	0.
8.219999999999999	0.
8.225	0.
8.23	0.
8.235	0.
8.24	0.
8.245	0.
8.25	0.
8.254999999999999	0.
8.26	0.
8.264999999999999	0.
8.27	0.
8.275	0.
8.28	0.
8.285	0.
8.29	0.
8.295	0.
8.299999999999999	0.
8.305	0.
8.309999999999999	0.
8.315	0.
8.32	0.
8.325	0.
8.33	0.
8.334999999999999	0.
8.34	0.
8.344999999999999	0.
8.35	0.
8.355	0.
8.36	0.
8.365	0.
8.37	0.
8.375	0.
8.379999999999999	0.
8.385	0.
8.389999999999999	0.
8.395	0.
8.4	0.
8.405	0.
8.41	0.
8.415	0.
8.42	0.
8.424999999999999	0.
8.43	0.
8.434999999999999	0.
8.44	0.
8.445	0.
8.45	0.
8.455	0.
8.459999999999999	0.
8.465	0.
8.469999999999999	0.
8.475	0.
8.48	0.
8.485	0.
8.49	0.
8.495	0.
8.5	0.
8.504999999999999	0.
8.51	0.
8.515	0.
8.52	0.
8.525	0.
8.53	0.
8.535	0.
8.54	0.
8.545	0.
8.549999999999999	0.
8.555	0.
8.559999999999999	0.
8.565	0.
8.57	0.
8.575	0.
8.58	0.
8.584999999999999	0.
8.59	0.
8.594999999999999	0.
8.6	0.
8.605	0.
8.61	0.
8.615	0.
8.62	0.
8.625	0.
8.629999999999999	0.
8.635	0.
8.64	0.
8.645	0.
8.65	0.
8.655	0.
8.66	0.
8.665	0.
8.67	0.
8.674999999999999	0.
8.68	0.
8.684999999999999	0.
8.69	0.
8.695	0.
8.7	0.
8.705	0.
8.709999999999999	0.
8.715	0.
8.719999999999999	0.
8.725	0.
8.73	0.
8.735	0.
8.74	0.
8.745	0.
8.75	0.
8.754999999999999	0.
8.76	0.
8.765	0.
8.77	0.
8.775	0.
8.78	0.
8.785	0.
8.79	0.
8.795	0.
8.799999999999999	0.
8.805	0.
8.809999999999999	0.
8.815	0.
8.82	0.
8.825	0.
8.83	0.
8.834999999999999	0.
8.84	0.
8.844999999999999	0.
8.85	0.
8.855	0.
8.86	0.
8.865	0.
8.87	0.
8.875	0.
8.879999999999999	0.
8.885	0.
8.89	0.
8.895	0.
8.9	0.
8.905	0.
8.91	0.
8.915	0.
8.92	0.
8.924999999999999	0.
8.93	0.
8.934999999999999	0.
8.94	0.
8.945	0.
8.95	0.
8.955	0.
8.959999999999999	0.
8.965	0.
8.969999999999999	0.
8.975	0.
8.98	0.
8.985	0.
8.99	0.
8.995	0.
9.	0.
9.004999999999999	0.
9.01	0.
9.015	0.
9.02	0.
9.025	0.
9.03	0.
9.035	0.
9.04	0.
9.045	0.
9.049999999999999	0.
9.055	0.
9.059999999999999	0.
9.065	0.
9.07	0.
9.075	0.
9.08	0.
9.084999999999999	0.
9.09	0.
9.094999999999999	0.
9.1	0.
9.105	0.
9.11	0.
9.115	0.
9.12	0.
9.125	0.
9.129999999999999	0.
9.135	0.
9.14	0.
9.145	0.
9.15	0.
9.155	0.
9.16	0.
9.165	0.
9.17	0.
9.174999999999999	0.
9.18	0.
9.184999999999999	0.
9.19	0.
9.195	0.
9.2	0.
9.205	0.
9.209999999999999	0.
9.215	0.
9.219999999999999	0.
9.225	0.
9.23	0.
9.235	0.
9.24	0.
9.245	0.
9.25	0.
9.254999999999999	0.
9.26	0.
9.265	0.
9.27	0.
9.275	0.
9.28	0.
9.285	0.
9.29	0.
9.295	0.
9.299999999999999	0.
9.305	0.
9.309999999999999	0.
9.315	0.
9.32	0.
9.325	0.
9.33	0.
9.334999999999999	0.
9.34	0.
9.344999999999999	0.
9.35	0.
9.355	0.
9.36	0.
9.365	0.
9.37	0.
9.375	0.
9.379999999999999	0.
9.385	0.
9.39	0.
9.395	0.
9.4	0.
9.405	0.
9.41	0.
9.415	0.
9.42	0.
9.424999999999999	0.
9.43	0.
9.434999999999999	0.
9.44	0.
9.445	0.
9.45	0.
9.455	0.
9.459999999999999	0.
9.465	0.
9.469999999999999	0.
9.475	0.
9.48	0.
9.485	0.
9.49	0.
9.495	0.
9.5	0.
9.504999999999999	0.
9.51	0.
9.515	0.
9.52	0.
9.525	0.
9.53	0.
9.535	0.
9.54	0.
9.545	0.
9.549999999999999	0.
9.555	0.
9.559999999999999	0.
9.565	0.
9.57	0.
9.575	0.
9.58	0.
9.584999999999999	0.
9.59	0.
9.594999999999999	0.
9.6	0.
9.605	0.
9.61	0.
9.615	0.
9.62	0.
9.625	0.
9.629999999999999	0.
9.635	0.
9.64	0.
9.645	0.
9.65	0.
9.655	0.
9.66	0.
9.665	0.
9.67	0.
9.674999999999999	0.
9.68	0.
9.684999999999999	0.
9.69	0.
9.695	0.
9.7	0.
9.705	0.
9.709999999999999	0.
9.715	0.
9.719999999999999	0.
9.725	0.
9.73	0.
9.735	0.
9.74	0.
9.745	0.
9.75	0.
9.754999999999999	0.
9.76	0.
9.765	0.
9.77	0.
9.774999999999999	0.
9.78	0.
9.785	0.
9.79	0.
9.795	0.
9.8	0.
9.805	0.
9.809999999999999	0.
9.815	0.
9.82	0.
9.825	0.
9.83	0.
9.834999999999999	0.
9.84	0.
9.844999999999999	0.
9.85	0.
9.855	0.
9.86	0.
9.865	0.
9.87	0.
9.875	0.
9.879999999999999	0.
9.885	0.
9.89	0.
9.895	0.
9.899999999999999	0.
9.905	0.
9.91	0.
9.915	0.
9.92	0.
9.925	0.
9.93	0.
9.934999999999999	0.
9.94	0.
9.945	0.
9.95	0.
9.955	0.
9.959999999999999	0.
9.965	0.
9.969999999999999	0.
9.975	0.
9.98	0.
9.985	0.
9.99	0.
9.995	0.
10.	0.
10.004999999999999	0.
10.01	0.
10.015	0.
10.02	0.
10.024999999999999	0.
10.03	0.
10.035	0.
10.04	0.
10.045	0.
10.05	0.
10.055	0.
10.059999999999999	0.
10.065	0.
10.07	0.
10.075	0.
10.08	0.
10.084999999999999	0.
10.09	0.
10.094999999999999	0.
10.1	0.
10.105	0.
10.11	0.
10.115	0.
10.12	0.
10.125	0.
10.129999999999999	0.
10.135	0.
10.14	0.
10.145	0.
10.149999999999999	0.
10.155	0.
10.16	0.
10.165	0.
10.17	0.
10.175	0.
10.18	0.
10.184999999999999	0.
10.19	0.
10.195	0.
10.2	0.
10.205	0.
10.209999999999999	0.
10.215	0.
10.219999999999999	0.
10.225	0.
10.23	0.
10.235	0.
10.24	0.
10.245000000000001	0.
10.250000000000002	0.
10.255	0.
10.260000000000002	0.
10.265	0.
10.270000000000001	0.
10.275	0.
10.280000000000001	0.
10.285	0.
10.290000000000001	0.
10.295000000000002	0.
10.3	0.
10.305000000000001	0.
10.31	0.
10.315000000000001	0.
10.32	0.
10.325000000000001	0.
10.330000000000002	0.
10.335	0.
10.340000000000002	0.
10.345	0.
10.350000000000001	0.
10.355	0.
10.360000000000001	0.
10.365	0.
10.370000000000001	0.
10.375000000000002	0.
10.38	0.
10.385000000000002	0.
10.39	0.
10.395000000000001	0.
10.4	0.
10.405000000000001	0.
10.41	0.
10.415000000000001	0.
10.420000000000002	0.
10.425	0.
10.430000000000001	0.
10.435	0.
10.440000000000001	0.
10.445	0.
10.450000000000001	0.
10.455000000000002	0.
10.46	0.
10.465000000000002	0.
10.47	0.
10.475000000000001	0.
10.48	0.
10.485000000000001	0.
10.49	0.
10.495000000000001	0.
10.500000000000002	0.
10.505	0.
10.510000000000002	0.
10.515	0.
10.520000000000001	0.
10.525	0.
10.530000000000001	0.
10.535	0.
10.540000000000001	0.
10.545000000000002	0.
10.55	0.
10.555000000000001	0.
10.56	0.
10.565000000000001	0.
10.57	0.
10.575000000000001	0.
10.580000000000002	0.
10.585	0.
10.590000000000002	0.
10.595	0.
10.600000000000001	0.
10.605	0.
10.610000000000001	0.
10.615	0.
10.620000000000001	0.
10.625000000000002	0.
10.63	0.
10.635000000000002	0.
10.64	0.
10.645000000000001	0.
10.65	0.
10.655000000000001	0.
10.66	0.
10.665000000000001	0.
10.670000000000002	0.
10.675	0.
10.680000000000001	0.
10.685	0.
10.690000000000001	0.
10.695	0.
10.700000000000001	0.
10.705000000000002	0.
10.71	0.
10.715000000000002	0.
10.72	0.
10.725000000000001	0.
10.73	0.
10.735000000000001	0.
10.74	0.
10.745000000000001	0.
10.750000000000002	0.
10.755	0.
10.760000000000002	0.
10.765	0.
10.770000000000001	0.
10.775	0.
10.780000000000001	0.
10.785	0.
10.790000000000001	0.
10.795000000000002	0.
10.8	0.
10.805000000000001	0.
10.81	0.
10.815000000000001	0.
10.82	0.
10.825000000000001	0.
10.830000000000002	0.
10.835	0.
10.840000000000002	0.
10.845	0.
10.850000000000001	0.
10.855	0.
10.860000000000001	0.
10.865	0.
10.870000000000001	0.
10.875000000000002	0.
10.88	0.
10.885000000000002	0.
10.89	0.
10.895000000000001	0.
10.9	0.
10.905000000000001	0.
10.91	0.
10.915000000000001	0.
10.920000000000002	0.
10.925	0.
10.930000000000001	0.
10.935	0.
10.940000000000001	0.
10.945	0.
10.950000000000001	0.
10.955000000000002	0.
10.96	0.
10.965000000000002	0.
10.97	0.
10.975000000000001	0.
10.98	0.
10.985000000000001	0.
10.99	0.
10.995000000000001	0.
11.000000000000002	0.
11.005	0.
11.010000000000002	0.
11.015	0.
11.020000000000001	0.
11.025	0.
11.030000000000001	0.
11.035	0.
11.040000000000001	0.
11.045000000000002	0.
11.05	0.
11.055000000000001	0.
11.06	0.
11.065000000000001	0.
11.07	0.
11.075000000000001	0.
11.080000000000002	0.
11.085	0.
11.090000000000002	0.
11.095	0.
11.100000000000001	0.
11.105	0.
11.110000000000001	0.
11.115	0.
11.120000000000001	0.
11.125000000000002	0.
11.13	0.
11.135000000000002	0.
11.14	0.
11.145000000000001	0.
11.15	0.
11.155000000000001	0.
11.16	0.
11.165000000000001	0.
11.170000000000002	0.
11.175	0.
11.180000000000001	0.
11.185	0.
11.190000000000001	0.
11.195	0.
11.200000000000001	0.
11.205000000000002	0.
11.21	0.
11.215000000000002	0.
11.22	0.
11.225000000000001	0.
11.23	0.
11.235000000000001	0.
11.24	0.
11.245000000000001	0.
11.250000000000002	0.
11.255	0.
11.260000000000002	0.
11.265	0.
11.270000000000001	0.
11.275	0.
11.280000000000001	0.
11.285	0.
11.290000000000001	0.
11.295000000000002	0.
11.3	0.
11.305000000000001	0.
11.31	0.
11.315000000000001	0.
11.32	0.
11.325000000000001	0.
11.330000000000002	0.
11.335	0.
11.340000000000002	0.
11.345	0.
11.350000000000001	0.
11.355	0.
11.360000000000001	0.
11.365000000000002	0.
11.370000000000001	0.
11.375000000000002	0.
11.38	0.
11.385000000000002	0.
11.39	0.
11.395000000000001	0.
11.4	0.
11.405000000000001	0.
11.41	0.
11.415000000000001	0.
11.420000000000002	0.
11.425	0.
11.430000000000001	0.
11.435	0.
11.440000000000001	0.
11.445	0.
11.450000000000001	0.
11.455000000000002	0.
11.46	0.
11.465000000000002	0.
11.47	0.
11.475000000000001	0.
11.48	0.
11.485000000000001	0.
11.490000000000002	0.
11.495000000000001	0.
11.500000000000002	0.
11.505	0.
11.510000000000002	0.
11.515	0.
11.520000000000001	0.
11.525	0.
11.530000000000001	0.
11.535	0.
11.540000000000001	0.
11.545000000000002	0.
11.55	0.
11.555000000000001	0.
11.56	0.
11.565000000000001	0.
11.57	0.
11.575000000000001	0.
11.580000000000002	0.
11.585	0.
11.590000000000002	0.
11.595	0.
11.600000000000001	0.
11.605	0.
11.610000000000001	0.
11.615000000000002	0.
11.620000000000001	0.
11.625000000000002	0.
11.63	0.
11.635000000000002	0.
11.64	0.
11.645000000000001	0.
11.65	0.
11.655000000000001	0.
11.66	0.
11.665000000000001	0.
11.670000000000002	0.
11.675	0.
11.680000000000001	0.
11.685	0.
11.690000000000001	0.
11.695	0.
11.700000000000001	0.
11.705000000000002	0.
11.71	0.
11.715000000000002	0.
11.72	0.
11.725000000000001	0.
11.73	0.
11.735000000000001	0.
11.740000000000002	0.
11.745000000000001	0.
11.750000000000002	0.
11.755	0.
11.760000000000002	0.
11.765	0.
11.770000000000001	0.
11.775	0.
11.780000000000001	0.
11.785	0.
11.790000000000001	0.
11.795000000000002	0.
11.8	0.
11.805000000000001	0.
11.81	0.
11.815000000000001	0.
11.82	0.
11.825000000000001	0.
11.830000000000002	0.
11.835	0.
11.840000000000002	0.
11.845	0.
11.850000000000001	0.
11.855	0.
11.860000000000001	0.
11.865000000000002	0.
11.870000000000001	0.
11.875000000000002	0.
11.88	0.
11.885000000000002	0.
11.89	0.
11.895000000000001	0.
11.9	0.
11.905000000000001	0.
11.91	0.
11.915000000000001	0.
11.920000000000002	0.
11.925	0.
11.930000000000001	0.
11.935	0.
11.940000000000001	0.
11.945	0.
11.950000000000001	0.
11.955000000000002	0.
11.96	0.
11.965000000000002	0.
11.97	0.
11.975000000000001	0.
11.98	0.
11.985000000000001	0.
11.990000000000002	0.
11.995000000000001	0.
12.000000000000002	0.
12.005	0.
12.010000000000002	0.
12.015	0.
12.020000000000001	0.
12.025	0.
12.030000000000001	0.
12.035	0.
12.040000000000001	0.
12.045000000000002	0.
12.05	0.
12.055000000000001	0.
12.06	0.
12.065000000000001	0.
12.07	0.
12.075000000000001	0.
12.080000000000002	0.
12.085	0.
12.090000000000002	0.
12.095	0.
12.100000000000001	0.
12.105	0.
12.110000000000001	0.
12.115000000000002	0.
12.120000000000001	0.
12.125000000000002	0.
12.13	0.
12.135000000000002	0.
12.14	0.
12.145000000000001	0.
12.15	0.
12.155000000000001	0.
12.16	0.
12.165000000000001	0.
12.170000000000002	0.
12.175	0.
12.180000000000001	0.
12.185	0.
12.190000000000001	0.
12.195	0.
12.200000000000001	0.
12.205000000000002	0.
12.21	0.
12.215000000000002	0.
12.22	0.
12.225000000000001	0.
12.23	0.
12.235000000000001	0.
12.240000000000002	0.
12.245000000000001	0.
12.25	0.
12.255	0.
12.260000000000002	0.
12.265	0.
12.270000000000001	0.
12.275000000000002	0.
12.280000000000001	0.
12.285	0.
12.290000000000001	0.
12.295000000000002	0.
12.3	0.
12.305000000000001	0.
12.31	0.
12.315000000000001	0.
12.32	0.
12.325000000000001	0.
12.330000000000002	0.
12.335	0.
12.340000000000002	0.
12.345	0.
12.350000000000001	0.
12.355	0.
12.360000000000001	0.
12.365000000000002	0.
12.370000000000001	0.
12.375	0.
12.38	0.
12.385000000000002	0.
12.39	0.
12.395000000000001	0.
12.400000000000002	0.
12.405000000000001	0.
12.41	0.
12.415000000000001	0.
12.420000000000002	0.
12.425	0.
12.430000000000001	0.
12.435	0.
12.440000000000001	0.
12.445	0.
12.450000000000001	0.
12.455000000000002	0.
12.46	0.
12.465000000000002	0.
12.47	0.
12.475000000000001	0.
12.48	0.
12.485000000000001	0.
12.490000000000002	0.
12.495000000000001	0.
12.5	0.
12.505	0.
12.510000000000002	0.
12.515	0.
12.520000000000001	0.
12.525000000000002	0.
12.530000000000001	0.
12.535	0.
12.540000000000001	0.
12.545000000000002	0.
12.55	0.
12.555000000000001	0.
12.56	0.
12.565000000000001	0.
12.57	0.
12.575000000000001	0.
12.580000000000002	0.
12.585	0.
12.590000000000002	0.
12.595	0.
12.600000000000001	0.
12.605	0.
12.610000000000001	0.
12.615000000000002	0.
12.620000000000001	0.
12.625	0.
12.63	0.
12.635000000000002	0.
12.64	0.
12.645000000000001	0.
12.650000000000002	0.
12.655000000000001	0.
12.66	0.
12.665000000000001	0.
12.670000000000002	0.
12.675	0.
12.680000000000001	0.
12.685	0.
12.690000000000001	0.
12.695	0.
12.700000000000001	0.
12.705000000000002	0.
12.71	0.
12.715000000000002	0.
12.72	0.
12.725000000000001	0.
12.73	0.
12.735000000000001	0.
12.740000000000002	0.
12.745000000000001	0.
12.75	0.
12.755	0.
12.760000000000002	0.
12.765	0.
12.770000000000001	0.
12.775000000000002	0.
12.780000000000001	0.
12.785	0.
12.790000000000001	0.
12.795000000000002	0.
12.8	0.
12.805000000000001	0.
12.810000000000002	0.
12.815000000000001	0.
12.820000000000002	0.
12.825000000000001	0.
12.830000000000002	0.
12.835	0.
12.840000000000002	0.
12.845	0.
12.850000000000001	0.
12.855000000000002	0.
12.860000000000001	0.
12.865000000000002	0.
12.870000000000001	0.
12.875000000000002	0.
12.88	0.
12.885000000000002	0.
12.890000000000002	0.
12.895000000000001	0.
12.900000000000002	0.
12.905000000000001	0.
12.910000000000002	0.
12.915000000000001	0.
12.920000000000002	0.
12.925	0.
12.930000000000001	0.
12.935000000000002	0.
12.940000000000001	0.
12.945000000000002	0.
12.950000000000001	0.
12.955000000000002	0.
12.96	0.
12.965000000000002	0.
12.97	0.
12.975000000000001	0.
12.980000000000002	0.
12.985000000000001	0.
12.990000000000002	0.
12.995000000000001	0.
13.000000000000002	0.
13.005	0.
13.010000000000002	0.
13.015000000000002	0.
13.020000000000001	0.
13.025000000000002	0.
13.030000000000001	0.
13.035000000000002	0.
13.040000000000001	0.
13.045000000000002	0.
13.05	0.
13.055000000000001	0.
13.060000000000002	0.
13.065000000000001	0.
13.070000000000002	0.
13.075000000000001	0.
13.080000000000002	0.
13.085	0.
13.090000000000002	0.
13.095	0.
13.100000000000001	0.
13.105000000000002	0.
13.110000000000001	0.
13.115000000000002	0.
13.120000000000001	0.
13.125000000000002	0.
13.13	0.
13.135000000000002	0.
13.140000000000002	0.
13.145000000000001	0.
13.150000000000002	0.
13.155000000000001	0.
13.160000000000002	0.
13.165000000000001	0.
13.170000000000002	0.
13.175	0.
13.180000000000001	0.
13.185000000000002	0.
13.190000000000001	0.
13.195000000000002	0.
13.200000000000001	0.
13.205000000000002	0.
13.21	0.
13.215000000000002	0.
13.220000000000002	0.
13.225000000000001	0.
13.230000000000002	0.
13.235000000000001	0.
13.240000000000002	0.
13.245000000000001	0.
13.250000000000002	0.
13.255	0.
13.260000000000002	0.
13.265000000000002	0.
13.270000000000001	0.
13.275000000000002	0.
13.280000000000001	0.
13.285000000000002	0.
13.290000000000001	0.
13.295000000000002	0.
13.3	0.
13.305000000000001	0.
13.310000000000002	0.
13.315000000000001	0.
13.320000000000002	0.
13.325000000000001	0.
13.330000000000002	0.
13.335	0.
13.340000000000002	0.
13.345000000000002	0.
13.350000000000001	0.
13.355000000000002	0.
13.360000000000001	0.
13.365000000000002	0.
13.370000000000001	0.
13.375000000000002	0.
13.38	0.
13.385000000000002	0.
13.39	0.
13.395000000000001	0.
13.400000000000002	0.
13.405000000000001	0.
13.410000000000002	0.
13.415000000000001	0.
13.420000000000002	0.
13.425	0.
13.430000000000001	0.
13.435000000000002	0.
13.440000000000001	0.
13.445000000000002	0.
13.450000000000001	0.
13.455000000000002	0.
13.46	0.
13.465000000000002	0.
13.470000000000002	0.
13.475000000000001	0.
13.480000000000002	0.
13.485000000000001	0.
13.490000000000002	0.
13.495000000000001	0.
13.500000000000002	0.
13.505	0.
13.510000000000002	0.
13.515	0.
13.520000000000001	0.
13.525000000000002	0.
13.530000000000001	0.
13.535000000000002	0.
13.540000000000001	0.
13.545000000000002	0.
13.55	0.
13.555000000000001	0.
13.560000000000002	0.
13.565000000000001	0.
13.570000000000002	0.
13.575000000000001	0.
13.580000000000002	0.
13.585	0.
13.590000000000002	0.
13.595000000000002	0.
13.600000000000001	0.
13.605000000000002	0.
13.610000000000001	0.
13.615000000000002	0.
13.620000000000001	0.
13.625000000000002	0.
13.63	0.
13.635000000000002	0.
13.64	0.
13.645000000000001	0.
13.650000000000002	0.
13.655000000000001	0.
13.660000000000002	0.
13.665000000000001	0.
13.670000000000002	0.
13.675	0.
13.680000000000001	0.
13.685000000000002	0.
13.690000000000001	0.
13.695000000000002	0.
13.700000000000001	0.
13.705000000000002	0.
13.71	0.
13.715000000000002	0.
13.720000000000002	0.
13.725000000000001	0.
13.730000000000002	0.
13.735000000000001	0.
13.740000000000002	0.
13.745000000000001	0.
13.750000000000002	0.
13.755	0.
13.760000000000002	0.
13.765	0.
13.770000000000001	0.
13.775000000000002	0.
13.780000000000001	0.
13.785000000000002	0.
13.790000000000001	0.
13.795000000000002	0.
13.8	0.
13.805000000000001	0.
13.810000000000002	0.
13.815000000000001	0.
13.820000000000002	0.
13.825000000000001	0.
13.830000000000002	0.
13.835	0.
13.840000000000002	0.
13.845000000000002	0.
13.850000000000001	0.
13.855000000000002	0.
13.860000000000001	0.
13.865000000000002	0.
13.870000000000001	0.
13.875000000000002	0.
13.88	0.
13.885000000000002	0.
13.89	0.
13.895000000000001	0.
13.900000000000002	0.
13.905000000000001	0.
13.910000000000002	0.
13.915000000000001	0.
13.920000000000002	0.
13.925	0.
13.930000000000001	0.
13.935000000000002	0.
13.940000000000001	0.
13.945000000000002	0.
13.950000000000001	0.
13.955000000000002	0.
13.96	0.
13.965000000000002	0.
13.970000000000002	0.
13.975000000000001	0.
13.980000000000002	0.
13.985000000000001	0.
13.990000000000002	0.
13.995000000000001	0.
14.	0.