0.005	0.
0.01	0.
0.015	0.
0.02	0.
0.025	0.
0.030000000000000002	0.
0.034999999999999996	0.
0.04	0.
0.045	0.
0.049999999999999996	0.
0.055	0.
0.06	0.
0.065	0.
0.07	0.
0.07500000000000001	0.
0.08	0.
0.085	0.
0.09000000000000001	0.
0.095	0.
0.1	0.
0.10500000000000001	0.
0.11	0.
0.115	0.
0.12000000000000001	0.
0.125	0.
0.13	0.
0.135	0.
0.14	0.
0.14500000000000002	0.
0.15	0.
0.155	0.
0.16	0.
0.165	0.
0.17	0.
0.17500000000000002	0.07624524573302142
0.18000000000000002	0.10511224758043429
0.185	0.12532823716280875
0.19	0.14091553229508458
0.195	0.1534845485654691
0.2	0.16388769251523766
0.20500000000000002	0.17264592587053687
0.21000000000000002	0.18010718793787014
0.215	0.18651827783739375
0.22	0.19206201677402218
0.225	0.19687832846420658
0.23	0.201077059616294
0.23500000000000001	0.20474621180748842
0.24000000000000002	0.20795746189441058
0.245	0.21076999809503547
0.25	0.21323326570058634
0.255	0.21538898202905501
0.26	0.21727264696621781
0.265	0.21891469637746072
0.27	0.22034139702776964
0.275	0.22157555075260982
0.28	0.22263705544786133
0.28500000000000003	0.2235433569445667
0.29000000000000004	0.22430981659683386
0.295	0.2249500129662666
0.3	0.22547599140917776
0.305	0.22589847206975025
0.31	0.22622702436354225
0.315	0.22647021424092004
0.32	0.22663572917167288
0.325	0.22673048476797955
0.33	0.2267607161767936
0.335	0.22673205676366673
0.34	0.2266496061338884
0.34500000000000003	0.22651798916157123
0.35000000000000003	0.22634140739925526
0.35500000000000004	0.22612368400223512
0.36	0.2258683031098501
0.365	0.22557844447043157
0.37	0.22525701396990028
0.375	0.22490667062007427
0.38	0.22452985047720758
0.385	0.2241287878904973
0.39	0.22370553442132254
0.395	0.2232619757248617
0.4	0.22279984664444846
0.405	0.22232074473429952
0.41000000000000003	0.22182614239689502
0.41500000000000004	0.22131739779641302
0.42000000000000004	0.22079576468842999
0.425	0.2202624012880033
0.43	0.21971837828281907
0.435	0.2191646860847079
0.44	0.21860224140150009
0.445	0.21803189320116623
0.45	0.21745442813175098
0.455	0.21687057545311544
0.46	0.21628101153002907
0.465	0.21568636393058038
0.47000000000000003	0.21508721516890544
0.47500000000000003	0.21448410612690572
0.48000000000000004	0.21387753918590774
0.485	0.21326798109582928
0.49	0.21265586560652686
0.495	0.21204159588339624
0.5	0.21142554672701652
0.505	0.21080806661460463
0.51	0.21018947957926973
0.515	0.20957008694143103
0.52	0.2089501689053622
0.525	0.20832998603259859
0.53	0.20770978060269973
0.535	0.20708977787103183
0.54	0.20647018723215377
0.545	0.20585120329669748
0.55	0.20523300688886545
0.555	0.20461576597103112
0.56	0.20399963650132116
0.5650000000000001	0.20338476322955681
0.5700000000000001	0.20277128043645465
0.5750000000000001	0.20215931262052145
0.5800000000000001	0.20154897513675044
0.585	0.20094037479081436
0.59	0.2003336103921757
0.595	0.19972877326924926
0.6	0.199125947749427
0.605	0.19852521160665426
0.61	0.19792663647889527
0.615	0.19733028825773283
0.62	0.19673622745215613
0.625	0.19614450952834614
0.63	0.19555518522721782
0.635	0.19496830086130545
0.64	0.1943838985924466
0.645	0.1938020166915809
0.65	0.1932226897819805
0.655	0.1926459490669635
0.66	0.1920718225432561
0.665	0.19150033520090562
0.67	0.1909315092106937
0.675	0.1903653640998654
0.68	0.18980191691699105
0.685	0.18924118238667836
0.6900000000000001	0.18868317305472437
0.6950000000000001	0.18812789942448785
0.7000000000000001	0.1875753700848812
0.7050000000000001	0.18702559183067013
0.71	0.18647856977549535
0.715	0.18593430745810421
0.72	0.18539280694218718
0.725	0.1848540689103542
0.73	0.184318092752425
0.735	0.1837848766485261
0.74	0.18325441764730455
0.745	0.1827267117395222
0.75	0.1822017539273172
0.755	0.18167953828941585
0.76	0.18116005804254992
0.765	0.1806433055993012
0.77	0.18012927262256473
0.775	0.17961795007686504
0.78	0.17910932827670162
0.785	0.1786033969321034
0.79	0.17810014519155587
0.795	0.17759956168247149
0.8	0.17710163454927252
0.805	0.17660635148938186
0.81	0.17611369978704006
0.8150000000000001	0.1756236663452863
0.8200000000000001	0.17513623771601267
0.8250000000000001	0.17465140012838304
0.8300000000000001	0.17416913951553556
0.8350000000000001	0.17368944153981075
0.84	0.17321229161652646
0.845	0.17273767493636738
0.85	0.1722655764864858
0.855	0.17179598107045788
0.86	0.17132887332694052
0.865	0.17086423774743414
0.87	0.17040205869288658
0.875	0.16994232040937637
0.88	0.16948500704290773
0.885	0.16903010265326934
0.89	0.16857759122720953
0.895	0.16812745669072582
0.9	0.16767968292061974
0.905	0.1672342537555277
0.91	0.16679115300609232
0.915	0.16635036446465473
0.92	0.16591187191433954
0.925	0.16547565913753254
0.93	0.16504170992391315
0.935	0.16461000807809084
0.9400000000000001	0.16418053742640076
0.9450000000000001	0.16375328182379584
0.9500000000000001	0.16332822515984424
0.9550000000000001	0.16290535136458847
0.9600000000000001	0.16248464441413732
0.965	0.16206608833542224
0.97	0.16164966721130491
0.975	0.16123536518477408
0.98	0.16082316646320877
0.985	0.16041305532210132
0.99	0.16000501610885703
0.995	0.1595990332459386
1.	0.15919509123403555
1.005	0.15879317465494716
1.01	0.1583932681742957
1.015	0.15799535654382557
1.02	0.15759942460402646
1.025	0.157205457285024
1.0299999999999998	0.1568134396090091
1.035	0.15642335670065313
1.0399999999999998	0.15603519376556638
1.045	0.1556489361149036
1.0499999999999998	0.1552645691620352
1.055	0.15488207841455054
1.0599999999999998	0.15450144948177208
1.065	0.15412266807609934
1.0699999999999998	0.15374572001220563
1.075	0.15337059120820798
1.0799999999999998	0.15299726768580627
1.085	0.15262573557184078
1.0899999999999999	0.15225598109803726
1.095	0.1518879906015491
1.0999999999999999	0.15152175052535158
1.105	0.15115724741842843
1.1099999999999999	0.15079446793570228
1.115	0.1504333988385608
1.1199999999999999	0.15007402699472763
1.125	0.14971633937797896
1.13	0.1493603230684791
1.135	0.14900596525232224
1.14	0.14865325322161407
1.145	0.14830217437407503
1.15	0.14795271621289122
1.155	0.14760486634630254
1.16	0.14725861248740302
1.1649999999999998	0.14691394245369074
1.17	0.14657084416673258
1.1749999999999998	0.14622930565150935
1.18	0.14588931503631822
1.1849999999999998	0.14555086055195826
1.19	0.14521393053144982
1.1949999999999998	0.1448785134092721
1.2	0.14454459772106898
1.2049999999999998	0.14421217210280263
1.21	0.14388122529042854
1.2149999999999999	0.14355174611906463
1.22	0.1432237235223932
1.2249999999999999	0.14289714653221403
1.23	0.1425720042775431
1.2349999999999999	0.14224828598406547
1.24	0.14192598097345674
1.2449999999999999	0.14160507866266597
1.25	0.1412855685632202
1.255	0.1409674402805855
1.26	0.1406506835133048
1.265	0.14033528805245737
1.27	0.14002124378078223
1.275	0.13970854067205066
1.28	0.13939716879028907
1.285	0.139087118289005
1.2899999999999998	0.13877837941055915
1.295	0.13847094248526545
1.2999999999999998	0.13816479793078468
1.305	0.13785993625127016
1.3099999999999998	0.1375563480367266
1.315	0.13725402396216213
1.3199999999999998	0.1369529547868705
1.325	0.13665313135370963
1.3299999999999998	0.13635454458832214
1.335	0.13605718549840845
1.3399999999999999	0.13576104517296375
1.345	0.13546611478155846
1.3499999999999999	0.13517238557355066
1.355	0.13487984887741009
1.3599999999999999	0.13458849609988016
1.365	0.1342983187254038
1.3699999999999999	0.13400930831523047
1.375	0.13372145650678474
1.38	0.13343475501287494
1.385	0.1331491956210397
1.39	0.13286477019279586
1.395	0.13258147066294293
1.4	0.1322992890387952
1.405	0.13201821739957198
1.41	0.1317382478955957
1.4149999999999998	0.1314593727477136
1.42	0.13118158424647777
1.4249999999999998	0.13090487475154913
1.43	0.13062923669098456
1.4349999999999998	0.13035466256056205
1.44	0.13008114492312045
1.4449999999999998	0.12980867640788193
1.45	0.12953724970975777
1.4549999999999998	0.12926685758878695
1.46	0.1289974928693608
1.4649999999999999	0.12872914843970518
1.47	0.12846181725112607
1.4749999999999999	0.1281954923174542
1.48	0.12793016671436674
1.4849999999999999	0.12766583357879022
1.49	0.12740248610830493
1.4949999999999999	0.12714011756044993
1.5	0.12687872125220456
1.505	0.1266182905593474
1.51	0.12635881891585157
1.515	0.1261002998133239
1.52	0.12584272680038525
1.525	0.12558609348209565
1.53	0.12533039351942477
1.535	0.1250756206286204
1.54	0.12482176858069222
1.545	0.12456883120082689
1.5499999999999998	0.1243168023678448
1.555	0.12406567601365623
1.5599999999999998	0.12381544612273922
1.565	0.12356610673153352
1.5699999999999998	0.12331765192798082
1.575	0.12307007585100886
1.5799999999999998	0.12282337268993514
1.585	0.12257753668401088
1.5899999999999999	0.1223325621218959
1.595	0.12208844334117407
1.5999999999999999	0.12184517472781795
1.605	0.12160275071571161
1.6099999999999999	0.12136116578617816
1.615	0.12112041446745962
1.6199999999999999	0.12088049133428541
1.625	0.12064139100736529
1.63	0.1204031081529195
1.635	0.12016563748226078
1.64	0.11992897375123428
1.645	0.11969311175991067
1.65	0.1194580463519962
1.655	0.11922377241448476
1.66	0.11899028487716516
1.665	0.11875757871222163
1.67	0.11852564893376315
1.6749999999999998	0.1182944905974488
1.68	0.11806409880002731
1.6849999999999998	0.1178344686789473
1.69	0.11760559541191311
1.6949999999999998	0.11737747421651334
1.7	0.11715010034980014
1.7049999999999998	0.11692346910789203
1.71	0.1166975758255807
1.7149999999999999	0.11647241587595196
1.72	0.11624798466996539
1.7249999999999999	0.1160242776561351
1.73	0.1158012903201043
1.7349999999999999	0.11557901818425684
1.74	0.1153574568074046
1.7449999999999999	0.11513660178440081
1.75	0.11491644874574448
1.755	0.1146969933572765
1.76	0.11447823131979316
1.765	0.11426015836871374
1.77	0.11404277027372269
1.775	0.11382606283843139
1.78	0.11361003190004591
1.785	0.11339467332904261
1.79	0.11317998302880232
1.795	0.11296595693533212
1.7999999999999998	0.11275259101690953
1.805	0.11253988127376405
1.8099999999999998	0.11232782373779045
1.815	0.11211641447219378
1.8199999999999998	0.11190564957121557
1.825	0.11169552515979465
1.8299999999999998	0.11148603739331554
1.835	0.11127718245725965
1.8399999999999999	0.11106895656693916
1.845	0.11086135596719678
1.8499999999999999	0.11065437693210234
1.855	0.11044801576470438
1.8599999999999999	0.11024226879668955
1.865	0.11003713238817259
1.8699999999999999	0.1098326029273605
1.875	0.10962867683031277
1.88	0.10942535054066306
1.885	0.109222620529338
1.89	0.10902048329432762
1.895	0.1088189353603826
1.9	0.10861797327876706
1.905	0.10841759362703964
1.91	0.10821779300874684
1.915	0.10801856805319572
1.92	0.10781991541520801
1.9249999999999998	0.10762183177489568
1.93	0.10742431383736636
1.9349999999999998	0.1072273583325416
1.94	0.10703096201486595
1.9449999999999998	0.10683512166313888
1.95	0.10663983408018578
1.9549999999999998	0.10644509609274876
1.96	0.10625090455115835
1.9649999999999999	0.10605725632916597
1.97	0.10586414832368841
1.9749999999999999	0.10567157745463093
1.98	0.10547954066461682
1.9849999999999999	0.10528803491882699
1.99	0.10509705720473378
1.9949999999999999	0.10490660453193455
2.	0.10471667393192294
2.005	0.10452726245789361
2.01	0.104338367184519
2.015	0.10414998520776314
2.02	0.10396211364470255
2.025	0.10377474963328456
2.03	0.10358789033215735
2.035	0.10340153292049839
2.04	0.10321567459777599
2.045	0.10303031258359349
2.05	0.10284544411750728
2.0549999999999997	0.10266106645881139
2.06	0.1024771768863892
2.065	0.10229377269850212
2.07	0.10211085121264948
2.0749999999999997	0.10192840976534452
2.08	0.10174644571195841
2.085	0.10156495642658493
2.09	0.10138393930180618
2.0949999999999998	0.10120339174856653
2.1	0.10102331119598627
2.105	0.10084369509120515
2.11	0.10066454089920625
2.1149999999999998	0.10048584610266638
2.12	0.10030760820177677
2.125	0.10012982471412821
2.13	0.09995249317449839
2.135	0.09977561113472308
2.14	0.0995991761635358
2.145	0.09942318584643345
2.15	0.09924763778549647
2.155	0.09907252959924892
2.16	0.09889785892254452
2.165	0.09872362340636903
2.17	0.09854982071770692
2.175	0.09837644853943041
2.18	0.09820350457012218
2.185	0.09803098652396243
2.19	0.09785889213057057
2.195	0.09768721913486113
2.1999999999999997	0.0975159652969427
2.205	0.0973451283919338
2.21	0.09717470620989162
2.215	0.09700469655560641
2.2199999999999998	0.09683509724854375
2.225	0.09666590612265873
2.23	0.09649712102629877
2.235	0.09632873982206307
2.2399999999999998	0.0961607603866926
2.245	0.09599318061093771
2.25	0.09582599839941594
2.255	0.09565921167052541
2.26	0.09549281835630068
2.265	0.09532681640229947
2.27	0.0951612037674997
2.275	0.09499597842413911
2.28	0.09483113835765976
2.285	0.0946666815665469
2.29	0.09450260606223318
2.295	0.09433890986898474
2.3	0.09417559102380657
2.305	0.09401264757628615
2.31	0.09385007758854683
2.315	0.09368787913508152
2.32	0.09352605030269372
2.3249999999999997	0.09336458919035541
2.33	0.09320349390912834
2.335	0.093042762582049
2.34	0.09288239334402044
2.3449999999999998	0.09272238434172023
2.35	0.09256273373349491
2.355	0.09240343968927857
2.36	0.0922445003904585
2.3649999999999998	0.09208591402979822
2.37	0.09192767881135158
2.375	0.09176979295035002
2.38	0.09161225467310748
2.385	0.0914550622169502
2.39	0.09129821383008123
2.395	0.09114170777152074
2.4	0.09098554231101395
2.405	0.0908297157289333
2.41	0.0906742263161837
2.415	0.09051907237412013
2.42	0.09036425221445278
2.425	0.09020976415918465
2.43	0.09005560654049459
2.435	0.08990177770065409
2.44	0.08974827599198083
2.445	0.08959509977670956
2.4499999999999997	0.08944224742692441
2.455	0.08928971732448643
2.46	0.08913750786094984
2.465	0.08898561743747316
2.4699999999999998	0.08883404446473145
2.475	0.08868278736286668
2.48	0.08853184456138766
2.485	0.08838121449908967
2.4899999999999998	0.08823089562398867
2.495	0.08808088639324069
2.5	0.0879311852730711
2.505	0.08778179073868661
2.51	0.08763270127422594
2.515	0.08748391537265106
2.52	0.08733543153570499
2.525	0.08718724827382453
2.53	0.0870393641060805
2.535	0.08689177756009324
2.54	0.08674448717197554
2.545	0.08659749148624148
2.55	0.08645078905577996
2.555	0.0863043784417283
2.56	0.08615825821345696
2.565	0.0860124269484827
2.57	0.08586688323238299
2.5749999999999997	0.08572162565876586
2.58	0.08557665282917733
2.585	0.08543196335305261
2.59	0.08528755584764547
2.5949999999999998	0.08514342893796822
2.6	0.08499958125671311
2.605	0.08485601144421626
2.61	0.08471271814838442
2.6149999999999998	0.08456970002462413
2.62	0.08442695573578891
2.625	0.08428448395213328
2.63	0.08414228335122285
2.635	0.08400035261789944
2.64	0.0838586904442152
2.645	0.08371729552937228
2.65	0.08357616657966903
2.655	0.08343530230843665
2.66	0.08329470143600004
2.665	0.08315436268959946
2.67	0.08301428480333556
2.675	0.08287446651814803
2.68	0.08273490658170932
2.685	0.08259560374842115
2.69	0.08245655677932458
2.695	0.08231776444205194
2.7	0.08217922551080464
2.705	0.08204093876625401
2.71	0.08190290299553585
2.715	0.08176511699215315
2.7199999999999998	0.08162757955596835
2.725	0.08149028949311622
2.73	0.08135324561598875
2.735	0.0812164467431554
2.7399999999999998	0.08107989169932134
2.745	0.08094357931529494
2.75	0.08080750842791967
2.755	0.08067167788003894
2.76	0.08053608652043524
2.765	0.08040073320379902
2.77	0.080265616790667
2.775	0.08013073614738685
2.78	0.07999609014606057
2.785	0.07986167766451627
2.79	0.0797274975862363
2.795	0.07959354880033617
2.8	0.07945983020151087
2.8049999999999997	0.07932634068998552
2.81	0.07919307917148562
2.815	0.07906004455717061
2.82	0.07892723576361915
2.825	0.07879465171276158
2.83	0.0786622913318533
2.835	0.07853015355341716
2.84	0.07839823731522652
2.8449999999999998	0.07826654156023367
2.85	0.078135065236555
2.855	0.07800380729741124
2.86	0.07787276670109222
2.8649999999999998	0.07774194241092652
2.87	0.07761133339522482
2.875	0.07748093862726223
2.88	0.07735075708520883
2.885	0.0772207877521221
2.89	0.07709102961588134
2.895	0.0769614816691766
2.9	0.07683214290944201
2.905	0.07670301233883688
2.91	0.07657408896420557
2.915	0.07644537179703485
2.92	0.07631685985341762
2.925	0.07618855215402734
2.9299999999999997	0.07606044772405895
2.935	0.0759325455932201
2.94	0.07580484479567098
2.945	0.07567734437000642
2.95	0.07555004335920701
2.955	0.07542294081061932
2.96	0.07529603577590296
2.965	0.07516932731101056
2.9699999999999998	0.07504281447614498
2.975	0.07491649633573606
2.98	0.07479037195839039
2.985	0.07466444041686969
2.9899999999999998	0.07453870078805125
2.995	0.07441315215290727
3.	0.07428779359645234
3.005	0.07416262420772425
3.01	0.0740376430797517
3.015	0.07391284930951648
3.02	0.07378824199792217
3.025	0.0736638202497677
3.03	0.07353958317370682
3.035	0.07341552988222709
3.04	0.07329165949161304
3.045	0.0731679711219141
3.05	0.07304446389691918
3.0549999999999997	0.07292113694412104
3.06	0.07279798939468887
3.065	0.07267502038343737
3.07	0.07255222904879255
3.075	0.07242961453277486
3.08	0.07230717598095764
3.085	0.07218491254243803
3.09	0.07206282336981873
3.0949999999999998	0.07194090761916212
3.1	0.07181916444998383
3.105	0.07169759302520119
3.11	0.07157619251112
3.115	0.07145496207740115
3.12	0.07133390089703559
3.125	0.07121300814631024
3.13	0.0710922830047881
3.135	0.07097172465527456
3.14	0.07085133228379312
3.145	0.07073110507956203
3.15	0.07061104223495582
3.155	0.07049114294549416
3.16	0.07037140640980051
3.165	0.07025183182958476
3.17	0.07013241840961623
3.175	0.07001316535769271
3.1799999999999997	0.0698940718846182
3.185	0.06977513720417791
3.19	0.06965636053310925
3.195	0.0695377410910782
3.2	0.06941927810065412
3.205	0.06930097078728537
3.21	0.06918281837927127
3.215	0.06906482010773946
3.2199999999999998	0.0689469752066199
3.225	0.06882928291262268
3.23	0.06871174246520932
3.235	0.06859435310657087
3.24	0.06847711408160441
3.245	0.06836002463788694
3.25	0.06824308402565477
3.255	0.06812629149777091
3.26	0.0680096463097148
3.265	0.06789314771954544
3.27	0.06777679498788755
3.275	0.06766058737790237
3.28	0.06754452415526774
3.285	0.06742860458815006
3.29	0.06731282794718889
3.295	0.06719719350546804
3.3	0.06708170053849306
3.3049999999999997	0.06696634832417249
3.31	0.06685113614278955
3.315	0.0667360632769843
3.32	0.06662112901173074
3.325	0.06650633263431094
3.33	0.06639167343429678
3.335	0.06627715070352555
3.34	0.06616276373607888
3.3449999999999998	0.06604851182825937
3.35	0.06593439427857216
3.355	0.06582041038769923
3.36	0.06570655945848049
3.365	0.06559284079588974
3.37	0.06547925370701659
3.375	0.06536579750104238
3.38	0.06525247148921812
3.385	0.06513927498484635
3.39	0.06502620730325968
3.395	0.06491326776179501
3.4	0.06480045567978024
3.405	0.06468777037850414
3.41	0.06457521118120532
3.415	0.06446277741304474
3.42	0.06435046840108678
3.425	0.06423828347427846
3.4299999999999997	0.0641262219634297
3.435	0.06401428320119375
3.44	0.06390246652204404
3.445	0.06379077126225452
3.45	0.06367919675988191
3.455	0.06356774235474452
3.46	0.0634564073883967
3.465	0.06334519120411854
3.4699999999999998	0.06323409314688838
3.475	0.06312311256336357
3.48	0.06301224880186494
3.485	0.06290150121235265
3.49	0.06279086914640776
3.495	0.06268035195721217
3.5	0.06256994899952908
3.505	0.06245965962968444
3.51	0.06234948320554497
3.515	0.06223941908650021
3.52	0.06212946663344337
3.525	0.062019625208751844
3.53	0.06190989417626351
3.535	0.06180027290126231
3.54	0.06169076075046112
3.545	0.06158135709197378
3.55	0.06147206129530343
3.5549999999999997	0.061362872731314015
3.56	0.0612537907722297
3.565	0.06114481479159296
3.5700000000000003	0.061035944164255666
3.575	0.060927178266368946
3.58	0.060818516475343816
3.585	0.0607099581698533
3.59	0.06060150272979555
3.5949999999999998	0.06049314953628569
3.5999999999999996	0.060384897971633614
3.605	0.060276747419326024
3.61	0.060168697264004936
3.615	0.06006074689144625
3.62	0.05995289568855041
3.625	0.059845143043315646
3.63	0.05973748834481914
3.635	0.0596299309832003
3.6399999999999997	0.05952247034964147
3.645	0.059415105836345974
3.65	0.059307836836528786
3.6550000000000002	0.059200662744381384
3.66	0.059093582955066594
3.665	0.05898659686469565
3.67	0.05887970387030949
3.675	0.05877290336985094
3.6799999999999997	0.058666194762164
3.685	0.05855957744695711
3.69	0.058453050824794725
3.6950000000000003	0.05834661429707208
3.7	0.05824026726599857
3.705	0.05813400913458543
3.71	0.05802783930661365
3.715	0.0579217571866244
3.7199999999999998	0.057815762179895494
3.7249999999999996	0.057709853692425296
3.73	0.05760403113091051
3.735	0.05749829390272947
3.74	0.05739264141592462
3.745	0.05728707307917191
3.75	0.057181588301783826
3.755	0.05707618649366282
3.76	0.05697086706530112
3.7649999999999997	0.056865629427761424
3.77	0.05676047299264068
3.775	0.05665539717207335
3.7800000000000002	0.05655040137868738
3.785	0.05644548502560956
3.79	0.05634064752642965
3.795	0.056235888295183306
3.8	0.056131206746333075
3.8049999999999997	0.05602660229475639
3.81	0.055922074355710394
3.815	0.05581762234482789
3.8200000000000003	0.05571324567808253
3.825	0.05560894377178915
3.83	0.05550471604255129
3.835	0.05540056190728382
3.84	0.05529648078315381
3.8449999999999998	0.0551924720875781
3.8499999999999996	0.055088535238207954
3.855	0.05498466965289646
3.86	0.05488087474968475
3.865	0.054777149946778805
3.87	0.054673494662535425
3.875	0.05456990831542793
3.88	0.05446639032404089
3.885	0.05436294010703572
3.8899999999999997	0.05425955708314398
3.895	0.05415624067112912
3.9	0.054052990289783574
3.9050000000000002	0.05394980535789044
3.91	0.05384668529420953
3.915	0.05374362951746897
3.92	0.05364063744631792
3.925	0.053537708499320685
3.9299999999999997	0.05343484209493803
3.935	0.05333203765149349
3.94	0.05322929458716192
3.9450000000000003	0.05312661231993642
3.95	0.05302399026761739
3.955	0.052921427847786674
3.96	0.052818924477782844
3.965	0.052716479574673084
3.9699999999999998	0.05261409255523737
3.9749999999999996	0.05251176283596177
3.98	0.05240948983297369
3.985	0.05230727296205914
3.99	0.05220511163862445
3.995	0.05210300527766205
4.	0.05200095329374216
4.005	0.0518989551009881
4.01	0.05179701011303451
4.015	0.05169511774303581
4.02	0.051593277403603206
4.025	0.051491488506819054
4.03	0.05138975046417367
4.035	0.051288062686577617
4.04	0.05118642458430015
4.045	0.05108483556697908
4.05	0.050983295043568785
4.055	0.050881802422339424
4.0600000000000005	0.05078035711082347
4.0649999999999995	0.05067895851580161
4.07	0.05057760604328154
4.075	0.05047629909848277
4.08	0.05037503708576745
4.085	0.050273819408670116
4.09	0.05017264546982729
4.095	0.05007151467095595
4.1	0.04997042641286714
4.105	0.04986938009537613
4.109999999999999	0.04976837511731176
4.115	0.04966741087649744
4.12	0.04956648676968545
4.125	0.049465602192564996
4.13	0.04936475653971817
4.135	0.049263949204579494
4.14	0.049163179579423295
4.145	0.0490624470553379
4.15	0.04896175102217103
4.155	0.04886109086853129
4.16	0.048760465981721166
4.165	0.048659875747751075
4.17	0.04855931955126489
4.175	0.04845879677552424
4.18	0.048358306802405306
4.1850000000000005	0.04825784901231682
4.1899999999999995	0.048157422784195866
4.195	0.04805702749548558
4.2	0.04795666252207056
4.205	0.047856327238275216
4.21	0.04775602101680931
4.215	0.047655743228744364
4.22	0.04755549324345834
4.225	0.04745527042865601
4.23	0.04735507415025616
4.234999999999999	0.04725490377241779
4.24	0.04715475865748613
4.245	0.04705463816593153
4.25	0.046954541656348686
4.255	0.04685446848541383
4.26	0.04675441800780995
4.265	0.04665438957624634
4.27	0.04655438254137715
4.275	0.04645439625177775
4.28	0.04635443005390637
4.285	0.0462544832920609
4.29	0.04615455530833701
4.295	0.046054645442598095
4.3	0.04595475303241809
4.305	0.04585487741306487
4.3100000000000005	0.045755017917420565
4.3149999999999995	0.04565517387596818
4.32	0.04555534461675695
4.325	0.04545552946531388
4.33	0.04535572774464912
4.335	0.04525593877518307
4.34	0.04515616187471048
4.345	0.045056396358343014
4.35	0.04495664153849133
4.355	0.04485689672477797
4.359999999999999	0.04475716122402916
4.365	0.0446574343401869
4.37	0.04455771537429786
4.375	0.0444580036244463
4.38	0.04435829838570352
4.385	0.044258598950064
4.39	0.044158904606428025
4.395	0.04405921464052
4.4	0.043959528334841624
4.405	0.043859844968638984
4.41	0.04376016381780552
4.415	0.04366048415486789
4.42	0.043560805248924944
4.425	0.04346112636554821
4.43	0.04336144676679628
4.4350000000000005	0.04326176571108287
4.4399999999999995	0.04316208245316961
4.445	0.043062396244091944
4.45	0.042962706331093566
4.455	0.042863011957547055
4.46	0.04276331236294407
4.465	0.042663606782766
4.47	0.042563894448473506
4.475	0.042464174587408726
4.48	0.04236444642274434
4.484999999999999	0.04226470917341161
4.49	0.042164962054039495
4.495	0.04206520427486058
4.5	0.0419654350416767
4.505	0.041865653555762224
4.51	0.04176585901379217
4.515	0.041666050607785145
4.52	0.04156622752501575
4.525	0.04146638894793649
4.53	0.04136653405412006
4.535	0.04126666201614397
4.54	0.041166772001550236
4.545	0.041066863172751655
4.55	0.04096693468692236
4.555	0.04086698569597406
4.5600000000000005	0.040767015346411015
4.5649999999999995	0.04066702277924898
4.57	0.04056700713000239
4.575	0.04046696752849458
4.58	0.040366903098830724
4.585	0.04026681295928339
4.59	0.040166696222208954
4.595000000000001	0.040066551993936717
4.6	0.039966379374694834
4.605	0.03986617745849518
4.609999999999999	0.039765945333041584
4.615	0.039665682079623565
4.62	0.03956538677301774
4.625	0.03946505848137047
4.63	0.03936469626611024
4.635	0.039264299181832496
4.640000000000001	0.03916386627617663
4.645	0.03906339658972287
4.65	0.03896288915589193
4.654999999999999	0.03886234300079354
4.66	0.0387617571431312
4.665	0.038661130594103664
4.67	0.038560462357233184
4.675	0.038459751428256445
4.68	0.03835899679503951
4.6850000000000005	0.03825819743736414
4.6899999999999995	0.03815735232690345
4.695	0.03805646042697443
4.7	0.03795552069249332
4.705	0.03785453206976954
4.71	0.03775349349642637
4.715	0.03765240390118008
4.720000000000001	0.03755126220377718
4.725	0.03745006731476059
4.73	0.03734881813538718
4.734999999999999	0.03724751355742544
4.74	0.0371461524630128
4.745	0.03704473372450492
4.75	0.036943256204283216
4.755	0.0368417187546112
4.76	0.036740120217434
4.765000000000001	0.036638459424247906
4.77	0.03653673519588033
4.775	0.03643494634231951
4.779999999999999	0.036333091662541284
4.785	0.03623116994429341
4.79	0.03612917996392427
4.795	0.03602712048620071
4.8	0.03592499026403482
4.805	0.03582278803837715
4.8100000000000005	0.03572051253792919
4.8149999999999995	0.03561816247897676
4.82	0.035515736565126396
4.825	0.03541323348712105
4.83	0.03531065192259242
4.835	0.03520799053585752
4.84	0.03510524797761185
4.845000000000001	0.0350024228847736
4.85	0.03489951388017232
4.855	0.03479651957232032
4.859999999999999	0.03469343855514748
4.865	0.03459026940774653
4.87	0.034487010694079126
4.875	0.034383660962734326
4.88	0.03428021874661046
4.885	0.034176682562651266
4.890000000000001	0.03407305091153477
4.895	0.03396932227738911
4.9	0.03386549512745089
4.904999999999999	0.033761567911807205
4.91	0.03365753906299151
4.915	0.033553406995737674
4.92	0.033449170106569
4.925	0.03334482677350635
4.93	0.03324037535568377
4.9350000000000005	0.03313581419300007
4.9399999999999995	0.03303114160572592
4.945	0.03292635589416433
4.95	0.032821455338222706
4.955	0.03271643819702042
4.96	0.03261130270851318
4.965	0.032506047089035664
4.970000000000001	0.03240066953287665
4.975	0.032295168211889755
4.98	0.0321895412749766
4.984999999999999	0.03208378684765649
4.99	0.03197790303161082
4.995	0.031871887904163516
5.	0.03176573951782367
5.005	0.03165945589974917
5.01	0.0315530350512047
5.015000000000001	0.031446474947101274
5.02	0.03133977353537218
5.025	0.031232928736427697
5.029999999999999	0.031125938442605434
5.035	0.031018800517539642
5.04	0.030911512795589974
5.045	0.030804073081180904
5.05	0.030696479148165548
5.055	0.030588728739183495
5.0600000000000005	0.030480819564979597
5.0649999999999995	0.03037274930369586
5.07	0.03026451560014843
5.075	0.030156116065139505
5.08	0.030047548274616042
5.085	0.029938809769012587
5.09	0.029829898052321318
5.095000000000001	0.029720810591376233
5.1	0.029611544814959225
5.105	0.029502098112932206
5.109999999999999	0.029392467835342148
5.115	0.02928265129153163
5.12	0.029172645749151002
5.125	0.029062448433209254
5.13	0.028952056525063257
5.135	0.028841467161377792
5.14	0.02873067743306541
5.145	0.028619684384193444
5.15	0.02850848501085714
5.155	0.02839707625998551
5.16	0.028285455028174308
5.165	0.028173618160442896
5.17	0.0280615624489168
5.175	0.027949284631580643
5.18	0.0278367813908446
5.185	0.027724049352193504
5.19	0.027611085082700066
5.195	0.02749788508957089
5.2	0.027384445818574805
5.205	0.027270763652424358
5.21	0.02715683490918578
5.215	0.027042655840534884
5.22	0.02692822262999936
5.225	0.026813531391149278
5.23	0.026698578165709228
5.235	0.026583358921594902
5.24	0.026467869550950218
5.245	0.026352105867972944
5.25	0.026236063606848305
5.255	0.026119738419453628
5.26	0.02600312587304196
5.265	0.025886221447895118
5.27	0.02576902053476826
5.275	0.025651518432349085
5.28	0.0255337103445974
5.285	0.02541559137791516
5.29	0.025297156538339916
5.295	0.025178400728495257
5.3	0.02505931874451988
5.305	0.02493990527285808
5.31	0.024820154886880653
5.315	0.02470006204342272
5.32	0.024579621079182004
5.325	0.02445882620692824
5.33	0.024337671511620283
5.335	0.024216150946317648
5.34	0.024094258327962238
5.345	0.023971987332927002
5.35	0.02384933149247502
5.355	0.023726284187919302
5.36	0.02360283864564449
5.365	0.023478987931909313
5.37	0.023354724947385698
5.375	0.02323004242153007
5.38	0.023104932906592265
5.385	0.022979388771481816
5.39	0.022853402195284256
5.395	0.022726965160478868
5.4	0.022600069445894835
5.405	0.022472706619280077
5.41	0.022344868029578715
5.415	0.022216544798776935
5.42	0.022087727813423108
5.425	0.02195840771569947
5.43	0.021828574894061595
5.435	0.02169821947340939
5.44	0.02156733130478185
5.445	0.021435899954522476
5.45	0.021303914692878838
5.455	0.021171364482018853
5.46	0.021038237963442737
5.465	0.020904523444672765
5.47	0.020770208885278824
5.475	0.020635281882125333
5.48	0.020499729653817654
5.485	0.020363539024251025
5.49	0.020226696405278598
5.495	0.02008918777835685
5.5	0.01995099867514944
5.505	0.01981211415698439
5.51	0.0196725187930972
5.515	0.019532196637575102
5.52	0.01939113120488117
5.525	0.0192493054438823
5.53	0.019106701710246782
5.535	0.018963301737095352
5.54	0.018819086603749292
5.545	0.018674036702463457
5.55	0.018528131702930235
5.555	0.0183813505144169
5.56	0.018233671245311167
5.565	0.018085071159866243
5.57	0.017935526631902066
5.575	0.017785013095197637
5.58	0.017633504990293876
5.585	0.017480975707342215
5.59	0.017327397524703813
5.595	0.017172741542837076
5.6	0.017016977613058006
5.605	0.016860074260697754
5.61	0.01670199860206273
5.615	0.01654271625461084
5.62	0.01638219123965553
5.625	0.016220385876786845
5.63	0.016057260669186467
5.635	0.01589277417881997
5.64	0.015726882890389905
5.645	0.015559541062832577
5.65	0.015390700566872768
5.655	0.015220310707075713
5.66	0.015048318026480632
5.665	0.014874666091711121
5.67	0.014699295256188183
5.675	0.014522142398553943
5.68	0.014343140633102294
5.6850000000000005	0.014162218988510864
5.69	0.013979302050493808
5.695	0.013794309563264273
5.7	0.013607155983906449
5.705	0.013417749982704803
5.71	0.013225993881076993
5.715	0.013031783017481919
5.72	0.01283500502960301
5.725	0.012635539038861008
5.73	0.012433254720600096
5.735	0.012228011239744842
5.74	0.012019656027256789
5.745	0.01180802336737862
5.75	0.011592932758589705
5.755	0.011374187002485494
5.76	0.011151569963110461
5.765	0.010924843924633158
5.77	0.01069374645576399
5.775	0.010457986663469539
5.78	0.010217240684163303
5.785	0.00997114621356464
5.79	0.009719295812412286
5.795	0.009461228635843477
5.8	0.009196420107289209
5.805	0.008924268876497289
5.8100000000000005	0.008644080134278285
5.815	0.008355043957094736
5.82	0.008056206743678943
5.825	0.007746432843842456
5.83	0.007424351920637343
5.835	0.007088284974248126
5.84	0.006736137398372941
5.845	0.006365239113915445
5.85	0.005972095758158713
5.855	0.005551981764349547
5.86	0.005098231900390759
5.865	0.004600902850897965
5.87	0.0040439455345382186
5.875	0.0033981630751151186
5.88	0.0025981408654085184
5.885	0.00140069450253528
5.89	0.
5.895	0.
5.9	0.
5.905	0.
5.91	0.
5.915	0.
5.92	0.
5.925	0.
5.93	0.
5.9350000000000005	0.
5.94	0.
5.945	0.
5.95	0.
5.955	0.
5.96	0.
5.965	0.
5.97	0.
5.975	0.
5.98	0.
5.985	0.
5.99	0.
5.995	0.
6.	0.
6.005	0.
6.01	0.
6.015	0.
6.02	0.
6.025	0.
6.03	0.
6.035	0.
6.04	0.
6.045	0.
6.05	0.
6.055	0.
6.0600000000000005	0.
6.065	0.
6.07	0.
6.075	0.
6.08	0.
6.085	0.
6.09	0.
6.095	0.
6.1	0.
6.105	0.
6.11	0.
6.115	0.
6.12	0.
6.125	0.
6.13	0.
6.135	0.
6.140000000000001	0.
6.145	0.
6.15	0.
6.155	0.
6.16	0.
6.165	0.
6.17	0.
6.175	0.
6.18	0.
6.1850000000000005	0.
6.1899999999999995	0.
6.195	0.
6.2	0.
6.205	0.
6.21	0.
6.215	0.
6.22	0.
6.225	0.
6.23	0.
6.235	0.
6.24	0.
6.245	0.
6.25	0.
6.255	0.
6.26	0.
6.265000000000001	0.
6.27	0.
6.275	0.
6.28	0.
6.285	0.
6.29	0.
6.295	0.
6.3	0.
6.305	0.
6.3100000000000005	0.
6.3149999999999995	0.
6.32	0.
6.325	0.
6.33	0.
6.335	0.
6.34	0.
6.345	0.
6.35	0.
6.355	0.
6.36	0.
6.365	0.
6.37	0.
6.375	0.
6.38	0.
6.385	0.
6.390000000000001	0.
6.395	0.
6.4	0.
6.405	0.
6.41	0.
6.415	0.
6.42	0.
6.425	0.
6.43	0.
6.4350000000000005	0.
6.4399999999999995	0.
6.445	0.
6.45	0.
6.455	0.
6.46	0.
6.465	0.
6.47	0.
6.475	0.
6.48	0.
6.485	0.
6.49	0.
6.495	0.
6.5	0.
6.505	0.
6.51	0.
6.515000000000001	0.
6.52	0.
6.525	0.
6.53	0.
6.535	0.
6.54	0.
6.545	0.
6.55	0.
6.555	0.
6.5600000000000005	0.
6.5649999999999995	0.
6.57	0.
6.575	0.
6.58	0.
6.585	0.
6.59	0.
6.595	0.
6.6	0.
6.605	0.
6.61	0.
6.615	0.
6.62	0.
6.625	0.
6.63	0.
6.635	0.
6.640000000000001	0.
6.645	0.
6.65	0.
6.655	0.
6.66	0.
6.665	0.
6.67	0.
6.675	0.
6.68	0.
6.6850000000000005	0.
6.6899999999999995	0.
6.695	0.
6.7	0.
6.705	0.
6.71	0.
6.715	0.
6.72	0.
6.725	0.
6.73	0.
6.735	0.
6.74	0.
6.745	0.
6.75	0.
6.755	0.
6.76	0.
6.765000000000001	0.
6.77	0.
6.775	0.
6.78	0.
6.785	0.
6.79	0.
6.795	0.
6.8	0.
6.805	0.
6.8100000000000005	0.
6.8149999999999995	0.
6.82	0.
6.825	0.
6.83	0.
6.835	0.
6.84	0.
6.845	0.
6.85	0.
6.855	0.
6.86	0.
6.865	0.
6.87	0.
6.875	0.
6.88	0.
6.885	0.
6.890000000000001	0.
6.895	0.
6.9	0.
6.905	0.
6.91	0.
6.915	0.
6.92	0.
6.925	0.
6.93	0.
6.9350000000000005	0.
6.9399999999999995	0.
6.945	0.
6.95	0.
6.955	0.
6.96	0.
6.965	0.
6.97	0.
6.975	0.
6.98	0.
6.985	0.
6.99	0.
6.995	0.
7.	0.
7.005	0.
7.01	0.
7.015000000000001	0.
7.02	0.
7.025	0.
7.03	0.
7.035	0.
7.04	0.
7.045	0.
7.05	0.
7.055	0.
7.0600000000000005	0.
7.0649999999999995	0.
7.07	0.
7.075	0.
7.08	0.
7.085	0.
7.09	0.
7.095	0.
7.1	0.
7.105	0.
7.11	0.
7.115	0.
7.12	0.
7.125	0.
7.13	0.
7.135	0.
7.140000000000001	0.
7.145	0.
7.15	0.
7.155	0.
7.16	0.
7.165	0.
7.17	0.
7.175	0.
7.18	0.
7.1850000000000005	0.
7.1899999999999995	0.
7.195	0.
7.2	0.
7.205	0.
7.21	0.
7.215	0.
7.220000000000001	0.
7.225	0.
7.23	0.
7.234999999999999	0.
7.24	0.
7.245	0.
7.25	0.
7.255	0.
7.26	0.
7.265000000000001	0.
7.27	0.
7.275	0.
7.28	0.
7.285	0.
7.29	0.
7.295	0.
7.300000000000001	0.
7.305	0.
7.3100000000000005	0.
7.3149999999999995	0.
7.32	0.
7.325	0.
7.33	0.
7.335	0.
7.34	0.
7.345000000000001	0.
7.35	0.
7.355	0.
7.359999999999999	0.
7.365	0.
7.37	0.
7.375	0.
7.38	0.
7.385	0.
7.390000000000001	0.
7.395	0.
7.4	0.
7.405	0.
7.41	0.
7.415	0.
7.42	0.
7.425000000000001	0.
7.43	0.
7.4350000000000005	0.
7.4399999999999995	0.
7.445	0.
7.45	0.
7.455	0.
7.46	0.
7.465	0.
7.470000000000001	0.
7.475	0.
7.48	0.
7.484999999999999	0.
7.49	0.
7.495	0.
7.5	0.
7.505	0.
7.51	0.
7.515000000000001	0.
7.52	0.
7.525	0.
7.53	0.
7.535	0.
7.54	0.
7.545	0.
7.550000000000001	0.
7.555	0.
7.5600000000000005	0.
7.5649999999999995	0.
7.57	0.
7.575	0.
7.58	0.
7.585	0.
7.59	0.
7.595000000000001	0.
7.6	0.
7.605	0.
7.609999999999999	0.
7.615	0.
7.62	0.
7.625	0.
7.63	0.
7.635	0.
7.640000000000001	0.
7.645	0.
7.65	0.
7.655	0.
7.66	0.
7.665	0.
7.67	0.
7.675000000000001	0.
7.68	0.
7.685	0.
7.6899999999999995	0.
7.694999999999999	0.
7.699999999999999	0.
7.704999999999999	0.
7.71	0.
7.715	0.
7.72	0.
7.725	0.
7.7299999999999995	0.
7.734999999999999	0.
7.739999999999999	0.
7.744999999999999	0.
7.75	0.
7.755	0.
7.76	0.
7.765	0.
7.77	0.
7.7749999999999995	0.
7.779999999999999	0.
7.784999999999999	0.
7.79	0.
7.795	0.
7.8	0.
7.805	0.
7.81	0.
7.8149999999999995	0.
7.819999999999999	0.
7.824999999999999	0.
7.829999999999999	0.
7.835	0.
7.84	0.
7.845	0.
7.85	0.
7.8549999999999995	0.
7.859999999999999	0.
7.864999999999999	0.
7.869999999999999	0.
7.875	0.
7.88	0.
7.885	0.
7.89	0.
7.895	0.
7.8999999999999995	0.
7.904999999999999	0.
7.909999999999999	0.
7.915	0.
7.92	0.
7.925	0.
7.93	0.
7.935	0.
7.9399999999999995	0.
7.944999999999999	0.
7.949999999999999	0.
7.955	0.
7.96	0.
7.965	0.
7.97	0.
7.975	0.
7.9799999999999995	0.
7.984999999999999	0.
7.989999999999999	0.
7.994999999999999	0.
8.	0.
8.004999999999999	0.
8.01	0.
8.014999999999999	0.
8.02	0.
8.025	0.
8.03	0.
8.035	0.
8.04	0.
8.045	0.
8.049999999999999	0.
8.055	0.
8.059999999999999	0.
8.065	0.
8.07	0.
8.075	0.
8.08	0.
8.084999999999999	0.
8.09	0.
8.094999999999999	0.
8.1	0.
8.105	0.
8.11	0.
8.115	0.
8.12	0.
8.125	0.
8.129999999999999	0.
8.135	0.
8.139999999999999	0.
8.145	0.
8.15	0.
8.155	0.
8.16	0.
8.165	0.
8.17	0.
8.174999999999999	0.
8.18	0.
8.184999999999999	0.
8.19	0.
8.195	0.
8.2	0.
8.205	0.
8.209999999999999	0.
8.215	0.
8.219999999999999	0.
8.225	0.
8.23	0.
8.235	0.
8.24	0.
8.245	0.
8.25	0.
8.254999999999999	0.
8.26	0.
8.264999999999999	0.
8.27	0.
8.275	0.
8.28	0.
8.285	0.
8.29	0.
8.295	0.
8.299999999999999	0.
8.305	0.
8.309999999999999	0.
8.315	0.
8.32	0.
8.325	0.
8.33	0.
8.334999999999999	0.
8.34	0.
8.344999999999999	0.
8.35	0.
8.355	0.
8.36	0.
8.365	0.
8.37	0.
8.375	0.
8.379999999999999	0.
8.385	0.
8.389999999999999	0.
8.395	0.
8.4	0.
8.405	0.
8.41	0.
8.415	0.
8.42	0.
8.424999999999999	0.
8.43	0.
8.434999999999999	0.
8.44	0.
8.445	0.
8.45	0.
8.455	0.
8.459999999999999	0.
8.465	0.
8.469999999999999	0.
8.475	0.
8.48	0.
8.485	0.
8.49	0.
8.495	0.
8.5	0.
8.504999999999999	0.
8.51	0.
8.515	0.
8.52	0.
8.525	0.
8.53	0.
8.535	0.
8.54	0.
8.545	0.
8.549999999999999	0.
8.555	0.
8.559999999999999	0.
8.565	0.
8.57	0.
8.575	0.
8.58	0.
8.584999999999999	0.
8.59	0.
8.594999999999999	0.
8.6	0.
8.605	0.
8.61	0.
8.615	0.
8.62	0.
8.625	0.
8.629999999999999	0.
8.635	0.
8.64	0.
8.645	0.
8.65	0.
8.655	0.
8.66	0.
8.665	0.
8.67	0.
8.674999999999999	0.
8.68	0.
8.684999999999999	0.
8.69	0.
8.695	0.
8.7	0.
8.705	0.
8.709999999999999	0.
8.715	0.
8.719999999999999	0.
8.725	0.
8.73	0.
8.735	0.
8.74	0.
8.745	0.
8.75	0.
8.754999999999999	0.
8.76	0.
8.765	0.
8.77	0.
8.775	0.
8.78	0.
8.785	0.
8.79	0.
8.795	0.
8.799999999999999	0.
8.805	0.
8.809999999999999	0.
8.815	0.
8.82	0.
8.825	0.
8.83	0.
8.834999999999999	0.
8.84	0.
8.844999999999999	0.
8.85	0.
8.855	0.
8.86	0.
8.865	0.
8.87	0.
8.875	0.
8.879999999999999	0.
8.885	0.
8.89	0.
8.895	0.
8.9	0.
8.905	0.
8.91	0.
8.915	0.
8.92	0.
8.924999999999999	0.
8.93	0.
8.934999999999999	0.
8.94	0.
8.945	0.
8.95	0.
8.955	0.
8.959999999999999	0.
8.965	0.
8.969999999999999	0.
8.975	0.
8.98	0.
8.985	0.
8.99	0.
8.995	0.
9.	0.
9.004999999999999	0.
9.01	0.
9.015	0.
9.02	0.
9.025	0.
9.03	0.
9.035	0.
9.04	0.
9.045	0.
9.049999999999999	0.
9.055	0.
9.059999999999999	0.
9.065	0.
9.07	0.
9.075	0.
9.08	0.
9.084999999999999	0.
9.09	0.
9.094999999999999	0.
9.1	0.
9.105	0.
9.11	0.
9.115	0.
9.12	0.
9.125	0.
9.129999999999999	0.
9.135	0.
9.14	0.
9.145	0.
9.15	0.
9.155	0.
9.16	0.
9.165	0.
9.17	0.
9.174999999999999	0.
9.18	0.
9.184999999999999	0.
9.19	0.
9.195	0.
9.2	0.
9.205	0.
9.209999999999999	0.
9.215	0.
9.219999999999999	0.
9.225	0.
9.23	0.
9.235	0.
9.24	0.
9.245	0.
9.25	0.
9.254999999999999	0.
9.26	0.
9.265	0.
9.27	0.
9.275	0.
9.28	0.
9.285	0.
9.29	0.
9.295	0.
9.299999999999999	0.
9.305	0.
9.309999999999999	0.
9.315	0.
9.32	0.
9.325	0.
9.33	0.
9.334999999999999	0.
9.34	0.
9.344999999999999	0.
9.35	0.
9.355	0.
9.36	0.
9.365	0.
9.37	0.
9.375	0.
9.379999999999999	0.
9.385	0.
9.39	0.
9.395	0.
9.4	0.
9.405	0.
9.41	0.
9.415	0.
9.42	0.
9.424999999999999	0.
9.43	0.
9.434999999999999	0.
9.44	0.
9.445	0.
9.45	0.
9.455	0.
9.459999999999999	0.
9.465	0.
9.469999999999999	0.
9.475	0.
9.48	0.
9.485	0.
9.49	0.
9.495	0.
9.5	0.
9.504999999999999	0.
9.51	0.
9.515	0.
9.52	0.
9.525	0.
9.53	0.
9.535	0.
9.54	0.
9.545	0.
9.549999999999999	0.
9.555	0.
9.559999999999999	0.
9.565	0.
9.57	0.
9.575	0.
9.58	0.
9.584999999999999	0.
9.59	0.
9.594999999999999	0.
9.6	0.
9.605	0.
9.61	0.
9.615	0.
9.62	0.
9.625	0.
9.629999999999999	0.
9.635	0.
9.64	0.
9.645	0.
9.65	0.
9.655	0.
9.66	0.
9.665	0.
9.67	0.
9.674999999999999	0.
9.68	0.
9.684999999999999	0.
9.69	0.
9.695	0.
9.7	0.
9.705	0.
9.709999999999999	0.
9.715	0.
9.719999999999999	0.
9.725	0.
9.73	0.
9.735	0.
9.74	0.
9.745	0.
9.75	0.
9.754999999999999	0.
9.76	0.
9.765	0.
9.77	0.
9.774999999999999	0.
9.78	0.
9.785	0.
9.79	0.
9.795	0.
9.8	0.
9.805	0.
9.809999999999999	0.
9.815	0.
9.82	0.
9.825	0.
9.83	0.
9.834999999999999	0.
9.84	0.
9.844999999999999	0.
9.85	0.
9.855	0.
9.86	0.
9.865	0.
9.87	0.
9.875	0.
9.879999999999999	0.
9.885	0.
9.89	0.
9.895	0.
9.899999999999999	0.
9.905	0.
9.91	0.
9.915	0.
9.92	0.
9.925	0.
9.93	0.
9.934999999999999	0.
9.94	0.
9.945	0.
9.95	0.
9.955	0.
9.959999999999999	0.
9.965	0.
9.969999999999999	0.
9.975	0.
9.98	0.
9.985	0.
9.99	0.
9.995	0.
10.	0.
10.004999999999999	0.
10.01	0.
10.015	0.
10.02	0.
10.024999999999999	0.
10.03	0.
10.035	0.
10.04	0.
10.045	0.
10.05	0.
10.055	0.
10.059999999999999	0.
10.065	0.
10.07	0.
10.075	0.
10.08	0.
10.084999999999999	0.
10.09	0.
10.094999999999999	0.
10.1	0.
10.105	0.
10.11	0.
10.115	0.
10.12	0.
10.125	0.
10.129999999999999	0.
10.135	0.
10.14	0.
10.145	0.
10.149999999999999	0.
10.155	0.
10.16	0.
10.165	0.
10.17	0.
10.175	0.
10.18	0.
10.184999999999999	0.
10.19	0.
10.195	0.
10.2	0.
10.205	0.
10.209999999999999	0.
10.215	0.
10.219999999999999	0.
10.225	0.
10.23	0.
10.235	0.
10.24	0.
10.245000000000001	0.
10.250000000000002	0.
10.255	0.
10.260000000000002	0.
10.265	0.
10.270000000000001	0.
10.275	0.
10.280000000000001	0.
10.285	0.
10.290000000000001	0.
10.295000000000002	0.
10.3	0.
10.305000000000001	0.
10.31	0.
10.315000000000001	0.
10.32	0.
10.325000000000001	0.
10.330000000000002	0.
10.335	0.
10.340000000000002	0.
10.345	0.
10.350000000000001	0.
10.355	0.
10.360000000000001	0.
10.365	0.
10.370000000000001	0.
10.375000000000002	0.
10.38	0.
10.385000000000002	0.
10.39	0.
10.395000000000001	0.
10.4	0.
10.405000000000001	0.
10.41	0.
10.415000000000001	0.
10.420000000000002	0.
10.425	0.
10.430000000000001	0.
10.435	0.
10.440000000000001	0.
10.445	0.
10.450000000000001	0.
10.455000000000002	0.
10.46	0.
10.465000000000002	0.
10.47	0.
10.475000000000001	0.
10.48	0.
10.485000000000001	0.
10.49	0.
10.495000000000001	0.
10.500000000000002	0.
10.505	0.
10.510000000000002	0.
10.515	0.
10.520000000000001	0.
10.525	0.
10.530000000000001	0.
10.535	0.
10.540000000000001	0.
10.545000000000002	0.
10.55	0.
10.555000000000001	0.
10.56	0.
10.565000000000001	0.
10.57	0.
10.575000000000001	0.
10.580000000000002	0.
10.585	0.
10.590000000000002	0.
10.595	0.
10.600000000000001	0.
10.605	0.
10.610000000000001	0.
10.615	0.
10.620000000000001	0.
10.625000000000002	0.
10.63	0.
10.635000000000002	0.
10.64	0.
10.645000000000001	0.
10.65	0.
10.655000000000001	0.
10.66	0.
10.665000000000001	0.
10.670000000000002	0.
10.675	0.
10.680000000000001	0.
10.685	0.
10.690000000000001	0.
10.695	0.
10.700000000000001	0.
10.705000000000002	0.
10.71	0.
10.715000000000002	0.
10.72	0.
10.725000000000001	0.
10.73	0.
10.735000000000001	0.
10.74	0.
10.745000000000001	0.
10.750000000000002	0.
10.755	0.
10.760000000000002	0.
10.765	0.
10.770000000000001	0.
10.775	0.
10.780000000000001	0.
10.785	0.
10.790000000000001	0.
10.795000000000002	0.
10.8	0.
10.805000000000001	0.
10.81	0.
10.815000000000001	0.
10.82	0.
10.825000000000001	0.
10.830000000000002	0.
10.835	0.
10.840000000000002	0.
10.845	0.
10.850000000000001	0.
10.855	0.
10.860000000000001	0.
10.865	0.
10.870000000000001	0.
10.875000000000002	0.
10.88	0.
10.885000000000002	0.
10.89	0.
10.895000000000001	0.
10.9	0.
10.905000000000001	0.
10.91	0.
10.915000000000001	0.
10.920000000000002	0.
10.925	0.
10.930000000000001	0.
10.935	0.
10.940000000000001	0.
10.945	0.
10.950000000000001	0.
10.955000000000002	0.
10.96	0.
10.965000000000002	0.
10.97	0.
10.975000000000001	0.
10.98	0.
10.985000000000001	0.
10.99	0.
10.995000000000001	0.
11.000000000000002	0.
11.005	0.
11.010000000000002	0.
11.015	0.
11.020000000000001	0.
11.025	0.
11.030000000000001	0.
11.035	0.
11.040000000000001	0.
11.045000000000002	0.
11.05	0.
11.055000000000001	0.
11.06	0.
11.065000000000001	0.
11.07	0.
11.075000000000001	0.
11.080000000000002	0.
11.085	0.
11.090000000000002	0.
11.095	0.
11.100000000000001	0.
11.105	0.
11.110000000000001	0.
11.115	0.
11.120000000000001	0.
11.125000000000002	0.
11.13	0.
11.135000000000002	0.
11.14	0.
11.145000000000001	0.
11.15	0.
11.155000000000001	0.
11.16	0.
11.165000000000001	0.
11.170000000000002	0.
11.175	0.
11.180000000000001	0.
11.185	0.
11.190000000000001	0.
11.195	0.
11.200000000000001	0.
11.205000000000002	0.
11.21	0.
11.215000000000002	0.
11.22	0.
11.225000000000001	0.
11.23	0.
11.235000000000001	0.
11.24	0.
11.245000000000001	0.
11.250000000000002	0.
11.255	0.
11.260000000000002	0.
11.265	0.
11.270000000000001	0.
11.275	0.
11.280000000000001	0.
11.285	0.
11.290000000000001	0.
11.295000000000002	0.
11.3	0.
11.305000000000001	0.
11.31	0.
11.315000000000001	0.
11.32	0.
11.325000000000001	0.
11.330000000000002	0.
11.335	0.
11.340000000000002	0.
11.345	0.
11.350000000000001	0.
11.355	0.
11.360000000000001	0.
11.365000000000002	0.
11.370000000000001	0.
11.375000000000002	0.
11.38	0.
11.385000000000002	0.
11.39	0.
11.395000000000001	0.
11.4	0.
11.405000000000001	0.
11.41	0.
11.415000000000001	0.
11.420000000000002	0.
11.425	0.
11.430000000000001	0.
11.435	0.
11.440000000000001	0.
11.445	0.
11.450000000000001	0.
11.455000000000002	0.
11.46	0.
11.465000000000002	0.
11.47	0.
11.475000000000001	0.
11.48	0.
11.485000000000001	0.
11.490000000000002	0.
11.495000000000001	0.
11.500000000000002	0.
11.505	0.
11.510000000000002	0.
11.515	0.
11.520000000000001	0.
11.525	0.
11.530000000000001	0.
11.535	0.
11.540000000000001	0.
11.545000000000002	0.
11.55	0.
11.555000000000001	0.
11.56	0.
11.565000000000001	0.
11.57	0.
11.575000000000001	0.
11.580000000000002	0.
11.585	0.
11.590000000000002	0.
11.595	0.
11.600000000000001	0.
11.605	0.
11.610000000000001	0.
11.615000000000002	0.
11.620000000000001	0.
11.625000000000002	0.
11.63	0.
11.635000000000002	0.
11.64	0.
11.645000000000001	0.
11.65	0.
11.655000000000001	0.
11.66	0.
11.665000000000001	0.
11.670000000000002	0.
11.675	0.
11.680000000000001	0.
11.685	0.
11.690000000000001	0.
11.695	0.
11.700000000000001	0.
11.705000000000002	0.
11.71	0.
11.715000000000002	0.
11.72	0.
11.725000000000001	0.
11.73	0.
11.735000000000001	0.
11.740000000000002	0.
11.745000000000001	0.
11.750000000000002	0.
11.755	0.
11.760000000000002	0.
11.765	0.
11.770000000000001	0.
11.775	0.
11.780000000000001	0.
11.785	0.
11.790000000000001	0.
11.795000000000002	0.
11.8	0.
11.805000000000001	0.
11.81	0.
11.815000000000001	0.
11.82	0.
11.825000000000001	0.
11.830000000000002	0.
11.835	0.
11.840000000000002	0.
11.845	0.
11.850000000000001	0.
11.855	0.
11.860000000000001	0.
11.865000000000002	0.
11.870000000000001	0.
11.875000000000002	0.
11.88	0.
11.885000000000002	0.
11.89	0.
11.895000000000001	0.
11.9	0.
11.905000000000001	0.
11.91	0.
11.915000000000001	0.
11.920000000000002	0.
11.925	0.
11.930000000000001	0.
11.935	0.
11.940000000000001	0.
11.945	0.
11.950000000000001	0.
11.955000000000002	0.
11.96	0.
11.965000000000002	0.
11.97	0.
11.975000000000001	0.
11.98	0.
11.985000000000001	0.
11.990000000000002	0.
11.995000000000001	0.
12.000000000000002	0.
12.005	0.
12.010000000000002	0.
12.015	0.
12.020000000000001	0.
12.025	0.
12.030000000000001	0.
12.035	0.
12.040000000000001	0.
12.045000000000002	0.
12.05	0.
12.055000000000001	0.
12.06	0.
12.065000000000001	0.
12.07	0.
12.075000000000001	0.
12.080000000000002	0.
12.085	0.
12.090000000000002	0.
12.095	0.
12.100000000000001	0.
12.105	0.
12.110000000000001	0.
12.115000000000002	0.
12.120000000000001	0.
12.125000000000002	0.
12.13	0.
12.135000000000002	0.
12.14	0.
12.145000000000001	0.
12.15	0.
12.155000000000001	0.
12.16	0.
12.165000000000001	0.
12.170000000000002	0.
12.175	0.
12.180000000000001	0.
12.185	0.
12.190000000000001	0.
12.195	0.
12.200000000000001	0.
12.205000000000002	0.
12.21	0.
12.215000000000002	0.
12.22	0.
12.225000000000001	0.
12.23	0.
12.235000000000001	0.
12.240000000000002	0.
12.245000000000001	0.
12.25	0.
12.255	0.
12.260000000000002	0.
12.265	0.
12.270000000000001	0.
12.275000000000002	0.
12.280000000000001	0.
12.285	0.
12.290000000000001	0.
12.295000000000002	0.
12.3	0.
12.305000000000001	0.
12.31	0.
12.315000000000001	0.
12.32	0.
12.325000000000001	0.
12.330000000000002	0.
12.335	0.
12.340000000000002	0.
12.345	0.
12.350000000000001	0.
12.355	0.
12.360000000000001	0.
12.365000000000002	0.
12.370000000000001	0.
12.375	0.
12.38	0.
12.385000000000002	0.
12.39	0.
12.395000000000001	0.
12.400000000000002	0.
12.405000000000001	0.
12.41	0.
12.415000000000001	0.
12.420000000000002	0.
12.425	0.
12.430000000000001	0.
12.435	0.
12.440000000000001	0.
12.445	0.
12.450000000000001	0.
12.455000000000002	0.
12.46	0.
12.465000000000002	0.
12.47	0.
12.475000000000001	0.
12.48	0.
12.485000000000001	0.
12.490000000000002	0.
12.495000000000001	0.
12.5	0.
12.505	0.
12.510000000000002	0.
12.515	0.
12.520000000000001	0.
12.525000000000002	0.
12.530000000000001	0.
12.535	0.
12.540000000000001	0.
12.545000000000002	0.
12.55	0.
12.555000000000001	0.
12.56	0.
12.565000000000001	0.
12.57	0.
12.575000000000001	0.
12.580000000000002	0.
12.585	0.
12.590000000000002	0.
12.595	0.
12.600000000000001	0.
12.605	0.
12.610000000000001	0.
12.615000000000002	0.
12.620000000000001	0.
12.625	0.
12.63	0.
12.635000000000002	0.
12.64	0.
12.645000000000001	0.
12.650000000000002	0.
12.655000000000001	0.
12.66	0.
12.665000000000001	0.
12.670000000000002	0.
12.675	0.
12.680000000000001	0.
12.685	0.
12.690000000000001	0.
12.695	0.
12.700000000000001	0.
12.705000000000002	0.
12.71	0.
12.715000000000002	0.
12.72	0.
12.725000000000001	0.
12.73	0.
12.735000000000001	0.
12.740000000000002	0.
12.745000000000001	0.
12.75	0.
12.755	0.
12.760000000000002	0.
12.765	0.
12.770000000000001	0.
12.775000000000002	0.
12.780000000000001	0.
12.785	0.
12.790000000000001	0.
12.795000000000002	0.
12.8	0.
12.805000000000001	0.
12.810000000000002	0.
12.815000000000001	0.
12.820000000000002	0.
12.825000000000001	0.
12.830000000000002	0.
12.835	0.
12.840000000000002	0.
12.845	0.
12.850000000000001	0.
12.855000000000002	0.
12.860000000000001	0.
12.865000000000002	0.
12.870000000000001	0.
12.875000000000002	0.
12.88	0.
12.885000000000002	0.
12.890000000000002	0.
12.895000000000001	0.
12.900000000000002	0.
12.905000000000001	0.
12.910000000000002	0.
12.915000000000001	0.
12.920000000000002	0.
12.925	0.
12.930000000000001	0.
12.935000000000002	0.
12.940000000000001	0.
12.945000000000002	0.
12.950000000000001	0.
12.955000000000002	0.
12.96	0.
12.965000000000002	0.
12.97	0.
12.975000000000001	0.
12.980000000000002	0.
12.985000000000001	0.
12.990000000000002	0.
12.995000000000001	0.
13.000000000000002	0.
13.005	0.
13.010000000000002	0.
13.015000000000002	0.
13.020000000000001	0.
13.025000000000002	0.
13.030000000000001	0.
13.035000000000002	0.
13.040000000000001	0.
13.045000000000002	0.
13.05	0.
13.055000000000001	0.
13.060000000000002	0.
13.065000000000001	0.
13.070000000000002	0.
13.075000000000001	0.
13.080000000000002	0.
13.085	0.
13.090000000000002	0.
13.095	0.
13.100000000000001	0.
13.105000000000002	0.
13.110000000000001	0.
13.115000000000002	0.
13.120000000000001	0.
13.125000000000002	0.
13.13	0.
13.135000000000002	0.
13.140000000000002	0.
13.145000000000001	0.
13.150000000000002	0.
13.155000000000001	0.
13.160000000000002	0.
13.165000000000001	0.
13.170000000000002	0.
13.175	0.
13.180000000000001	0.
13.185000000000002	0.
13.190000000000001	0.
13.195000000000002	0.
13.200000000000001	0.
13.205000000000002	0.
13.21	0.
13.215000000000002	0.
13.220000000000002	0.
13.225000000000001	0.
13.230000000000002	0.
13.235000000000001	0.
13.240000000000002	0.
13.245000000000001	0.
13.250000000000002	0.
13.255	0.
13.260000000000002	0.
13.265000000000002	0.
13.270000000000001	0.
13.275000000000002	0.
13.280000000000001	0.
13.285000000000002	0.
13.290000000000001	0.
13.295000000000002	0.
13.3	0.
13.305000000000001	0.
13.310000000000002	0.
13.315000000000001	0.
13.320000000000002	0.
13.325000000000001	0.
13.330000000000002	0.
13.335	0.
13.340000000000002	0.
13.345000000000002	0.
13.350000000000001	0.
13.355000000000002	0.
13.360000000000001	0.
13.365000000000002	0.
13.370000000000001	0.
13.375000000000002	0.
13.38	0.
13.385000000000002	0.
13.39	0.
13.395000000000001	0.
13.400000000000002	0.
13.405000000000001	0.
13.410000000000002	0.
13.415000000000001	0.
13.420000000000002	0.
13.425	0.
13.430000000000001	0.
13.435000000000002	0.
13.440000000000001	0.
13.445000000000002	0.
13.450000000000001	0.
13.455000000000002	0.
13.46	0.
13.465000000000002	0.
13.470000000000002	0.
13.475000000000001	0.
13.480000000000002	0.
13.485000000000001	0.
13.490000000000002	0.
13.495000000000001	0.
13.500000000000002	0.
13.505	0.
13.510000000000002	0.
13.515	0.
13.520000000000001	0.
13.525000000000002	0.
13.530000000000001	0.
13.535000000000002	0.
13.540000000000001	0.
13.545000000000002	0.
13.55	0.
13.555000000000001	0.
13.560000000000002	0.
13.565000000000001	0.
13.570000000000002	0.
13.575000000000001	0.
13.580000000000002	0.
13.585	0.
13.590000000000002	0.
13.595000000000002	0.
13.600000000000001	0.
13.605000000000002	0.
13.610000000000001	0.
13.615000000000002	0.
13.620000000000001	0.
13.625000000000002	0.
13.63	0.
13.635000000000002	0.
13.64	0.
13.645000000000001	0.
13.650000000000002	0.
13.655000000000001	0.
13.660000000000002	0.
13.665000000000001	0.
13.670000000000002	0.
13.675	0.
13.680000000000001	0.
13.685000000000002	0.
13.690000000000001	0.
13.695000000000002	0.
13.700000000000001	0.
13.705000000000002	0.
13.71	0.
13.715000000000002	0.
13.720000000000002	0.
13.725000000000001	0.
13.730000000000002	0.
13.735000000000001	0.
13.740000000000002	0.
13.745000000000001	0.
13.750000000000002	0.
13.755	0.
13.760000000000002	0.
13.765	0.
13.770000000000001	0.
13.775000000000002	0.
13.780000000000001	0.
13.785000000000002	0.
13.790000000000001	0.
13.795000000000002	0.
13.8	0.
13.805000000000001	0.
13.810000000000002	0.
13.815000000000001	0.
13.820000000000002	0.
13.825000000000001	0.
13.830000000000002	0.
13.835	0.
13.840000000000002	0.
13.845000000000002	0.
13.850000000000001	0.
13.855000000000002	0.
13.860000000000001	0.
13.865000000000002	0.
13.870000000000001	0.
13.875000000000002	0.
13.88	0.
13.885000000000002	0.
13.89	0.
13.895000000000001	0.
13.900000000000002	0.
13.905000000000001	0.
13.910000000000002	0.
13.915000000000001	0.
13.920000000000002	0.
13.925	0.
13.930000000000001	0.
13.935000000000002	0.
13.940000000000001	0.
13.945000000000002	0.
13.950000000000001	0.
13.955000000000002	0.
13.96	0.
13.965000000000002	0.
13.970000000000002	0.
13.975000000000001	0.
13.980000000000002	0.
13.985000000000001	0.
13.990000000000002	0.
13.995000000000001	0.
14.	0.