0.005	0.
0.01	0.
0.015	0.
0.02	0.
0.025	0.
0.030000000000000002	0.
0.034999999999999996	0.
0.04	0.
0.045	0.
0.049999999999999996	0.
0.055	0.
0.06	0.
0.065	0.
0.07	0.
0.07500000000000001	0.
0.08	0.
0.085	0.
0.09000000000000001	0.
0.095	0.
0.1	0.
0.10500000000000001	0.
0.11	0.
0.115	0.
0.12000000000000001	0.
0.125	0.
0.13	0.
0.135	0.
0.14	0.
0.14500000000000002	0.
0.15	0.
0.155	0.
0.16	0.
0.165	0.010707745967722726
0.17	0.08068222582020874
0.17500000000000002	0.11032066823779144
0.18000000000000002	0.1311059290387212
0.185	0.1471122304663273
0.19	0.159992351104763
0.195	0.17062655916075634
0.2	0.17955477636205985
0.20500000000000002	0.18713839801414545
0.21000000000000002	0.19363410909685283
0.215	0.1992321945659947
0.22	0.20407833619891017
0.225	0.2082869005272527
0.23	0.21194948744787545
0.23500000000000001	0.2151406721387943
0.24000000000000002	0.21792200021866842
0.245	0.22034485029712275
0.25	0.2224525364011018
0.255	0.22428188508941008
0.26	0.22586444025884372
0.265	0.22722739823656435
0.27	0.2283943436968121
0.275	0.22938583598158307
0.28	0.23021988136227728
0.28500000000000003	0.23091231716272057
0.29000000000000004	0.23147712694821918
0.295	0.23192670121192543
0.3	0.2322720545424479
0.305	0.2325230077305467
0.31	0.23268834139710048
0.315	0.2327759263148137
0.32	0.23279283452480648
0.325	0.23274543452662225
0.33	0.23263947318256922
0.335	0.23248014647876028
0.34	0.23227216089212543
0.34500000000000003	0.23201978680048968
0.35000000000000003	0.2317269051230241
0.35500000000000004	0.2313970481772646
0.36	0.23103343557590766
0.365	0.23063900585379374
0.37	0.23021644440665273
0.375	0.22976820823353658
0.38	0.2292965479006783
0.385	0.22880352708283944
0.39	0.22829103998667832
0.395	0.22776082691751126
0.4	0.22721448821445195
0.405	0.22665349674822566
0.41000000000000003	0.22607920914990445
0.41500000000000004	0.2254928759166672
0.42000000000000004	0.2248956505217701
0.425	0.22428859763974826
0.43	0.22367270058397506
0.435	0.22304886804173973
0.44	0.2224179401816999
0.445	0.22178069419960966
0.45	0.22113784936050362
0.455	0.2204900715887462
0.46	0.219837977651542
0.465	0.21918213897627617
0.47000000000000003	0.218523085137685
0.47500000000000003	0.2178613070468316
0.48000000000000004	0.2171972598704273
0.485	0.216531365706017
0.49	0.2158640160358264
0.495	0.21519557397972913
0.5	0.21452637636565514
0.505	0.21385673563394103
0.51	0.2131869415904282
0.515	0.21251726302168825
0.52	0.2118479491843976
0.525	0.2111792311797672
0.53	0.21051132322284022
0.535	0.20984442381558907
0.54	0.20917871683184985
0.545	0.20851437252145114
0.55	0.20785154844014214
0.555	0.20719039031140934
0.56	0.20653103282565152
0.5650000000000001	0.2058736003817237
0.5700000000000001	0.2052182077754376
0.5750000000000001	0.20456496083916637
0.5800000000000001	0.2039139570363753
0.585	0.20326528601454594
0.59	0.20261903011968688
0.595	0.2019752648753566
0.6	0.2013340594288494
0.605	0.20069547696701487
0.61	0.20005957510396322
0.615	0.1994264062426977
0.62	0.1987960179126267
0.625	0.19816845308463765
0.63	0.1975437504654008
0.635	0.19692194477236416
0.64	0.1963030669907926
0.645	0.19568714461414846
0.65	0.19507420186894806
0.655	0.19446425992516897
0.66	0.1938573370932339
0.665	0.1932534490084823
0.67	0.1926526088039243
0.675	0.1920548272721611
0.68	0.19146011301713506
0.685	0.19086847259640286
0.6900000000000001	0.1902799106545524
0.6950000000000001	0.1896944300483829
0.7000000000000001	0.18911203196435925
0.7050000000000001	0.18853271602880972
0.71	0.18795648041141874
0.715	0.18738332192238707
0.72	0.18681323610366957
0.725	0.18624621731467994
0.73	0.18568225881284406
0.735	0.18512135282923128
0.74	0.18456349063970187
0.745	0.1840086626317308
0.75	0.18345685836726944
0.755	0.18290806664181214
0.76	0.18236227553996698
0.765	0.18181947248769925
0.77	0.18127964430147805
0.775	0.18074277723449342
0.78	0.1802088570201463
0.785	0.1796778689129258
0.79	0.17914979772690715
0.795	0.17862462787193037
0.8	0.1781023433876647
0.805	0.1775829279756523
0.81	0.1770663650294111
0.8150000000000001	0.17655263766281093
0.8200000000000001	0.17604172873673915
0.8250000000000001	0.1755336208841925
0.8300000000000001	0.1750282965338382
0.8350000000000001	0.17452573793222637
0.84	0.1740259271646414
0.845	0.17352884617473505
0.85	0.17303447678292708
0.855	0.17254280070375969
0.86	0.17205379956219166
0.865	0.1715674549088434
0.87	0.17108374823443698
0.875	0.17060266098321947
0.88	0.1701241745656571
0.885	0.16964827037030508
0.89	0.16917492977497411
0.895	0.16870413415712726
0.9	0.16823586490371775
0.905	0.1677701034203491
0.91	0.16730683113985545
0.915	0.1668460295302965
0.92	0.1663876801025932
0.925	0.16593176441737104
0.93	0.1654782640916581
0.935	0.16502716080494323
0.9400000000000001	0.16457843630487748
0.9450000000000001	0.1641320724125866
0.9500000000000001	0.16368805102760228
0.9550000000000001	0.16324635413248556
0.9600000000000001	0.1628069637970205
0.965	0.1623698621822643
0.97	0.1619350315440791
0.975	0.1615024542365914
0.98	0.16107211271530922
0.985	0.16064398953992104
0.99	0.16021806737695085
0.995	0.15979432900242518
1.	0.15937275730335856
1.005	0.1589533352805314
1.01	0.15853604605601998
1.015	0.15812087284342305
1.02	0.15770779901705065
1.025	0.15729680803716903
1.0299999999999998	0.1568878834970414
1.035	0.1564810091108831
1.0399999999999998	0.15607616871583793
1.045	0.15567334627205043
1.0499999999999998	0.1552725258645424
1.055	0.15487369170318585
1.0599999999999998	0.1544768281226497
1.065	0.1540819195837908
1.0699999999999998	0.15368895067331226
1.075	0.15329790610393326
1.0799999999999998	0.152908770714521
1.085	0.15252152947048675
1.0899999999999999	0.15213616746323047
1.095	0.15175266991023448
1.0999999999999999	0.15137102215493067
1.105	0.150991209666346
1.1099999999999999	0.150613218039081
1.115	0.15023703299256908
1.1199999999999999	0.149862640371028
1.125	0.14949002614273404
1.13	0.14911917639985312
1.135	0.1487500773575787
1.14	0.14838271535392356
1.145	0.1480170768489127
1.15	0.14765314842388705
1.155	0.14729091678118184
1.16	0.14693036874306448
1.1649999999999998	0.14657149125131366
1.17	0.14621427136631243
1.1749999999999998	0.14585869626640927
1.18	0.14550475324714782
1.1849999999999998	0.1451524297203205
1.19	0.1448017132134601
1.1949999999999998	0.14445259136864
1.2	0.14410505194201179
1.2049999999999998	0.14375908280271424
1.21	0.143414671932115
1.2149999999999999	0.14307180742291498
1.22	0.14273047747826745
1.2249999999999999	0.14239067041092612
1.23	0.14205237464230985
1.2349999999999999	0.1417155787016443
1.24	0.1413802712249903
1.2449999999999999	0.14104644095447078
1.25	0.14071407673715966
1.255	0.1403831675243932
1.26	0.14005370237066192
1.265	0.13972567043278844
1.27	0.13939906096904478
1.275	0.13907386333807512
1.28	0.13875006699819603
1.285	0.13842766150624483
1.2899999999999998	0.13810663651689697
1.295	0.13778698178151708
1.2999999999999998	0.13746868714744806
1.305	0.1371517425569879
1.3099999999999998	0.13683613804649175
1.315	0.13652186374547542
1.3199999999999998	0.13620890987576292
1.325	0.1358972667504767
1.3299999999999998	0.13558692477327364
1.335	0.13527787443735625
1.3399999999999999	0.13497010632467465
1.345	0.13466361110490488
1.3499999999999999	0.13435837953478386
1.355	0.13405440245702926
1.3599999999999999	0.13375167079963782
1.365	0.1334501755748962
1.3699999999999999	0.13314990787865366
1.375	0.13285085888936032
1.38	0.13255301986731863
1.385	0.13225638215379923
1.39	0.13196093717020715
1.395	0.1316666764173192
1.4	0.13137359147436303
1.405	0.1310816739983328
1.41	0.13079091572310828
1.4149999999999998	0.13050130845866967
1.42	0.1302128440903161
1.4249999999999998	0.1299255145779271
1.43	0.12963931195507167
1.4349999999999998	0.12935422832840382
1.44	0.12907025587676393
1.4449999999999998	0.12878738685048877
1.45	0.12850561357064644
1.4549999999999998	0.12822492842830213
1.46	0.12794532388380825
1.4649999999999999	0.12766679246603485
1.47	0.12738932677167508
1.4749999999999999	0.12711291946454184
1.48	0.1268375632748332
1.4849999999999999	0.1265632509984752
1.49	0.12628997549639584
1.4949999999999999	0.12601772969387814
1.5	0.12574650657981656
1.505	0.12547629920613723
1.51	0.1252071006870695
1.515	0.12493890419850463
1.52	0.12467170297736402
1.525	0.12440549032093468
1.53	0.12414025958624011
1.535	0.12387600418941518
1.54	0.12361271760509869
1.545	0.12335039336578772
1.5499999999999998	0.1230890250612295
1.555	0.1228286063378638
1.5599999999999998	0.12256913089816131
1.565	0.12231059250009028
1.5699999999999998	0.12205298495649813
1.575	0.12179630213454977
1.5799999999999998	0.12154053795514988
1.585	0.12128568639239062
1.5899999999999999	0.12103174147297455
1.595	0.12077869727569361
1.5999999999999999	0.12052654793083413
1.605	0.1202752876196826
1.6099999999999999	0.1200249105739923
1.615	0.11977541107539996
1.6199999999999999	0.1195267834549648
1.625	0.11927902209263375
1.63	0.11903212141672095
1.635	0.1187860759034015
1.64	0.11854088007623047
1.645	0.1182965285056381
1.65	0.11805301580845208
1.655	0.11781033664737728
1.66	0.11756848573057958
1.665	0.11732745781116821
1.67	0.11708724768673678
1.6749999999999998	0.11684785019894124
1.68	0.11660926023297119
1.6849999999999998	0.11637147271717671
1.69	0.11613448262255861
1.6949999999999998	0.11589828496238444
1.7	0.11566287479170817
1.7049999999999998	0.11542824720696046
1.71	0.11519439734552761
1.7149999999999999	0.11496132038531721
1.72	0.11472901154435569
1.7249999999999999	0.11449746608036372
1.73	0.11426667929035637
1.7349999999999999	0.11403664651025776
1.74	0.11380736311445701
1.7449999999999999	0.1135788245154863
1.75	0.11335102616356632
1.755	0.11312396354625813
1.76	0.11289763218807186
1.765	0.11267202765009192
1.77	0.11244714552964165
1.775	0.11222298145983173
1.78	0.11199953110930135
1.785	0.11177679018176666
1.79	0.1115547544157453
1.795	0.11133341958416203
1.7999999999999998	0.11111278149399331
1.805	0.11089283598597398
1.8099999999999998	0.11067357893419624
1.815	0.1104550062458347
1.8199999999999998	0.11023711386078382
1.825	0.110019897751325
1.8299999999999998	0.1098033539218182
1.835	0.10958747840839346
1.8399999999999999	0.10937226727860432
1.845	0.10915771663113462
1.8499999999999999	0.10894382259550321
1.855	0.10873058133172063
1.8599999999999999	0.10851798903003049
1.865	0.10830604191057436
1.8699999999999999	0.10809473622312882
1.875	0.10788406824677983
1.88	0.107674034289667
1.885	0.10746463068868288
1.89	0.1072558538091901
1.895	0.10704770004474307
1.9	0.10684016581681513
1.905	0.10663324757453972
1.91	0.10642694179439578
1.915	0.10622124498001259
1.92	0.10601615366183394
1.9249999999999998	0.10581166439691063
1.93	0.10560777376861284
1.9349999999999998	0.10540447838638914
1.94	0.1052017748855055
1.9449999999999998	0.10499965992681112
1.95	0.10479813019647746
1.9549999999999998	0.10459718240576175
1.96	0.1043968132907618
1.9649999999999999	0.10419701961218597
1.97	0.1039977981551154
1.9749999999999999	0.10379914572875214
1.98	0.1036010591662313
1.9849999999999999	0.10340353532435359
1.99	0.10320657108336267
1.9949999999999999	0.10301016334675864
2.	0.10281430904102506
2.005	0.10261900511547081
2.01	0.1024242485419601
2.015	0.10223003631472861
2.02	0.1020363654501676
2.025	0.10184323298662205
2.03	0.10165063598415346
2.035	0.10145857152439433
2.04	0.10126703671027863
2.045	0.10107602866589764
2.05	0.10088554453626992
2.0549999999999997	0.10069558148716308
2.06	0.10050613670489143
2.065	0.10031720739612131
2.07	0.10012879078770592
2.0749999999999997	0.09994088412646694
2.08	0.09975348467902631
2.085	0.0995665897316286
2.09	0.09938019658995355
2.0949999999999998	0.09919430257892695
2.1	0.09900890504256074
2.105	0.09882400134377477
2.11	0.09863958886421341
2.1149999999999998	0.09845566500408148
2.12	0.09827222718196468
2.125	0.09808927283469662
2.13	0.09790679941714588
2.135	0.09772480440207382
2.14	0.0975432852799782
2.145	0.0973622395589333
2.15	0.09718166476440543
2.155	0.09700155843912821
2.16	0.09682191814292374
2.165	0.0966427414525735
2.17	0.09646402596162575
2.175	0.09628576928028565
2.18	0.09610796903524392
2.185	0.0959306228695455
2.19	0.0957537284424071
2.195	0.09557728342912694
2.1999999999999997	0.09540128552089591
2.205	0.09522573242468009
2.21	0.09505062186306877
2.215	0.09487595157414352
2.2199999999999998	0.09470171931134427
2.225	0.09452792284331545
2.23	0.0943545599537983
2.235	0.09418162844146413
2.2399999999999998	0.0940091261198193
2.245	0.0938370508170484
2.25	0.09366540037590189
2.255	0.09349417265355721
2.26	0.09332336552149104
2.265	0.09315297686536789
2.27	0.09298300458491238
2.275	0.09281344659377037
2.28	0.09264430081939994
2.285	0.09247556520296651
2.29	0.09230723769919799
2.295	0.09213931627627843
2.3	0.09197179891574046
2.305	0.09180468361232777
2.31	0.09163796837391211
2.315	0.09147165122133712
2.32	0.09130573018836288
2.3249999999999997	0.09114020332150646
2.33	0.09097506867995604
2.335	0.09081032433544918
2.34	0.0906459683721928
2.3449999999999998	0.09048199888671112
2.35	0.09031841398779163
2.355	0.09015521179635
2.36	0.08999239044532453
2.3649999999999998	0.08982994807959138
2.37	0.08966788285584557
2.375	0.08950619294252633
2.38	0.089344876519688
2.385	0.08918393177892864
2.39	0.08902335692325752
2.395	0.08886315016704936
2.4	0.08870330973590977
2.405	0.08854383386658295
2.41	0.08838472080688278
2.415	0.08822596881557906
2.42	0.08806757616230386
2.425	0.08790954112748897
2.43	0.08775186200224372
2.435	0.0875945370882705
2.44	0.08743756469779772
2.445	0.08728094315348114
2.4499999999999997	0.08712467078830176
2.455	0.0869687459455162
2.46	0.08681316697852343
2.465	0.08665793225082952
2.4699999999999998	0.08650304013593046
2.475	0.08634848901724688
2.48	0.08619427728803457
2.485	0.08604040335131267
2.4899999999999998	0.08588686561976858
2.495	0.08573366251569244
2.5	0.08558079247089928
2.505	0.08542825392663576
2.51	0.08527604533351382
2.515	0.085124165151444
2.52	0.0849726118495407
2.525	0.08482138390605674
2.53	0.08467047980830908
2.535	0.0845198980526188
2.54	0.08436963714419793
2.545	0.08421969559712059
2.55	0.08407007193423748
2.555	0.08392076468709035
2.56	0.08377177239586489
2.565	0.08362309360930088
2.57	0.08347472688464344
2.5749999999999997	0.08332667078755265
2.58	0.08317892389205736
2.585	0.08303148478046919
2.59	0.0828843520433309
2.5949999999999998	0.08273752427934489
2.6	0.0825910000953062
2.605	0.08244477810604028
2.61	0.08229885693433982
2.6149999999999998	0.08215323521089915
2.62	0.08200791157424979
2.625	0.08186288467070878
2.63	0.08171815315430027
2.635	0.08157371568671205
2.64	0.08142957093721231
2.645	0.08128571758262093
2.65	0.08114215430722116
2.655	0.08099887980271356
2.66	0.08085589276816421
2.665	0.08071319190991992
2.67	0.0805707759415916
2.675	0.08042864358396332
2.68	0.08028679356494844
2.685	0.08014522461953849
2.69	0.08000393548972994
2.695	0.07986292492450141
2.7	0.07972219167972418
2.705	0.07958173451812948
2.71	0.07944155220924987
2.715	0.07930164352936246
2.7199999999999998	0.07916200726144511
2.725	0.07902264219511367
2.73	0.07888354712657483
2.735	0.078744720858581
2.7399999999999998	0.07860616220037384
2.745	0.07846786996762917
2.75	0.07832984298241594
2.755	0.07819208007314139
2.76	0.07805458007450539
2.765	0.07791734182744967
2.77	0.07778036417911174
2.775	0.07764364598276895
2.78	0.07750718609780764
2.785	0.07737098338965992
2.79	0.0772350367297651
2.795	0.07709934499551996
2.8	0.07696390707023926
2.8049999999999997	0.07682872184310348
2.81	0.07669378820911232
2.815	0.07655910506905189
2.82	0.07642467132943855
2.825	0.07629048590247559
2.83	0.07615654770602279
2.835	0.07602285566353181
2.84	0.07588940870402437
2.8449999999999998	0.0757562057620353
2.85	0.07562324577757921
2.855	0.07549052769610284
2.86	0.07535805046844861
2.8649999999999998	0.07522581305080803
2.87	0.07509381440468764
2.875	0.07496205349685775
2.88	0.07483052929932985
2.885	0.07469924078929824
2.89	0.07456818694911159
2.895	0.074437366766233
2.9	0.07430677923319749
2.905	0.07417642334757245
2.91	0.07404629811192924
2.915	0.07391640253379116
2.92	0.07378673562560799
2.925	0.07365729640471125
2.9299999999999997	0.07352808389328312
2.935	0.07339909711831363
2.94	0.07327033511156414
2.945	0.07314179690954065
2.95	0.07301348155344957
2.955	0.07288538808915912
2.96	0.072757515567175
2.965	0.0726298630426004
2.9699999999999998	0.07250242957509423
2.975	0.07237521422884548
2.98	0.07224821607253692
2.985	0.0721214341793122
2.9899999999999998	0.0719948676267367
2.995	0.07186851549677187
3.	0.07174237687573476
3.005	0.07161645085427228
3.01	0.07149073652731967
3.015	0.07136523299407908
3.02	0.07123993935797794
3.025	0.07111485472664068
3.03	0.07098997821186066
3.035	0.07086530892956064
3.04	0.07074084599976857
3.045	0.07061658854658472
3.05	0.0704925356981483
3.0549999999999997	0.07036868658661066
3.06	0.07024504034810361
3.065	0.07012159612270817
3.07	0.06999835305442609
3.075	0.06987531029114848
3.08	0.06975246698463088
3.085	0.06962982229045966
3.09	0.06950737536802154
3.0949999999999998	0.0693851253804823
3.1	0.06926307149475153
3.105	0.06914121288145225
3.11	0.06901954871490623
3.115	0.06889807817308628
3.12	0.06877680043760726
3.125	0.06865571469368217
3.13	0.0685348201301096
3.135	0.06841411593923499
3.14	0.06829360131693195
3.145	0.06817327546256834
3.15	0.06805313757898569
3.155	0.06793318687246751
3.16	0.06781342255271908
3.165	0.06769384383283458
3.17	0.06757444992927754
3.175	0.06745524006185123
3.1799999999999997	0.06733621345367215
3.185	0.06721736933115027
3.19	0.06709870692395611
3.195	0.06698022546500396
3.2	0.06686192419041961
3.205	0.06674380233952043
3.21	0.06662585915478896
3.215	0.06650809388184889
3.2199999999999998	0.06639050576944126
3.225	0.06627309406939802
3.23	0.06615585803662354
3.235	0.06603879692906447
3.24	0.0659219100076904
3.245	0.06580519653646909
3.25	0.06568865578234274
3.255	0.06557228701520522
3.26	0.06545608950788043
3.265	0.06534006253609681
3.27	0.06522420537846672
3.275	0.0651085173164631
3.28	0.06499299763439653
3.285	0.06487764561939434
3.29	0.06476246056137741
3.295	0.06464744175303876
3.3	0.0645325884898192
3.3049999999999997	0.06441790006989073
3.31	0.06430337579413059
3.315	0.06418901496609951
3.32	0.06407481689202459
3.325	0.06396078088077306
3.33	0.0638469062438345
3.335	0.06373319229529933
3.34	0.06361963835183615
3.3449999999999998	0.06350624373267233
3.35	0.06339300775957397
3.355	0.06327992975682481
3.36	0.06316700905120474
3.365	0.06305424497197118
3.37	0.06294163685083859
3.375	0.0628291840219573
3.38	0.06271688582189423
3.385	0.06260474158961277
3.39	0.06249275066645494
3.395	0.062380912396118406
3.4	0.06226922612464057
3.405	0.06215769120037492
3.41	0.06204630697397615
3.415	0.06193507279837716
3.42	0.06182398802877419
3.425	0.061713052022603174
3.4299999999999997	0.061602264139523216
3.435	0.061491623741396925
3.44	0.061381130192274945
3.445	0.0612707828583696
3.45	0.06116058110804747
3.455	0.061050524311799956
3.46	0.06094061184223109
3.465	0.06083084307403954
3.4699999999999998	0.06072121738399505
3.475	0.06061173415092861
3.48	0.06050239275570653
3.485	0.060393192581217114
3.49	0.06028413301235119
3.495	0.060175213435984136
3.5	0.060066433240960164
3.505	0.059957791818071086
3.51	0.05984928856004404
3.515	0.05974092286151501
3.52	0.05963269411902571
3.525	0.05952460173098964
3.53	0.05941664509768979
3.535	0.059308823621247314
3.54	0.05920113670561812
3.545	0.05909358375656917
3.55	0.0589861641816562
3.5549999999999997	0.05887887739021923
3.56	0.05877172279335341
3.565	0.05866469980390203
3.5700000000000003	0.05855780783643246
3.575	0.05845104630722479
3.58	0.058344414634250455
3.585	0.05823791223716184
3.59	0.058131538537268934
3.5949999999999998	0.05802529295752767
3.5999999999999996	0.05791917492252013
3.605	0.05781318385844333
3.61	0.05770731919308702
3.615	0.057601580355824245
3.62	0.05749596677758524
3.625	0.057390477890853726
3.63	0.057285113129638965
3.635	0.05717987192946696
3.6399999999999997	0.0570747537273658
3.645	0.0569697579618416
3.65	0.0568648840728743
3.6550000000000002	0.056760131501885455
3.66	0.056655499691741995
3.665	0.05655098808672916
3.67	0.056446596132530655
3.675	0.05634232327622255
3.6799999999999997	0.05623816896625483
3.685	0.056134132652434734
3.69	0.05603021378590986
3.6950000000000003	0.05592641181915374
3.7	0.0558227262059525
3.705	0.05571915640138694
3.71	0.0556157018618179
3.715	0.055512362044870076
3.7199999999999998	0.05540913640941867
3.7249999999999996	0.055306024415571704
3.73	0.05520302552465834
3.735	0.0551001391992077
3.74	0.05499736490293969
3.745	0.054894702100742127
3.75	0.05479215025867046
3.755	0.05468970884391282
3.76	0.05458737732478806
3.7649999999999997	0.054485155170731187
3.77	0.054383041852264905
3.775	0.0542810368410063
3.7800000000000002	0.054179139609629376
3.785	0.054077349631864086
3.79	0.053975666382476827
3.795	0.05387408933725667
3.8	0.053772617972994735
3.8049999999999997	0.05367125176748312
3.81	0.05356999019948038
3.815	0.05346883274871247
3.8200000000000003	0.053367778895849455
3.825	0.05326682812249795
3.83	0.05316597991117245
3.835	0.053065233745299534
3.84	0.05296458910918481
3.8449999999999998	0.052864045488005384
3.8499999999999996	0.05276360236780365
3.855	0.05266325923545496
3.86	0.05256301557866152
3.865	0.05246287088594124
3.87	0.05236282464660993
3.875	0.052262876350762814
3.88	0.0521630254892611
3.885	0.05206327155371378
3.8899999999999997	0.05196361403647742
3.895	0.05186405243061774
3.9	0.05176458622992057
3.9050000000000002	0.05166521492884811
3.91	0.05156593802254819
3.915	0.05146675500683152
3.92	0.05136766537815048
3.925	0.05126866863358619
3.9299999999999997	0.051169764270842216
3.935	0.05107095178821821
3.94	0.050972230684602875
3.9450000000000003	0.05087360045944494
3.95	0.05077506061276583
3.955	0.050676610645107124
3.96	0.05057825005755083
3.965	0.05047997835167729
3.9699999999999998	0.05038179502956486
3.9749999999999996	0.05028369959377078
3.98	0.05018569154731095
3.985	0.050087770393650644
3.99	0.04998993563669032
3.995	0.04989218678073802
4.	0.04979452333051376
4.005	0.049696944791112266
4.01	0.04959945066799815
4.015	0.04950204046699701
4.02	0.049404713694263226
4.025	0.04930746985628064
4.03	0.04921030845983341
4.035	0.049113229011997904
4.04	0.04901623102012339
4.045	0.04891931399181562
4.05	0.048822477434922996
4.055	0.048725720857525946
4.0600000000000005	0.04862904376790648
4.0649999999999995	0.04853244567453484
4.07	0.04843592608607324
4.075	0.04833948451133223
4.08	0.048243120459268575
4.085	0.04814683343896972
4.09	0.04805062295962911
4.095	0.047954488530531775
4.1	0.04785842966105082
4.105	0.047762445860616606
4.109999999999999	0.04766653663868689
4.115	0.04757070150476672
4.12	0.04747493996835808
4.125	0.047379251538958354
4.13	0.047283635726043854
4.135	0.047188092039035075
4.14	0.047092619987307405
4.145	0.046997219080153134
4.15	0.04690188882676704
4.155	0.04680662873622994
4.16	0.04671143831750029
4.165	0.0466163170793768
4.17	0.04652126453049882
4.175	0.0464262801793151
4.18	0.04633136353407632
4.1850000000000005	0.046236514102812605
4.1899999999999995	0.04614173139330241
4.195	0.046047014913079436
4.2	0.045952364169399615
4.205	0.045857778669203396
4.21	0.04576325791914248
4.215	0.045668801425518595
4.22	0.04557440869427689
4.225	0.045480079231006214
4.23	0.04538581254088028
4.234999999999999	0.04529160812867818
4.24	0.04519746549875277
4.245	0.045103384154977
4.25	0.04500936360078236
4.255	0.04491540333909162
4.26	0.04482150287231586
4.265	0.04472766170234199
4.27	0.04463387933049302
4.275	0.044540155257532334
4.28	0.044446488983612746
4.285	0.044352880008271735
4.29	0.04425932783042585
4.295	0.04416583194830765
4.3	0.04407239185949388
4.305	0.04397900706084012
4.3100000000000005	0.04388567704848214
4.3149999999999995	0.043792401317818024
4.32	0.04369917936345502
4.325	0.04360601067923432
4.33	0.04351289475816374
4.335	0.04341983109242013
4.34	0.043326819173321825
4.345	0.043233858491293964
4.35	0.043140948535867425
4.355	0.04304808879562348
4.359999999999999	0.04295527875820189
4.365	0.042862517910251925
4.37	0.04276980573742543
4.375	0.04267714172434839
4.38	0.04258452535457901
4.385	0.04249195611060196
4.39	0.042399433473801144
4.395	0.042306956924420915
4.4	0.042214525941557376
4.405	0.042122140003117335
4.41	0.042029798585794205
4.415	0.041937501165058774
4.42	0.041845247215101807
4.425	0.04175303620882729
4.43	0.04166086761783504
4.4350000000000005	0.0415687409123555
4.4399999999999995	0.04147665556125343
4.445	0.041384611031999814
4.45	0.041292606790621654
4.455	0.041200642301685415
4.46	0.0411087170282689
4.465	0.04101683043193076
4.47	0.04092498197267314
4.475	0.040833171108924315
4.48	0.040741397297492835
4.484999999999999	0.040649659993546125
4.49	0.0405579586505814
4.495	0.04046629272037738
4.5	0.040374661652992375
4.505	0.04028306489669479
4.51	0.04019150189794577
4.515	0.04009997210138965
4.52	0.040008474949780715
4.525	0.03991700988397359
4.53	0.03982557634287665
4.535	0.03973417376342717
4.54	0.03964280158054537
4.545	0.03955145922711171
4.55	0.03946014613390804
4.555	0.03936886172961502
4.5600000000000005	0.03927760544073539
4.5649999999999995	0.039186376691591224
4.57	0.039095174904261946
4.575	0.039003999498552336
4.58	0.038912849891959284
4.585	0.0388217254996232
4.59	0.03873062573429569
4.595000000000001	0.03863955000628993
4.6	0.038548497723448
4.605	0.03845746829109753
4.609999999999999	0.03836646111199629
4.615	0.03827547558630773
4.62	0.03818451111154569
4.625	0.03809356708254198
4.63	0.03800264289138092
4.635	0.037911737927364714
4.640000000000001	0.037820851576973666
4.645	0.0377299832238241
4.65	0.03763913224860107
4.654999999999999	0.03754829802901613
4.66	0.037457479939756406
4.665	0.03736667735246467
4.67	0.037275889635652766
4.675	0.037185116154652434
4.68	0.03709435627158984
4.6850000000000005	0.03700360934531156
4.6899999999999995	0.03691287473134067
4.695	0.03682215178181551
4.7	0.03673143984544692
4.705	0.03664073826744076
4.71	0.036550046389470035
4.715	0.036459363549602254
4.720000000000001	0.03636868908222396
4.725	0.03627802231801961
4.73	0.03618736258388469
4.734999999999999	0.0360967092028671
4.74	0.03600606149411906
4.745	0.03591541877281297
4.75	0.03582478035011333
4.755	0.03573414553305795
4.76	0.0356435136245339
4.765000000000001	0.03555288392320931
4.77	0.03546225572344365
4.775	0.03537162831523717
4.779999999999999	0.035281000984154175
4.785	0.035190373011238174
4.79	0.03509974367297127
4.795	0.03500911224116815
4.8	0.03491847798292036
4.805	0.0348278401605122
4.8100000000000005	0.03473719803135373
4.8149999999999995	0.034646550847887106
4.82	0.034555897857504916
4.825	0.03446523830249357
4.83	0.034374571419925996
4.835	0.03428389644158676
4.84	0.034193212593893074
4.845000000000001	0.034102519097778575
4.85	0.034011815168655805
4.855	0.03392110001627199
4.859999999999999	0.03383037284465563
4.865	0.03373963285200394
4.87	0.03364887923059837
4.875	0.03355811116669288
4.88	0.03346732784043657
4.885	0.033376528425754975
4.890000000000001	0.03328571209026063
4.895	0.03319487799513935
4.9	0.03310402529505306
4.904999999999999	0.033013153138031034
4.91	0.03292226066534079
4.915	0.032831347011424206
4.92	0.032740411303723294
4.925	0.03264945266260645
4.93	0.03255847020123932
4.9350000000000005	0.032467463025463605
4.9399999999999995	0.032376430233656994
4.945	0.03228537091666005
4.95	0.03219428415758536
4.955	0.03210316903171478
4.96	0.03201202460638974
4.965	0.031920849940848435
4.970000000000001	0.031829644086084755
4.975	0.031738406084735
4.98	0.03164713497090636
4.984999999999999	0.03155582977005209
4.99	0.031464489498812614
4.995	0.03137311316486765
5.	0.03128169976678611
5.005	0.031190248293851756
5.01	0.031098757725910264
5.015000000000001	0.031007227033222624
5.02	0.030915655176279866
5.025	0.030824041105630626
5.029999999999999	0.030732383761705187
5.035	0.03064068207465076
5.04	0.03054893496415302
5.045	0.030457141339221113
5.05	0.030365300098014636
5.055	0.030273410127677456
5.0600000000000005	0.030181470304088437
5.0649999999999995	0.030089479491683748
5.07	0.029997436543283212
5.075	0.029905340299816213
5.08	0.029813189590138057
5.085	0.0297209832308364
5.09	0.029628720025952914
5.095000000000001	0.029536398766790692
5.1	0.02944401823167732
5.105	0.029351577185694464
5.109999999999999	0.02925907438046586
5.115	0.029166508553897262
5.12	0.02907387842990133
5.125	0.02898118271816418
5.13	0.028888420113851745
5.135	0.028795589297341016
5.14	0.028702688933947753
5.145	0.02860971767363031
5.15	0.028516674150694372
5.155	0.028423556983497
5.16	0.0283303647741172
5.165	0.02823709610808526
5.17	0.028143749554004453
5.175	0.028050323663251355
5.18	0.027956816969635104
5.185	0.027863227989036485
5.19	0.027769555219051893
5.195	0.027675797138652727
5.2	0.027581952207771796
5.205	0.027488018866953033
5.21	0.02739399553693857
5.215	0.027299880618275468
5.22	0.027205672490889496
5.225	0.027111369513683845
5.23	0.027016970024079708
5.235	0.02692247233758738
5.24	0.02682787474733053
5.245	0.026733175523595915
5.25	0.026638372913344862
5.255	0.026543465139709895
5.26	0.02644845040148897
5.265	0.02635332687265055
5.27	0.026258092701739566
5.275	0.026162746011397297
5.28	0.02606728489774276
5.285	0.025971707429811964
5.29	0.02587601164897597
5.295	0.025780195568300975
5.3	0.025684257171920518
5.305	0.025588194414417415
5.31	0.025492005220127876
5.315	0.025395687482453865
5.32	0.025299239063198115
5.325	0.02520265779178064
5.33	0.025105941464545565
5.335	0.025009087843955884
5.34	0.02491209465782279
5.345	0.024814959598489308
5.35	0.024717680321995728
5.355	0.024620254447191688
5.36	0.024522679554885216
5.365	0.024424953186897927
5.37	0.02432707284513166
5.375	0.024229035990598
5.38	0.024130840042405764
5.385	0.024032482376733968
5.39	0.02393396032576854
5.395	0.023835271176583392
5.4	0.02373641217002697
5.405	0.023637380499533917
5.41	0.02353817330992355
5.415	0.023438787696140773
5.42	0.02333922070198144
5.425	0.023239469318739877
5.43	0.023139530483844758
5.435	0.023039401079436268
5.44	0.022939077930875646
5.445	0.02283855780525435
5.45	0.02273783740978976
5.455	0.02263691339020778
5.46	0.022535782329071215
5.465	0.02243444074401582
5.47	0.022332885085950244
5.475	0.022231111737194834
5.48	0.02212911700953393
5.485	0.02202689714220943
5.49	0.021924448299850408
5.495	0.021821766570299467
5.5	0.02171884796238797
5.505	0.021615688403612332
5.51	0.021512283737720357
5.515	0.02140862972222216
5.52	0.021304722025783287
5.525	0.02120055622553934
5.53	0.02109612780428066
5.535	0.02099143214755852
5.54	0.020886464540640883
5.545	0.020781220165379786
5.55	0.020675694096924786
5.555	0.020569881300320683
5.56	0.020463776626957107
5.565	0.020357374810866944
5.57	0.020250670464891873
5.575	0.020143658076654396
5.58	0.02003633200437328
5.585	0.019928686472506046
5.59	0.019820715567192858
5.595	0.01971241323149565
5.6	0.01960377326044355
5.605	0.019494789295837804
5.61	0.019385454820829404
5.615	0.019275763154255825
5.62	0.01916570744470429
5.625	0.019055280664304956
5.63	0.018944475602233463
5.635	0.018833284857903462
5.64	0.018721700833821547
5.645	0.018609715728116826
5.65	0.018497321526683097
5.655	0.01838450999493467
5.66	0.018271272669160427
5.665	0.018157600847424273
5.67	0.01804348558000542
5.675	0.01792891765934282
5.68	0.017813887609449974
5.6850000000000005	0.01769838567476416
5.69	0.01758240180839885
5.695	0.017465925659758075
5.7	0.01734894656146796
5.705	0.017231453515573904
5.71	0.017113435178967466
5.715	0.01699487984797466
5.72	0.01687577544205069
5.725	0.016756109486519736
5.73	0.016635869094294976
5.735	0.016515040946487425
5.74	0.016393611271838655
5.745	0.016271565824883066
5.75	0.01614888986273053
5.755	0.01602556812038513
5.76	0.015901584784463862
5.765	0.015776923465199676
5.77	0.01565156716658479
5.775	0.015525498254500232
5.78	0.015398698422670434
5.785	0.015271148656254443
5.79	0.0151428291928584
5.795	0.01501371948077286
5.8	0.014883798134156068
5.805	0.014753042884905771
5.8100000000000005	0.014621430530923385
5.815	0.014488936880399898
5.82	0.014355536691778878
5.825	0.014221203608984006
5.83	0.014085910091404544
5.835	0.013949627338134077
5.84	0.013812325205920637
5.845	0.013673972120096523
5.85	0.013534534977782705
5.855	0.013393979042569237
5.86	0.013252267829664165
5.865	0.01310936298047104
5.87	0.012965224125423684
5.875	0.012819808733612293
5.88	0.012673071947708963
5.885	0.012524966402343088
5.89	0.012375442023861257
5.895	0.012224445809118389
5.9	0.012071921580499658
5.905	0.011917809714053536
5.91	0.011762046836949404
5.915	0.011604565490012484
5.92	0.011445293750229882
5.925	0.011284154807270786
5.93	0.011121066487040187
5.9350000000000005	0.010955940713886213
5.94	0.0107886829015401
5.945	0.010619191260911131
5.95	0.010447356010525067
5.955	0.010273058472140871
5.96	0.010096170030635822
5.965	0.009916550932423931
5.97	0.009734048890542956
5.975	0.009548497457150836
5.98	0.009359714114196942
5.985	0.009167498020197817
5.99	0.00897162733434526
5.995	0.0087718560168645
6.	0.008567909974695106
6.005	0.008359482380952413
6.01	0.008146227941011394
6.015	0.007927755800157086
6.02	0.007703620677926649
6.025	0.007473311655027249
6.03	0.007236237805869645
6.035	0.0069917095199384955
6.04	0.006738913817153775
6.045	0.006476881114994758
6.05	0.006204439525824987
6.055	0.005920150441024453
6.0600000000000005	0.005622215092103345
6.065	0.005308334306277289
6.07	0.004975489160710121
6.075	0.004619580056597028
6.08	0.004234793409166803
6.085	0.0038123926851076255
6.09	0.003338126406612359
6.095	0.0027856246605195696
6.1	0.0020938405730953112
6.105	0.0010081957097261343
6.11	0.
6.115	0.
6.12	0.
6.125	0.
6.13	0.
6.135	0.
6.140000000000001	0.
6.145	0.
6.15	0.
6.155	0.
6.16	0.
6.165	0.
6.17	0.
6.175	0.
6.18	0.
6.1850000000000005	0.
6.1899999999999995	0.
6.195	0.
6.2	0.
6.205	0.
6.21	0.
6.215	0.
6.22	0.
6.225	0.
6.23	0.
6.235	0.
6.24	0.
6.245	0.
6.25	0.
6.255	0.
6.26	0.
6.265000000000001	0.
6.27	0.
6.275	0.
6.28	0.
6.285	0.
6.29	0.
6.295	0.
6.3	0.
6.305	0.
6.3100000000000005	0.
6.3149999999999995	0.
6.32	0.
6.325	0.
6.33	0.
6.335	0.
6.34	0.
6.345	0.
6.35	0.
6.355	0.
6.36	0.
6.365	0.
6.37	0.
6.375	0.
6.38	0.
6.385	0.
6.390000000000001	0.
6.395	0.
6.4	0.
6.405	0.
6.41	0.
6.415	0.
6.42	0.
6.425	0.
6.43	0.
6.4350000000000005	0.
6.4399999999999995	0.
6.445	0.
6.45	0.
6.455	0.
6.46	0.
6.465	0.
6.47	0.
6.475	0.
6.48	0.
6.485	0.
6.49	0.
6.495	0.
6.5	0.
6.505	0.
6.51	0.
6.515000000000001	0.
6.52	0.
6.525	0.
6.53	0.
6.535	0.
6.54	0.
6.545	0.
6.55	0.
6.555	0.
6.5600000000000005	0.
6.5649999999999995	0.
6.57	0.
6.575	0.
6.58	0.
6.585	0.
6.59	0.
6.595	0.
6.6	0.
6.605	0.
6.61	0.
6.615	0.
6.62	0.
6.625	0.
6.63	0.
6.635	0.
6.640000000000001	0.
6.645	0.
6.65	0.
6.655	0.
6.66	0.
6.665	0.
6.67	0.
6.675	0.
6.68	0.
6.6850000000000005	0.
6.6899999999999995	0.
6.695	0.
6.7	0.
6.705	0.
6.71	0.
6.715	0.
6.72	0.
6.725	0.
6.73	0.
6.735	0.
6.74	0.
6.745	0.
6.75	0.
6.755	0.
6.76	0.
6.765000000000001	0.
6.77	0.
6.775	0.
6.78	0.
6.785	0.
6.79	0.
6.795	0.
6.8	0.
6.805	0.
6.8100000000000005	0.
6.8149999999999995	0.
6.82	0.
6.825	0.
6.83	0.
6.835	0.
6.84	0.
6.845	0.
6.85	0.
6.855	0.
6.86	0.
6.865	0.
6.87	0.
6.875	0.
6.88	0.
6.885	0.
6.890000000000001	0.
6.895	0.
6.9	0.
6.905	0.
6.91	0.
6.915	0.
6.92	0.
6.925	0.
6.93	0.
6.9350000000000005	0.
6.9399999999999995	0.
6.945	0.
6.95	0.
6.955	0.
6.96	0.
6.965	0.
6.97	0.
6.975	0.
6.98	0.
6.985	0.
6.99	0.
6.995	0.
7.	0.
7.005	0.
7.01	0.
7.015000000000001	0.
7.02	0.
7.025	0.
7.03	0.
7.035	0.
7.04	0.
7.045	0.
7.05	0.
7.055	0.
7.0600000000000005	0.
7.0649999999999995	0.
7.07	0.
7.075	0.
7.08	0.
7.085	0.
7.09	0.
7.095	0.
7.1	0.
7.105	0.
7.11	0.
7.115	0.
7.12	0.
7.125	0.
7.13	0.
7.135	0.
7.140000000000001	0.
7.145	0.
7.15	0.
7.155	0.
7.16	0.
7.165	0.
7.17	0.
7.175	0.
7.18	0.
7.1850000000000005	0.
7.1899999999999995	0.
7.195	0.
7.2	0.
7.205	0.
7.21	0.
7.215	0.
7.220000000000001	0.
7.225	0.
7.23	0.
7.234999999999999	0.
7.24	0.
7.245	0.
7.25	0.
7.255	0.
7.26	0.
7.265000000000001	0.
7.27	0.
7.275	0.
7.28	0.
7.285	0.
7.29	0.
7.295	0.
7.300000000000001	0.
7.305	0.
7.3100000000000005	0.
7.3149999999999995	0.
7.32	0.
7.325	0.
7.33	0.
7.335	0.
7.34	0.
7.345000000000001	0.
7.35	0.
7.355	0.
7.359999999999999	0.
7.365	0.
7.37	0.
7.375	0.
7.38	0.
7.385	0.
7.390000000000001	0.
7.395	0.
7.4	0.
7.405	0.
7.41	0.
7.415	0.
7.42	0.
7.425000000000001	0.
7.43	0.
7.4350000000000005	0.
7.4399999999999995	0.
7.445	0.
7.45	0.
7.455	0.
7.46	0.
7.465	0.
7.470000000000001	0.
7.475	0.
7.48	0.
7.484999999999999	0.
7.49	0.
7.495	0.
7.5	0.
7.505	0.
7.51	0.
7.515000000000001	0.
7.52	0.
7.525	0.
7.53	0.
7.535	0.
7.54	0.
7.545	0.
7.550000000000001	0.
7.555	0.
7.5600000000000005	0.
7.5649999999999995	0.
7.57	0.
7.575	0.
7.58	0.
7.585	0.
7.59	0.
7.595000000000001	0.
7.6	0.
7.605	0.
7.609999999999999	0.
7.615	0.
7.62	0.
7.625	0.
7.63	0.
7.635	0.
7.640000000000001	0.
7.645	0.
7.65	0.
7.655	0.
7.66	0.
7.665	0.
7.67	0.
7.675000000000001	0.
7.68	0.
7.685	0.
7.6899999999999995	0.
7.694999999999999	0.
7.699999999999999	0.
7.704999999999999	0.
7.71	0.
7.715	0.
7.72	0.
7.725	0.
7.7299999999999995	0.
7.734999999999999	0.
7.739999999999999	0.
7.744999999999999	0.
7.75	0.
7.755	0.
7.76	0.
7.765	0.
7.77	0.
7.7749999999999995	0.
7.779999999999999	0.
7.784999999999999	0.
7.79	0.
7.795	0.
7.8	0.
7.805	0.
7.81	0.
7.8149999999999995	0.
7.819999999999999	0.
7.824999999999999	0.
7.829999999999999	0.
7.835	0.
7.84	0.
7.845	0.
7.85	0.
7.8549999999999995	0.
7.859999999999999	0.
7.864999999999999	0.
7.869999999999999	0.
7.875	0.
7.88	0.
7.885	0.
7.89	0.
7.895	0.
7.8999999999999995	0.
7.904999999999999	0.
7.909999999999999	0.
7.915	0.
7.92	0.
7.925	0.
7.93	0.
7.935	0.
7.9399999999999995	0.
7.944999999999999	0.
7.949999999999999	0.
7.955	0.
7.96	0.
7.965	0.
7.97	0.
7.975	0.
7.9799999999999995	0.
7.984999999999999	0.
7.989999999999999	0.
7.994999999999999	0.
8.	0.
8.004999999999999	0.
8.01	0.
8.014999999999999	0.
8.02	0.
8.025	0.
8.03	0.
8.035	0.
8.04	0.
8.045	0.
8.049999999999999	0.
8.055	0.
8.059999999999999	0.
8.065	0.
8.07	0.
8.075	0.
8.08	0.
8.084999999999999	0.
8.09	0.
8.094999999999999	0.
8.1	0.
8.105	0.
8.11	0.
8.115	0.
8.12	0.
8.125	0.
8.129999999999999	0.
8.135	0.
8.139999999999999	0.
8.145	0.
8.15	0.
8.155	0.
8.16	0.
8.165	0.
8.17	0.
8.174999999999999	0.
8.18	0.
8.184999999999999	0.
8.19	0.
8.195	0.
8.2	0.
8.205	0.
8.209999999999999	0.
8.215	0.
8.219999999999999	0.
8.225	0.
8.23	0.
8.235	0.
8.24	0.
8.245	0.
8.25	0.
8.254999999999999	0.
8.26	0.
8.264999999999999	0.
8.27	0.
8.275	0.
8.28	0.
8.285	0.
8.29	0.
8.295	0.
8.299999999999999	0.
8.305	0.
8.309999999999999	0.
8.315	0.
8.32	0.
8.325	0.
8.33	0.
8.334999999999999	0.
8.34	0.
8.344999999999999	0.
8.35	0.
8.355	0.
8.36	0.
8.365	0.
8.37	0.
8.375	0.
8.379999999999999	0.
8.385	0.
8.389999999999999	0.
8.395	0.
8.4	0.
8.405	0.
8.41	0.
8.415	0.
8.42	0.
8.424999999999999	0.
8.43	0.
8.434999999999999	0.
8.44	0.
8.445	0.
8.45	0.
8.455	0.
8.459999999999999	0.
8.465	0.
8.469999999999999	0.
8.475	0.
8.48	0.
8.485	0.
8.49	0.
8.495	0.
8.5	0.
8.504999999999999	0.
8.51	0.
8.515	0.
8.52	0.
8.525	0.
8.53	0.
8.535	0.
8.54	0.
8.545	0.
8.549999999999999	0.
8.555	0.
8.559999999999999	0.
8.565	0.
8.57	0.
8.575	0.
8.58	0.
8.584999999999999	0.
8.59	0.
8.594999999999999	0.
8.6	0.
8.605	0.
8.61	0.
8.615	0.
8.62	0.
8.625	0.
8.629999999999999	0.
8.635	0.
8.64	0.
8.645	0.
8.65	0.
8.655	0.
8.66	0.
8.665	0.
8.67	0.
8.674999999999999	0.
8.68	0.
8.684999999999999	0.
8.69	0.
8.695	0.
8.7	0.
8.705	0.
8.709999999999999	0.
8.715	0.
8.719999999999999	0.
8.725	0.
8.73	0.
8.735	0.
8.74	0.
8.745	0.
8.75	0.
8.754999999999999	0.
8.76	0.
8.765	0.
8.77	0.
8.775	0.
8.78	0.
8.785	0.
8.79	0.
8.795	0.
8.799999999999999	0.
8.805	0.
8.809999999999999	0.
8.815	0.
8.82	0.
8.825	0.
8.83	0.
8.834999999999999	0.
8.84	0.
8.844999999999999	0.
8.85	0.
8.855	0.
8.86	0.
8.865	0.
8.87	0.
8.875	0.
8.879999999999999	0.
8.885	0.
8.89	0.
8.895	0.
8.9	0.
8.905	0.
8.91	0.
8.915	0.
8.92	0.
8.924999999999999	0.
8.93	0.
8.934999999999999	0.
8.94	0.
8.945	0.
8.95	0.
8.955	0.
8.959999999999999	0.
8.965	0.
8.969999999999999	0.
8.975	0.
8.98	0.
8.985	0.
8.99	0.
8.995	0.
9.	0.
9.004999999999999	0.
9.01	0.
9.015	0.
9.02	0.
9.025	0.
9.03	0.
9.035	0.
9.04	0.
9.045	0.
9.049999999999999	0.
9.055	0.
9.059999999999999	0.
9.065	0.
9.07	0.
9.075	0.
9.08	0.
9.084999999999999	0.
9.09	0.
9.094999999999999	0.
9.1	0.
9.105	0.
9.11	0.
9.115	0.
9.12	0.
9.125	0.
9.129999999999999	0.
9.135	0.
9.14	0.
9.145	0.
9.15	0.
9.155	0.
9.16	0.
9.165	0.
9.17	0.
9.174999999999999	0.
9.18	0.
9.184999999999999	0.
9.19	0.
9.195	0.
9.2	0.
9.205	0.
9.209999999999999	0.
9.215	0.
9.219999999999999	0.
9.225	0.
9.23	0.
9.235	0.
9.24	0.
9.245	0.
9.25	0.
9.254999999999999	0.
9.26	0.
9.265	0.
9.27	0.
9.275	0.
9.28	0.
9.285	0.
9.29	0.
9.295	0.
9.299999999999999	0.
9.305	0.
9.309999999999999	0.
9.315	0.
9.32	0.
9.325	0.
9.33	0.
9.334999999999999	0.
9.34	0.
9.344999999999999	0.
9.35	0.
9.355	0.
9.36	0.
9.365	0.
9.37	0.
9.375	0.
9.379999999999999	0.
9.385	0.
9.39	0.
9.395	0.
9.4	0.
9.405	0.
9.41	0.
9.415	0.
9.42	0.
9.424999999999999	0.
9.43	0.
9.434999999999999	0.
9.44	0.
9.445	0.
9.45	0.
9.455	0.
9.459999999999999	0.
9.465	0.
9.469999999999999	0.
9.475	0.
9.48	0.
9.485	0.
9.49	0.
9.495	0.
9.5	0.
9.504999999999999	0.
9.51	0.
9.515	0.
9.52	0.
9.525	0.
9.53	0.
9.535	0.
9.54	0.
9.545	0.
9.549999999999999	0.
9.555	0.
9.559999999999999	0.
9.565	0.
9.57	0.
9.575	0.
9.58	0.
9.584999999999999	0.
9.59	0.
9.594999999999999	0.
9.6	0.
9.605	0.
9.61	0.
9.615	0.
9.62	0.
9.625	0.
9.629999999999999	0.
9.635	0.
9.64	0.
9.645	0.
9.65	0.
9.655	0.
9.66	0.
9.665	0.
9.67	0.
9.674999999999999	0.
9.68	0.
9.684999999999999	0.
9.69	0.
9.695	0.
9.7	0.
9.705	0.
9.709999999999999	0.
9.715	0.
9.719999999999999	0.
9.725	0.
9.73	0.
9.735	0.
9.74	0.
9.745	0.
9.75	0.
9.754999999999999	0.
9.76	0.
9.765	0.
9.77	0.
9.774999999999999	0.
9.78	0.
9.785	0.
9.79	0.
9.795	0.
9.8	0.
9.805	0.
9.809999999999999	0.
9.815	0.
9.82	0.
9.825	0.
9.83	0.
9.834999999999999	0.
9.84	0.
9.844999999999999	0.
9.85	0.
9.855	0.
9.86	0.
9.865	0.
9.87	0.
9.875	0.
9.879999999999999	0.
9.885	0.
9.89	0.
9.895	0.
9.899999999999999	0.
9.905	0.
9.91	0.
9.915	0.
9.92	0.
9.925	0.
9.93	0.
9.934999999999999	0.
9.94	0.
9.945	0.
9.95	0.
9.955	0.
9.959999999999999	0.
9.965	0.
9.969999999999999	0.
9.975	0.
9.98	0.
9.985	0.
9.99	0.
9.995	0.
10.	0.
10.004999999999999	0.
10.01	0.
10.015	0.
10.02	0.
10.024999999999999	0.
10.03	0.
10.035	0.
10.04	0.
10.045	0.
10.05	0.
10.055	0.
10.059999999999999	0.
10.065	0.
10.07	0.
10.075	0.
10.08	0.
10.084999999999999	0.
10.09	0.
10.094999999999999	0.
10.1	0.
10.105	0.
10.11	0.
10.115	0.
10.12	0.
10.125	0.
10.129999999999999	0.
10.135	0.
10.14	0.
10.145	0.
10.149999999999999	0.
10.155	0.
10.16	0.
10.165	0.
10.17	0.
10.175	0.
10.18	0.
10.184999999999999	0.
10.19	0.
10.195	0.
10.2	0.
10.205	0.
10.209999999999999	0.
10.215	0.
10.219999999999999	0.
10.225	0.
10.23	0.
10.235	0.
10.24	0.
10.245000000000001	0.
10.250000000000002	0.
10.255	0.
10.260000000000002	0.
10.265	0.
10.270000000000001	0.
10.275	0.
10.280000000000001	0.
10.285	0.
10.290000000000001	0.
10.295000000000002	0.
10.3	0.
10.305000000000001	0.
10.31	0.
10.315000000000001	0.
10.32	0.
10.325000000000001	0.
10.330000000000002	0.
10.335	0.
10.340000000000002	0.
10.345	0.
10.350000000000001	0.
10.355	0.
10.360000000000001	0.
10.365	0.
10.370000000000001	0.
10.375000000000002	0.
10.38	0.
10.385000000000002	0.
10.39	0.
10.395000000000001	0.
10.4	0.
10.405000000000001	0.
10.41	0.
10.415000000000001	0.
10.420000000000002	0.
10.425	0.
10.430000000000001	0.
10.435	0.
10.440000000000001	0.
10.445	0.
10.450000000000001	0.
10.455000000000002	0.
10.46	0.
10.465000000000002	0.
10.47	0.
10.475000000000001	0.
10.48	0.
10.485000000000001	0.
10.49	0.
10.495000000000001	0.
10.500000000000002	0.
10.505	0.
10.510000000000002	0.
10.515	0.
10.520000000000001	0.
10.525	0.
10.530000000000001	0.
10.535	0.
10.540000000000001	0.
10.545000000000002	0.
10.55	0.
10.555000000000001	0.
10.56	0.
10.565000000000001	0.
10.57	0.
10.575000000000001	0.
10.580000000000002	0.
10.585	0.
10.590000000000002	0.
10.595	0.
10.600000000000001	0.
10.605	0.
10.610000000000001	0.
10.615	0.
10.620000000000001	0.
10.625000000000002	0.
10.63	0.
10.635000000000002	0.
10.64	0.
10.645000000000001	0.
10.65	0.
10.655000000000001	0.
10.66	0.
10.665000000000001	0.
10.670000000000002	0.
10.675	0.
10.680000000000001	0.
10.685	0.
10.690000000000001	0.
10.695	0.
10.700000000000001	0.
10.705000000000002	0.
10.71	0.
10.715000000000002	0.
10.72	0.
10.725000000000001	0.
10.73	0.
10.735000000000001	0.
10.74	0.
10.745000000000001	0.
10.750000000000002	0.
10.755	0.
10.760000000000002	0.
10.765	0.
10.770000000000001	0.
10.775	0.
10.780000000000001	0.
10.785	0.
10.790000000000001	0.
10.795000000000002	0.
10.8	0.
10.805000000000001	0.
10.81	0.
10.815000000000001	0.
10.82	0.
10.825000000000001	0.
10.830000000000002	0.
10.835	0.
10.840000000000002	0.
10.845	0.
10.850000000000001	0.
10.855	0.
10.860000000000001	0.
10.865	0.
10.870000000000001	0.
10.875000000000002	0.
10.88	0.
10.885000000000002	0.
10.89	0.
10.895000000000001	0.
10.9	0.
10.905000000000001	0.
10.91	0.
10.915000000000001	0.
10.920000000000002	0.
10.925	0.
10.930000000000001	0.
10.935	0.
10.940000000000001	0.
10.945	0.
10.950000000000001	0.
10.955000000000002	0.
10.96	0.
10.965000000000002	0.
10.97	0.
10.975000000000001	0.
10.98	0.
10.985000000000001	0.
10.99	0.
10.995000000000001	0.
11.000000000000002	0.
11.005	0.
11.010000000000002	0.
11.015	0.
11.020000000000001	0.
11.025	0.
11.030000000000001	0.
11.035	0.
11.040000000000001	0.
11.045000000000002	0.
11.05	0.
11.055000000000001	0.
11.06	0.
11.065000000000001	0.
11.07	0.
11.075000000000001	0.
11.080000000000002	0.
11.085	0.
11.090000000000002	0.
11.095	0.
11.100000000000001	0.
11.105	0.
11.110000000000001	0.
11.115	0.
11.120000000000001	0.
11.125000000000002	0.
11.13	0.
11.135000000000002	0.
11.14	0.
11.145000000000001	0.
11.15	0.
11.155000000000001	0.
11.16	0.
11.165000000000001	0.
11.170000000000002	0.
11.175	0.
11.180000000000001	0.
11.185	0.
11.190000000000001	0.
11.195	0.
11.200000000000001	0.
11.205000000000002	0.
11.21	0.
11.215000000000002	0.
11.22	0.
11.225000000000001	0.
11.23	0.
11.235000000000001	0.
11.24	0.
11.245000000000001	0.
11.250000000000002	0.
11.255	0.
11.260000000000002	0.
11.265	0.
11.270000000000001	0.
11.275	0.
11.280000000000001	0.
11.285	0.
11.290000000000001	0.
11.295000000000002	0.
11.3	0.
11.305000000000001	0.
11.31	0.
11.315000000000001	0.
11.32	0.
11.325000000000001	0.
11.330000000000002	0.
11.335	0.
11.340000000000002	0.
11.345	0.
11.350000000000001	0.
11.355	0.
11.360000000000001	0.
11.365000000000002	0.
11.370000000000001	0.
11.375000000000002	0.
11.38	0.
11.385000000000002	0.
11.39	0.
11.395000000000001	0.
11.4	0.
11.405000000000001	0.
11.41	0.
11.415000000000001	0.
11.420000000000002	0.
11.425	0.
11.430000000000001	0.
11.435	0.
11.440000000000001	0.
11.445	0.
11.450000000000001	0.
11.455000000000002	0.
11.46	0.
11.465000000000002	0.
11.47	0.
11.475000000000001	0.
11.48	0.
11.485000000000001	0.
11.490000000000002	0.
11.495000000000001	0.
11.500000000000002	0.
11.505	0.
11.510000000000002	0.
11.515	0.
11.520000000000001	0.
11.525	0.
11.530000000000001	0.
11.535	0.
11.540000000000001	0.
11.545000000000002	0.
11.55	0.
11.555000000000001	0.
11.56	0.
11.565000000000001	0.
11.57	0.
11.575000000000001	0.
11.580000000000002	0.
11.585	0.
11.590000000000002	0.
11.595	0.
11.600000000000001	0.
11.605	0.
11.610000000000001	0.
11.615000000000002	0.
11.620000000000001	0.
11.625000000000002	0.
11.63	0.
11.635000000000002	0.
11.64	0.
11.645000000000001	0.
11.65	0.
11.655000000000001	0.
11.66	0.
11.665000000000001	0.
11.670000000000002	0.
11.675	0.
11.680000000000001	0.
11.685	0.
11.690000000000001	0.
11.695	0.
11.700000000000001	0.
11.705000000000002	0.
11.71	0.
11.715000000000002	0.
11.72	0.
11.725000000000001	0.
11.73	0.
11.735000000000001	0.
11.740000000000002	0.
11.745000000000001	0.
11.750000000000002	0.
11.755	0.
11.760000000000002	0.
11.765	0.
11.770000000000001	0.
11.775	0.
11.780000000000001	0.
11.785	0.
11.790000000000001	0.
11.795000000000002	0.
11.8	0.
11.805000000000001	0.
11.81	0.
11.815000000000001	0.
11.82	0.
11.825000000000001	0.
11.830000000000002	0.
11.835	0.
11.840000000000002	0.
11.845	0.
11.850000000000001	0.
11.855	0.
11.860000000000001	0.
11.865000000000002	0.
11.870000000000001	0.
11.875000000000002	0.
11.88	0.
11.885000000000002	0.
11.89	0.
11.895000000000001	0.
11.9	0.
11.905000000000001	0.
11.91	0.
11.915000000000001	0.
11.920000000000002	0.
11.925	0.
11.930000000000001	0.
11.935	0.
11.940000000000001	0.
11.945	0.
11.950000000000001	0.
11.955000000000002	0.
11.96	0.
11.965000000000002	0.
11.97	0.
11.975000000000001	0.
11.98	0.
11.985000000000001	0.
11.990000000000002	0.
11.995000000000001	0.
12.000000000000002	0.
12.005	0.
12.010000000000002	0.
12.015	0.
12.020000000000001	0.
12.025	0.
12.030000000000001	0.
12.035	0.
12.040000000000001	0.
12.045000000000002	0.
12.05	0.
12.055000000000001	0.
12.06	0.
12.065000000000001	0.
12.07	0.
12.075000000000001	0.
12.080000000000002	0.
12.085	0.
12.090000000000002	0.
12.095	0.
12.100000000000001	0.
12.105	0.
12.110000000000001	0.
12.115000000000002	0.
12.120000000000001	0.
12.125000000000002	0.
12.13	0.
12.135000000000002	0.
12.14	0.
12.145000000000001	0.
12.15	0.
12.155000000000001	0.
12.16	0.
12.165000000000001	0.
12.170000000000002	0.
12.175	0.
12.180000000000001	0.
12.185	0.
12.190000000000001	0.
12.195	0.
12.200000000000001	0.
12.205000000000002	0.
12.21	0.
12.215000000000002	0.
12.22	0.
12.225000000000001	0.
12.23	0.
12.235000000000001	0.
12.240000000000002	0.
12.245000000000001	0.
12.25	0.
12.255	0.
12.260000000000002	0.
12.265	0.
12.270000000000001	0.
12.275000000000002	0.
12.280000000000001	0.
12.285	0.
12.290000000000001	0.
12.295000000000002	0.
12.3	0.
12.305000000000001	0.
12.31	0.
12.315000000000001	0.
12.32	0.
12.325000000000001	0.
12.330000000000002	0.
12.335	0.
12.340000000000002	0.
12.345	0.
12.350000000000001	0.
12.355	0.
12.360000000000001	0.
12.365000000000002	0.
12.370000000000001	0.
12.375	0.
12.38	0.
12.385000000000002	0.
12.39	0.
12.395000000000001	0.
12.400000000000002	0.
12.405000000000001	0.
12.41	0.
12.415000000000001	0.
12.420000000000002	0.
12.425	0.
12.430000000000001	0.
12.435	0.
12.440000000000001	0.
12.445	0.
12.450000000000001	0.
12.455000000000002	0.
12.46	0.
12.465000000000002	0.
12.47	0.
12.475000000000001	0.
12.48	0.
12.485000000000001	0.
12.490000000000002	0.
12.495000000000001	0.
12.5	0.
12.505	0.
12.510000000000002	0.
12.515	0.
12.520000000000001	0.
12.525000000000002	0.
12.530000000000001	0.
12.535	0.
12.540000000000001	0.
12.545000000000002	0.
12.55	0.
12.555000000000001	0.
12.56	0.
12.565000000000001	0.
12.57	0.
12.575000000000001	0.
12.580000000000002	0.
12.585	0.
12.590000000000002	0.
12.595	0.
12.600000000000001	0.
12.605	0.
12.610000000000001	0.
12.615000000000002	0.
12.620000000000001	0.
12.625	0.
12.63	0.
12.635000000000002	0.
12.64	0.
12.645000000000001	0.
12.650000000000002	0.
12.655000000000001	0.
12.66	0.
12.665000000000001	0.
12.670000000000002	0.
12.675	0.
12.680000000000001	0.
12.685	0.
12.690000000000001	0.
12.695	0.
12.700000000000001	0.
12.705000000000002	0.
12.71	0.
12.715000000000002	0.
12.72	0.
12.725000000000001	0.
12.73	0.
12.735000000000001	0.
12.740000000000002	0.
12.745000000000001	0.
12.75	0.
12.755	0.
12.760000000000002	0.
12.765	0.
12.770000000000001	0.
12.775000000000002	0.
12.780000000000001	0.
12.785	0.
12.790000000000001	0.
12.795000000000002	0.
12.8	0.
12.805000000000001	0.
12.810000000000002	0.
12.815000000000001	0.
12.820000000000002	0.
12.825000000000001	0.
12.830000000000002	0.
12.835	0.
12.840000000000002	0.
12.845	0.
12.850000000000001	0.
12.855000000000002	0.
12.860000000000001	0.
12.865000000000002	0.
12.870000000000001	0.
12.875000000000002	0.
12.88	0.
12.885000000000002	0.
12.890000000000002	0.
12.895000000000001	0.
12.900000000000002	0.
12.905000000000001	0.
12.910000000000002	0.
12.915000000000001	0.
12.920000000000002	0.
12.925	0.
12.930000000000001	0.
12.935000000000002	0.
12.940000000000001	0.
12.945000000000002	0.
12.950000000000001	0.
12.955000000000002	0.
12.96	0.
12.965000000000002	0.
12.97	0.
12.975000000000001	0.
12.980000000000002	0.
12.985000000000001	0.
12.990000000000002	0.
12.995000000000001	0.
13.000000000000002	0.
13.005	0.
13.010000000000002	0.
13.015000000000002	0.
13.020000000000001	0.
13.025000000000002	0.
13.030000000000001	0.
13.035000000000002	0.
13.040000000000001	0.
13.045000000000002	0.
13.05	0.
13.055000000000001	0.
13.060000000000002	0.
13.065000000000001	0.
13.070000000000002	0.
13.075000000000001	0.
13.080000000000002	0.
13.085	0.
13.090000000000002	0.
13.095	0.
13.100000000000001	0.
13.105000000000002	0.
13.110000000000001	0.
13.115000000000002	0.
13.120000000000001	0.
13.125000000000002	0.
13.13	0.
13.135000000000002	0.
13.140000000000002	0.
13.145000000000001	0.
13.150000000000002	0.
13.155000000000001	0.
13.160000000000002	0.
13.165000000000001	0.
13.170000000000002	0.
13.175	0.
13.180000000000001	0.
13.185000000000002	0.
13.190000000000001	0.
13.195000000000002	0.
13.200000000000001	0.
13.205000000000002	0.
13.21	0.
13.215000000000002	0.
13.220000000000002	0.
13.225000000000001	0.
13.230000000000002	0.
13.235000000000001	0.
13.240000000000002	0.
13.245000000000001	0.
13.250000000000002	0.
13.255	0.
13.260000000000002	0.
13.265000000000002	0.
13.270000000000001	0.
13.275000000000002	0.
13.280000000000001	0.
13.285000000000002	0.
13.290000000000001	0.
13.295000000000002	0.
13.3	0.
13.305000000000001	0.
13.310000000000002	0.
13.315000000000001	0.
13.320000000000002	0.
13.325000000000001	0.
13.330000000000002	0.
13.335	0.
13.340000000000002	0.
13.345000000000002	0.
13.350000000000001	0.
13.355000000000002	0.
13.360000000000001	0.
13.365000000000002	0.
13.370000000000001	0.
13.375000000000002	0.
13.38	0.
13.385000000000002	0.
13.39	0.
13.395000000000001	0.
13.400000000000002	0.
13.405000000000001	0.
13.410000000000002	0.
13.415000000000001	0.
13.420000000000002	0.
13.425	0.
13.430000000000001	0.
13.435000000000002	0.
13.440000000000001	0.
13.445000000000002	0.
13.450000000000001	0.
13.455000000000002	0.
13.46	0.
13.465000000000002	0.
13.470000000000002	0.
13.475000000000001	0.
13.480000000000002	0.
13.485000000000001	0.
13.490000000000002	0.
13.495000000000001	0.
13.500000000000002	0.
13.505	0.
13.510000000000002	0.
13.515	0.
13.520000000000001	0.
13.525000000000002	0.
13.530000000000001	0.
13.535000000000002	0.
13.540000000000001	0.
13.545000000000002	0.
13.55	0.
13.555000000000001	0.
13.560000000000002	0.
13.565000000000001	0.
13.570000000000002	0.
13.575000000000001	0.
13.580000000000002	0.
13.585	0.
13.590000000000002	0.
13.595000000000002	0.
13.600000000000001	0.
13.605000000000002	0.
13.610000000000001	0.
13.615000000000002	0.
13.620000000000001	0.
13.625000000000002	0.
13.63	0.
13.635000000000002	0.
13.64	0.
13.645000000000001	0.
13.650000000000002	0.
13.655000000000001	0.
13.660000000000002	0.
13.665000000000001	0.
13.670000000000002	0.
13.675	0.
13.680000000000001	0.
13.685000000000002	0.
13.690000000000001	0.
13.695000000000002	0.
13.700000000000001	0.
13.705000000000002	0.
13.71	0.
13.715000000000002	0.
13.720000000000002	0.
13.725000000000001	0.
13.730000000000002	0.
13.735000000000001	0.
13.740000000000002	0.
13.745000000000001	0.
13.750000000000002	0.
13.755	0.
13.760000000000002	0.
13.765	0.
13.770000000000001	0.
13.775000000000002	0.
13.780000000000001	0.
13.785000000000002	0.
13.790000000000001	0.
13.795000000000002	0.
13.8	0.
13.805000000000001	0.
13.810000000000002	0.
13.815000000000001	0.
13.820000000000002	0.
13.825000000000001	0.
13.830000000000002	0.
13.835	0.
13.840000000000002	0.
13.845000000000002	0.
13.850000000000001	0.
13.855000000000002	0.
13.860000000000001	0.
13.865000000000002	0.
13.870000000000001	0.
13.875000000000002	0.
13.88	0.
13.885000000000002	0.
13.89	0.
13.895000000000001	0.
13.900000000000002	0.
13.905000000000001	0.
13.910000000000002	0.
13.915000000000001	0.
13.920000000000002	0.
13.925	0.
13.930000000000001	0.
13.935000000000002	0.
13.940000000000001	0.
13.945000000000002	0.
13.950000000000001	0.
13.955000000000002	0.
13.96	0.
13.965000000000002	0.
13.970000000000002	0.
13.975000000000001	0.
13.980000000000002	0.
13.985000000000001	0.
13.990000000000002	0.
13.995000000000001	0.
14.	0.