0.005	0.
0.01	0.
0.015	0.
0.02	0.
0.025	0.
0.030000000000000002	0.
0.034999999999999996	0.
0.04	0.
0.045	0.
0.049999999999999996	0.
0.055	0.
0.06	0.
0.065	0.
0.07	0.
0.07500000000000001	0.
0.08	0.
0.085	0.
0.09000000000000001	0.
0.095	0.
0.1	0.
0.10500000000000001	0.
0.11	0.
0.115	0.
0.12000000000000001	0.
0.125	0.
0.13	0.
0.135	0.
0.14	0.
0.14500000000000002	0.0814126482770512
0.15	0.12451181138262851
0.155	0.15231821136110135
0.16	0.17287678581064583
0.165	0.18894108281595354
0.17	0.20187891156298035
0.17500000000000002	0.21249664440728402
0.18000000000000002	0.2213199082219439
0.185	0.22871472538441606
0.19	0.23494813497937977
0.195	0.24022180544702806
0.2	0.24469213533491574
0.20500000000000002	0.2484829923666171
0.21000000000000002	0.25169416655123383
0.215	0.25440719188418465
0.22	0.2566894806635532
0.225	0.25859733586185735
0.23	0.26017819433229594
0.23500000000000001	0.2614723287242902
0.24000000000000002	0.26251415976824194
0.245	0.2633332825223015
0.25	0.2639552789712353
0.255	0.2644023685905569
0.26	0.2646939343386996
0.265	0.26484695170669625
0.27	0.2648763414968461
0.275	0.2647952619975488
0.28	0.2646153525687825
0.28500000000000003	0.26434693795045694
0.29000000000000004	0.26399920058219645
0.295	0.2635803266903948
0.3	0.26309763072557596
0.305	0.2625576618270381
0.31	0.26196629528562904
0.315	0.2613288114206987
0.32	0.26064996384800876
0.325	0.25993403876519855
0.33	0.25918490660031657
0.335	0.2584060671419927
0.34	0.2576006890854869
0.34500000000000003	0.25677164477830516
0.35000000000000003	0.2559215408255537
0.35500000000000004	0.2550527451132834
0.36	0.25416741072367327
0.365	0.2532674971456407
0.37	0.25235478912580367
0.375	0.2514309134554929
0.38	0.25049735394807215
0.385	0.24955546482583965
0.39	0.24860648270613092
0.395	0.24765153735098927
0.4	0.2466916613233104
0.405	0.24572779867392688
0.41000000000000003	0.244760812768361
0.41500000000000004	0.24379149334837133
0.42000000000000004	0.2428205629117421
0.425	0.2418486824836642
0.43	0.2408764568442569
0.435	0.2399044392692209
0.44	0.23893313583397663
0.445	0.23796300932585293
0.45	0.2369944828038955
0.455	0.23602794284138506
0.46	0.23506374248235937
0.465	0.23410220393995554
0.47000000000000003	0.23314362106144984
0.47500000000000003	0.23218826158221414
0.48000000000000004	0.23123636918843843
0.485	0.2302881654064877
0.49	0.22934385133482776
0.495	0.22840360923293646
0.5	0.22746760398009433
0.505	0.22653598441569134
0.51	0.22560888457157416
0.515	0.2246864248058813
0.52	0.22376871284695524
0.525	0.22285584475504697
0.53	0.22194790580886373
0.535	0.22104497132330872
0.54	0.22014710740416957
0.545	0.21925437164501912
0.55	0.21836681377109765
0.555	0.21748447623449202
0.56	0.2166073947645939
0.5650000000000001	0.21573559887739932
0.5700000000000001	0.2148691123469892
0.5750000000000001	0.21400795364213687
0.5800000000000001	0.2131521363308296
0.585	0.21230166945519033
0.59	0.21145655787907197
0.595	0.2106168026105089
0.6	0.2097824011008374
0.605	0.20895334752236536
0.61	0.20812963302611395
0.615	0.20731124598123638
0.62	0.20649817219733652
0.625	0.20569039513111945
0.63	0.20488789607836258
0.635	0.20409065435242046
0.64	0.20329864745013926
0.645	0.2025118512061805
0.65	0.20173023993649325
0.655	0.20095378657180246
0.66	0.2001824627817677
0.665	0.199416239090477
0.67	0.1986550849839244
0.675	0.19789896900997345
0.68	0.19714785887140715
0.685	0.19640172151246277
0.6900000000000001	0.1956605231993631
0.6950000000000001	0.19492422959522412
0.7000000000000001	0.19419280582977294
0.7050000000000001	0.1934662165641301
0.71	0.19274442605113032
0.715	0.19202739819135267
0.72	0.19131509658524679
0.725	0.19060748458155302
0.73	0.18990452532232655
0.735	0.18920618178469778
0.74	0.18851241681977476
0.745	0.18782319318853646
0.75	0.1871384735953865
0.755	0.1864582207190446
0.76	0.18578239724132922
0.765	0.18511096587372658
0.77	0.18444388938202125
0.775	0.18378113060904722
0.78	0.18312265249574444
0.785	0.1824684181005865
0.79	0.18181839061754326
0.795	0.1811725333962476
0.8	0.1805308099386061
0.805	0.1798931839481042
0.81	0.17925961931062484
0.8150000000000001	0.17863008011949924
0.8200000000000001	0.1780045306839437
0.8250000000000001	0.17738293553987583
0.8300000000000001	0.17676525945784724
0.8350000000000001	0.17615146745153093
0.84	0.17554152478487448
0.845	0.17493539697871494
0.85	0.17433304981667808
0.855	0.17373444935046406
0.86	0.17313956190450952
0.865	0.17254835408027225
0.87	0.17196079275960743
0.875	0.17137684510827003
0.88	0.17079647857837543
0.885	0.17021966091082869
0.89	0.16964636013723977
0.895	0.16907654458143506
0.9	0.1685101828607393
0.905	0.167947243886876
0.91	0.1673876968665861
0.915	0.16683151130196566
0.92	0.16627865699060068
0.925	0.16572910402542645
0.93	0.16518282279440225
0.935	0.1646397839798942
0.9400000000000001	0.16409995855802992
0.9450000000000001	0.1635633177977316
0.9500000000000001	0.1630298332596966
0.9550000000000001	0.16249947679513338
0.9600000000000001	0.16197222054445587
0.965	0.16144803693579154
0.97	0.1609268986834221
0.975	0.16040877878601947
0.98	0.15989365052492702
0.985	0.15938148746225
0.99	0.1588722634388811
0.995	0.15836595257250535
1.	0.15786252925544525
1.005	0.15736196815254744
1.01	0.15686424419892367
1.015	0.1563693325977303
1.02	0.15587720881782552
1.025	0.15538784859139895
1.0299999999999998	0.15490122791167077
1.035	0.1544173230303863
1.0399999999999998	0.15393611045544167
1.045	0.15345756694837717
1.0499999999999998	0.15298166952193923
1.055	0.15250839543755446
1.0599999999999998	0.1520377222028177
1.065	0.15156962756902603
1.0699999999999998	0.1511040895285692
1.075	0.15064108631249984
1.0799999999999998	0.15018059638791473
1.085	0.1497225984554802
1.0899999999999999	0.1492670714468788
1.095	0.1488139945222967
1.0999999999999999	0.14836334706789692
1.105	0.14791510869331154
1.1099999999999999	0.14746925922913756
1.115	0.1470257787244478
1.1199999999999999	0.14658464744431243
1.125	0.14614584586731535
1.13	0.1457093546831114
1.135	0.14527515478999212
1.14	0.1448432272924463
1.145	0.14441355349877094
1.15	0.14398611491864713
1.155	0.14356089326082183
1.16	0.14313787043068132
1.1649999999999998	0.14271702852799342
1.17	0.14229834984452916
1.1749999999999998	0.14188181686180254
1.18	0.14146741224879134
1.1849999999999998	0.141055118859663
1.19	0.14064491973157647
1.1949999999999998	0.14023679808243592
1.2	0.13983073730872828
1.2049999999999998	0.13942672098334435
1.21	0.1390247328534244
1.2149999999999999	0.13862475683826614
1.22	0.13822677702719965
1.2249999999999999	0.1378307776775094
1.23	0.13743674321239005
1.2349999999999999	0.13704465821891926
1.24	0.1366545074460317
1.2449999999999999	0.13626627580255338
1.25	0.13587994835521425
1.255	0.13549551032674073
1.26	0.1351129470938976
1.265	0.1347322441856266
1.27	0.13435338728116467
1.275	0.13397636220817447
1.28	0.13360115494094818
1.285	0.1332277515985837
1.2899999999999998	0.1328561384431966
1.295	0.13248630187817978
1.2999999999999998	0.13211822844644103
1.305	0.13175190482870283
1.3099999999999998	0.1313873178417976
1.315	0.1310244544369919
1.3199999999999998	0.13066330169834353
1.325	0.1303038468410642
1.3299999999999998	0.12994607720989515
1.335	0.12958998027753763
1.3399999999999999	0.12923554364307296
1.345	0.12888275503041363
1.3499999999999999	0.12853160228677274
1.355	0.12818207338115703
1.3599999999999999	0.12783415640287307
1.365	0.12748783956006024
1.3699999999999999	0.12714311117824711
1.375	0.12679995969888988
1.38	0.12645837367801221
1.385	0.1261183417847557
1.39	0.12577985280003307
1.395	0.12544289561517938
1.4	0.1251074592305753
1.405	0.12477353275437421
1.41	0.12444110540115545
1.4149999999999998	0.12411016649066443
1.42	0.12378070544653313
1.4249999999999998	0.12345271179502751
1.43	0.12312617516381211
1.4349999999999998	0.12280108528073845
1.44	0.12247743197263004
1.4449999999999998	0.1221552051641043
1.45	0.12183439487640615
1.4549999999999998	0.121514991226236
1.46	0.12119698442463261
1.4649999999999999	0.120880364775831
1.47	0.1205651226761593
1.4749999999999999	0.1202512486129595
1.48	0.11993873316347714
1.4849999999999999	0.11962756699383062
1.49	0.1193177408579329
1.4949999999999999	0.11900924559647694
1.5	0.1187020721359021
1.505	0.11839621148738441
1.51	0.11809165474584851
1.515	0.1177883930889825
1.52	0.11748641777627102
1.525	0.11718572014803845
1.53	0.11688629162450774
1.535	0.11658812370486855
1.54	0.11629120796636806
1.545	0.115995536063392
1.5499999999999998	0.11570109972658031
1.555	0.11540789076196005
1.5599999999999998	0.11511590105004156
1.565	0.11482512254499552
1.5699999999999998	0.11453554727378532
1.575	0.11424716733535022
1.5799999999999998	0.1139599748997618
1.585	0.11367396220742726
1.5899999999999999	0.11338912156828367
1.595	0.11310544536100144
1.5999999999999999	0.11282292603220928
1.605	0.1125415560957251
1.6099999999999999	0.11226132813179535
1.615	0.11198223478633836
1.6199999999999999	0.11170426877021307
1.625	0.1114274228584912
1.63	0.11115168988972246
1.635	0.11087706276523623
1.64	0.11060353444844537
1.645	0.11033109796413113
1.65	0.11005974639778673
1.655	0.10978947289492502
1.66	0.10952027066041618
1.665	0.10925213295784035
1.67	0.10898505310882912
1.6749999999999998	0.10871902449243144
1.68	0.10845404054448335
1.6849999999999998	0.10819009475697587
1.69	0.10792718067745673
1.6949999999999998	0.10766529190840243
1.7	0.10740442210664083
1.7049999999999998	0.10714456498274375
1.71	0.10688571430045542
1.7149999999999999	0.1066278638761043
1.72	0.10637100757803965
1.7249999999999999	0.10611513932607959
1.73	0.10586025309094486
1.7349999999999999	0.10560634289371226
1.74	0.10535340280528267
1.7449999999999999	0.10510142694584249
1.75	0.10485040948433888
1.755	0.10460034463796243
1.76	0.10435122667162926
1.765	0.10410304989747973
1.77	0.10385580867437406
1.775	0.10360949740740283
1.78	0.10336411054740267
1.785	0.1031196425904615
1.79	0.10287608807746158
1.795	0.10263344159359503
1.7999999999999998	0.10239169776791217
1.805	0.10215085127285824
1.8099999999999998	0.10191089682382151
1.815	0.10167182917868804
1.8199999999999998	0.10143364313740706
1.825	0.10119633354154521
1.8299999999999998	0.10095989527386691
1.835	0.1007243232579053
1.8399999999999999	0.10048961245754608
1.845	0.10025575787660851
1.8499999999999999	0.10002275455844307
1.855	0.09979059758552958
1.8599999999999999	0.09955928207906638
1.865	0.09932880319859351
1.8699999999999999	0.09909915614159052
1.875	0.09887033614309718
1.88	0.09864233847533715
1.885	0.09841515844734113
1.89	0.09818879140457498
1.895	0.09796323272857542
1.9	0.09773847783658825
1.905	0.09751452218121232
1.91	0.09729136125005097
1.915	0.09706899056535526
1.92	0.09684740568368493
1.9249999999999998	0.0966266021955732
1.93	0.09640657572517969
1.9349999999999998	0.09618732192997131
1.94	0.09596883650038071
1.9449999999999998	0.09575111515950026
1.95	0.09553415366274197
1.9549999999999998	0.09531794779753629
1.96	0.09510249338301636
1.9649999999999999	0.09488778626970358
1.97	0.09467382233920682
1.9749999999999999	0.09446059750392344
1.98	0.09424810770673787
1.9849999999999999	0.09403634892072837
1.99	0.09382531714887403
1.9949999999999999	0.09361500842377102
2.	0.09340541880734676
2.005	0.09319654439057619
2.01	0.09298838129320983
2.015	0.09278092566349552
2.02	0.09257417367790997
2.025	0.0923681215408856
2.03	0.0921627654845534
2.035	0.09195810176847648
2.04	0.09175412667938553
2.045	0.0915508365309385
2.05	0.09134822766345438
2.0549999999999997	0.09114629644366466
2.06	0.09094503926447585
2.065	0.09074445254471031
2.07	0.09054453272887883
2.0749999999999997	0.09034527628693377
2.08	0.09014667971403507
2.085	0.08994873953031508
2.09	0.08975145228065305
2.0949999999999998	0.08955481453444426
2.1	0.08935882288536713
2.105	0.0891634739511759
2.11	0.08896876437346353
2.1149999999999998	0.08877469081745756
2.12	0.08858124997179083
2.125	0.08838843854830424
2.13	0.08819625328182401
2.135	0.08800469092995342
2.14	0.08781374827287362
2.145	0.08762342211313547
2.15	0.08743370927545781
2.155	0.08724460660652864
2.16	0.0870561109748103
2.165	0.0868682192703376
2.17	0.08668092840453506
2.175	0.0864942353100167
2.18	0.08630813694040339
2.185	0.0861226302701328
2.19	0.08593771229427757
2.195	0.08575338002835925
2.1999999999999997	0.08556963050817194
2.205	0.08538646078960072
2.21	0.08520386794844428
2.215	0.08502184908024378
2.2199999999999998	0.0848404013001057
2.225	0.08465952174253324
2.23	0.08447920756125954
2.235	0.08429945592907113
2.2399999999999998	0.08412026403765349
2.245	0.08394162909741906
2.25	0.08376354833735047
2.255	0.0835860190048371
2.26	0.08340903836551536
2.265	0.0832326037031148
2.27	0.08305671231930259
2.275	0.08288136153352522
2.28	0.08270654868286288
2.285	0.082532271121874
2.29	0.0823585262224467
2.295	0.0821853113736551
2.3	0.08201262398161183
2.305	0.08184046146931888
2.31	0.08166882127653274
2.315	0.0814977008596156
2.32	0.08132709769140338
2.3249999999999997	0.08115700926105887
2.33	0.08098743307394199
2.335	0.08081836665146541
2.34	0.0806498075309749
2.3449999999999998	0.08048175326559916
2.35	0.08031420142412882
2.355	0.08014714959088835
2.36	0.07998059536559819
2.3649999999999998	0.07981453636325365
2.37	0.07964897021399554
2.375	0.07948389456299124
2.38	0.07931930707030264
2.385	0.07915520541077031
2.39	0.07899158727388639
2.395	0.07882845036368345
2.4	0.07866579239860455
2.405	0.07850361111139552
2.41	0.07834190424898316
2.415	0.07818066957236129
2.42	0.07801990485647704
2.425	0.07785960789011742
2.43	0.0776997764757982
2.435	0.07754040842965232
2.44	0.07738150158132041
2.445	0.07722305377384413
2.4499999999999997	0.07706506286355506
2.455	0.07690752671997231
2.46	0.07675044322569292
2.465	0.07659381027629343
2.4699999999999998	0.07643762578021826
2.475	0.07628188765868668
2.48	0.0761265938455853
2.485	0.07597174228736751
2.4899999999999998	0.07581733094295928
2.495	0.0756633577836544
2.5	0.07550982079302253
2.505	0.07535671796680982
2.51	0.07520404731284418
2.515	0.07505180685093868
2.52	0.07489999461280217
2.525	0.07474860864194076
2.53	0.07459764699357292
2.535	0.07444710773452998
2.54	0.0742969889431729
2.545	0.07414728870929976
2.55	0.07399800513405864
2.555	0.07384913632985811
2.56	0.07370068042028244
2.565	0.0735526355400025
2.57	0.07340499983469492
2.5749999999999997	0.07325777146095565
2.58	0.07311094858621442
2.585	0.07296452938865412
2.59	0.07281851205713001
2.5949999999999998	0.07267289479108396
2.6	0.07252767580046854
2.605	0.07238285330566503
2.61	0.0722384255374044
2.6149999999999998	0.07209439073668952
2.62	0.07195074715471693
2.625	0.07180749305280106
2.63	0.0716646267022967
2.635	0.07152214638452543
2.64	0.07138005039069772
2.645	0.07123833702184357
2.65	0.0710970045887337
2.655	0.0709560514118106
2.66	0.07081547582111498
2.665	0.07067527615621579
2.67	0.07053545076613658
2.675	0.070395998009289
2.68	0.07025691625339925
2.685	0.07011820387544386
2.69	0.06997985926157647
2.695	0.06984188080706485
2.7	0.06970426691622049
2.705	0.06956701600233414
2.71	0.06943012648760775
2.715	0.06929359680309341
2.7199999999999998	0.06915742538862318
2.725	0.06902161069274976
2.73	0.0688861511726803
2.735	0.06875104529421362
2.7399999999999998	0.06861629153168013
2.745	0.06848188836787607
2.75	0.0683478342940056
2.755	0.06821412780961869
2.76	0.06808076742255088
2.765	0.06794775164886405
2.77	0.06781507901278563
2.775	0.06768274804665304
2.78	0.067550757290852
2.785	0.06741910529376133
2.79	0.06728779061169514
2.795	0.06715681180884668
2.8	0.0670261674572292
2.8049999999999997	0.06689585613662614
2.81	0.06676587643452923
2.815	0.0666362269460893
2.82	0.06650690627405853
2.825	0.06637791302873827
2.83	0.06624924582792519
2.835	0.06612090329685812
2.84	0.06599288406816765
2.8449999999999998	0.06586518678182043
2.85	0.065737810085071
2.855	0.06561075263240967
2.86	0.06548401308551088
2.8649999999999998	0.06535759011318437
2.87	0.06523148239132429
2.875	0.06510568860286094
2.88	0.0649802074377101
2.885	0.0648550375927274
2.89	0.06473017777165548
2.895	0.06460562668508195
2.9	0.0644813830503874
2.905	0.06435744559170002
2.91	0.06423381303985076
2.915	0.06411048413232413
2.92	0.06398745761321417
2.925	0.06386473223317966
2.9299999999999997	0.0637423067493962
2.935	0.06362017992551616
2.94	0.06349835053161884
2.945	0.06337681734417165
2.95	0.06325557914598304
2.955	0.0631346347261613
2.96	0.0630139828800702
2.965	0.06289362240928721
2.9699999999999998	0.06277355212156194
2.975	0.06265377083077325
2.98	0.06253427735688868
2.985	0.062415070525921386
2.9899999999999998	0.06229614916989256
2.995	0.062177512126788105
3.	0.0620591582405192
3.005	0.06194108636088342
3.01	0.061823295343524376
3.015	0.06170578404989236
3.02	0.061588551347206526
3.025	0.06147159610841461
3.03	0.06135491721215565
3.035	0.061238513542722924
3.04	0.06112238399002419
3.045	0.061006527449546225
3.05	0.0608909428223169
3.0549999999999997	0.06077562901486782
3.06	0.060660584939199375
3.065	0.060545809512742965
3.07	0.060431301658326164
3.075	0.06031706030413624
3.08	0.060203084383686205
3.085	0.060089372835777935
3.09	0.05997592460446841
3.0949999999999998	0.05986273863903501
3.1	0.059749813893941565
3.105	0.0596371493288032
3.11	0.05952474390835438
3.115	0.05941259660241418
3.12	0.05930070638585264
3.125	0.0591890722385597
3.13	0.059077693145410254
3.135	0.05896656809623365
3.14	0.058855696085779854
3.145	0.05874507611368895
3.15	0.05863470718445773
3.155	0.058524588307410155
3.16	0.05841471849666469
3.165	0.058305096771104105
3.17	0.05819572215434377
3.175	0.05808659367470222
3.1799999999999997	0.05797771036517043
3.185	0.05786907126338156
3.19	0.05776067541158123
3.195	0.05765252185659782
3.2	0.05754460964981313
3.205	0.057436937847133766
3.21	0.0573295055089611
3.215	0.057222311700163425
3.2199999999999998	0.05711535549004627
3.225	0.057008635952326844
3.23	0.056902152165101326
3.235	0.05679590321082218
3.24	0.0566898881762666
3.245	0.05658410615250994
3.25	0.05647855623490001
3.255	0.05637323752302798
3.26	0.05626814912070268
3.265	0.05616329013592383
3.27	0.056058659680854175
3.275	0.0559542568717959
3.28	0.05585008082916218
3.285	0.05574613067745082
3.29	0.05564240554522187
3.295	0.055538904565068783
3.3	0.055435626873593796
3.3049999999999997	0.0553325716113845
3.31	0.05522973792298578
3.315	0.05512712495687856
3.32	0.055024731865451613
3.325	0.05492255780498008
3.33	0.054820601935599594
3.335	0.0547188634212828
3.34	0.05461734142981396
3.3449999999999998	0.05451603513276767
3.35	0.05441494370548383
3.355	0.054314066327043185
3.36	0.054213402180246964
3.365	0.05411295045159076
3.37	0.05401271033124277
3.375	0.053912681013022344
3.38	0.05381286169437478
3.385	0.053713251576351186
3.39	0.05361384986358472
3.395	0.053514655764268816
3.4	0.053415668490136015
3.405	0.05331688725643484
3.41	0.053218311281908744
3.415	0.05311993978877493
3.42	0.0530217720027019
3.425	0.05292380715278971
3.4299999999999997	0.0528260444715475
3.435	0.052728483194872805
3.44	0.052631122562032645
3.445	0.05253396181563841
3.45	0.052437000201631175
3.455	0.052340236969256604
3.46	0.052243671371047226
3.465	0.052147302662800654
3.4699999999999998	0.052051130103560966
3.475	0.05195515295559897
3.48	0.05185937048439164
3.485	0.051763781958601915
3.49	0.05166838665006147
3.495	0.05157318383374983
3.5	0.05147817278777456
3.505	0.05138335279335495
3.51	0.05128872313479978
3.515	0.05119428309949061
3.52	0.051100031977862656
3.525	0.051005969063386246
3.53	0.05091209365254762
3.535	0.050818405044832225
3.54	0.050724902542705
3.545	0.05063158545159303
3.55	0.05053845307986792
3.5549999999999997	0.050445504738826696
3.56	0.050352739742676
3.565	0.050260157408511925
3.5700000000000003	0.05016775705630633
3.575	0.05007553800888558
3.58	0.04998349959191445
3.585	0.04989164113388127
3.59	0.04979996196607719
3.5949999999999998	0.04970846142258272
3.5999999999999996	0.04961713884024807
3.605	0.04952599355867793
3.61	0.049435024920216133
3.615	0.0493442322699252
3.62	0.04925361495557365
3.625	0.0491631723276196
3.63	0.04907290373919161
3.635	0.04898280854607502
3.6399999999999997	0.04889288610669648
3.645	0.04880313578210459
3.65	0.048713556935959426
3.6550000000000002	0.048624148934511696
3.66	0.04853491114659055
3.665	0.04844584294358646
3.67	0.048356943699437015
3.675	0.048268212790610075
3.6799999999999997	0.04817964959608982
3.685	0.048091253497360584
3.69	0.04800302387839481
3.6950000000000003	0.04791496012563183
3.7	0.04782706162797187
3.705	0.0477393277767517
3.71	0.047651757965738555
3.715	0.04756435159110898
3.7199999999999998	0.04747710805143891
3.7249999999999996	0.04739002674768699
3.73	0.04730310708318055
3.735	0.04721634846360138
3.74	0.04712975029697263
3.745	0.0470433119936434
3.75	0.04695703296627617
3.755	0.04687091262983049
3.76	0.04678495040155171
3.7649999999999997	0.04669914570095773
3.77	0.04661349794982163
3.775	0.046528006572160996
3.7800000000000002	0.04644267099422444
3.785	0.04635749064447814
3.79	0.046272464953591594
3.795	0.04618759335442461
3.8	0.04610287528201343
3.8049999999999997	0.046018310173561075
3.81	0.045933897468419006
3.815	0.04584963660807857
3.8200000000000003	0.045765527036156474
3.825	0.045681568198381955
3.83	0.045597759542583334
3.835	0.045514100518677644
3.84	0.045430590578655915
3.8449999999999998	0.04534722917657011
3.8499999999999996	0.045264015768524346
3.855	0.045180949812657654
3.86	0.04509803076913663
3.865	0.0450152581001379
3.87	0.04493263126984035
3.875	0.04485014974441234
3.88	0.04476781299199712
3.885	0.044685620482702144
3.8899999999999997	0.044603571688590235
3.895	0.04452166608366116
3.9	0.044439903143847284
3.9050000000000002	0.044358282346995376
3.91	0.04427680317285981
3.915	0.04419546510308944
3.92	0.04411426762121371
3.925	0.04403321021263379
3.9299999999999997	0.04395229236461238
3.935	0.043871513566258014
3.94	0.04379087330851708
3.9450000000000003	0.04371037108416339
3.95	0.04363000638778305
3.955	0.04354977871576713
3.96	0.043469687566299084
3.965	0.043389732439343597
3.9699999999999998	0.04330991283663582
3.9749999999999996	0.04323022826167119
3.98	0.043150678219693504
3.985	0.04307126221768518
3.99	0.042991979764354794
3.995	0.042912830370128725
4.	0.04283381354714059
4.005	0.04275492880921625
4.01	0.042676175671868564
4.015	0.042597553652286395
4.02	0.042519062269319834
4.025	0.04244070104347475
4.03	0.04236246949689983
4.035	0.042284367153376856
4.04	0.04220639353831107
4.045	0.04212854817872089
4.05	0.04205083060322527
4.055	0.04197324034203999
4.0600000000000005	0.04189577692695963
4.0649999999999995	0.04181843989135259
4.07	0.04174122877015101
4.075	0.04166414309983904
4.08	0.041587182418444515
4.085	0.04151034626552778
4.09	0.041433634182173315
4.095	0.04135704571097848
4.1	0.04128058039604689
4.105	0.041204237782974946
4.109999999999999	0.041128017418843005
4.115	0.041051918852210476
4.12	0.040975941633098714
4.125	0.04090008531298822
4.13	0.040824349444806965
4.135	0.040748733582917064
4.14	0.04067323728311427
4.145	0.04059786010260816
4.15	0.04052260160002262
4.155	0.040447461335379076
4.16	0.04037243887009146
4.165	0.0402975337669578
4.17	0.04022274559014653
4.175	0.040148073905191234
4.18	0.04007351827898207
4.1850000000000005	0.03999907827975343
4.1899999999999995	0.03992475347707708
4.195	0.039850543441856005
4.2	0.039776447746308216
4.205	0.03970246596396555
4.21	0.039628597669658774
4.215	0.039554842439515105
4.22	0.03948119985094259
4.225	0.03940766948262797
4.23	0.039334250914520676
4.234999999999999	0.039260943727831996
4.24	0.03918774750502195
4.245	0.03911466182978886
4.25	0.03904168628706836
4.255	0.038968820463015225
4.26	0.03889606394499921
4.265	0.03882341632160248
4.27	0.038750877182599584
4.275	0.03867844611895876
4.28	0.038606122722828616
4.285	0.03853390658752956
4.29	0.03846179730754839
4.295	0.038389794478528756
4.3	0.038317897697261766
4.305	0.03824610656167986
4.3100000000000005	0.03817442067084563
4.3149999999999995	0.03810283962494386
4.32	0.03803136302527938
4.325	0.03795999047425951
4.33	0.03788872157539443
4.335	0.03781755593328202
4.34	0.0377464931536058
4.345	0.037675532843121425
4.35	0.03760467460965491
4.355	0.037533918062086204
4.359999999999999	0.03746326281035032
4.365	0.037392708465423606
4.37	0.03732225463931575
4.375	0.037251900945066536
4.38	0.03718164699673126
4.385	0.037111492409376945
4.39	0.03704143679907575
4.395	0.03697147978289504
4.4	0.036901620978885524
4.405	0.036831860006084
4.41	0.036762196484492596
4.415	0.036692630035083426
4.42	0.03662316027977945
4.425	0.036553786841455674
4.43	0.03648450934392667
4.4350000000000005	0.03641532741193992
4.4399999999999995	0.03634624067116842
4.445	0.03627724874820172
4.45	0.036208351270543844
4.455	0.036139547866593034
4.46	0.0360708381656489
4.465	0.0360022217978957
4.47	0.035933698394396495
4.475	0.0358652675870863
4.48	0.0357969290087651
4.484999999999999	0.035728682293087045
4.49	0.035660527074559384
4.495	0.035592462988524136
4.5	0.03552448967116399
4.505	0.035456606759485136
4.51	0.035388813891308615
4.515	0.03532111070527303
4.52	0.03525349684081545
4.525	0.03518597193817198
4.53	0.035118535638366664
4.535	0.03505118758320192
4.54	0.034983927415257916
4.545	0.03491675477787674
4.55	0.034849669315162334
4.555	0.03478267067196816
4.5600000000000005	0.03471575849389037
4.5649999999999995	0.03464893242726237
4.57	0.03458219211914447
4.575	0.034515537217323124
4.58	0.0344489673702903
4.585	0.034382482227251876
4.59	0.03431608143810641
4.595000000000001	0.03424976465344825
4.6	0.034183531524552266
4.605	0.03411738170337279
4.609999999999999	0.03405131484252911
4.615	0.033985330595306576
4.62	0.0339194286156384
4.625	0.03385360855811104
4.63	0.033787870077947285
4.635	0.03372221283099576
4.640000000000001	0.03365663647373938
4.645	0.03359114066327127
4.65	0.03352572505729383
4.654999999999999	0.033460389314114644
4.66	0.03339513309263
4.665	0.03332995605232894
4.67	0.033264857853275355
4.675	0.033199838156105436
4.68	0.033134896622022604
4.6850000000000005	0.03307003291278207
4.6899999999999995	0.03300524669069292
4.695	0.032940537618601703
4.7	0.03287590535989186
4.705	0.03281134957847261
4.71	0.0327468699387721
4.715	0.03268246610573071
4.720000000000001	0.032618137744789055
4.725	0.032553884521890224
4.73	0.03248970610345886
4.734999999999999	0.03242560215640669
4.74	0.03236157234811445
4.745	0.03229761634643123
4.75	0.032233733819663365
4.755	0.03216992443656739
4.76	0.03210618786634191
4.765000000000001	0.03204252377862247
4.77	0.03197893184347086
4.775	0.03191541173136868
4.779999999999999	0.03185196311320744
4.785	0.031788585660285834
4.79	0.031725279044297144
4.795	0.03166204293732254
4.8	0.03159887701182356
4.805	0.031535780940636846
4.8100000000000005	0.03147275439696216
4.8149999999999995	0.03140979705435543
4.82	0.0313469085867243
4.825	0.03128408866831506
4.83	0.031221336973707662
4.835	0.031158653177808453
4.84	0.03109603695583977
4.845000000000001	0.031033487983331953
4.85	0.03097100593611934
4.855	0.030908590490327178
4.859999999999999	0.03084624132236456
4.865	0.030783958108920626
4.87	0.0307217405269486
4.875	0.030659588253666277
4.88	0.030597500966540018
4.885	0.03053547834328076
4.890000000000001	0.030473520061835933
4.895	0.03041162580037929
4.9	0.03034979523730313
4.904999999999999	0.030288028051210093
4.91	0.030226323920904557
4.915	0.030164682525384436
4.92	0.03010310354383174
4.925	0.030041586655604254
4.93	0.029980131540229056
4.9350000000000005	0.02991873787739189
4.9399999999999995	0.029857405346927764
4.945	0.029796133628810714
4.95	0.02973492240315411
4.955	0.02967377135018939
4.96	0.029612680150264435
4.965	0.029551648483835933
4.970000000000001	0.029490676031453483
4.975	0.029429762473758964
4.98	0.02936890749146979
4.984999999999999	0.02930811076537448
4.99	0.02924737197632497
4.995	0.02918669080521987
5.	0.02912606693300666
5.005	0.02906550004066017
5.01	0.029004989809179614
5.015000000000001	0.02894453591958097
5.02	0.02888413805288559
5.025	0.02882379589010629
5.029999999999999	0.028763509112243978
5.035	0.02870327740027504
5.04	0.028643100435142024
5.045	0.028582977897745863
5.05	0.028522909468928073
5.055	0.02846289482947608
5.0600000000000005	0.02840293366009615
5.0649999999999995	0.028343025641413614
5.07	0.02828317045396302
5.075	0.02822336777817163
5.08	0.02816361729435417
5.085	0.028103918682701772
5.09	0.028044271623270094
5.095000000000001	0.027984675795968753
5.1	0.027925130880553813
5.105	0.02786563655661339
5.109999999999999	0.027806192503559715
5.115	0.027746798400614475
5.12	0.027687453926803753
5.125	0.027628158760943645
5.13	0.027568912581627567
5.135	0.027509715067216542
5.14	0.027450565895830698
5.145	0.02739146474533528
5.15	0.027332411293326826
5.155	0.027273405217128704
5.16	0.027214446193772772
5.165	0.027155533899988333
5.17	0.027096668012196574
5.175	0.027037848206488458
5.18	0.026979074158626725
5.185	0.02692034554401628
5.19	0.02686166203770561
5.195	0.02680302331437285
5.2	0.02674442904830442
5.205	0.026685878913391785
5.21	0.026627372583117963
5.215	0.02656890973053801
5.22	0.02651049002827108
5.225	0.026452113148490178
5.23	0.026393778762902755
5.235	0.02633548654273967
5.24	0.026277236158743965
5.245	0.026219027281156607
5.25	0.02616085957969982
5.255	0.026102732723567106
5.26	0.026044646381405967
5.265	0.02598660022130727
5.27	0.025928593910787553
5.275	0.0258706271167783
5.28	0.025812699505609413
5.285	0.025754810742991855
5.29	0.025696960494008953
5.295	0.025639148423096635
5.3	0.025581374194029817
5.305	0.025523637469907615
5.31	0.02546593791313934
5.315	0.025408275185419212
5.32	0.025350648947729773
5.325	0.025293058860306313
5.33	0.025235504582630304
5.335	0.02517798577341481
5.34	0.02512050209058143
5.345	0.025063053191247502
5.35	0.025005638731712826
5.355	0.024948258367433467
5.36	0.024890911753012047
5.365	0.024833598542180417
5.37	0.024776318387772216
5.375	0.024719070941721325
5.38	0.024661855855027483
5.385	0.024604672777751142
5.39	0.024547521358983398
5.395	0.024490401246839107
5.4	0.024433312088427524
5.405	0.02437625352983919
5.41	0.024319225216125256
5.415	0.024262226791275557
5.42	0.024205257898201334
5.425	0.024148318178718018
5.43	0.024091407273514977
5.435	0.024034524822144604
5.44	0.02397767046299868
5.445	0.023920843833285056
5.45	0.023864044569008817
5.455	0.023807272304946822
5.46	0.023750526674631865
5.465	0.02369380731032283
5.47	0.023637113842989922
5.475	0.02358044590228601
5.48	0.023523803116525688
5.485	0.023467185112660584
5.49	0.023410591516258995
5.495	0.023354021951477972
5.5	0.0232974760410403
5.505	0.02324095340620795
5.51	0.023184453666761567
5.515	0.023127976440970987
5.52	0.023071521345569442
5.525	0.023015087995731192
5.53	0.022958676005038734
5.535	0.0229022849854629
5.54	0.022845914547330648
5.545	0.02278956429929874
5.55	0.022733233848325856
5.555	0.02267692279964547
5.56	0.02262063075673432
5.565	0.02256435732128345
5.57	0.022508102093171563
5.575	0.022451864670432576
5.58	0.022395644649223057
5.585	0.02233944162379654
5.59	0.022283255186466618
5.595	0.022227084927576576
5.6	0.022170930435468552
5.605	0.022114791296449922
5.61	0.022058667094757563
5.615	0.022002557412527997
5.62	0.021946461829760292
5.625	0.021890379924279113
5.63	0.021834311271703308
5.635	0.021778255445405847
5.64	0.021722212016482733
5.645	0.02166618055370867
5.65	0.02161016062350466
5.655	0.02155415178989647
5.66	0.021498153614477905
5.665	0.0214421656563668
5.67	0.0213861874721729
5.675	0.021330218615946434
5.68	0.021274258639145047
5.6850000000000005	0.021218307090586915
5.69	0.021162363516407715
5.695	0.02110642746002151
5.7	0.02105049846207076
5.705	0.02099457606038096
5.71	0.02093865978992108
5.715	0.02088274918275094
5.72	0.020826843767974484
5.725	0.020770943071692367
5.73	0.020715046616954773
5.735	0.02065915392370737
5.74	0.02060326450874284
5.745	0.02054737788564827
5.75	0.020491493564756238
5.755	0.02043561105308345
5.76	0.020379729854280743
5.765	0.02032384946858221
5.77	0.02026796939274081
5.775	0.02021208911997319
5.78	0.020156208139904958
5.785	0.02010032593850536
5.79	0.02004444199803173
5.795	0.019988555796963247
5.8	0.01993266680994385
5.805	0.01987677450771292
5.8100000000000005	0.019820878357040002
5.815	0.019764977820662586
5.82	0.019709072357218166
5.825	0.01965316142116762
5.83	0.019597244462734743
5.835	0.01954132092782981
5.84	0.01948539025797813
5.845	0.019429451890242543
5.85	0.01937350525715446
5.855	0.019317549786627922
5.86	0.019261584901889398
5.865	0.019205610021391727
5.87	0.01914962455873416
5.875	0.019093627922580805
5.88	0.01903761951657132
5.885	0.018981598739238464
5.89	0.018925564983917516
5.895	0.01886951763865836
5.9	0.01881345608612922
5.905	0.01875737970352652
5.91	0.0187012878624772
5.915	0.01864517992894196
5.92	0.018589055263115637
5.925	0.018532913219323637
5.93	0.01847675314591908
5.9350000000000005	0.018420574385178547
5.94	0.018364376273189976
5.945	0.01830815813974772
5.95	0.018251919308231116
5.955	0.01819565909549585
5.96	0.018139376811757164
5.965	0.018083071760463473
5.97	0.018026743238177132
5.975	0.01797039053444973
5.98	0.017914012931690933
5.985	0.0178576097050391
5.99	0.017801180122226458
5.995	0.017744723443445527
6.	0.017688238921201548
6.005	0.017631725800176596
6.01	0.01757518331707732
6.015	0.01751861070049369
6.02	0.017462007170734144
6.025	0.017405371939679528
6.03	0.017348704210616087
6.035	0.017292003178073008
6.04	0.017235268027659272
6.045	0.017178497935884076
6.05	0.017121692069986944
6.055	0.0170648495877571
6.0600000000000005	0.01700796963734595
6.065	0.016951051357082202
6.07	0.016894093875278283
6.075	0.016837096310030088
6.08	0.016780057769016903
6.085	0.016722977349294
6.09	0.01666585413707881
6.095	0.016608687207531562
6.1	0.01655147562453906
6.105	0.016494218440475626
6.11	0.01643691469597841
6.115	0.016379563419698717
6.12	0.0163221636280616
6.125	0.016264714325010286
6.13	0.01620721450174652
6.135	0.016149663136464484
6.140000000000001	0.01609205919408146
6.145	0.0160344016259513
6.15	0.015976689369584896
6.155	0.015918921348346188
6.16	0.01586109647115614
6.165	0.01580321363218061
6.17	0.015745271710507793
6.175	0.015687269569821936
6.18	0.015629206058069722
6.1850000000000005	0.015571080007108929
6.1899999999999995	0.015512890232353738
6.195	0.015454635532412274
6.2	0.015396314688708326
6.205	0.015337926465094284
6.21	0.015279469607454804
6.215	0.01522094284329877
6.22	0.015162344881338457
6.225	0.015103674411057045
6.23	0.015044930102261107
6.235	0.01498611060462735
6.24	0.01492721454722831
6.245	0.014868240538047035
6.25	0.014809187163475866
6.255	0.01475005298780544
6.26	0.014690836552690432
6.265000000000001	0.014631536376604748
6.27	0.014572150954278372
6.275	0.014512678756115257
6.28	0.01445311822759567
6.285	0.014393467788660425
6.29	0.014333725833070583
6.295	0.014273890727754581
6.3	0.014213960812124449
6.305	0.014153934397385595
6.3100000000000005	0.014093809765803248
6.3149999999999995	0.014033585169965794
6.32	0.013973258832009408
6.325	0.01391282894282476
6.33	0.013852293661232508
6.335	0.013791651113135793
6.34	0.01373089939063881
6.345	0.013670036551142201
6.35	0.013609060616400331
6.355	0.013547969571549311
6.36	0.013486761364101414
6.365	0.013425433902905433
6.37	0.013363985057065644
6.375	0.013302412654826366
6.38	0.013240714482415487
6.385	0.01317888828284513
6.390000000000001	0.013116931754668836
6.395	0.01305484255069537
6.4	0.012992618276649597
6.405	0.012930256489788674
6.41	0.01286775469746185
6.415	0.012805110355619181
6.42	0.012742320867259762
6.425	0.012679383580820701
6.43	0.012616295788505842
6.4350000000000005	0.012553054724544313
6.4399999999999995	0.012489657563383287
6.445	0.012426101417807107
6.45	0.012362383336979784
6.455	0.012298500304408929
6.46	0.01223444923582549
6.465	0.012170226976973368
6.47	0.01210583030130984
6.475	0.01204125590760693
6.48	0.011976500417448849
6.485	0.011911560372624775
6.49	0.011846432232404815
6.495	0.011781112370699003
6.5	0.01171559707308822
6.505	0.01164988253372258
6.51	0.011583964852081095
6.515000000000001	0.011517840029579163
6.52	0.011451503966024346
6.525	0.01138495245590175
6.53	0.01131818118448979
6.535	0.01125118572378579
6.54	0.011183961528236565
6.545	0.0111165039302641
6.55	0.011048808135569103
6.555	0.010980869218198996
6.5600000000000005	0.01091268211537188
6.5649999999999995	0.010844241622034654
6.57	0.010775542385140545
6.575	0.010706578897631524
6.58	0.01063734549210581
6.585	0.010567836334138776
6.59	0.01049804541525546
6.595	0.010427966545515288
6.6	0.01035759334568434
6.605	0.010286919238976405
6.61	0.010215937442322541
6.615	0.010144640957142233
6.62	0.010073022559580406
6.625	0.010001074790168707
6.63	0.009928789942871531
6.635	0.009856160053475036
6.640000000000001	0.009783176887257605
6.645	0.00970983192591153
6.65	0.009636116353623766
6.655	0.009562021042286591
6.66	0.009487536535744284
6.665	0.009412653033008533
6.67	0.009337360370358061
6.675	0.009261648002228597
6.68	0.009185504980798528
6.6850000000000005	0.009108919934146835
6.6899999999999995	0.00903188104287139
6.695	0.008954376015033074
6.7	0.008876392059259237
6.705	0.008797915855875067
6.71	0.008718933525835687
6.715	0.008639430597294813
6.72	0.008559391969555602
6.725	0.00847880187417466
6.73	0.008397643832911805
6.735	0.0083159006122345
6.74	0.008233554174003201
6.745	0.008150585621963366
6.75	0.008066975143569754
6.755	0.007982701946668554
6.76	0.007897744190444915
6.765000000000001	0.007812078910008514
6.77	0.0077256819338585685
6.775	0.007638527793436287
6.78	0.0075505896237789945
6.785	0.007461839054174332
6.79	0.007372246087620928
6.795	0.007281778967577158
6.8	0.007190404030396573
6.805	0.007098085541481946
6.8100000000000005	0.007004785512925284
6.8149999999999995	0.0069104635000057394
6.82	0.0068150763734946464
6.825	0.0067185780641203265
6.83	0.006620919274963745
6.835	0.006522047156699622
6.84	0.006421904939637311
6.845	0.006320431515393667
6.85	0.006217560959410523
6.855	0.0061132219838671556
6.86	0.006007337308114583
6.865	0.005899822930958209
6.87	0.005790587285372658
6.875	0.005679530251658915
6.88	0.005566541998883229
6.885	0.0054515016167313015
6.890000000000001	0.005334275489334212
6.895	0.005214715349312601
6.9	0.005092655931320024
6.905	0.004967912119923714
6.91	0.004840275451682132
6.915	0.00470950978343465
6.92	0.004575345870300486
6.925	0.004437474498114373
6.93	0.004295537669665313
6.9350000000000005	0.004149117125221703
6.9399999999999995	0.003997719140807106
6.945	0.0038407540140812436
6.95	0.0036775077766622423
6.955	0.0035071021991716924
6.96	0.0033284365616039592
6.965	0.0031400998691220243
6.97	0.002940232815301349
6.975	0.0027262991171515373
6.98	0.002494680799724268
6.985	0.002239896601709972
6.99	0.0019528983372127475
6.995	0.0016166166108147959
7.	0.0011899749803813617
7.005	0.00047071979091299545
7.01	0.
7.015000000000001	0.
7.02	0.
7.025	0.
7.03	0.
7.035	0.
7.04	0.
7.045	0.
7.05	0.
7.055	0.
7.0600000000000005	0.
7.0649999999999995	0.
7.07	0.
7.075	0.
7.08	0.
7.085	0.
7.09	0.
7.095	0.
7.1	0.
7.105	0.
7.11	0.
7.115	0.
7.12	0.
7.125	0.
7.13	0.
7.135	0.
7.140000000000001	0.
7.145	0.
7.15	0.
7.155	0.
7.16	0.
7.165	0.
7.17	0.
7.175	0.
7.18	0.
7.1850000000000005	0.
7.1899999999999995	0.
7.195	0.
7.2	0.
7.205	0.
7.21	0.
7.215	0.
7.220000000000001	0.
7.225	0.
7.23	0.
7.234999999999999	0.
7.24	0.
7.245	0.
7.25	0.
7.255	0.
7.26	0.
7.265000000000001	0.
7.27	0.
7.275	0.
7.28	0.
7.285	0.
7.29	0.
7.295	0.
7.300000000000001	0.
7.305	0.
7.3100000000000005	0.
7.3149999999999995	0.
7.32	0.
7.325	0.
7.33	0.
7.335	0.
7.34	0.
7.345000000000001	0.
7.35	0.
7.355	0.
7.359999999999999	0.
7.365	0.
7.37	0.
7.375	0.
7.38	0.
7.385	0.
7.390000000000001	0.
7.395	0.
7.4	0.
7.405	0.
7.41	0.
7.415	0.
7.42	0.
7.425000000000001	0.
7.43	0.
7.4350000000000005	0.
7.4399999999999995	0.
7.445	0.
7.45	0.
7.455	0.
7.46	0.
7.465	0.
7.470000000000001	0.
7.475	0.
7.48	0.
7.484999999999999	0.
7.49	0.
7.495	0.
7.5	0.
7.505	0.
7.51	0.
7.515000000000001	0.
7.52	0.
7.525	0.
7.53	0.
7.535	0.
7.54	0.
7.545	0.
7.550000000000001	0.
7.555	0.
7.5600000000000005	0.
7.5649999999999995	0.
7.57	0.
7.575	0.
7.58	0.
7.585	0.
7.59	0.
7.595000000000001	0.
7.6	0.
7.605	0.
7.609999999999999	0.
7.615	0.
7.62	0.
7.625	0.
7.63	0.
7.635	0.
7.640000000000001	0.
7.645	0.
7.65	0.
7.655	0.
7.66	0.
7.665	0.
7.67	0.
7.675000000000001	0.
7.68	0.
7.685	0.
7.6899999999999995	0.
7.694999999999999	0.
7.699999999999999	0.
7.704999999999999	0.
7.71	0.
7.715	0.
7.72	0.
7.725	0.
7.7299999999999995	0.
7.734999999999999	0.
7.739999999999999	0.
7.744999999999999	0.
7.75	0.
7.755	0.
7.76	0.
7.765	0.
7.77	0.
7.7749999999999995	0.
7.779999999999999	0.
7.784999999999999	0.
7.79	0.
7.795	0.
7.8	0.
7.805	0.
7.81	0.
7.8149999999999995	0.
7.819999999999999	0.
7.824999999999999	0.
7.829999999999999	0.
7.835	0.
7.84	0.
7.845	0.
7.85	0.
7.8549999999999995	0.
7.859999999999999	0.
7.864999999999999	0.
7.869999999999999	0.
7.875	0.
7.88	0.
7.885	0.
7.89	0.
7.895	0.
7.8999999999999995	0.
7.904999999999999	0.
7.909999999999999	0.
7.915	0.
7.92	0.
7.925	0.
7.93	0.
7.935	0.
7.9399999999999995	0.
7.944999999999999	0.
7.949999999999999	0.
7.955	0.
7.96	0.
7.965	0.
7.97	0.
7.975	0.
7.9799999999999995	0.
7.984999999999999	0.
7.989999999999999	0.
7.994999999999999	0.
8.	0.
8.004999999999999	0.
8.01	0.
8.014999999999999	0.
8.02	0.
8.025	0.
8.03	0.
8.035	0.
8.04	0.
8.045	0.
8.049999999999999	0.
8.055	0.
8.059999999999999	0.
8.065	0.
8.07	0.
8.075	0.
8.08	0.
8.084999999999999	0.
8.09	0.
8.094999999999999	0.
8.1	0.
8.105	0.
8.11	0.
8.115	0.
8.12	0.
8.125	0.
8.129999999999999	0.
8.135	0.
8.139999999999999	0.
8.145	0.
8.15	0.
8.155	0.
8.16	0.
8.165	0.
8.17	0.
8.174999999999999	0.
8.18	0.
8.184999999999999	0.
8.19	0.
8.195	0.
8.2	0.
8.205	0.
8.209999999999999	0.
8.215	0.
8.219999999999999	0.
8.225	0.
8.23	0.
8.235	0.
8.24	0.
8.245	0.
8.25	0.
8.254999999999999	0.
8.26	0.
8.264999999999999	0.
8.27	0.
8.275	0.
8.28	0.
8.285	0.
8.29	0.
8.295	0.
8.299999999999999	0.
8.305	0.
8.309999999999999	0.
8.315	0.
8.32	0.
8.325	0.
8.33	0.
8.334999999999999	0.
8.34	0.
8.344999999999999	0.
8.35	0.
8.355	0.
8.36	0.
8.365	0.
8.37	0.
8.375	0.
8.379999999999999	0.
8.385	0.
8.389999999999999	0.
8.395	0.
8.4	0.
8.405	0.
8.41	0.
8.415	0.
8.42	0.
8.424999999999999	0.
8.43	0.
8.434999999999999	0.
8.44	0.
8.445	0.
8.45	0.
8.455	0.
8.459999999999999	0.
8.465	0.
8.469999999999999	0.
8.475	0.
8.48	0.
8.485	0.
8.49	0.
8.495	0.
8.5	0.
8.504999999999999	0.
8.51	0.
8.515	0.
8.52	0.
8.525	0.
8.53	0.
8.535	0.
8.54	0.
8.545	0.
8.549999999999999	0.
8.555	0.
8.559999999999999	0.
8.565	0.
8.57	0.
8.575	0.
8.58	0.
8.584999999999999	0.
8.59	0.
8.594999999999999	0.
8.6	0.
8.605	0.
8.61	0.
8.615	0.
8.62	0.
8.625	0.
8.629999999999999	0.
8.635	0.
8.64	0.
8.645	0.
8.65	0.
8.655	0.
8.66	0.
8.665	0.
8.67	0.
8.674999999999999	0.
8.68	0.
8.684999999999999	0.
8.69	0.
8.695	0.
8.7	0.
8.705	0.
8.709999999999999	0.
8.715	0.
8.719999999999999	0.
8.725	0.
8.73	0.
8.735	0.
8.74	0.
8.745	0.
8.75	0.
8.754999999999999	0.
8.76	0.
8.765	0.
8.77	0.
8.775	0.
8.78	0.
8.785	0.
8.79	0.
8.795	0.
8.799999999999999	0.
8.805	0.
8.809999999999999	0.
8.815	0.
8.82	0.
8.825	0.
8.83	0.
8.834999999999999	0.
8.84	0.
8.844999999999999	0.
8.85	0.
8.855	0.
8.86	0.
8.865	0.
8.87	0.
8.875	0.
8.879999999999999	0.
8.885	0.
8.89	0.
8.895	0.
8.9	0.
8.905	0.
8.91	0.
8.915	0.
8.92	0.
8.924999999999999	0.
8.93	0.
8.934999999999999	0.
8.94	0.
8.945	0.
8.95	0.
8.955	0.
8.959999999999999	0.
8.965	0.
8.969999999999999	0.
8.975	0.
8.98	0.
8.985	0.
8.99	0.
8.995	0.
9.	0.
9.004999999999999	0.
9.01	0.
9.015	0.
9.02	0.
9.025	0.
9.03	0.
9.035	0.
9.04	0.
9.045	0.
9.049999999999999	0.
9.055	0.
9.059999999999999	0.
9.065	0.
9.07	0.
9.075	0.
9.08	0.
9.084999999999999	0.
9.09	0.
9.094999999999999	0.
9.1	0.
9.105	0.
9.11	0.
9.115	0.
9.12	0.
9.125	0.
9.129999999999999	0.
9.135	0.
9.14	0.
9.145	0.
9.15	0.
9.155	0.
9.16	0.
9.165	0.
9.17	0.
9.174999999999999	0.
9.18	0.
9.184999999999999	0.
9.19	0.
9.195	0.
9.2	0.
9.205	0.
9.209999999999999	0.
9.215	0.
9.219999999999999	0.
9.225	0.
9.23	0.
9.235	0.
9.24	0.
9.245	0.
9.25	0.
9.254999999999999	0.
9.26	0.
9.265	0.
9.27	0.
9.275	0.
9.28	0.
9.285	0.
9.29	0.
9.295	0.
9.299999999999999	0.
9.305	0.
9.309999999999999	0.
9.315	0.
9.32	0.
9.325	0.
9.33	0.
9.334999999999999	0.
9.34	0.
9.344999999999999	0.
9.35	0.
9.355	0.
9.36	0.
9.365	0.
9.37	0.
9.375	0.
9.379999999999999	0.
9.385	0.
9.39	0.
9.395	0.
9.4	0.
9.405	0.
9.41	0.
9.415	0.
9.42	0.
9.424999999999999	0.
9.43	0.
9.434999999999999	0.
9.44	0.
9.445	0.
9.45	0.
9.455	0.
9.459999999999999	0.
9.465	0.
9.469999999999999	0.
9.475	0.
9.48	0.
9.485	0.
9.49	0.
9.495	0.
9.5	0.
9.504999999999999	0.
9.51	0.
9.515	0.
9.52	0.
9.525	0.
9.53	0.
9.535	0.
9.54	0.
9.545	0.
9.549999999999999	0.
9.555	0.
9.559999999999999	0.
9.565	0.
9.57	0.
9.575	0.
9.58	0.
9.584999999999999	0.
9.59	0.
9.594999999999999	0.
9.6	0.
9.605	0.
9.61	0.
9.615	0.
9.62	0.
9.625	0.
9.629999999999999	0.
9.635	0.
9.64	0.
9.645	0.
9.65	0.
9.655	0.
9.66	0.
9.665	0.
9.67	0.
9.674999999999999	0.
9.68	0.
9.684999999999999	0.
9.69	0.
9.695	0.
9.7	0.
9.705	0.
9.709999999999999	0.
9.715	0.
9.719999999999999	0.
9.725	0.
9.73	0.
9.735	0.
9.74	0.
9.745	0.
9.75	0.
9.754999999999999	0.
9.76	0.
9.765	0.
9.77	0.
9.774999999999999	0.
9.78	0.
9.785	0.
9.79	0.
9.795	0.
9.8	0.
9.805	0.
9.809999999999999	0.
9.815	0.
9.82	0.
9.825	0.
9.83	0.
9.834999999999999	0.
9.84	0.
9.844999999999999	0.
9.85	0.
9.855	0.
9.86	0.
9.865	0.
9.87	0.
9.875	0.
9.879999999999999	0.
9.885	0.
9.89	0.
9.895	0.
9.899999999999999	0.
9.905	0.
9.91	0.
9.915	0.
9.92	0.
9.925	0.
9.93	0.
9.934999999999999	0.
9.94	0.
9.945	0.
9.95	0.
9.955	0.
9.959999999999999	0.
9.965	0.
9.969999999999999	0.
9.975	0.
9.98	0.
9.985	0.
9.99	0.
9.995	0.
10.	0.
10.004999999999999	0.
10.01	0.
10.015	0.
10.02	0.
10.024999999999999	0.
10.03	0.
10.035	0.
10.04	0.
10.045	0.
10.05	0.
10.055	0.
10.059999999999999	0.
10.065	0.
10.07	0.
10.075	0.
10.08	0.
10.084999999999999	0.
10.09	0.
10.094999999999999	0.
10.1	0.
10.105	0.
10.11	0.
10.115	0.
10.12	0.
10.125	0.
10.129999999999999	0.
10.135	0.
10.14	0.
10.145	0.
10.149999999999999	0.
10.155	0.
10.16	0.
10.165	0.
10.17	0.
10.175	0.
10.18	0.
10.184999999999999	0.
10.19	0.
10.195	0.
10.2	0.
10.205	0.
10.209999999999999	0.
10.215	0.
10.219999999999999	0.
10.225	0.
10.23	0.
10.235	0.
10.24	0.
10.245000000000001	0.
10.250000000000002	0.
10.255	0.
10.260000000000002	0.
10.265	0.
10.270000000000001	0.
10.275	0.
10.280000000000001	0.
10.285	0.
10.290000000000001	0.
10.295000000000002	0.
10.3	0.
10.305000000000001	0.
10.31	0.
10.315000000000001	0.
10.32	0.
10.325000000000001	0.
10.330000000000002	0.
10.335	0.
10.340000000000002	0.
10.345	0.
10.350000000000001	0.
10.355	0.
10.360000000000001	0.
10.365	0.
10.370000000000001	0.
10.375000000000002	0.
10.38	0.
10.385000000000002	0.
10.39	0.
10.395000000000001	0.
10.4	0.
10.405000000000001	0.
10.41	0.
10.415000000000001	0.
10.420000000000002	0.
10.425	0.
10.430000000000001	0.
10.435	0.
10.440000000000001	0.
10.445	0.
10.450000000000001	0.
10.455000000000002	0.
10.46	0.
10.465000000000002	0.
10.47	0.
10.475000000000001	0.
10.48	0.
10.485000000000001	0.
10.49	0.
10.495000000000001	0.
10.500000000000002	0.
10.505	0.
10.510000000000002	0.
10.515	0.
10.520000000000001	0.
10.525	0.
10.530000000000001	0.
10.535	0.
10.540000000000001	0.
10.545000000000002	0.
10.55	0.
10.555000000000001	0.
10.56	0.
10.565000000000001	0.
10.57	0.
10.575000000000001	0.
10.580000000000002	0.
10.585	0.
10.590000000000002	0.
10.595	0.
10.600000000000001	0.
10.605	0.
10.610000000000001	0.
10.615	0.
10.620000000000001	0.
10.625000000000002	0.
10.63	0.
10.635000000000002	0.
10.64	0.
10.645000000000001	0.
10.65	0.
10.655000000000001	0.
10.66	0.
10.665000000000001	0.
10.670000000000002	0.
10.675	0.
10.680000000000001	0.
10.685	0.
10.690000000000001	0.
10.695	0.
10.700000000000001	0.
10.705000000000002	0.
10.71	0.
10.715000000000002	0.
10.72	0.
10.725000000000001	0.
10.73	0.
10.735000000000001	0.
10.74	0.
10.745000000000001	0.
10.750000000000002	0.
10.755	0.
10.760000000000002	0.
10.765	0.
10.770000000000001	0.
10.775	0.
10.780000000000001	0.
10.785	0.
10.790000000000001	0.
10.795000000000002	0.
10.8	0.
10.805000000000001	0.
10.81	0.
10.815000000000001	0.
10.82	0.
10.825000000000001	0.
10.830000000000002	0.
10.835	0.
10.840000000000002	0.
10.845	0.
10.850000000000001	0.
10.855	0.
10.860000000000001	0.
10.865	0.
10.870000000000001	0.
10.875000000000002	0.
10.88	0.
10.885000000000002	0.
10.89	0.
10.895000000000001	0.
10.9	0.
10.905000000000001	0.
10.91	0.
10.915000000000001	0.
10.920000000000002	0.
10.925	0.
10.930000000000001	0.
10.935	0.
10.940000000000001	0.
10.945	0.
10.950000000000001	0.
10.955000000000002	0.
10.96	0.
10.965000000000002	0.
10.97	0.
10.975000000000001	0.
10.98	0.
10.985000000000001	0.
10.99	0.
10.995000000000001	0.
11.000000000000002	0.
11.005	0.
11.010000000000002	0.
11.015	0.
11.020000000000001	0.
11.025	0.
11.030000000000001	0.
11.035	0.
11.040000000000001	0.
11.045000000000002	0.
11.05	0.
11.055000000000001	0.
11.06	0.
11.065000000000001	0.
11.07	0.
11.075000000000001	0.
11.080000000000002	0.
11.085	0.
11.090000000000002	0.
11.095	0.
11.100000000000001	0.
11.105	0.
11.110000000000001	0.
11.115	0.
11.120000000000001	0.
11.125000000000002	0.
11.13	0.
11.135000000000002	0.
11.14	0.
11.145000000000001	0.
11.15	0.
11.155000000000001	0.
11.16	0.
11.165000000000001	0.
11.170000000000002	0.
11.175	0.
11.180000000000001	0.
11.185	0.
11.190000000000001	0.
11.195	0.
11.200000000000001	0.
11.205000000000002	0.
11.21	0.
11.215000000000002	0.
11.22	0.
11.225000000000001	0.
11.23	0.
11.235000000000001	0.
11.24	0.
11.245000000000001	0.
11.250000000000002	0.
11.255	0.
11.260000000000002	0.
11.265	0.
11.270000000000001	0.
11.275	0.
11.280000000000001	0.
11.285	0.
11.290000000000001	0.
11.295000000000002	0.
11.3	0.
11.305000000000001	0.
11.31	0.
11.315000000000001	0.
11.32	0.
11.325000000000001	0.
11.330000000000002	0.
11.335	0.
11.340000000000002	0.
11.345	0.
11.350000000000001	0.
11.355	0.
11.360000000000001	0.
11.365000000000002	0.
11.370000000000001	0.
11.375000000000002	0.
11.38	0.
11.385000000000002	0.
11.39	0.
11.395000000000001	0.
11.4	0.
11.405000000000001	0.
11.41	0.
11.415000000000001	0.
11.420000000000002	0.
11.425	0.
11.430000000000001	0.
11.435	0.
11.440000000000001	0.
11.445	0.
11.450000000000001	0.
11.455000000000002	0.
11.46	0.
11.465000000000002	0.
11.47	0.
11.475000000000001	0.
11.48	0.
11.485000000000001	0.
11.490000000000002	0.
11.495000000000001	0.
11.500000000000002	0.
11.505	0.
11.510000000000002	0.
11.515	0.
11.520000000000001	0.
11.525	0.
11.530000000000001	0.
11.535	0.
11.540000000000001	0.
11.545000000000002	0.
11.55	0.
11.555000000000001	0.
11.56	0.
11.565000000000001	0.
11.57	0.
11.575000000000001	0.
11.580000000000002	0.
11.585	0.
11.590000000000002	0.
11.595	0.
11.600000000000001	0.
11.605	0.
11.610000000000001	0.
11.615000000000002	0.
11.620000000000001	0.
11.625000000000002	0.
11.63	0.
11.635000000000002	0.
11.64	0.
11.645000000000001	0.
11.65	0.
11.655000000000001	0.
11.66	0.
11.665000000000001	0.
11.670000000000002	0.
11.675	0.
11.680000000000001	0.
11.685	0.
11.690000000000001	0.
11.695	0.
11.700000000000001	0.
11.705000000000002	0.
11.71	0.
11.715000000000002	0.
11.72	0.
11.725000000000001	0.
11.73	0.
11.735000000000001	0.
11.740000000000002	0.
11.745000000000001	0.
11.750000000000002	0.
11.755	0.
11.760000000000002	0.
11.765	0.
11.770000000000001	0.
11.775	0.
11.780000000000001	0.
11.785	0.
11.790000000000001	0.
11.795000000000002	0.
11.8	0.
11.805000000000001	0.
11.81	0.
11.815000000000001	0.
11.82	0.
11.825000000000001	0.
11.830000000000002	0.
11.835	0.
11.840000000000002	0.
11.845	0.
11.850000000000001	0.
11.855	0.
11.860000000000001	0.
11.865000000000002	0.
11.870000000000001	0.
11.875000000000002	0.
11.88	0.
11.885000000000002	0.
11.89	0.
11.895000000000001	0.
11.9	0.
11.905000000000001	0.
11.91	0.
11.915000000000001	0.
11.920000000000002	0.
11.925	0.
11.930000000000001	0.
11.935	0.
11.940000000000001	0.
11.945	0.
11.950000000000001	0.
11.955000000000002	0.
11.96	0.
11.965000000000002	0.
11.97	0.
11.975000000000001	0.
11.98	0.
11.985000000000001	0.
11.990000000000002	0.
11.995000000000001	0.
12.000000000000002	0.
12.005	0.
12.010000000000002	0.
12.015	0.
12.020000000000001	0.
12.025	0.
12.030000000000001	0.
12.035	0.
12.040000000000001	0.
12.045000000000002	0.
12.05	0.
12.055000000000001	0.
12.06	0.
12.065000000000001	0.
12.07	0.
12.075000000000001	0.
12.080000000000002	0.
12.085	0.
12.090000000000002	0.
12.095	0.
12.100000000000001	0.
12.105	0.
12.110000000000001	0.
12.115000000000002	0.
12.120000000000001	0.
12.125000000000002	0.
12.13	0.
12.135000000000002	0.
12.14	0.
12.145000000000001	0.
12.15	0.
12.155000000000001	0.
12.16	0.
12.165000000000001	0.
12.170000000000002	0.
12.175	0.
12.180000000000001	0.
12.185	0.
12.190000000000001	0.
12.195	0.
12.200000000000001	0.
12.205000000000002	0.
12.21	0.
12.215000000000002	0.
12.22	0.
12.225000000000001	0.
12.23	0.
12.235000000000001	0.
12.240000000000002	0.
12.245000000000001	0.
12.25	0.
12.255	0.
12.260000000000002	0.
12.265	0.
12.270000000000001	0.
12.275000000000002	0.
12.280000000000001	0.
12.285	0.
12.290000000000001	0.
12.295000000000002	0.
12.3	0.
12.305000000000001	0.
12.31	0.
12.315000000000001	0.
12.32	0.
12.325000000000001	0.
12.330000000000002	0.
12.335	0.
12.340000000000002	0.
12.345	0.
12.350000000000001	0.
12.355	0.
12.360000000000001	0.
12.365000000000002	0.
12.370000000000001	0.
12.375	0.
12.38	0.
12.385000000000002	0.
12.39	0.
12.395000000000001	0.
12.400000000000002	0.
12.405000000000001	0.
12.41	0.
12.415000000000001	0.
12.420000000000002	0.
12.425	0.
12.430000000000001	0.
12.435	0.
12.440000000000001	0.
12.445	0.
12.450000000000001	0.
12.455000000000002	0.
12.46	0.
12.465000000000002	0.
12.47	0.
12.475000000000001	0.
12.48	0.
12.485000000000001	0.
12.490000000000002	0.
12.495000000000001	0.
12.5	0.
12.505	0.
12.510000000000002	0.
12.515	0.
12.520000000000001	0.
12.525000000000002	0.
12.530000000000001	0.
12.535	0.
12.540000000000001	0.
12.545000000000002	0.
12.55	0.
12.555000000000001	0.
12.56	0.
12.565000000000001	0.
12.57	0.
12.575000000000001	0.
12.580000000000002	0.
12.585	0.
12.590000000000002	0.
12.595	0.
12.600000000000001	0.
12.605	0.
12.610000000000001	0.
12.615000000000002	0.
12.620000000000001	0.
12.625	0.
12.63	0.
12.635000000000002	0.
12.64	0.
12.645000000000001	0.
12.650000000000002	0.
12.655000000000001	0.
12.66	0.
12.665000000000001	0.
12.670000000000002	0.
12.675	0.
12.680000000000001	0.
12.685	0.
12.690000000000001	0.
12.695	0.
12.700000000000001	0.
12.705000000000002	0.
12.71	0.
12.715000000000002	0.
12.72	0.
12.725000000000001	0.
12.73	0.
12.735000000000001	0.
12.740000000000002	0.
12.745000000000001	0.
12.75	0.
12.755	0.
12.760000000000002	0.
12.765	0.
12.770000000000001	0.
12.775000000000002	0.
12.780000000000001	0.
12.785	0.
12.790000000000001	0.
12.795000000000002	0.
12.8	0.
12.805000000000001	0.
12.810000000000002	0.
12.815000000000001	0.
12.820000000000002	0.
12.825000000000001	0.
12.830000000000002	0.
12.835	0.
12.840000000000002	0.
12.845	0.
12.850000000000001	0.
12.855000000000002	0.
12.860000000000001	0.
12.865000000000002	0.
12.870000000000001	0.
12.875000000000002	0.
12.88	0.
12.885000000000002	0.
12.890000000000002	0.
12.895000000000001	0.
12.900000000000002	0.
12.905000000000001	0.
12.910000000000002	0.
12.915000000000001	0.
12.920000000000002	0.
12.925	0.
12.930000000000001	0.
12.935000000000002	0.
12.940000000000001	0.
12.945000000000002	0.
12.950000000000001	0.
12.955000000000002	0.
12.96	0.
12.965000000000002	0.
12.97	0.
12.975000000000001	0.
12.980000000000002	0.
12.985000000000001	0.
12.990000000000002	0.
12.995000000000001	0.
13.000000000000002	0.
13.005	0.
13.010000000000002	0.
13.015000000000002	0.
13.020000000000001	0.
13.025000000000002	0.
13.030000000000001	0.
13.035000000000002	0.
13.040000000000001	0.
13.045000000000002	0.
13.05	0.
13.055000000000001	0.
13.060000000000002	0.
13.065000000000001	0.
13.070000000000002	0.
13.075000000000001	0.
13.080000000000002	0.
13.085	0.
13.090000000000002	0.
13.095	0.
13.100000000000001	0.
13.105000000000002	0.
13.110000000000001	0.
13.115000000000002	0.
13.120000000000001	0.
13.125000000000002	0.
13.13	0.
13.135000000000002	0.
13.140000000000002	0.
13.145000000000001	0.
13.150000000000002	0.
13.155000000000001	0.
13.160000000000002	0.
13.165000000000001	0.
13.170000000000002	0.
13.175	0.
13.180000000000001	0.
13.185000000000002	0.
13.190000000000001	0.
13.195000000000002	0.
13.200000000000001	0.
13.205000000000002	0.
13.21	0.
13.215000000000002	0.
13.220000000000002	0.
13.225000000000001	0.
13.230000000000002	0.
13.235000000000001	0.
13.240000000000002	0.
13.245000000000001	0.
13.250000000000002	0.
13.255	0.
13.260000000000002	0.
13.265000000000002	0.
13.270000000000001	0.
13.275000000000002	0.
13.280000000000001	0.
13.285000000000002	0.
13.290000000000001	0.
13.295000000000002	0.
13.3	0.
13.305000000000001	0.
13.310000000000002	0.
13.315000000000001	0.
13.320000000000002	0.
13.325000000000001	0.
13.330000000000002	0.
13.335	0.
13.340000000000002	0.
13.345000000000002	0.
13.350000000000001	0.
13.355000000000002	0.
13.360000000000001	0.
13.365000000000002	0.
13.370000000000001	0.
13.375000000000002	0.
13.38	0.
13.385000000000002	0.
13.39	0.
13.395000000000001	0.
13.400000000000002	0.
13.405000000000001	0.
13.410000000000002	0.
13.415000000000001	0.
13.420000000000002	0.
13.425	0.
13.430000000000001	0.
13.435000000000002	0.
13.440000000000001	0.
13.445000000000002	0.
13.450000000000001	0.
13.455000000000002	0.
13.46	0.
13.465000000000002	0.
13.470000000000002	0.
13.475000000000001	0.
13.480000000000002	0.
13.485000000000001	0.
13.490000000000002	0.
13.495000000000001	0.
13.500000000000002	0.
13.505	0.
13.510000000000002	0.
13.515	0.
13.520000000000001	0.
13.525000000000002	0.
13.530000000000001	0.
13.535000000000002	0.
13.540000000000001	0.
13.545000000000002	0.
13.55	0.
13.555000000000001	0.
13.560000000000002	0.
13.565000000000001	0.
13.570000000000002	0.
13.575000000000001	0.
13.580000000000002	0.
13.585	0.
13.590000000000002	0.
13.595000000000002	0.
13.600000000000001	0.
13.605000000000002	0.
13.610000000000001	0.
13.615000000000002	0.
13.620000000000001	0.
13.625000000000002	0.
13.63	0.
13.635000000000002	0.
13.64	0.
13.645000000000001	0.
13.650000000000002	0.
13.655000000000001	0.
13.660000000000002	0.
13.665000000000001	0.
13.670000000000002	0.
13.675	0.
13.680000000000001	0.
13.685000000000002	0.
13.690000000000001	0.
13.695000000000002	0.
13.700000000000001	0.
13.705000000000002	0.
13.71	0.
13.715000000000002	0.
13.720000000000002	0.
13.725000000000001	0.
13.730000000000002	0.
13.735000000000001	0.
13.740000000000002	0.
13.745000000000001	0.
13.750000000000002	0.
13.755	0.
13.760000000000002	0.
13.765	0.
13.770000000000001	0.
13.775000000000002	0.
13.780000000000001	0.
13.785000000000002	0.
13.790000000000001	0.
13.795000000000002	0.
13.8	0.
13.805000000000001	0.
13.810000000000002	0.
13.815000000000001	0.
13.820000000000002	0.
13.825000000000001	0.
13.830000000000002	0.
13.835	0.
13.840000000000002	0.
13.845000000000002	0.
13.850000000000001	0.
13.855000000000002	0.
13.860000000000001	0.
13.865000000000002	0.
13.870000000000001	0.
13.875000000000002	0.
13.88	0.
13.885000000000002	0.
13.89	0.
13.895000000000001	0.
13.900000000000002	0.
13.905000000000001	0.
13.910000000000002	0.
13.915000000000001	0.
13.920000000000002	0.
13.925	0.
13.930000000000001	0.
13.935000000000002	0.
13.940000000000001	0.
13.945000000000002	0.
13.950000000000001	0.
13.955000000000002	0.
13.96	0.
13.965000000000002	0.
13.970000000000002	0.
13.975000000000001	0.
13.980000000000002	0.
13.985000000000001	0.
13.990000000000002	0.
13.995000000000001	0.
14.	0.