0.005	0.
0.01	0.
0.015	0.
0.02	0.
0.025	0.
0.030000000000000002	0.
0.034999999999999996	0.
0.04	0.
0.045	0.
0.049999999999999996	0.
0.055	0.
0.06	0.
0.065	0.
0.07	0.
0.07500000000000001	0.
0.08	0.
0.085	0.
0.09000000000000001	0.
0.095	0.
0.1	0.
0.10500000000000001	0.
0.11	0.
0.115	0.
0.12000000000000001	0.10456164923302622
0.125	0.15999504196209258
0.13	0.19466838929013291
0.135	0.2195949820085671
0.14	0.23853420231149125
0.14500000000000002	0.25335383618113144
0.15	0.2651536462323669
0.155	0.27464828911464073
0.16	0.28233304943342996
0.165	0.2885670533790678
0.17	0.2936195512811296
0.17500000000000002	0.2976976636712276
0.18000000000000002	0.3009639947589838
0.185	0.30354832875711457
0.19	0.3055556838590211
0.195	0.3070720258197601
0.2	0.3081684232325384
0.20500000000000002	0.3089041337118981
0.21000000000000002	0.3093289376755841
0.215	0.3094849308593916
0.22	0.3094079199591052
0.225	0.3091285223732455
0.23	0.30867304205388213
0.23500000000000001	0.3080641737151152
0.24000000000000002	0.30732157390377235
0.245	0.306462327704118
0.25	0.3055013328463647
0.255	0.304451617878418
0.26	0.303324607281609
0.265	0.302130343583749
0.27	0.3008776743841049
0.275	0.2995744105708228
0.28	0.2982274607513839
0.28500000000000003	0.29684294593681376
0.29000000000000004	0.29542629775242074
0.295	0.2939823428414342
0.3	0.2925153756459028
0.305	0.29102922136353926
0.31	0.28952729056884513
0.315	0.2880126267356214
0.32	0.2864879476935964
0.325	0.2849556818848002
0.33	0.28341800014801216
0.335	0.28187684364633464
0.34	0.2803339484590813
0.34500000000000003	0.2787908672810896
0.35000000000000003	0.27724898860733216
0.35500000000000004	0.2757095537260906
0.36	0.27417367179794233
0.365	0.27264233325908926
0.37	0.2711164217546979
0.375	0.26959672478006563
0.38	0.26808394318374046
0.385	0.26657869966640496
0.39	0.2650815463920887
0.395	0.26359297181332336
0.4	0.2621134067991039
0.405	0.26064323014349944
0.41000000000000003	0.2591827735231561
0.41500000000000004	0.25773232596378715
0.42000000000000004	0.25629213786846605
0.425	0.25486242465440095
0.43	0.25344337003937173
0.435	0.2520351290143356
0.44	0.25063783053447825
0.445	0.24925157995747477
0.45	0.24787646125439713
0.455	0.2465125390160313
0.46	0.2451598602748114
0.465	0.24381845616047063
0.47000000000000003	0.2424883434055112
0.47500000000000003	0.2411695257149785
0.48000000000000004	0.23986199501347052
0.485	0.23856573258097383
0.49	0.23728071008796212
0.495	0.23600689053914398
0.5	0.23474422913424328
0.505	0.23349267405342955
0.51	0.23225216717428634
0.515	0.2310226447263952
0.52	0.2298040378892301
0.525	0.22859627333831078
0.53	0.22739927374422028
0.535	0.22621295822873314
0.54	0.2250372427814954
0.545	0.22387204064108907
0.55	0.22271726264316122
0.555	0.22157281753874233
0.56	0.22043861228498265
0.5650000000000001	0.21931455231113167
0.5700000000000001	0.2182005417612213
0.5750000000000001	0.21709648371583462
0.5800000000000001	0.21600228039451488
0.585	0.2149178333418579
0.59	0.2138430435935562
0.595	0.212777811832754
0.6	0.2117220385289827
0.605	0.2106756240660019
0.61	0.2096384688578916
0.615	0.20861047345466588
0.62	0.2075915386381265
0.625	0.20658156550875997
0.63	0.20558045556455654
0.635	0.2045881107721563
0.64	0.20360443363123115
0.645	0.20262932723230553
0.65	0.20166269530895653
0.655	0.20070444228440418
0.66	0.19975447331334292
0.665	0.19881269431911097
0.67	0.19787901202670236
0.675	0.19695333399199194
0.68	0.1960355686273503
0.685	0.19512562522404436
0.6900000000000001	0.194223413971691
0.6950000000000001	0.193328845974899
0.7000000000000001	0.192441833267486
0.7050000000000001	0.19156228882430015
0.71	0.19069012657099552
0.715	0.189825261391803
0.72	0.18896760913559582
0.725	0.18811708662024937
0.73	0.18727361163557232
0.735	0.18643710294483914
0.74	0.18560748028508017
0.745	0.18478466436624502
0.75	0.18396857686933737
0.755	0.18315914044357534
0.76	0.18235627870272755
0.765	0.18155991622063886
0.77	0.18076997852608548
0.775	0.17998639209695
0.78	0.179209084353857
0.785	0.1784379836532631
0.79	0.1776730192801025
0.795	0.17691412143998614
0.8	0.1761612212510721
0.805	0.1754142507355525
0.81	0.1746731428108925
0.8150000000000001	0.1739378312808033
0.8200000000000001	0.1732082508259667
0.8250000000000001	0.17248433699459653
0.8300000000000001	0.17176602619281198
0.8350000000000001	0.1710532556748987
0.84	0.17034596353341874
0.845	0.16964408868924646
0.85	0.16894757088152992
0.855	0.16825635065758562
0.86	0.16757036936275457
0.865	0.16688956913025485
0.87	0.16621389287097627
0.875	0.1655432842633339
0.88	0.16487768774309908
0.885	0.16421704849326124
0.89	0.16356131243393396
0.895	0.16291042621229715
0.9	0.16226433719259603
0.905	0.16162299344619316
0.91	0.16098634374168738
0.915	0.16035433753511835
0.92	0.15972692496022395
0.925	0.15910405681880646
0.93	0.1584856845711621
0.935	0.15787176032661795
0.9400000000000001	0.15726223683415527
0.9450000000000001	0.15665706747312802
0.9500000000000001	0.15605620624409094
0.9550000000000001	0.15545960775972173
0.9600000000000001	0.1548672272358461
0.965	0.1542790204825739
0.97	0.15369494389554159
0.975	0.15311495444726214
0.98	0.15253900967858453
0.985	0.15196706769025953
0.99	0.15139908713462757
0.995	0.1508350272074029
1.	0.1502748476395852
1.005	0.14971850868946973
1.01	0.14916597113477142
1.015	0.1486171962648633
1.02	0.14807214587313058
1.025	0.14753078224941593
1.0299999999999998	0.14699306817260768
1.035	0.1464589669032946
1.0399999999999998	0.14592844217657056
1.045	0.1454014581949145
1.0499999999999998	0.14487797962120139
1.055	0.14435797157180527
1.0599999999999998	0.14384139960980874
1.065	0.14332822973832096
1.0699999999999998	0.14281842839389827
1.075	0.142311962440061
1.0799999999999998	0.14180879916091985
1.085	0.14130890625488876
1.0899999999999999	0.1408122518285168
1.095	0.14031880439039568
1.0999999999999999	0.1398285328451772
1.105	0.13934140648767707
1.1099999999999999	0.13885739499708497
1.115	0.13837646843124976
1.1199999999999999	0.1378985972210706
1.125	0.13742375216496783
1.13	0.13695190442345345
1.135	0.13648302551377317
1.14	0.13601708730465142
1.145	0.1355540620111099
1.15	0.13509392218937494
1.155	0.1346366407318652
1.16	0.1341821908622547
1.1649999999999998	0.133730546130636
1.17	0.13328168040873195
1.1749999999999998	0.13283556788521167
1.18	0.13239218306106765
1.1849999999999998	0.1319515007450696
1.19	0.1315134960493001
1.1949999999999998	0.1310781443847498
1.2	0.13064542145699815
1.2049999999999998	0.13021530326195246
1.21	0.1297877660816612
1.2149999999999999	0.12936278648020155
1.22	0.1289403412996186
1.2249999999999999	0.12852040765594186
1.23	0.128102962935266
1.2349999999999999	0.127687984789893
1.24	0.12727545113453131
1.2449999999999999	0.1268653401425649
1.25	0.12645763024238207
1.255	0.12605230011375468
1.26	0.1256493286842875
1.265	0.12524869512591738
1.27	0.12485037885147181
1.275	0.12445435951127941
1.28	0.12406061698984028
1.285	0.12366913140254501
1.2899999999999998	0.12327988309245194
1.295	0.12289285262711021
1.2999999999999998	0.12250802079543482
1.305	0.12212536860463606
1.3099999999999998	0.12174487727719205
1.315	0.12136652824787734
1.3199999999999998	0.1209903031608253
1.325	0.1206161838666571
1.3299999999999998	0.12024415241963599
1.335	0.11987419107487952
1.3399999999999999	0.11950628228561497
1.345	0.11914040870047057
1.3499999999999999	0.11877655316081599
1.355	0.11841469869814925
1.3599999999999999	0.11805482853150852
1.365	0.11769692606494363
1.3699999999999999	0.11734097488501453
1.375	0.1169869587583345
1.38	0.11663486162915
1.385	0.11628466761695874
1.39	0.1159363610141636
1.395	0.11558992628376953
1.4	0.11524534805710378
1.405	0.11490261113158269
1.41	0.1145617004685096
1.4149999999999998	0.11422260119090712
1.42	0.1138852985813795
1.4249999999999998	0.11354977808001114
1.43	0.11321602528229996
1.4349999999999998	0.11288402593711552
1.44	0.1125537659446943
1.4449999999999998	0.11222523135466529
1.45	0.11189840836409931
1.4549999999999998	0.11157328331559868
1.46	0.11124984269540548
1.4649999999999999	0.11092807313154784
1.47	0.110607961392004
1.4749999999999999	0.110289494382905
1.48	0.10997265914675565
1.4849999999999999	0.1096574428606903
1.49	0.10934383283474508
1.4949999999999999	0.10903181651016632
1.5	0.10872138145773666
1.505	0.10841251537612932
1.51	0.10810520609028974
1.515	0.10779944154983334
1.52	0.10749520982747594
1.525	0.10719249911748241
1.53	0.10689129773413802
1.535	0.10659159411024592
1.54	0.10629337679564281
1.545	0.10599663445574097
1.5499999999999998	0.10570135587008359
1.555	0.10540752993093541
1.5599999999999998	0.10511514564187514
1.565	0.10482419211642677
1.5699999999999998	0.1045346585766985
1.575	0.10424653435204675
1.5799999999999998	0.103959808877757
1.585	0.10367447169374838
1.5899999999999999	0.1033905124432895
1.595	0.10310792087174259
1.5999999999999999	0.10282668682531113
1.605	0.1025468002498255
1.6099999999999999	0.1022682511895279
1.615	0.10199102978588204
1.6199999999999999	0.10171512627640496
1.625	0.10144053099350121
1.63	0.10116723436333198
1.635	0.100895226904684
1.64	0.10062449922786473
1.645	0.10035504203360905
1.65	0.10008684611200272
1.655	0.09981990234141597
1.66	0.09955420168746275
1.665	0.09928973520196452
1.67	0.09902649402193343
1.6749999999999998	0.0987644693685676
1.68	0.09850365254626207
1.6849999999999998	0.09824403494163325
1.69	0.09798560802255413
1.6949999999999998	0.0977283633372093
1.7	0.09747229251315348
1.7049999999999998	0.09721738725639319
1.71	0.09696363935047442
1.7149999999999999	0.09671104065558338
1.72	0.09645958310766414
1.7249999999999999	0.09620925871754189
1.73	0.09596005957006262
1.7349999999999999	0.09571197782324373
1.74	0.09546500570743673
1.7449999999999999	0.09521913552449585
1.75	0.09497435964696903
1.755	0.09473067051728785
1.76	0.09448806064697549
1.765	0.09424652261586401
1.77	0.0940060490713224
1.775	0.09376663272749293
1.78	0.09352826636453757
1.785	0.09329094282790085
1.79	0.09305465502757292
1.795	0.09281939593736992
1.7999999999999998	0.09258515859422027
1.805	0.0923519360974611
1.8099999999999998	0.09211972160814401
1.815	0.09188850834835117
1.8199999999999998	0.09165828960051904
1.825	0.0914290587067705
1.8299999999999998	0.0912008090682578
1.835	0.09097353414451222
1.8399999999999999	0.0907472274528019
1.845	0.09052188256750227
1.8499999999999999	0.09029749311946762
1.855	0.09007405279541753
1.8599999999999999	0.08985155533732615
1.865	0.08962999454182331
1.8699999999999999	0.08940936425960118
1.875	0.08918965839482741
1.88	0.0889708709045708
1.885	0.0887529957982282
1.89	0.08853602713696244
1.895	0.08831995903314628
1.9	0.08810478564981394
1.905	0.0878905012001194
1.91	0.08767709994680184
1.915	0.08746457620165568
1.92	0.08725292432501303
1.9249999999999998	0.08704213872522494
1.93	0.0868322138581552
1.9349999999999998	0.0866231442266769
1.94	0.08641492438018016
1.9449999999999998	0.08620754891407818
1.95	0.08600101246932643
1.9549999999999998	0.08579530973194689
1.96	0.08559043543255236
1.9649999999999999	0.08538638434588533
1.97	0.0851831512903563
1.9749999999999999	0.08498073112758942
1.98	0.0847791187619758
1.9849999999999999	0.08457830914022807
1.99	0.08437829725094574
1.9949999999999999	0.08417907812418186
2.	0.08398064683101565
2.005	0.08378299848313238
2.01	0.08358612823240628
2.015	0.08339003127048918
2.02	0.08319470282840451
2.025	0.08300013817614625
2.03	0.08280633262228121
2.035	0.08261328151355873
2.04	0.08242098023452428
2.045	0.08222942420713429
2.05	0.08203860889038204
2.0549999999999997	0.08184852977992142
2.06	0.0816591824077006
2.065	0.08147056234159683
2.07	0.08128266518505661
2.0749999999999997	0.08109548657673926
2.08	0.08090902219016717
2.085	0.08072326773337717
2.09	0.08053821894857821
2.0949999999999998	0.08035387161181277
2.1	0.08017022153262003
2.105	0.07998726455370696
2.11	0.07980499655061858
2.1149999999999998	0.07962341343141806
2.12	0.07944251113636414
2.125	0.07926228563759623
2.13	0.0790827329388232
2.135	0.078903849075013
2.14	0.07872563011208997
2.145	0.07854807214663201
2.15	0.07837117130557299
2.155	0.07819492374590802
2.16	0.07801932565440386
2.165	0.0778443732473097
2.17	0.07767006277007271
2.175	0.07749639049705842
2.18	0.07732335273127158
2.185	0.07715094580408184
2.19	0.07697916607495166
2.195	0.07680800993116953
2.1999999999999997	0.0766374737875832
2.205	0.07646755408633639
2.21	0.07629824729661194
2.215	0.07612954991437257
2.2199999999999998	0.07596145846210997
2.225	0.07579396948859195
2.23	0.07562707956861539
2.235	0.0754607853027604
2.2399999999999998	0.07529508331715061
2.245	0.07512997026320938
2.25	0.07496544281742577
2.255	0.07480149768112006
2.26	0.07463813158021054
2.265	0.07447534126498526
2.27	0.07431312350987591
2.275	0.07415147511323257
2.28	0.0739903928971037
2.285	0.07382987370701453
2.29	0.07366991441175384
2.295	0.07351051190315498
2.3	0.07335166309588897
2.305	0.0731933649272505
2.31	0.07303561435695266
2.315	0.07287840836692268
2.32	0.07272174396109578
2.3249999999999997	0.07256561816521834
2.33	0.07241002802664667
2.335	0.07225497061415131
2.34	0.07210044301772393
2.3449999999999998	0.07194644234838352
2.35	0.07179296573798759
2.355	0.07164001033904378
2.36	0.07148757332452355
2.3649999999999998	0.07133565188767844
2.37	0.07118424324185854
2.375	0.07103334462033165
2.38	0.07088295327610548
2.385	0.07073306648175094
2.39	0.0705836815292287
2.395	0.07043479572971618
2.4	0.07028640641343664
2.405	0.07013851092949053
2.41	0.06999110664568838
2.415	0.06984419094838522
2.42	0.06969776124231791
2.425	0.06955181495044188
2.43	0.06940634951377168
2.435	0.06926136239122246
2.44	0.0691168510594534
2.445	0.06897281301271223
2.4499999999999997	0.06882924576268135
2.455	0.06868614683832613
2.46	0.06854351378574478
2.465	0.0684013441680189
2.4699999999999998	0.068259635565067
2.475	0.06811838557349754
2.48	0.06797759180646586
2.485	0.06783725189353089
2.4899999999999998	0.06769736348051339
2.495	0.06755792422935691
2.5	0.06741893181798884
2.505	0.06728038394018343
2.51	0.06714227830542617
2.515	0.06700461263877938
2.52	0.06686738468075082
2.525	0.06673059218715922
2.53	0.06659423292900687
2.535	0.06645830469234967
2.54	0.0663228052781693
2.545	0.06618773250224726
2.55	0.06605308419503998
2.555	0.06591885820155467
2.56	0.06578505238122813
2.565	0.06565166460780292
2.57	0.06551869276921025
2.5749999999999997	0.06538613476744891
2.58	0.06525398851846878
2.585	0.06512225195205389
2.59	0.06499092301170714
2.5949999999999998	0.06485999965453665
2.6	0.06472947985114105
2.605	0.06459936158550025
2.61	0.0644696428548622
2.6149999999999998	0.06434032166963392
2.62	0.06421139605327343
2.625	0.06408286404218139
2.63	0.06395472368559517
2.635	0.06382697304548282
2.64	0.06369961019643938
2.645	0.06357263322558226
2.65	0.06344604023245017
2.655	0.06331982932890078
2.66	0.06319399863901079
2.665	0.06306854629897585
2.67	0.06294347045701298
2.675	0.0628187692732622
2.68	0.06269444091969052
2.685	0.06257048357999585
2.69	0.06244689544951258
2.695	0.062323674735117726
2.7	0.0622008196551376
2.705	0.062078328439256196
2.71	0.0619561993284242
2.715	0.061834430574767944
2.7199999999999998	0.061713020441500815
2.725	0.0615919672028343
2.73	0.06147126914389052
2.735	0.06135092456061456
2.7399999999999998	0.06123093175968916
2.745	0.06111128905844985
2.75	0.06099199478479922
2.755	0.060873047277124386
2.76	0.06075444488421334
2.765	0.060636185965174186
2.77	0.06051826888935174
2.775	0.06040069203624871
2.78	0.060283453795445564
2.785	0.060166552566520995
2.79	0.06004998675897385
2.795	0.059933754792145896
2.8	0.059817855095144645
2.8049999999999997	0.059702286106766804
2.81	0.05958704627542406
2.815	0.05947213405906671
2.82	0.05935754792511131
2.825	0.05924328635036597
2.83	0.05912934782095858
2.835	0.05901573083226405
2.84	0.05890243388883393
2.8449999999999998	0.05878945550432454
2.85	0.05867679420142777
2.855	0.05856444851180184
2.86	0.05845241697600131
2.8649999999999998	0.0583406981434106
2.87	0.058229290572175116
2.875	0.05811819282913489
2.88	0.058007403489758864
2.885	0.0578969211380777
2.89	0.05778674436662038
2.895	0.057676871776348525
2.9	0.0575673019765927
2.905	0.05745803358498958
2.91	0.05734906522741862
2.915	0.057240395537940005
2.92	0.05713202315873312
2.925	0.05702394674003522
2.9299999999999997	0.0569161649400809
2.935	0.056808676425042746
2.94	0.056701479868970305
2.945	0.05659457395373316
2.95	0.056487957368960666
2.955	0.05638162881198539
2.96	0.05627558698778462
2.965	0.05616983060892472
2.9699999999999998	0.05606435839550323
2.975	0.0559591690750947
2.98	0.05585426138269361
2.985	0.05574963406066078
2.9899999999999998	0.05564528585866845
2.995	0.05554121553364601
3.	0.055437421849727164
3.005	0.055333903578196335
3.01	0.055230659497436815
3.015	0.0551276883928777
3.02	0.05502498905694369
3.025	0.054922560289002297
3.03	0.054820400895314196
3.035	0.054718509688982696
3.04	0.05461688548990375
3.045	0.05451552712471649
3.05	0.054414433426754796
3.0549999999999997	0.054313603235997716
3.06	0.05421303539902221
3.065	0.054112728768954954
3.07	0.05401268220542515
3.075	0.05391289457451743
3.08	0.053813364748726014
3.085	0.05371409160690728
3.09	0.05361507403423543
3.0949999999999998	0.05351631092215608
3.1	0.0534178011683421
3.105	0.0533195436766487
3.11	0.05322153735706867
3.115	0.053123781125689856
3.12	0.05302627390465048
3.125	0.05292901462209666
3.13	0.05283200221213977
3.135	0.05273523561481366
3.14	0.05263871377603307
3.145	0.052542435647551365
3.15	0.052446400186920546
3.155	0.05235060635744838
3.16	0.05225505312815964
3.165	0.05215973947375461
3.17	0.052064664374569775
3.175	0.051969826816537924
3.1799999999999997	0.051875225791148685
3.185	0.051780860295410396
3.19	0.05168672933181062
3.195	0.05159283190827815
3.2	0.05149916703814504
3.205	0.05140573374010923
3.21	0.05131253103819651
3.215	0.051219557961723935
3.2199999999999998	0.051126813545262995
3.225	0.05103429682860326
3.23	0.050942006856716
3.235	0.050849942679718395
3.24	0.05075810335283832
3.245	0.0506664879363785
3.25	0.050575095495682024
3.255	0.05048392510109708
3.26	0.05039297582794325
3.265	0.05030224675647731
3.27	0.050211736971858156
3.275	0.050121445564115234
3.28	0.050031371628113414
3.285	0.04994151426352073
3.29	0.04985187257477614
3.295	0.04976244567105569
3.3	0.04967323266624139
3.3049999999999997	0.04958423267888893
3.31	0.04949544483219539
3.315	0.04940686825396884
3.32	0.049318502076595896
3.325	0.04923034543701149
3.33	0.04914239747666819
3.335	0.049054657341505596
3.34	0.048967124181919224
3.3449999999999998	0.0488797971527319
3.35	0.048792675413163594
3.355	0.04870575812680056
3.36	0.04861904446156842
3.365	0.048532533589701
3.37	0.048446224687712085
3.375	0.04836011693636796
3.38	0.048274209520656995
3.385	0.04818850162976325
3.39	0.048102992457037655
3.395	0.04801768119997012
3.4	0.047932567060162946
3.405	0.04784764924330253
3.41	0.04776292695913272
3.415	0.04767839942142809
3.42	0.04759406584796692
3.425	0.04750992546050514
3.4299999999999997	0.04742597748474973
3.435	0.047342221150332514
3.44	0.04725865569078569
3.445	0.04717528034351359
3.45	0.04709209434976979
3.455	0.04700909695463064
3.46	0.04692628740697009
3.465	0.04684366495943531
3.4699999999999998	0.04676122886842139
3.475	0.04667897839404824
3.48	0.04659691280013458
3.485	0.046515031354174625
3.49	0.04643333332731382
3.495	0.0463518179943262
3.5	0.04627048463358924
3.505	0.04618933252706151
3.51	0.046108360960259435
3.515	0.04602756922223318
3.52	0.04594695660554525
3.525	0.04586652240624692
3.53	0.045786265923856075
3.535	0.04570618646133434
3.54	0.045626283325065846
3.545	0.04554655582483414
3.55	0.0454670032738011
3.5549999999999997	0.045387624988484795
3.56	0.04530842028873799
3.565	0.045229388497727806
3.5700000000000003	0.04515052894191248
3.575	0.045071840951021985
3.58	0.04499332385803668
3.585	0.044914976999166585
3.59	0.04483679971383071
3.5949999999999998	0.044758791344636034
3.5999999999999996	0.044680951237358824
3.605	0.04460327874092262
3.61	0.044525773207379646
3.615	0.044448433991890364
3.62	0.04437126045270371
3.625	0.04429425195113797
3.63	0.04421740785156086
3.635	0.04414072752137096
3.6399999999999997	0.04406421033097741
3.645	0.043987855653782375
3.65	0.04391166286616145
3.6550000000000002	0.04383563134744412
3.66	0.04375976047989754
3.665	0.043684049648705335
3.67	0.04360849824195124
3.675	0.04353310565060003
3.6799999999999997	0.04345787126848
3.685	0.0433827944922642
3.69	0.0433078747214542
3.6950000000000003	0.0432331113583604
3.7	0.043158503808086265
3.705	0.04308405147850976
3.71	0.04300975378026742
3.715	0.042935610126734934
3.7199999999999998	0.042861619934012725
3.7249999999999996	0.042787782620906954
3.73	0.04271409760891437
3.735	0.04264056432220423
3.74	0.04256718218760231
3.745	0.04249395063457504
3.75	0.042420869095212387
3.755	0.042347937004211814
3.76	0.04227515379886233
3.7649999999999997	0.0422025189190287
3.77	0.04213003180713516
3.775	0.04205769190815002
3.7800000000000002	0.04198549866956971
3.785	0.04191345154140309
3.79	0.041841549976157175
3.795	0.04176979342882026
3.8	0.04169818135684755
3.8049999999999997	0.041626713220145904
3.81	0.04155538848105914
3.815	0.04148420660435286
3.8200000000000003	0.04141316705719873
3.825	0.04134226930916194
3.83	0.04127151283218455
3.835	0.04120089710057211
3.84	0.0411304215909788
3.8449999999999998	0.04106008578239344
3.8499999999999996	0.040989889156125274
3.855	0.040919831195789215
3.86	0.04084991138729338
3.865	0.04078012921882311
3.87	0.04071048418082875
3.875	0.040640975766011785
3.88	0.04057160346930984
3.885	0.04050236678788501
3.8899999999999997	0.04043326522110941
3.895	0.04036429827055143
3.9	0.040295465439963964
3.9050000000000002	0.04022676623526932
3.91	0.04015820016454739
3.915	0.040089766738023065
3.92	0.04002146546805187
3.925	0.03995329586910812
3.9299999999999997	0.039885257457771675
3.935	0.039817349752716086
3.94	0.039749572274695257
3.9450000000000003	0.039681924546531334
3.95	0.03961440609310196
3.955	0.0395470164413285
3.96	0.03947975512016322
3.965	0.03941262166057761
3.9699999999999998	0.03934561559554981
3.9749999999999996	0.039278736460053136
3.98	0.039211983791044035
3.985	0.039145357127449903
3.99	0.03907885601015739
3.995	0.03901247998200116
4.	0.038946228587752346
4.005	0.03888010137410577
4.01	0.03881409788966969
4.015	0.03874821768495472
4.02	0.038682460312361264
4.025	0.03861682532616893
4.03	0.0385513122825256
4.035	0.03848592073943551
4.04	0.03842065025674961
4.045	0.038355500396153326
4.05	0.038290470721156336
4.055	0.03822556079708119
4.0600000000000005	0.038160770191053225
4.0649999999999995	0.038096098471989415
4.07	0.03803154521058804
4.075	0.03796710997931854
4.08	0.037902792352409245
4.085	0.03783859190583996
4.09	0.03777450821732901
4.095	0.03771054086632267
4.1	0.03764668943398888
4.105	0.03758295350320276
4.109999999999999	0.03751933265853783
4.115	0.03745582648625687
4.12	0.03739243457430137
4.125	0.03732915651228173
4.13	0.037265991891467114
4.135	0.03720294030477578
4.14	0.03714000134676629
4.145	0.03707717461362586
4.15	0.03701445970316245
4.155	0.03695185621479561
4.16	0.036889363749544594
4.165	0.03682698191002167
4.17	0.03676471030042071
4.175	0.03670254852650912
4.18	0.036640496195618565
4.1850000000000005	0.036578552916634983
4.1899999999999995	0.03651671829998923
4.195	0.03645499195764998
4.2	0.03639337350311259
4.205	0.036331862551390495
4.21	0.03627045871900781
4.215	0.036209161623988254
4.22	0.036147970885847654
4.225	0.036086886125585416
4.23	0.03602590696567512
4.234999999999999	0.03596503303005543
4.24	0.03590426394412313
4.245	0.0358435993347229
4.25	0.035783038830140376
4.255	0.03572258206009125
4.26	0.03566222865571579
4.265	0.0356019782495685
4.27	0.03554183047561026
4.275	0.035481784969200965
4.28	0.03542184136708995
4.285	0.03536199930740878
4.29	0.035302258429662586
4.295	0.03524261837472172
4.3	0.03518307878481537
4.305	0.03512363930352199
4.3100000000000005	0.03506429957576087
4.3149999999999995	0.035005059247786637
4.32	0.034945917967179115
4.325	0.03488687538283617
4.33	0.0348279311449669
4.335	0.03476908490508273
4.34	0.03471033631599036
4.345	0.034651685031783376
4.35	0.03459313070783662
4.355	0.03453467300079592
4.359999999999999	0.034476311568572296
4.365	0.03441804607033509
4.37	0.034359876166502296
4.375	0.03430180151873539
4.38	0.03424382178993134
4.385	0.03418593664421401
4.39	0.034128145746929184
4.395	0.0340704487646351
4.4	0.034012845365097716
4.405	0.033955335217281064
4.41	0.0338979179913415
4.415	0.0338405933586208
4.42	0.03378336099163822
4.425	0.0337262205640847
4.43	0.03366917175081527
4.4350000000000005	0.03361221422784186
4.4399999999999995	0.03355534767232604
4.445	0.03349857176257406
4.45	0.0334418861780288
4.455	0.03338529059926215
4.46	0.03332878470796961
4.465	0.033272368186963296
4.47	0.03321604072016551
4.475	0.0331598019926009
4.48	0.03310365169039133
4.484999999999999	0.03304758950074874
4.49	0.032991615111968506
4.495	0.03293572821342239
4.5	0.032879928495554225
4.505	0.03282421564987031
4.51	0.03276858936893573
4.515	0.032713049346367006
4.52	0.03265759527682539
4.525	0.032602226856010386
4.53	0.03254694378065544
4.535	0.03249174574851886
4.54	0.03243663245838006
4.545	0.03238160361003097
4.55	0.03232665890427287
4.555	0.03227179804290828
4.5600000000000005	0.03221702072873377
4.5649999999999995	0.03216232666553723
4.57	0.03210771555808936
4.575	0.03205318711213843
4.58	0.03199874103440346
4.585	0.03194437703256957
4.59	0.03189009481528212
4.595000000000001	0.03183589409213892
4.6	0.031781774573686826
4.605	0.031727735971413984
4.609999999999999	0.03167377799774519
4.615	0.03161990036603515
4.62	0.03156610279056406
4.625	0.031512384986530584
4.63	0.03145874667004677
4.635	0.031405187558132444
4.640000000000001	0.03135170736870902
4.645	0.03129830582059459
4.65	0.03124498263349796
4.654999999999999	0.031191737528012454
4.66	0.031138570225611548
4.665	0.03108548044864342
4.67	0.031032467920323718
4.675	0.03097953236473124
4.68	0.030926673506803396
4.6850000000000005	0.030873891072328876
4.6899999999999995	0.03082118478794379
4.695	0.030768554381124358
4.7	0.03071599958018509
4.705	0.03066352011426874
4.71	0.03061111571334554
4.715	0.030558786108204793
4.720000000000001	0.030506531030449334
4.725	0.030454350212494433
4.73	0.030402243387557565
4.734999999999999	0.030350210289655503
4.74	0.03029825065359962
4.745	0.030246364214989472
4.75	0.030194550710208105
4.755	0.03014280987641749
4.76	0.030091141451552214
4.765000000000001	0.030039545174316343
4.77	0.02998802078417526
4.775	0.029936568021354314
4.779999999999999	0.02988518662683001
4.785	0.0298338763423288
4.79	0.029782636910318704
4.795	0.029731468074006246
4.8	0.029680369577331556
4.805	0.029629341164962266
4.8100000000000005	0.029578382582289262
4.8149999999999995	0.029527493575421126
4.82	0.02947667389118209
4.825	0.029425923277102032
4.83	0.029375241481415838
4.835	0.029324628253057906
4.84	0.029274083341655457
4.845000000000001	0.02922360649752452
4.85	0.029173197471667467
4.855	0.029122856015763463
4.859999999999999	0.02907258188216896
4.865	0.029022374823909316
4.87	0.028972234594674934
4.875	0.028922160948817395
4.88	0.028872153641343816
4.885	0.02882221242791248
4.890000000000001	0.028772337064828634
4.895	0.028722527309038893
4.9	0.028672782918126756
4.904999999999999	0.02862310365030922
4.91	0.02857348926442929
4.915	0.028523939519956205
4.92	0.028474454176975243
4.925	0.02842503299618673
4.93	0.028375675738900576
4.9350000000000005	0.02832638216703173
4.9399999999999995	0.028277152043094948
4.945	0.028227985130201687
4.95	0.028178881192053713
4.955	0.028129839992940962
4.96	0.028080861297733652
4.965	0.02803194487188126
4.970000000000001	0.027983090481406514
4.975	0.02793429789290103
4.98	0.027885566873519906
4.984999999999999	0.027836897190977677
4.99	0.027788288613546628
4.995	0.02773974091004819
5.	0.027691253849850477
5.005	0.02764282720286487
5.01	0.027594460739538335
5.015000000000001	0.02754615423085386
5.02	0.027497907448321257
5.025	0.027449720163976295
5.029999999999999	0.027401592150373938
5.035	0.0273535231805842
5.04	0.02730551302819168
5.045	0.02725756146728419
5.05	0.027209668272455086
5.055	0.027161833218795086
5.0600000000000005	0.027114056081888077
5.0649999999999995	0.027066336637808778
5.07	0.027018674663117935
5.075	0.02697106993485531
5.08	0.02692352223053898
5.085	0.026876031328159397
5.09	0.026828597006174622
5.095000000000001	0.026781219043506388
5.1	0.02673389721953693
5.105	0.026686631314103287
5.109999999999999	0.026639421107492928
5.115	0.026592266380441376
5.12	0.026545166914125222
5.125	0.026498122490159492
5.13	0.026451132890594444
5.135	0.026404197897908214
5.14	0.02635731729500486
5.145	0.026310490865209927
5.15	0.026263718392266537
5.155	0.026216999660329074
5.16	0.02617033445396033
5.165	0.026123722558128403
5.17	0.0260771637582004
5.175	0.02603065783993888
5.18	0.025984204589498756
5.185	0.02593780379342076
5.19	0.02589145523862952
5.195	0.025845158712428574
5.2	0.02579891400249508
5.205	0.025752720896876188
5.21	0.02570657918398598
5.215	0.025660488652599515
5.22	0.025614449091849296
5.225	0.025568460291221295
5.23	0.025522522040551
5.235	0.02547663413001696
5.24	0.02543079635013988
5.245	0.0253850084917756
5.25	0.025339270346112917
5.255	0.025293581704667684
5.26	0.025247942359278845
5.265	0.025202352102105027
5.27	0.025156810725619448
5.275	0.025111318022606653
5.28	0.025065873786157634
5.285	0.02502047780966392
5.29	0.024975129886817153
5.295	0.02492982981160019
5.3	0.02488457737828656
5.305	0.024839372381434983
5.31	0.02479421461588388
5.315	0.02474910387674816
5.32	0.024704039959415988
5.325	0.024659022659540925
5.33	0.02461405177304196
5.335	0.024569127096097217
5.34	0.024524248425137382
5.345	0.024479415556845525
5.35	0.024434628288150635
5.355	0.024389886416221928
5.36	0.024345189738466954
5.365	0.024300538052526775
5.37	0.02425593115626843
5.375	0.02421136884778698
5.38	0.02416685092539296
5.385	0.02412237718761571
5.39	0.024077947433192845
5.395	0.024033561461070618
5.4	0.023989219070395383
5.405	0.023944920060511143
5.41	0.02390066423095591
5.415	0.023856451381456315
5.42	0.023812281311922007
5.425	0.02376815382244291
5.43	0.023724068713282948
5.435	0.02368002578487767
5.44	0.023636024837828288
5.445	0.02359206567289725
5.45	0.02354814809100351
5.455	0.02350427189321785
5.46	0.02346043688075942
5.465	0.023416642854990424
5.47	0.023372889617410682
5.475	0.02332917696965409
5.48	0.023285504713482858
5.485	0.023241872650784076
5.49	0.023198280583564313
5.495	0.023154728313945508
5.5	0.023111215644158155
5.505	0.02306774237653915
5.51	0.023024308313526694
5.515	0.022980913257652644
5.52	0.022937557011542067
5.525	0.022894239377903632
5.53	0.0228509601595297
5.535	0.022807719159287202
5.54	0.022764516180115362
5.545	0.022721351025019265
5.55	0.022678223497066954
5.555	0.022635133399380787
5.56	0.022592080535136352
5.565	0.022549064707555314
5.57	0.02250608571990056
5.575	0.022463143375472273
5.58	0.022420237477600205
5.585	0.022377367829641927
5.59	0.02233453423497611
5.595	0.022291736496996027
5.6	0.022248974419106327
5.605	0.02220624780471718
5.61	0.02216355645723937
5.615	0.02212090018007756
5.62	0.02207827877662627
5.625	0.02203569205026418
5.63	0.02199313980435009
5.635	0.021950621842213556
5.64	0.02190813796715488
5.645	0.021865687982434625
5.65	0.021823271691272735
5.655	0.021780888896838244
5.66	0.021738539402246165
5.665	0.02169622301055469
5.67	0.021653939524752995
5.675	0.02161168874776065
5.68	0.02156947048242124
5.6850000000000005	0.021527284531494443
5.69	0.021485130697651986
5.695	0.021443008783472228
5.7	0.02140091859143204
5.705	0.02135885992390316
5.71	0.021316832583145057
5.715	0.021274836371299437
5.72	0.021232871090384537
5.725	0.021190936542287417
5.73	0.021149032528759666
5.735	0.021107158851409753
5.74	0.02106531531169844
5.745	0.021023501710931328
5.75	0.020981717850252626
5.755	0.020939963530639757
5.76	0.020898238552895014
5.765	0.020856542717640494
5.77	0.020814875825312638
5.775	0.020773237676153522
5.78	0.020731628070205343
5.785	0.0206900468073024
5.79	0.020648493687067802
5.795	0.020606968508902236
5.8	0.020565471071981298
5.805	0.020524001175245818
5.8100000000000005	0.020482558617394498
5.815	0.02044114319687979
5.82	0.020399754711899514
5.825	0.020358392960388303
5.83	0.020317057740011527
5.835	0.020275748848159032
5.84	0.020234466081935878
5.845	0.020193209238157078
5.85	0.020151978113338003
5.855	0.020110772503689166
5.86	0.02006959220510642
5.865	0.020028437013164504
5.87	0.01998730672310935
5.875	0.019946201129850207
5.88	0.019905120027951848
5.885	0.019864063211625458
5.89	0.019823030474723436
5.895	0.019782021610727788
5.9	0.01974103641274514
5.905	0.019700074673496153
5.91	0.019659136185308294
5.915	0.019618220740108036
5.92	0.019577328129410602
5.925	0.019536458144313602
5.93	0.01949561057548632
5.9350000000000005	0.019454785213161654
5.94	0.01941398184712837
5.945	0.019373200266722176
5.95	0.019332440260813585
5.955	0.019291701617802
5.96	0.019250984125607613
5.965	0.01921028757165722
5.97	0.01916961174287923
5.975	0.01912895642569272
5.98	0.01908832140599769
5.985	0.019047706469165746
5.99	0.019007111400029388
5.995	0.018966535982873314
6.	0.01892598000142477
6.005	0.0188854432388416
6.01	0.018844925477702005
6.015	0.01880442649999669
6.02	0.018763946087116987
6.025	0.01872348401984341
6.03	0.018683040078335978
6.035	0.018642614042122963
6.04	0.018602205690090128
6.045	0.018561814800470536
6.05	0.018521441150831368
6.055	0.018481084518064045
6.0600000000000005	0.018440744678372464
6.065	0.018400421407260673
6.07	0.01836011447952365
6.075	0.018319823669232346
6.08	0.01827954874972207
6.085	0.0182392894935824
6.09	0.018199045672643865
6.095	0.01815881705796375
6.1	0.018118603419816713
6.105	0.018078404527679507
6.11	0.01803822015021809
6.115	0.017998050055276757
6.12	0.01795789400986232
6.125	0.017917751780133273
6.13	0.017877623131382053
6.135	0.017837507828026143
6.140000000000001	0.01779740563359122
6.145	0.017757316310697564
6.15	0.017717239621047206
6.155	0.017677175325407038
6.16	0.017637123183594314
6.165	0.017597082954465115
6.17	0.017557054395894542
6.175	0.017517037264766108
6.18	0.017477031316953082
6.1850000000000005	0.017437036307302745
6.1899999999999995	0.017397051989623113
6.195	0.017357078116664156
6.2	0.017317114440102376
6.205	0.01727716071052607
6.21	0.017237216677415644
6.215	0.01719728208912826
6.22	0.017157356692880005
6.225	0.01711744023472959
6.23	0.017077532459558443
6.235	0.01703763311105517
6.24	0.016997741931695894
6.245	0.016957858662725537
6.25	0.01691798304414134
6.255	0.016878114814669942
6.26	0.016838253711751783
6.265000000000001	0.01679839947151979
6.27	0.01675855182878046
6.275	0.016718710516992145
6.28	0.016678875268245658
6.285	0.016639045813244564
6.29	0.01659922188128249
6.295	0.016559403200222013
6.3	0.016519589496474106
6.305	0.016479780494974755
6.3100000000000005	0.016439975919163498
6.3149999999999995	0.016400175490961292
6.32	0.016360378930745986
6.325	0.016320585957330738
6.33	0.016280796287938024
6.335	0.016241009638178417
6.34	0.016201225722023205
6.345	0.01616144425178263
6.35	0.016121664938077537
6.355	0.016081887489816735
6.36	0.01604211161416801
6.365	0.01600233701653474
6.37	0.015962563400526333
6.375	0.015922790467933788
6.38	0.015883017918698422
6.385	0.015843245450887094
6.390000000000001	0.015803472760661512
6.395	0.015763699542250428
6.4	0.015723925487919534
6.405	0.015684150287941245
6.41	0.01564437363056232
6.415	0.015604595201979017
6.42	0.015564814686297905
6.425	0.01552503176550847
6.43	0.01548524611944973
6.4350000000000005	0.015445457425775695
6.4399999999999995	0.015405665359923416
6.445	0.015365869595076935
6.45	0.015326069802135045
6.455	0.01528626564967096
6.46	0.015246456803903607
6.465	0.015206642928652248
6.47	0.015166823685307041
6.475	0.015126998732785755
6.48	0.01508716772749688
6.485	0.015047330323300268
6.49	0.0150074861714689
6.495	0.014967634920642847
6.5	0.014927776216794099
6.505	0.014887909703180126
6.51	0.014848035020302304
6.515000000000001	0.014808151805862787
6.52	0.014768259694717753
6.525	0.014728358318834806
6.53	0.014688447307244588
6.535	0.014648526285994327
6.54	0.014608594878100293
6.545	0.014568652703498637
6.55	0.014528699378996163
6.555	0.01448873451821914
6.5600000000000005	0.014448757731559573
6.5649999999999995	0.014408768626127945
6.57	0.014368766805694705
6.575	0.014328751870636878
6.58	0.014288723417883021
6.585	0.014248681040856156
6.59	0.014208624329416551
6.595	0.014168552869800562
6.6	0.014128466244563185
6.605	0.014088364032514768
6.61	0.01404824580865913
6.615	0.014008111144130541
6.62	0.013967959606126106
6.625	0.013927790757843542
6.63	0.013887604158408732
6.635	0.013847399362809803
6.640000000000001	0.013807175921825364
6.645	0.013766933381954033
6.65	0.01372667128533831
6.655	0.013686389169692472
6.66	0.013646086568223866
6.665	0.013605763009556444
6.67	0.013565418017650219
6.675	0.013525051111719297
6.68	0.013484661806151087
6.6850000000000005	0.013444249610417819
6.6899999999999995	0.013403814028993133
6.695	0.013363354561261614
6.7	0.013322870701429233
6.705	0.01328236193843038
6.71	0.013241827755833558
6.715	0.013201267631744392
6.72	0.013160681038708849
6.725	0.013120067443609192
6.73	0.013079426307564186
6.735	0.013038757085821513
6.74	0.012998059227651288
6.745	0.012957332176235346
6.75	0.012916575368554025
6.755	0.012875788235271916
6.76	0.01283497020061999
6.765000000000001	0.01279412068227306
6.77	0.01275323909122963
6.775	0.012712324831683107
6.78	0.012671377300893186
6.785	0.012630395889053115
6.79	0.01258937997915629
6.795	0.012548328946854335
6.8	0.012507242160319258
6.805	0.012466118980093425
6.8100000000000005	0.012424958758944562
6.8149999999999995	0.01238376084171131
6.82	0.012342524565146952
6.825	0.012301249257760551
6.83	0.012259934239651677
6.835	0.012218578822342247
6.84	0.0121771823086059
6.845	0.012135743992289163
6.85	0.012094263158131344
6.855	0.012052739081578957
6.86	0.012011171028594824
6.865	0.011969558255463334
6.87	0.01192790000858844
6.875	0.011886195524290275
6.88	0.011844444028592242
6.885	0.011802644737004854
6.890000000000001	0.011760796854304355
6.895	0.011718899574302588
6.9	0.011676952079614998
6.905	0.011634953541417725
6.91	0.01159290311920121
6.915	0.011550799960516838
6.92	0.011508643200714824
6.925	0.01146643196267679
6.93	0.011424165356540216
6.9350000000000005	0.011381842479414456
6.9399999999999995	0.011339462415089673
6.945	0.011297024233737787
6.95	0.011254526991603472
6.955	0.011211969730688007
6.96	0.011169351478422674
6.965	0.011126671247333646
6.97	0.011083928034695505
6.975	0.011041120822177349
6.98	0.010998248575475574
6.985	0.010955310243936424
6.99	0.010912304760169371
6.995	0.010869231039645318
7.	0.010826087980284834
7.005	0.0107828744620345
7.01	0.010739589346426572
7.015000000000001	0.01069623147612991
7.02	0.010652799674482473
7.025	0.010609292745012027
7.03	0.010565709470939494
7.035	0.01052204861466856
7.04	0.010478308917257635
7.045	0.010434489097873917
7.05	0.010390587853232361
7.055	0.010346603857012799
7.0600000000000005	0.010302535759260451
7.0649999999999995	0.010258382185764995
7.07	0.010214141737419694
7.075	0.01016981298955778
7.08	0.010125394491267073
7.085	0.010080884764681098
7.09	0.010036282304244817
7.095	0.009991585575955824
7.1	0.00994679301657783
7.105	0.009901903032827179
7.11	0.009856914000529694
7.115	0.009811824263747429
7.12	0.009766632133874097
7.125	0.009721335888696241
7.13	0.009675933771421424
7.135	0.009630423989669188
7.140000000000001	0.009584804714424293
7.145	0.009539074078950828
7.15	0.00949323017766471
7.155	0.009447271064962943
7.16	0.009401194754006933
7.165	0.009354999215459374
7.17	0.009308682376170241
7.175	0.00926224211781127
7.18	0.009215676275455132
7.1850000000000005	0.009168982636097717
7.1899999999999995	0.009122158937118876
7.195	0.009075202864681116
7.2	0.009028112052061103
7.205	0.00898088407791047
7.21	0.008933516464444308
7.215	0.008886006675550609
7.220000000000001	0.008838352114819635
7.225	0.008790550123485825
7.23	0.00874259797828037
7.234999999999999	0.008694492889188278
7.24	0.008646231997103166
7.245	0.00859781237137793
7.25	0.008549231007261729
7.255	0.008500484823218976
7.26	0.008451570658123662
7.265000000000001	0.008402485268318603
7.27	0.008353225324538562
7.275	0.00830378740868006
7.28	0.00825416801041958
7.285	0.008204363523658194
7.29	0.00815437024279543
7.295	0.00810418435881173
7.300000000000001	0.00805380195515228
7.305	0.008003219003398754
7.3100000000000005	0.007952431358717675
7.3149999999999995	0.007901434755062255
7.32	0.007850224800127894
7.325	0.007798796970027997
7.33	0.007747146603681745
7.335	0.0076952688968916815
7.34	0.007643158896089198
7.345000000000001	0.007590811491725556
7.35	0.007538221411285163
7.355	0.0074853832118912875
7.359999999999999	0.007432291272475704
7.365	0.00737893978548458
7.37	0.007325322748077368
7.375	0.0072714339527942965
7.38	0.007217266977638129
7.385	0.007162815175531717
7.390000000000001	0.007108071663106468
7.395	0.007053029308761001
7.4	0.006997680719938311
7.405	0.00694201822955056
7.41	0.006886033881488412
7.415	0.006829719415134969
7.42	0.006773066248799576
7.425000000000001	0.006716065461974909
7.43	0.006658707776320008
7.4350000000000005	0.006600983535256137
7.4399999999999995	0.006542882682034278
7.445	0.006484394736162841
7.45	0.0064255087680015095
7.455	0.006366213371394256
7.46	0.006306496634101841
7.465	0.0062463461058535315
7.470000000000001	0.006185748763760527
7.475	0.006124690974824373
7.48	0.006063158455239645
7.484999999999999	0.006001136226141926
7.49	0.0059386085654211836
7.495	0.005875558955166968
7.5	0.0058119700242456945
7.505	0.005747823485445302
7.51	0.005683100066564826
7.515000000000001	0.005617779434685947
7.52	0.005551840112832543
7.525	0.005485259388007471
7.53	0.005418013209547427
7.535	0.005350076076465953
7.54	0.005281420912346372
7.545	0.005212018926014766
7.550000000000001	0.0051418394559960634
7.555	0.005070849796380351
7.5600000000000005	0.004999015001313226
7.5649999999999995	0.004926297664794666
7.57	0.004852657671913248
7.575	0.004778051916807032
7.58	0.004702433981780286
7.585	0.0046257537708131275
7.59	0.004547957089320225
7.595000000000001	0.004468985160158657
7.6	0.004388774063695533
7.605	0.004307254086849484
7.609999999999999	0.004224348962333499
7.615	0.00413997497459711
7.62	0.004054039902797457
7.625	0.0039664417629467165
7.63	0.0038770673005748177
7.635	0.0037857901706572473
7.640000000000001	0.003692468721706038
7.645	0.003596943273442973
7.65	0.0034990327391306946
7.655	0.0033985303887868416
7.66	0.0032951984702564016
7.665	0.0031887612878467807
7.67	0.003078896161033895
7.675000000000001	0.0029652214114727475
7.68	0.0028472800900750704
7.685	0.0027245174388186165
7.6899999999999995	0.0025962488609328023
7.694999999999999	0.0024616130044700906
7.699999999999999	0.0023195005165889586
7.704999999999999	0.002168441009734956
7.71	0.002006413708961968
7.715	0.0018305074225963736
7.72	0.001636250862238143
7.725	0.0014161110398363066
7.7299999999999995	0.0011553849318677698
7.734999999999999	0.0008160543026812274
7.739999999999999	0.
7.744999999999999	0.
7.75	0.
7.755	0.
7.76	0.
7.765	0.
7.77	0.
7.7749999999999995	0.
7.779999999999999	0.
7.784999999999999	0.
7.79	0.
7.795	0.
7.8	0.
7.805	0.
7.81	0.
7.8149999999999995	0.
7.819999999999999	0.
7.824999999999999	0.
7.829999999999999	0.
7.835	0.
7.84	0.
7.845	0.
7.85	0.
7.8549999999999995	0.
7.859999999999999	0.
7.864999999999999	0.
7.869999999999999	0.
7.875	0.
7.88	0.
7.885	0.
7.89	0.
7.895	0.
7.8999999999999995	0.
7.904999999999999	0.
7.909999999999999	0.
7.915	0.
7.92	0.
7.925	0.
7.93	0.
7.935	0.
7.9399999999999995	0.
7.944999999999999	0.
7.949999999999999	0.
7.955	0.
7.96	0.
7.965	0.
7.97	0.
7.975	0.
7.9799999999999995	0.
7.984999999999999	0.
7.989999999999999	0.
7.994999999999999	0.
8.	0.
8.004999999999999	0.
8.01	0.
8.014999999999999	0.
8.02	0.
8.025	0.
8.03	0.
8.035	0.
8.04	0.
8.045	0.
8.049999999999999	0.
8.055	0.
8.059999999999999	0.
8.065	0.
8.07	0.
8.075	0.
8.08	0.
8.084999999999999	0.
8.09	0.
8.094999999999999	0.
8.1	0.
8.105	0.
8.11	0.
8.115	0.
8.12	0.
8.125	0.
8.129999999999999	0.
8.135	0.
8.139999999999999	0.
8.145	0.
8.15	0.
8.155	0.
8.16	0.
8.165	0.
8.17	0.
8.174999999999999	0.
8.18	0.
8.184999999999999	0.
8.19	0.
8.195	0.
8.2	0.
8.205	0.
8.209999999999999	0.
8.215	0.
8.219999999999999	0.
8.225	0.
8.23	0.
8.235	0.
8.24	0.
8.245	0.
8.25	0.
8.254999999999999	0.
8.26	0.
8.264999999999999	0.
8.27	0.
8.275	0.
8.28	0.
8.285	0.
8.29	0.
8.295	0.
8.299999999999999	0.
8.305	0.
8.309999999999999	0.
8.315	0.
8.32	0.
8.325	0.
8.33	0.
8.334999999999999	0.
8.34	0.
8.344999999999999	0.
8.35	0.
8.355	0.
8.36	0.
8.365	0.
8.37	0.
8.375	0.
8.379999999999999	0.
8.385	0.
8.389999999999999	0.
8.395	0.
8.4	0.
8.405	0.
8.41	0.
8.415	0.
8.42	0.
8.424999999999999	0.
8.43	0.
8.434999999999999	0.
8.44	0.
8.445	0.
8.45	0.
8.455	0.
8.459999999999999	0.
8.465	0.
8.469999999999999	0.
8.475	0.
8.48	0.
8.485	0.
8.49	0.
8.495	0.
8.5	0.
8.504999999999999	0.
8.51	0.
8.515	0.
8.52	0.
8.525	0.
8.53	0.
8.535	0.
8.54	0.
8.545	0.
8.549999999999999	0.
8.555	0.
8.559999999999999	0.
8.565	0.
8.57	0.
8.575	0.
8.58	0.
8.584999999999999	0.
8.59	0.
8.594999999999999	0.
8.6	0.
8.605	0.
8.61	0.
8.615	0.
8.62	0.
8.625	0.
8.629999999999999	0.
8.635	0.
8.64	0.
8.645	0.
8.65	0.
8.655	0.
8.66	0.
8.665	0.
8.67	0.
8.674999999999999	0.
8.68	0.
8.684999999999999	0.
8.69	0.
8.695	0.
8.7	0.
8.705	0.
8.709999999999999	0.
8.715	0.
8.719999999999999	0.
8.725	0.
8.73	0.
8.735	0.
8.74	0.
8.745	0.
8.75	0.
8.754999999999999	0.
8.76	0.
8.765	0.
8.77	0.
8.775	0.
8.78	0.
8.785	0.
8.79	0.
8.795	0.
8.799999999999999	0.
8.805	0.
8.809999999999999	0.
8.815	0.
8.82	0.
8.825	0.
8.83	0.
8.834999999999999	0.
8.84	0.
8.844999999999999	0.
8.85	0.
8.855	0.
8.86	0.
8.865	0.
8.87	0.
8.875	0.
8.879999999999999	0.
8.885	0.
8.89	0.
8.895	0.
8.9	0.
8.905	0.
8.91	0.
8.915	0.
8.92	0.
8.924999999999999	0.
8.93	0.
8.934999999999999	0.
8.94	0.
8.945	0.
8.95	0.
8.955	0.
8.959999999999999	0.
8.965	0.
8.969999999999999	0.
8.975	0.
8.98	0.
8.985	0.
8.99	0.
8.995	0.
9.	0.
9.004999999999999	0.
9.01	0.
9.015	0.
9.02	0.
9.025	0.
9.03	0.
9.035	0.
9.04	0.
9.045	0.
9.049999999999999	0.
9.055	0.
9.059999999999999	0.
9.065	0.
9.07	0.
9.075	0.
9.08	0.
9.084999999999999	0.
9.09	0.
9.094999999999999	0.
9.1	0.
9.105	0.
9.11	0.
9.115	0.
9.12	0.
9.125	0.
9.129999999999999	0.
9.135	0.
9.14	0.
9.145	0.
9.15	0.
9.155	0.
9.16	0.
9.165	0.
9.17	0.
9.174999999999999	0.
9.18	0.
9.184999999999999	0.
9.19	0.
9.195	0.
9.2	0.
9.205	0.
9.209999999999999	0.
9.215	0.
9.219999999999999	0.
9.225	0.
9.23	0.
9.235	0.
9.24	0.
9.245	0.
9.25	0.
9.254999999999999	0.
9.26	0.
9.265	0.
9.27	0.
9.275	0.
9.28	0.
9.285	0.
9.29	0.
9.295	0.
9.299999999999999	0.
9.305	0.
9.309999999999999	0.
9.315	0.
9.32	0.
9.325	0.
9.33	0.
9.334999999999999	0.
9.34	0.
9.344999999999999	0.
9.35	0.
9.355	0.
9.36	0.
9.365	0.
9.37	0.
9.375	0.
9.379999999999999	0.
9.385	0.
9.39	0.
9.395	0.
9.4	0.
9.405	0.
9.41	0.
9.415	0.
9.42	0.
9.424999999999999	0.
9.43	0.
9.434999999999999	0.
9.44	0.
9.445	0.
9.45	0.
9.455	0.
9.459999999999999	0.
9.465	0.
9.469999999999999	0.
9.475	0.
9.48	0.
9.485	0.
9.49	0.
9.495	0.
9.5	0.
9.504999999999999	0.
9.51	0.
9.515	0.
9.52	0.
9.525	0.
9.53	0.
9.535	0.
9.54	0.
9.545	0.
9.549999999999999	0.
9.555	0.
9.559999999999999	0.
9.565	0.
9.57	0.
9.575	0.
9.58	0.
9.584999999999999	0.
9.59	0.
9.594999999999999	0.
9.6	0.
9.605	0.
9.61	0.
9.615	0.
9.62	0.
9.625	0.
9.629999999999999	0.
9.635	0.
9.64	0.
9.645	0.
9.65	0.
9.655	0.
9.66	0.
9.665	0.
9.67	0.
9.674999999999999	0.
9.68	0.
9.684999999999999	0.
9.69	0.
9.695	0.
9.7	0.
9.705	0.
9.709999999999999	0.
9.715	0.
9.719999999999999	0.
9.725	0.
9.73	0.
9.735	0.
9.74	0.
9.745	0.
9.75	0.
9.754999999999999	0.
9.76	0.
9.765	0.
9.77	0.
9.774999999999999	0.
9.78	0.
9.785	0.
9.79	0.
9.795	0.
9.8	0.
9.805	0.
9.809999999999999	0.
9.815	0.
9.82	0.
9.825	0.
9.83	0.
9.834999999999999	0.
9.84	0.
9.844999999999999	0.
9.85	0.
9.855	0.
9.86	0.
9.865	0.
9.87	0.
9.875	0.
9.879999999999999	0.
9.885	0.
9.89	0.
9.895	0.
9.899999999999999	0.
9.905	0.
9.91	0.
9.915	0.
9.92	0.
9.925	0.
9.93	0.
9.934999999999999	0.
9.94	0.
9.945	0.
9.95	0.
9.955	0.
9.959999999999999	0.
9.965	0.
9.969999999999999	0.
9.975	0.
9.98	0.
9.985	0.
9.99	0.
9.995	0.
10.	0.
10.004999999999999	0.
10.01	0.
10.015	0.
10.02	0.
10.024999999999999	0.
10.03	0.
10.035	0.
10.04	0.
10.045	0.
10.05	0.
10.055	0.
10.059999999999999	0.
10.065	0.
10.07	0.
10.075	0.
10.08	0.
10.084999999999999	0.
10.09	0.
10.094999999999999	0.
10.1	0.
10.105	0.
10.11	0.
10.115	0.
10.12	0.
10.125	0.
10.129999999999999	0.
10.135	0.
10.14	0.
10.145	0.
10.149999999999999	0.
10.155	0.
10.16	0.
10.165	0.
10.17	0.
10.175	0.
10.18	0.
10.184999999999999	0.
10.19	0.
10.195	0.
10.2	0.
10.205	0.
10.209999999999999	0.
10.215	0.
10.219999999999999	0.
10.225	0.
10.23	0.
10.235	0.
10.24	0.
10.245000000000001	0.
10.250000000000002	0.
10.255	0.
10.260000000000002	0.
10.265	0.
10.270000000000001	0.
10.275	0.
10.280000000000001	0.
10.285	0.
10.290000000000001	0.
10.295000000000002	0.
10.3	0.
10.305000000000001	0.
10.31	0.
10.315000000000001	0.
10.32	0.
10.325000000000001	0.
10.330000000000002	0.
10.335	0.
10.340000000000002	0.
10.345	0.
10.350000000000001	0.
10.355	0.
10.360000000000001	0.
10.365	0.
10.370000000000001	0.
10.375000000000002	0.
10.38	0.
10.385000000000002	0.
10.39	0.
10.395000000000001	0.
10.4	0.
10.405000000000001	0.
10.41	0.
10.415000000000001	0.
10.420000000000002	0.
10.425	0.
10.430000000000001	0.
10.435	0.
10.440000000000001	0.
10.445	0.
10.450000000000001	0.
10.455000000000002	0.
10.46	0.
10.465000000000002	0.
10.47	0.
10.475000000000001	0.
10.48	0.
10.485000000000001	0.
10.49	0.
10.495000000000001	0.
10.500000000000002	0.
10.505	0.
10.510000000000002	0.
10.515	0.
10.520000000000001	0.
10.525	0.
10.530000000000001	0.
10.535	0.
10.540000000000001	0.
10.545000000000002	0.
10.55	0.
10.555000000000001	0.
10.56	0.
10.565000000000001	0.
10.57	0.
10.575000000000001	0.
10.580000000000002	0.
10.585	0.
10.590000000000002	0.
10.595	0.
10.600000000000001	0.
10.605	0.
10.610000000000001	0.
10.615	0.
10.620000000000001	0.
10.625000000000002	0.
10.63	0.
10.635000000000002	0.
10.64	0.
10.645000000000001	0.
10.65	0.
10.655000000000001	0.
10.66	0.
10.665000000000001	0.
10.670000000000002	0.
10.675	0.
10.680000000000001	0.
10.685	0.
10.690000000000001	0.
10.695	0.
10.700000000000001	0.
10.705000000000002	0.
10.71	0.
10.715000000000002	0.
10.72	0.
10.725000000000001	0.
10.73	0.
10.735000000000001	0.
10.74	0.
10.745000000000001	0.
10.750000000000002	0.
10.755	0.
10.760000000000002	0.
10.765	0.
10.770000000000001	0.
10.775	0.
10.780000000000001	0.
10.785	0.
10.790000000000001	0.
10.795000000000002	0.
10.8	0.
10.805000000000001	0.
10.81	0.
10.815000000000001	0.
10.82	0.
10.825000000000001	0.
10.830000000000002	0.
10.835	0.
10.840000000000002	0.
10.845	0.
10.850000000000001	0.
10.855	0.
10.860000000000001	0.
10.865	0.
10.870000000000001	0.
10.875000000000002	0.
10.88	0.
10.885000000000002	0.
10.89	0.
10.895000000000001	0.
10.9	0.
10.905000000000001	0.
10.91	0.
10.915000000000001	0.
10.920000000000002	0.
10.925	0.
10.930000000000001	0.
10.935	0.
10.940000000000001	0.
10.945	0.
10.950000000000001	0.
10.955000000000002	0.
10.96	0.
10.965000000000002	0.
10.97	0.
10.975000000000001	0.
10.98	0.
10.985000000000001	0.
10.99	0.
10.995000000000001	0.
11.000000000000002	0.
11.005	0.
11.010000000000002	0.
11.015	0.
11.020000000000001	0.
11.025	0.
11.030000000000001	0.
11.035	0.
11.040000000000001	0.
11.045000000000002	0.
11.05	0.
11.055000000000001	0.
11.06	0.
11.065000000000001	0.
11.07	0.
11.075000000000001	0.
11.080000000000002	0.
11.085	0.
11.090000000000002	0.
11.095	0.
11.100000000000001	0.
11.105	0.
11.110000000000001	0.
11.115	0.
11.120000000000001	0.
11.125000000000002	0.
11.13	0.
11.135000000000002	0.
11.14	0.
11.145000000000001	0.
11.15	0.
11.155000000000001	0.
11.16	0.
11.165000000000001	0.
11.170000000000002	0.
11.175	0.
11.180000000000001	0.
11.185	0.
11.190000000000001	0.
11.195	0.
11.200000000000001	0.
11.205000000000002	0.
11.21	0.
11.215000000000002	0.
11.22	0.
11.225000000000001	0.
11.23	0.
11.235000000000001	0.
11.24	0.
11.245000000000001	0.
11.250000000000002	0.
11.255	0.
11.260000000000002	0.
11.265	0.
11.270000000000001	0.
11.275	0.
11.280000000000001	0.
11.285	0.
11.290000000000001	0.
11.295000000000002	0.
11.3	0.
11.305000000000001	0.
11.31	0.
11.315000000000001	0.
11.32	0.
11.325000000000001	0.
11.330000000000002	0.
11.335	0.
11.340000000000002	0.
11.345	0.
11.350000000000001	0.
11.355	0.
11.360000000000001	0.
11.365000000000002	0.
11.370000000000001	0.
11.375000000000002	0.
11.38	0.
11.385000000000002	0.
11.39	0.
11.395000000000001	0.
11.4	0.
11.405000000000001	0.
11.41	0.
11.415000000000001	0.
11.420000000000002	0.
11.425	0.
11.430000000000001	0.
11.435	0.
11.440000000000001	0.
11.445	0.
11.450000000000001	0.
11.455000000000002	0.
11.46	0.
11.465000000000002	0.
11.47	0.
11.475000000000001	0.
11.48	0.
11.485000000000001	0.
11.490000000000002	0.
11.495000000000001	0.
11.500000000000002	0.
11.505	0.
11.510000000000002	0.
11.515	0.
11.520000000000001	0.
11.525	0.
11.530000000000001	0.
11.535	0.
11.540000000000001	0.
11.545000000000002	0.
11.55	0.
11.555000000000001	0.
11.56	0.
11.565000000000001	0.
11.57	0.
11.575000000000001	0.
11.580000000000002	0.
11.585	0.
11.590000000000002	0.
11.595	0.
11.600000000000001	0.
11.605	0.
11.610000000000001	0.
11.615000000000002	0.
11.620000000000001	0.
11.625000000000002	0.
11.63	0.
11.635000000000002	0.
11.64	0.
11.645000000000001	0.
11.65	0.
11.655000000000001	0.
11.66	0.
11.665000000000001	0.
11.670000000000002	0.
11.675	0.
11.680000000000001	0.
11.685	0.
11.690000000000001	0.
11.695	0.
11.700000000000001	0.
11.705000000000002	0.
11.71	0.
11.715000000000002	0.
11.72	0.
11.725000000000001	0.
11.73	0.
11.735000000000001	0.
11.740000000000002	0.
11.745000000000001	0.
11.750000000000002	0.
11.755	0.
11.760000000000002	0.
11.765	0.
11.770000000000001	0.
11.775	0.
11.780000000000001	0.
11.785	0.
11.790000000000001	0.
11.795000000000002	0.
11.8	0.
11.805000000000001	0.
11.81	0.
11.815000000000001	0.
11.82	0.
11.825000000000001	0.
11.830000000000002	0.
11.835	0.
11.840000000000002	0.
11.845	0.
11.850000000000001	0.
11.855	0.
11.860000000000001	0.
11.865000000000002	0.
11.870000000000001	0.
11.875000000000002	0.
11.88	0.
11.885000000000002	0.
11.89	0.
11.895000000000001	0.
11.9	0.
11.905000000000001	0.
11.91	0.
11.915000000000001	0.
11.920000000000002	0.
11.925	0.
11.930000000000001	0.
11.935	0.
11.940000000000001	0.
11.945	0.
11.950000000000001	0.
11.955000000000002	0.
11.96	0.
11.965000000000002	0.
11.97	0.
11.975000000000001	0.
11.98	0.
11.985000000000001	0.
11.990000000000002	0.
11.995000000000001	0.
12.000000000000002	0.
12.005	0.
12.010000000000002	0.
12.015	0.
12.020000000000001	0.
12.025	0.
12.030000000000001	0.
12.035	0.
12.040000000000001	0.
12.045000000000002	0.
12.05	0.
12.055000000000001	0.
12.06	0.
12.065000000000001	0.
12.07	0.
12.075000000000001	0.
12.080000000000002	0.
12.085	0.
12.090000000000002	0.
12.095	0.
12.100000000000001	0.
12.105	0.
12.110000000000001	0.
12.115000000000002	0.
12.120000000000001	0.
12.125000000000002	0.
12.13	0.
12.135000000000002	0.
12.14	0.
12.145000000000001	0.
12.15	0.
12.155000000000001	0.
12.16	0.
12.165000000000001	0.
12.170000000000002	0.
12.175	0.
12.180000000000001	0.
12.185	0.
12.190000000000001	0.
12.195	0.
12.200000000000001	0.
12.205000000000002	0.
12.21	0.
12.215000000000002	0.
12.22	0.
12.225000000000001	0.
12.23	0.
12.235000000000001	0.
12.240000000000002	0.
12.245000000000001	0.
12.25	0.
12.255	0.
12.260000000000002	0.
12.265	0.
12.270000000000001	0.
12.275000000000002	0.
12.280000000000001	0.
12.285	0.
12.290000000000001	0.
12.295000000000002	0.
12.3	0.
12.305000000000001	0.
12.31	0.
12.315000000000001	0.
12.32	0.
12.325000000000001	0.
12.330000000000002	0.
12.335	0.
12.340000000000002	0.
12.345	0.
12.350000000000001	0.
12.355	0.
12.360000000000001	0.
12.365000000000002	0.
12.370000000000001	0.
12.375	0.
12.38	0.
12.385000000000002	0.
12.39	0.
12.395000000000001	0.
12.400000000000002	0.
12.405000000000001	0.
12.41	0.
12.415000000000001	0.
12.420000000000002	0.
12.425	0.
12.430000000000001	0.
12.435	0.
12.440000000000001	0.
12.445	0.
12.450000000000001	0.
12.455000000000002	0.
12.46	0.
12.465000000000002	0.
12.47	0.
12.475000000000001	0.
12.48	0.
12.485000000000001	0.
12.490000000000002	0.
12.495000000000001	0.
12.5	0.
12.505	0.
12.510000000000002	0.
12.515	0.
12.520000000000001	0.
12.525000000000002	0.
12.530000000000001	0.
12.535	0.
12.540000000000001	0.
12.545000000000002	0.
12.55	0.
12.555000000000001	0.
12.56	0.
12.565000000000001	0.
12.57	0.
12.575000000000001	0.
12.580000000000002	0.
12.585	0.
12.590000000000002	0.
12.595	0.
12.600000000000001	0.
12.605	0.
12.610000000000001	0.
12.615000000000002	0.
12.620000000000001	0.
12.625	0.
12.63	0.
12.635000000000002	0.
12.64	0.
12.645000000000001	0.
12.650000000000002	0.
12.655000000000001	0.
12.66	0.
12.665000000000001	0.
12.670000000000002	0.
12.675	0.
12.680000000000001	0.
12.685	0.
12.690000000000001	0.
12.695	0.
12.700000000000001	0.
12.705000000000002	0.
12.71	0.
12.715000000000002	0.
12.72	0.
12.725000000000001	0.
12.73	0.
12.735000000000001	0.
12.740000000000002	0.
12.745000000000001	0.
12.75	0.
12.755	0.
12.760000000000002	0.
12.765	0.
12.770000000000001	0.
12.775000000000002	0.
12.780000000000001	0.
12.785	0.
12.790000000000001	0.
12.795000000000002	0.
12.8	0.
12.805000000000001	0.
12.810000000000002	0.
12.815000000000001	0.
12.820000000000002	0.
12.825000000000001	0.
12.830000000000002	0.
12.835	0.
12.840000000000002	0.
12.845	0.
12.850000000000001	0.
12.855000000000002	0.
12.860000000000001	0.
12.865000000000002	0.
12.870000000000001	0.
12.875000000000002	0.
12.88	0.
12.885000000000002	0.
12.890000000000002	0.
12.895000000000001	0.
12.900000000000002	0.
12.905000000000001	0.
12.910000000000002	0.
12.915000000000001	0.
12.920000000000002	0.
12.925	0.
12.930000000000001	0.
12.935000000000002	0.
12.940000000000001	0.
12.945000000000002	0.
12.950000000000001	0.
12.955000000000002	0.
12.96	0.
12.965000000000002	0.
12.97	0.
12.975000000000001	0.
12.980000000000002	0.
12.985000000000001	0.
12.990000000000002	0.
12.995000000000001	0.
13.000000000000002	0.
13.005	0.
13.010000000000002	0.
13.015000000000002	0.
13.020000000000001	0.
13.025000000000002	0.
13.030000000000001	0.
13.035000000000002	0.
13.040000000000001	0.
13.045000000000002	0.
13.05	0.
13.055000000000001	0.
13.060000000000002	0.
13.065000000000001	0.
13.070000000000002	0.
13.075000000000001	0.
13.080000000000002	0.
13.085	0.
13.090000000000002	0.
13.095	0.
13.100000000000001	0.
13.105000000000002	0.
13.110000000000001	0.
13.115000000000002	0.
13.120000000000001	0.
13.125000000000002	0.
13.13	0.
13.135000000000002	0.
13.140000000000002	0.
13.145000000000001	0.
13.150000000000002	0.
13.155000000000001	0.
13.160000000000002	0.
13.165000000000001	0.
13.170000000000002	0.
13.175	0.
13.180000000000001	0.
13.185000000000002	0.
13.190000000000001	0.
13.195000000000002	0.
13.200000000000001	0.
13.205000000000002	0.
13.21	0.
13.215000000000002	0.
13.220000000000002	0.
13.225000000000001	0.
13.230000000000002	0.
13.235000000000001	0.
13.240000000000002	0.
13.245000000000001	0.
13.250000000000002	0.
13.255	0.
13.260000000000002	0.
13.265000000000002	0.
13.270000000000001	0.
13.275000000000002	0.
13.280000000000001	0.
13.285000000000002	0.
13.290000000000001	0.
13.295000000000002	0.
13.3	0.
13.305000000000001	0.
13.310000000000002	0.
13.315000000000001	0.
13.320000000000002	0.
13.325000000000001	0.
13.330000000000002	0.
13.335	0.
13.340000000000002	0.
13.345000000000002	0.
13.350000000000001	0.
13.355000000000002	0.
13.360000000000001	0.
13.365000000000002	0.
13.370000000000001	0.
13.375000000000002	0.
13.38	0.
13.385000000000002	0.
13.39	0.
13.395000000000001	0.
13.400000000000002	0.
13.405000000000001	0.
13.410000000000002	0.
13.415000000000001	0.
13.420000000000002	0.
13.425	0.
13.430000000000001	0.
13.435000000000002	0.
13.440000000000001	0.
13.445000000000002	0.
13.450000000000001	0.
13.455000000000002	0.
13.46	0.
13.465000000000002	0.
13.470000000000002	0.
13.475000000000001	0.
13.480000000000002	0.
13.485000000000001	0.
13.490000000000002	0.
13.495000000000001	0.
13.500000000000002	0.
13.505	0.
13.510000000000002	0.
13.515	0.
13.520000000000001	0.
13.525000000000002	0.
13.530000000000001	0.
13.535000000000002	0.
13.540000000000001	0.
13.545000000000002	0.
13.55	0.
13.555000000000001	0.
13.560000000000002	0.
13.565000000000001	0.
13.570000000000002	0.
13.575000000000001	0.
13.580000000000002	0.
13.585	0.
13.590000000000002	0.
13.595000000000002	0.
13.600000000000001	0.
13.605000000000002	0.
13.610000000000001	0.
13.615000000000002	0.
13.620000000000001	0.
13.625000000000002	0.
13.63	0.
13.635000000000002	0.
13.64	0.
13.645000000000001	0.
13.650000000000002	0.
13.655000000000001	0.
13.660000000000002	0.
13.665000000000001	0.
13.670000000000002	0.
13.675	0.
13.680000000000001	0.
13.685000000000002	0.
13.690000000000001	0.
13.695000000000002	0.
13.700000000000001	0.
13.705000000000002	0.
13.71	0.
13.715000000000002	0.
13.720000000000002	0.
13.725000000000001	0.
13.730000000000002	0.
13.735000000000001	0.
13.740000000000002	0.
13.745000000000001	0.
13.750000000000002	0.
13.755	0.
13.760000000000002	0.
13.765	0.
13.770000000000001	0.
13.775000000000002	0.
13.780000000000001	0.
13.785000000000002	0.
13.790000000000001	0.
13.795000000000002	0.
13.8	0.
13.805000000000001	0.
13.810000000000002	0.
13.815000000000001	0.
13.820000000000002	0.
13.825000000000001	0.
13.830000000000002	0.
13.835	0.
13.840000000000002	0.
13.845000000000002	0.
13.850000000000001	0.
13.855000000000002	0.
13.860000000000001	0.
13.865000000000002	0.
13.870000000000001	0.
13.875000000000002	0.
13.88	0.
13.885000000000002	0.
13.89	0.
13.895000000000001	0.
13.900000000000002	0.
13.905000000000001	0.
13.910000000000002	0.
13.915000000000001	0.
13.920000000000002	0.
13.925	0.
13.930000000000001	0.
13.935000000000002	0.
13.940000000000001	0.
13.945000000000002	0.
13.950000000000001	0.
13.955000000000002	0.
13.96	0.
13.965000000000002	0.
13.970000000000002	0.
13.975000000000001	0.
13.980000000000002	0.
13.985000000000001	0.
13.990000000000002	0.
13.995000000000001	0.
14.	0.