0.005	0.
0.01	0.
0.015	0.
0.02	0.
0.025	0.
0.030000000000000002	0.
0.034999999999999996	0.
0.04	0.
0.045	0.
0.049999999999999996	0.
0.055	0.
0.06	0.
0.065	0.
0.07	0.
0.07500000000000001	0.
0.08	0.
0.085	0.
0.09000000000000001	0.
0.095	0.
0.1	0.
0.10500000000000001	0.
0.11	0.
0.115	0.
0.12000000000000001	0.
0.125	0.
0.13	0.
0.135	0.
0.14	0.
0.14500000000000002	0.
0.15	0.
0.155	0.
0.16	0.
0.165	0.
0.17	0.
0.17500000000000002	0.06683871012529195
0.18000000000000002	0.09873522641805159
0.185	0.12021112490152884
0.19	0.13653542253182607
0.195	0.14960382504130867
0.2	0.16037478882092207
0.20500000000000002	0.16941898280010156
0.21000000000000002	0.17711116180448683
0.215	0.18371403989480076
0.22	0.18942056251492634
0.225	0.19437744358262465
0.23	0.198699277784001
0.23500000000000001	0.20247750062561579
0.24000000000000002	0.20578634277787497
0.245	0.20868693680494405
0.25	0.21123023823493633
0.255	0.21345915786360253
0.26	0.2154101530391351
0.265	0.2171144379887527
0.27	0.21859891971642986
0.275	0.21988693223571457
0.28	0.2209988199854776
0.28500000000000003	0.2219524066868091
0.29000000000000004	0.2227633759660016
0.295	0.22344558316792443
0.3	0.22401131290245
0.305	0.2244714933561518
0.31	0.22483587583925158
0.315	0.22511318614196657
0.32	0.22531125285412515
0.325	0.22543711672585257
0.33	0.22549712432289307
0.335	0.22549700859303984
0.34	0.2254419584629198
0.34500000000000003	0.22533667919324946
0.35000000000000003	0.2251854449105799
0.35500000000000004	0.2249921444858473
0.36	0.22476032173090765
0.365	0.2244932107231027
0.37	0.2241937669367207
0.375	0.22386469475291546
0.38	0.22350847183120234
0.385	0.22312737075274064
0.39	0.22272347828478703
0.395	0.22229871256519135
0.4	0.2218548384632822
0.405	0.22139348133783462
0.41000000000000003	0.22091613938265967
0.41500000000000004	0.22042419472482364
0.42000000000000004	0.2199189234187442
0.425	0.21940150446093407
0.43	0.21887302793422397
0.435	0.21833450237678145
0.44	0.21778686145944967
0.445	0.21723097004482558
0.45	0.21666762969280517
0.455	0.21609758366966023
0.46	0.21552152151113949
0.465	0.21494008318435806
0.47000000000000003	0.21435386288818617
0.47500000000000003	0.21376341252743025
0.48000000000000004	0.2131692448923061
0.485	0.2125718365712494
0.49	0.21197163062215768
0.495	0.21136903902451287
0.5	0.21076444493251226
0.505	0.2101582047472657
0.51	0.20955065002430437
0.515	0.20894208923101532
0.52	0.20833280936715895
0.525	0.20772307746038104
0.53	0.20711314194743316
0.535	0.20650323395083978
0.54	0.20589356845978332
0.545	0.20528434542320673
0.55	0.20467575076236647
0.555	0.20406795730940017
0.56	0.20346112567791722
0.5650000000000001	0.20285540507103222
0.5700000000000001	0.2022509340318211
0.5750000000000001	0.20164784114075165
0.5800000000000001	0.20104624566414417
0.585	0.20044625815755282
0.59	0.19984798102743007
0.595	0.1992515090542836
0.6	0.19865692988022823
0.605	0.19806432446356392
0.61	0.19747376750283932
0.615	0.19688532783266394
0.62	0.19629906879326486
0.625	0.19571504857575606
0.63	0.19513332054482824
0.635	0.1945539335404492
0.64	0.19397693216010134
0.645	0.19340235702290087
0.65	0.19283024501683257
0.655	0.1922606295303264
0.66	0.19169354066919514
0.665	0.19112900545997866
0.67	0.19056704804053373
0.675	0.19000768983889849
0.68	0.1894509497409579
0.685	0.18889684424789832
0.6900000000000001	0.1883453876240073
0.6950000000000001	0.18779659203540544
0.7000000000000001	0.18725046768047052
0.7050000000000001	0.18670702291227007
0.71	0.18616626435370504
0.715	0.18562819700573976
0.72	0.18509282434912533
0.725	0.1845601484401837
0.73	0.18403017000079713
0.735	0.1835028885031622
0.74	0.18297830224952685
0.745	0.18245640844727606
0.75	0.18193720327960983
0.755	0.18142068197208058
0.76	0.1809068388553382
0.765	0.18039566742412882
0.77	0.1798871603929868
0.775	0.17938130974861852
0.78	0.1788781067993617
0.785	0.17837754222171673
0.79	0.17787960610428738
0.795	0.177384287989129
0.8	0.17689157691077023
0.805	0.17640146143301952
0.81	0.17591392968369757
0.8150000000000001	0.17542896938720376
0.8200000000000001	0.17494656789552818
0.8250000000000001	0.1744667122172719
0.8300000000000001	0.17398938904506692
0.8350000000000001	0.17351458478146584
0.84	0.17304228556333856
0.845	0.17257247728490388
0.85	0.1721051456194014
0.855	0.17164027603954105
0.86	0.17117785383682962
0.865	0.17071786413974135
0.87	0.17026029193086248
0.875	0.16980512206304552
0.88	0.16935233927467871
0.885	0.16890192820396924
0.89	0.16845387340256854
0.895	0.16800815934822164
0.9	0.16756477045679485
0.905	0.1671236910936297
0.91	0.1666849055840433
0.915	0.1662483982235051
0.92	0.16581415328694765
0.925	0.16538215503755999
0.93	0.1649523877353096
0.935	0.1645248356445795
0.9400000000000001	0.16409948304165145
0.9450000000000001	0.16367631422145484
0.9500000000000001	0.16325531350420694
0.9550000000000001	0.16283646524128995
0.9600000000000001	0.16241975382120102
0.965	0.16200516367465828
0.97	0.1615926792797042
0.975	0.1611822851662943
0.98	0.16077396592067808
0.985	0.16036770618966997
0.99	0.1599634906841041
0.995	0.1595613041825604
1.	0.15916113153487554
1.005	0.15876295766459
1.01	0.1583667675725051
1.015	0.1579725463385116
1.02	0.1575802791254362
1.025	0.15718995117740778
1.0299999999999998	0.1568015478345876
1.035	0.15641505451012447
1.0399999999999998	0.15603045671783644
1.045	0.15564774006076534
1.0499999999999998	0.15526689023448761
1.055	0.15488789302912917
1.0599999999999998	0.15451073433044996
1.065	0.15413540012084664
1.0699999999999998	0.1537618764804326
1.075	0.15339014958772618
1.0799999999999998	0.15302020572042668
1.085	0.1526520312564307
1.0899999999999999	0.15228561267392024
1.095	0.15192093655208389
1.0999999999999999	0.15155798957153957
1.105	0.1511967585145852
1.1099999999999999	0.15083723026568738
1.115	0.1504793918112296
1.1199999999999999	0.1501232302401189
1.125	0.14976873274353833
1.13	0.14941588661519004
1.135	0.1490646792510194
1.14	0.14871509814934758
1.145	0.14836713091057835
1.15	0.1480207652370228
1.155	0.14767598893285983
1.16	0.14733278990364831
1.1649999999999998	0.1469911561561629
1.17	0.146651075797973
1.1749999999999998	0.14631253703716274
1.18	0.1459755281819644
1.1849999999999998	0.14564003764015565
1.19	0.14530605391880816
1.1949999999999998	0.1449735656236921
1.2	0.14464256145885462
1.2049999999999998	0.14431303022601993
1.21	0.14398496082414725
1.2149999999999999	0.14365834224881724
1.22	0.14333316359164233
1.2249999999999999	0.1430094140396539
1.23	0.1426870828748772
1.2349999999999999	0.14236615947351328
1.24	0.1420466333052875
1.2449999999999999	0.1417284939330888
1.25	0.14141173101194698
1.255	0.14109633428867532
1.26	0.14078229360101693
1.265	0.14046959887707156
1.27	0.14015824013455844
1.275	0.13984820748009358
1.28	0.1395394911086206
1.285	0.13923208130258075
1.2899999999999998	0.1389259684312949
1.295	0.13862114295019548
1.2999999999999998	0.13831759540013303
1.305	0.13801531640671122
1.3099999999999998	0.1377142966795391
1.315	0.13741452701144377
1.3199999999999998	0.13711599827788376
1.325	0.13681870143618366
1.3299999999999998	0.13652262752475922
1.335	0.13622776766244862
1.3399999999999999	0.13593411304781897
1.345	0.13564165495844419
1.3499999999999999	0.13535038475011174
1.355	0.13506029385622295
1.3599999999999999	0.13477137378699228
1.365	0.13448361612882828
1.3699999999999999	0.13419701254356867
1.375	0.13391155476773403
1.38	0.13362723461195578
1.385	0.13334404396014765
1.39	0.13306197476894394
1.395	0.13278101906687148
1.4	0.1325011689537491
1.405	0.13222241659997916
1.41	0.1319447542458842
1.4149999999999998	0.1316681742010277
1.42	0.1313926688435391
1.4249999999999998	0.13111823061942732
1.43	0.13084485204195884
1.4349999999999998	0.1305725256909914
1.44	0.13030124421229106
1.4449999999999998	0.130031000316903
1.45	0.12976178678052916
1.4549999999999998	0.12949359644286634
1.46	0.12922642220697167
1.4649999999999999	0.12896025703867395
1.47	0.1286950939658725
1.4749999999999999	0.1284309260779803
1.48	0.12816774652530655
1.4849999999999999	0.12790554851843214
1.49	0.12764432532761683
1.4949999999999999	0.12738407028218124
1.5	0.12712477676993153
1.505	0.12686643823661245
1.51	0.12660904818522767
1.515	0.1263526001755468
1.52	0.12609708782351492
1.525	0.12584250480065948
1.53	0.12558884483355717
1.535	0.12533610170326376
1.54	0.12508426924477592
1.545	0.12483334134648015
1.5499999999999998	0.12458331194958856
1.555	0.12433417504766227
1.5599999999999998	0.1240859246860308
1.565	0.1238385549612749
1.5699999999999998	0.12359206002071606
1.575	0.12334643406190754
1.5799999999999998	0.12310167133215356
1.585	0.12285776612788903
1.5899999999999999	0.12261471279435186
1.595	0.12237250572495151
1.5999999999999999	0.12213113936082641
1.605	0.121890608190403
1.6099999999999999	0.12165090674883809
1.615	0.12141202961759065
1.6199999999999999	0.1211739714239623
1.625	0.12093672684058455
1.63	0.12070029058505459
1.635	0.12046465741933801
1.64	0.1202298221494666
1.645	0.11999577962497628
1.65	0.11976252473855493
1.655	0.11953005242553374
1.66	0.1192983576635064
1.665	0.11906743547191297
1.67	0.11883728091153539
1.6749999999999998	0.11860788908416096
1.68	0.1183792551321782
1.6849999999999998	0.118151374238089
1.69	0.11792424162414629
1.6949999999999998	0.11769785255201043
1.7	0.11747220232222638
1.7049999999999998	0.11724728627399202
1.71	0.11702309978459305
1.7149999999999999	0.11679963826918494
1.72	0.11657689718030616
1.7249999999999999	0.11635487200756325
1.73	0.11613355827720429
1.7349999999999999	0.11591295155181763
1.74	0.11569304742990565
1.7449999999999999	0.11547384154558883
1.75	0.11525532956817114
1.755	0.1150375072018824
1.76	0.11482037018546438
1.765	0.1146039142918616
1.77	0.11438813532784435
1.775	0.1141730291337167
1.78	0.11395859158296258
1.785	0.11374481858190755
1.79	0.1135317060694234
1.795	0.11331925001658047
1.7999999999999998	0.11310744642633164
1.805	0.11289629133320668
1.8099999999999998	0.11268578080302433
1.815	0.11247591093251592
1.8199999999999998	0.11226667784910714
1.825	0.11205807771054
1.8299999999999998	0.1118501067046543
1.835	0.11164276104898303
1.8399999999999999	0.1114360369906012
1.845	0.11122993080571876
1.8499999999999999	0.11102443879944857
1.855	0.11081955730552243
1.8599999999999999	0.1106152826860233
1.865	0.11041161133107014
1.8699999999999999	0.1102085396585797
1.875	0.11000606411397777
1.88	0.10980418116998142
1.885	0.10960288732623111
1.89	0.10940217910915846
1.895	0.10920205307161582
1.9	0.1090025057927078
1.905	0.10880353387746755
1.91	0.10860513395667257
1.915	0.10840730268655445
1.92	0.1082100367485383
1.9249999999999998	0.108013332849084
1.93	0.10781718771934723
1.9349999999999998	0.10762159811500677
1.94	0.10742656081601125
1.9449999999999998	0.10723207262634932
1.95	0.10703813037382423
1.9549999999999998	0.10684473090981784
1.96	0.10665187110906683
1.9649999999999999	0.10645954786948554
1.97	0.10626775811184977
1.9749999999999999	0.10607649877969537
1.98	0.10588576683900497
1.9849999999999999	0.10569555927806845
1.99	0.10550587310724086
1.9949999999999999	0.1053167053587175
2.	0.10512805308638347
2.005	0.10493991336555027
2.01	0.10475228329278351
2.015	0.10456515998570577
2.02	0.10437854058281744
2.025	0.10419242224325152
2.03	0.10400680214661472
2.035	0.1038216774928156
2.04	0.10363704550184037
2.045	0.10345290341357194
2.05	0.10326924848763092
2.0549999999999997	0.10308607800317417
2.06	0.10290338925869491
2.065	0.10272117957189501
2.07	0.10253944627946639
2.0749999999999997	0.10235818673692891
2.08	0.1021773983184628
2.085	0.10199707841672356
2.09	0.10181722444269732
2.0949999999999998	0.10163783382550402
2.1	0.10145890401224211
2.105	0.10128043246784213
2.11	0.1011024166748937
2.1149999999999998	0.10092485413346301
2.12	0.10074774236095611
2.125	0.1005710788919726
2.13	0.10039486127811924
2.135	0.100219087087888
2.14	0.10004375390647269
2.145	0.09986885933564654
2.15	0.09969440099358484
2.155	0.09952037651473267
2.16	0.09934678354968635
2.165	0.09917361976498955
2.17	0.09900088284303563
2.175	0.09882857048190172
2.18	0.0986566803952249
2.185	0.09848521031205763
2.19	0.0983141579767278
2.195	0.09814352114870996
2.1999999999999997	0.09797329760247296
2.205	0.09780348512737005
2.21	0.09763408152747771
2.215	0.09746508462152885
2.2199999999999998	0.0972964922426775
2.225	0.09712830223848291
2.23	0.09696051247069547
2.235	0.09679312081518804
2.2399999999999998	0.09662612516180784
2.245	0.09645952341426034
2.25	0.09629331348996716
2.255	0.0961274933199905
2.26	0.09596206084886301
2.265	0.09579701403451109
2.27	0.09563235084811104
2.275	0.09546806927399565
2.28	0.09530416730949819
2.285	0.09514064296490388
2.29	0.09497749426328392
2.295	0.0948147192404041
2.3	0.09465231594462419
2.305	0.09449028243675926
2.31	0.09432861678999568
2.315	0.09416731708980638
2.32	0.09400638143378405
2.3249999999999997	0.09384580793158508
2.33	0.0936855947048218
2.335	0.09352573988693304
2.34	0.09336624162310907
2.3449999999999998	0.0932070980701794
2.35	0.09304830739652682
2.355	0.09288986778195304
2.36	0.09273177741763028
2.3649999999999998	0.09257403450596423
2.37	0.09241663726051817
2.375	0.09225958390591239
2.38	0.09210287267773662
2.385	0.09194650182244621
2.39	0.09179046959728478
2.395	0.0916347742701607
2.4	0.09147941411962152
2.405	0.09132438743467478
2.41	0.0911696925147742
2.415	0.09101532766971278
2.42	0.09086129121951
2.425	0.09070758149434939
2.43	0.09055419683448455
2.435	0.09040113559017073
2.44	0.09024839612154839
2.445	0.09009597679859918
2.4499999999999997	0.08994387600103201
2.455	0.08979209211821623
2.46	0.08964062354909794
2.465	0.08948946870213409
2.4699999999999998	0.08933862599518268
2.475	0.08918809385544954
2.48	0.08903787071940214
2.485	0.08888795503269661
2.4899999999999998	0.08873834525009609
2.495	0.08858903983540119
2.5	0.08844003726135811
2.505	0.0882913360096227
2.51	0.08814293457063602
2.515	0.08799483144359618
2.52	0.08784702513636633
2.525	0.08769951416539207
2.53	0.08755229705566196
2.535	0.08740537234060002
2.54	0.0872587385620262
2.545	0.0871123942700785
2.55	0.086966338023141
2.555	0.08682056838776682
2.56	0.08667508393864061
2.565	0.08652988325847476
2.57	0.0863849649379728
2.5749999999999997	0.08624032757575989
2.58	0.08609596977830065
2.585	0.08595189015984754
2.59	0.0858080873423834
2.5949999999999998	0.08566455995555179
2.6	0.08552130663657449
2.605	0.08537832603024219
2.61	0.08523561678879041
2.6149999999999998	0.08509317757188711
2.62	0.08495100704654855
2.625	0.0848091038870841
2.63	0.0846674667750363
2.635	0.08452609439913537
2.64	0.08438498545520758
2.645	0.08424413864616165
2.65	0.08410355268190357
2.655	0.08396322627927556
2.66	0.08382315816203238
2.665	0.08368334706073531
2.67	0.0835437917127557
2.675	0.08340449086215877
2.68	0.08326544325970887
2.685	0.08312664766277117
2.69	0.08298810283527448
2.695	0.08284980754765947
2.7	0.08271176057684602
2.705	0.08257396070612481
2.71	0.08243640672516699
2.715	0.08229909742993538
2.7199999999999998	0.08216203162265626
2.725	0.08202520811174709
2.73	0.0818886257117857
2.735	0.08175228324345228
2.7399999999999998	0.08161617953348028
2.745	0.08148031341460668
2.75	0.08134468372553336
2.755	0.08120928931086377
2.76	0.08107412902107089
2.765	0.08093920171243688
2.77	0.08080450624701997
2.775	0.0806700414925923
2.78	0.08053580632260611
2.785	0.08040179961614835
2.79	0.08026802025788948
2.795	0.08013446713803585
2.8	0.08000113915229987
2.8049999999999997	0.0798680352018367
2.81	0.0797351541932213
2.815	0.07960249503838202
2.82	0.07947005665457706
2.825	0.07933783796434479
2.83	0.07920583789545747
2.835	0.07907405538088186
2.84	0.07894248935874709
2.8449999999999998	0.07881113877228035
2.85	0.07868000256979056
2.855	0.07854907970461777
2.86	0.07841836913508221
2.8649999999999998	0.07828786982446548
2.87	0.07815758074094763
2.875	0.07802750085759319
2.88	0.07789762915228383
2.885	0.07776796460770752
2.89	0.07763850621129137
2.895	0.07750925295519183
2.9	0.07738020383623559
2.905	0.07725135785588619
2.91	0.07712271402021732
2.915	0.07699427133986386
2.92	0.07686602882998994
2.925	0.07673798551025163
2.9299999999999997	0.07661014040475514
2.935	0.0764824925420389
2.94	0.07635504095500563
2.945	0.07622778468092094
2.95	0.07610072276135992
2.955	0.07597385424217323
2.96	0.07584717817345055
2.965	0.07572069360949751
2.9699999999999998	0.07559439960878515
2.975	0.07546829523393256
2.98	0.07534237955166115
2.985	0.07521665163275895
2.9899999999999998	0.07509111055206134
2.995	0.07496575538840557
3.	0.07484058522460194
3.005	0.07471559914740286
3.01	0.07459079624746606
3.015	0.07446617561932356
3.02	0.07434173636135569
3.025	0.07421747757575348
3.03	0.07409339836848391
3.035	0.07396949784926642
3.04	0.07384577513153966
3.045	0.07372222933242376
3.05	0.07359885957270203
3.0549999999999997	0.07347566497677493
3.06	0.07335264467264557
3.065	0.07322979779187797
3.07	0.07310712346957172
3.075	0.07298462084433563
3.08	0.0728622890582474
3.085	0.07274012725683936
3.09	0.07261813458905135
3.0949999999999998	0.07249631020722147
3.1	0.07237465326704162
3.105	0.07225316292753413
3.11	0.07213183835102749
3.115	0.07201067870312151
3.12	0.07188968315266298
3.125	0.0717688508717141
3.13	0.07164818103553133
3.135	0.07152767282253371
3.14	0.07140732541427083
3.145	0.0712871379954046
3.15	0.0711671097536776
3.155	0.07104723987988211
3.16	0.07092752756784412
3.165	0.07080797201438344
3.17	0.07068857241929802
3.175	0.07056932798533329
3.1799999999999997	0.07045023791815236
3.185	0.07033130142631872
3.19	0.07021251772126157
3.195	0.07009388601725573
3.2	0.06997540553139193
3.205	0.06985707548355577
3.21	0.06973889509639866
3.215	0.06962086359531418
3.2199999999999998	0.06950298020841404
3.225	0.06938524416649891
3.23	0.06926765470304025
3.235	0.06915021105414812
3.24	0.06903291245855467
3.245	0.06891575815758065
3.25	0.06879874739512054
3.255	0.06868187941760973
3.26	0.06856515347400684
3.265	0.06844856881576633
3.27	0.06833212469681475
3.275	0.06821582037353097
3.28	0.06809965510471619
3.285	0.06798362815157381
3.29	0.06786773877768663
3.295	0.06775198624899409
3.3	0.0676363698337655
3.3049999999999997	0.06752088880257984
3.31	0.06740554242830239
3.315	0.0672903299860606
3.32	0.0671752507532235
3.325	0.06706030400937757
3.33	0.06694548903630264
3.335	0.06683080511795231
3.34	0.06671625154042896
3.3449999999999998	0.06660182759196377
3.35	0.06648753256289325
3.355	0.0663733657456361
3.36	0.06625932643467163
3.365	0.06614541392652054
3.37	0.06603162751971868
3.375	0.06591796651479771
3.38	0.0658044302142624
3.385	0.06569101792257064
3.39	0.0655777289461088
3.395	0.0654645625931726
3.4	0.06535151817394527
3.405	0.06523859500047557
3.41	0.065125792386657
3.415	0.06501310964820388
3.42	0.0649005461026368
3.425	0.06478810106925195
3.4299999999999997	0.06467577386910994
3.435	0.06456356382500726
3.44	0.0644514702614593
3.445	0.06433949250467634
3.45	0.0642276298825455
3.455	0.06411588172461274
3.46	0.06400424736205075
3.465	0.06389272612765248
3.4699999999999998	0.06378131735580118
3.475	0.0636700203824519
3.48	0.06355883454511255
3.485	0.06344775918282286
3.49	0.06333679363613252
3.495	0.0632259372470801
3.5	0.06311518935917887
3.505	0.06300454931738635
3.51	0.06289401646808987
3.515	0.06278359015909202
3.52	0.06267326973957627
3.525	0.06256305456009946
3.53	0.06245294397256176
3.535	0.06234293733020011
3.54	0.06223303398755079
3.545	0.062123233300442504
3.55	0.062013534625969466
3.5549999999999997	0.061903937322475885
3.56	0.06179444074953298
3.565	0.06168504426791706
3.5700000000000003	0.06157574723959855
3.575	0.06146654902770465
3.58	0.06135744899651928
3.585	0.06124844651145348
3.59	0.061139540939022095
3.5949999999999998	0.061030731646825695
3.5999999999999996	0.06092201800354056
3.605	0.06081339937888296
3.61	0.06070487514360167
3.615	0.06059644466945131
3.62	0.060488107329173965
3.625	0.06037986249648453
3.63	0.06027170954603439
3.635	0.06016364785341579
3.6399999999999997	0.06005567679512437
3.645	0.05994779574853676
3.65	0.05984000409191096
3.6550000000000002	0.05973230120434034
3.66	0.05962468646575441
3.665	0.05951715925688865
3.67	0.05940971895926887
3.675	0.059302364955176615
3.6799999999999997	0.05919509662766154
3.685	0.059087913360478805
3.69	0.05898081453811326
3.6950000000000003	0.058873799545717226
3.7	0.058766867769121954
3.705	0.05866001859480398
3.71	0.05855325140986205
3.715	0.058446565602006575
3.7199999999999998	0.05833996055952889
3.7249999999999996	0.05823343567129076
3.73	0.058126990326694085
3.735	0.058020623915671345
3.74	0.05791433582865617
3.745	0.05780812545656034
3.75	0.0577019921907722
3.755	0.057595935423108466
3.76	0.05748995454581503
3.7649999999999997	0.05738404895153876
3.77	0.057278218033301444
3.775	0.057172461184487176
3.7800000000000002	0.05706677779882026
3.785	0.05696116727033986
3.79	0.056855628993387815
3.795	0.056750162362567566
3.8	0.056644766772742036
3.8049999999999997	0.056539441619017645
3.81	0.05643418629669588
3.815	0.05632900020127718
3.8200000000000003	0.05622388272842552
3.825	0.056118833273955206
3.83	0.05601385123380383
3.835	0.05590893600401076
3.84	0.055804086980702584
3.8449999999999998	0.05569930356005554
3.8499999999999996	0.05559458513828857
3.855	0.055489931111632224
3.86	0.05538534087632045
3.865	0.05528081382854177
3.87	0.05517634936444318
3.875	0.05507194688009738
3.88	0.05496760577147538
3.885	0.05486332543442345
3.8899999999999997	0.05475910526466125
3.895	0.054654944657724414
3.9	0.05455084300897324
3.9050000000000002	0.05444679971353831
3.91	0.05434281416633163
3.915	0.05423888576200451
3.92	0.05413501389491838
3.925	0.0540311979591175
3.9299999999999997	0.0539274373483416
3.935	0.053823731455951346
3.94	0.0537200796749456
3.9450000000000003	0.05361648139790242
3.95	0.05351293601698439
3.955	0.053409442923904565
3.96	0.05330600150988584
3.965	0.05320261116565355
3.9699999999999998	0.05309927128139973
3.9749999999999996	0.05299598124677995
3.98	0.05289274045085167
3.985	0.05278954828207995
3.99	0.052686404128296754
3.995	0.05258330737667008
4.	0.052480257413694976
4.005	0.052377253625159104
4.01	0.052274295396090985
4.015	0.052171382110791246
4.02	0.052068513152741865
4.025	0.05196568790462593
4.03	0.051862905748268524
4.035	0.05176016606463449
4.04	0.05165746823377941
4.045	0.05155481163483203
4.05	0.051452195645964836
4.055	0.05134961964437003
4.0600000000000005	0.05124708300622193
4.0649999999999995	0.05114458510664337
4.07	0.0510421253197046
4.075	0.050939703018340686
4.08	0.050837317574388315
4.085	0.0507349683585152
4.09	0.05063265474017076
4.095	0.050530376087607035
4.1	0.05042813176781952
4.105	0.05032592114650753
4.109999999999999	0.05022374358804787
4.115	0.05012159845549947
4.12	0.05001948511050649
4.125	0.04991740291330865
4.13	0.04981535122271495
4.135	0.04971332939603601
4.14	0.04961133678907439
4.145	0.0495093727560861
4.15	0.04940743664976799
4.155	0.049305527821165325
4.16	0.049203645619696125
4.165	0.04910178939309064
4.17	0.04899995848736346
4.175	0.04889815224674761
4.18	0.04879637001372415
4.1850000000000005	0.0486946111289136
4.1899999999999995	0.04859287493108336
4.195	0.04849116075709712
4.2	0.048389467941877096
4.205	0.04828779581835736
4.21	0.04818614371747445
4.215	0.048084510968079745
4.22	0.047982896896956596
4.225	0.0478813008287368
4.23	0.047779722085869204
4.234999999999999	0.04767815998859749
4.24	0.04757661385490732
4.245	0.047475083000473005
4.25	0.04737356673863163
4.255	0.04727206438032689
4.26	0.04717057523408289
4.265	0.04706909860595095
4.27	0.046967633799451694
4.275	0.04686618011556796
4.28	0.04676473685264707
4.285	0.04666330330639355
4.29	0.046561878769811715
4.295	0.046460462533167234
4.3	0.046359053883910845
4.305	0.04625765210666916
4.3100000000000005	0.04615625648316507
4.3149999999999995	0.04605486629216484
4.32	0.045953480809478205
4.325	0.04585209930783929
4.33	0.04575072105689872
4.335	0.0456493453231656
4.34	0.045547971369934145
4.345	0.04544659845726065
4.35	0.0453452258418777
4.355	0.04524385277716661
4.359999999999999	0.045142478513075776
4.365	0.04504110229610204
4.37	0.04493972336917721
4.375	0.04483834097166488
4.38	0.04473695433927405
4.385	0.04463556270398711
4.39	0.044534165294036296
4.395	0.04443276133382134
4.4	0.04433135004383229
4.405	0.04422993064061011
4.41	0.0441285023366651
4.415	0.0440270643404311
4.42	0.043925615856194006
4.425	0.04382415608399961
4.43	0.043722684219616406
4.4350000000000005	0.043621199454459074
4.4399999999999995	0.04351970097550887
4.445	0.0434181879652623
4.45	0.043316659601624764
4.455	0.04321511505785714
4.46	0.04311355350253441
4.465	0.0430119740994047
4.47	0.04291037600736375
4.475	0.04280875838035402
4.48	0.04270712036728699
4.484999999999999	0.04260546111197357
4.49	0.04250377975304602
4.495	0.04240207542383641
4.5	0.04230034725235357
4.505	0.04219859436115112
4.51	0.042096815867243086
4.515	0.04199501088206079
4.52	0.04189317851129387
4.525	0.04179131785486486
4.53	0.041689428006797896
4.535	0.041587508055115
4.54	0.0414855570818021
4.545	0.04138357416262068
4.55	0.041281558367104135
4.555	0.04117950875838483
4.5600000000000005	0.04107742439312778
4.5649999999999995	0.04097530432138959
4.57	0.04087314758659883
4.575	0.040770953225339315
4.58	0.04066872026731635
4.585	0.04056644773520509
4.59	0.04046413464458495
4.595000000000001	0.04036178000374944
4.6	0.040259382813671606
4.605	0.04015694206782824
4.609999999999999	0.04005445675209504
4.615	0.0399519258446384
4.62	0.03984934831576124
4.625	0.039746723127796924
4.63	0.039644049234992436
4.635	0.039541325583309334
4.640000000000001	0.03943855111038401
4.645	0.03933572474532534
4.65	0.03923284540857734
4.654999999999999	0.03912991201180238
4.66	0.039026923457738845
4.665	0.038923878640019435
4.67	0.038820776443058404
4.675	0.038717615741833224
4.68	0.03861439540184874
4.6850000000000005	0.03851111427886099
4.6899999999999995	0.03840777121874443
4.695	0.038304365057381946
4.7	0.0382008946204196
4.705	0.03809735872315462
4.71	0.03799375617031764
4.715	0.03789008575591191
4.720000000000001	0.03778634626305242
4.725	0.037682536463733714
4.73	0.0375786551186732
4.734999999999999	0.037474700977117664
4.74	0.037370672776628346
4.745	0.03726656924289838
4.75	0.037162389089520506
4.755	0.037058131017831446
4.76	0.036953793716613725
4.765000000000001	0.036849375861970624
4.77	0.036744876117032185
4.775	0.03664029313177065
4.779999999999999	0.03653562554274798
4.785	0.03643087197286554
4.79	0.036326031031179616
4.795	0.03622110131257539
4.8	0.036116081397565315
4.805	0.03601096985204263
4.8100000000000005	0.0359057652269714
4.8149999999999995	0.035800466058140294
4.82	0.03569507086590484
4.825	0.03558957815487491
4.83	0.03548398641365137
4.835	0.03537829411452607
4.84	0.03527249971317305
4.845000000000001	0.035166601648355146
4.85	0.035060598341604486
4.855	0.0349544881968822
4.859999999999999	0.03484826960029944
4.865	0.03474194091973266
4.87	0.0346355005045012
4.875	0.034528946685015306
4.88	0.034422277772414515
4.885	0.03431549205821073
4.890000000000001	0.03420858781388576
4.895	0.0341015632905268
4.9	0.0339944167184447
4.904999999999999	0.03388714630673008
4.91	0.03377975024285641
4.915	0.03367222669230653
4.92	0.03356457379805528
4.925	0.0334567896801576
4.93	0.03334887243533593
4.9350000000000005	0.03324082013645234
4.9399999999999995	0.033132630832059876
4.945	0.03302430254592128
4.95	0.0329158332764754
4.955	0.0328072209963446
4.96	0.032698463651812004
4.965	0.03258955916226922
4.970000000000001	0.032480505419649836
4.975	0.032371300287879705
4.98	0.03226194160226642
4.984999999999999	0.03215242716895867
4.99	0.03204275476424336
4.995	0.03193292213397686
5.	0.031822926992923155
5.005	0.03171276702407273
5.01	0.03160243987794731
5.015000000000001	0.03149194317196284
5.02	0.03138127448962072
5.025	0.031270431379830155
5.029999999999999	0.031159411356098926
5.035	0.0310482118957836
5.04	0.03093683043928635
5.045	0.03082526438918812
5.05	0.030713511109428843
5.055	0.030601567924433564
5.0600000000000005	0.030489432118201803
5.0649999999999995	0.03037710093335004
5.07	0.030264571570240605
5.075	0.030151841185896776
5.08	0.030038906893066104
5.085	0.0299257657591539
5.09	0.02981241480513371
5.095000000000001	0.02969885100450345
5.1	0.029585071282054686
5.105	0.02947107251278373
5.109999999999999	0.029356851520640787
5.115	0.029242405077288147
5.12	0.029127729900833343
5.125	0.029012822654503764
5.13	0.028897679945228735
5.135	0.028782298322313295
5.14	0.028666674275931267
5.145	0.02855080423561776
5.15	0.0284346845687459
5.155	0.028318311578918016
5.16	0.028201681504306964
5.165	0.02808479051594799
5.17	0.027967634715974497
5.175	0.02785021013579214
5.18	0.027732512734203168
5.185	0.027614538395431393
5.19	0.027496282927135317
5.195	0.027377742058289644
5.2	0.027258911437052096
5.205	0.027139786628490335
5.21	0.027020363112306437
5.215	0.026900636280406568
5.22	0.026780601434431745
5.225	0.02666025378316665
5.23	0.026539588439889447
5.235	0.026418600419580374
5.24	0.026297284636065486
5.245	0.026175635899015667
5.25	0.02605364891088878
5.255	0.025931318263673862
5.26	0.025808638435588005
5.265	0.025685603787596857
5.27	0.025562208559821654
5.275	0.025438446867788966
5.28	0.025314312698545935
5.285	0.0251897999065826
5.29	0.02506490220968731
5.295	0.024939613184472357
5.3	0.024813926261867087
5.305	0.02468783472233599
5.31	0.02456133169095125
5.315	0.024434410132150246
5.32	0.024307062844448744
5.325	0.02417928245472102
5.33	0.02405106141238428
5.335	0.023922391983254906
5.34	0.02379326624314549
5.345	0.02366367607117028
5.35	0.023533613142756513
5.355	0.023403068922306435
5.36	0.023272034655576628
5.365	0.023140501361638196
5.37	0.023008459824465297
5.375	0.02287590058417671
5.38	0.022742813927777467
5.385	0.022609189879496176
5.39	0.022475018190633318
5.395	0.02234028832889215
5.4	0.022204989467176573
5.405	0.022069110471818924
5.41	0.021932639890204303
5.415	0.021795565937716272
5.42	0.02165787648403687
5.425	0.02151955903867432
5.43	0.021380600735734948
5.435	0.021240988317828755
5.44	0.021100708119115758
5.445	0.020959746047370494
5.45	0.02081808756503489
5.455	0.02067571766918578
5.46	0.02053262087032295
5.465	0.020388781169907427
5.47	0.02024418203653994
5.475	0.02009880638071692
5.48	0.019952636528002672
5.485	0.01980565419055021
5.49	0.019657840436800147
5.495	0.019509175659248035
5.5	0.01935963954010078
5.505	0.019209211014669974
5.51	0.019057868232305458
5.515	0.01890558851467197
5.52	0.01875234831113777
5.525	0.018598123151034367
5.53	0.018442887592511847
5.535	0.01828661516767998
5.54	0.018129278323726326
5.545	0.01797084835960801
5.55	0.017811295357939985
5.555	0.01765058811159306
5.56	0.01748869404453029
5.565	0.017325579126284532
5.57	0.017161207779444486
5.575	0.016995542779479213
5.58	0.016828545146063127
5.585	0.016660174025005723
5.59	0.016490386559839226
5.595	0.016319137751829388
5.6	0.01614638030722001
5.605	0.01597206447017143
5.61	0.015796137839774602
5.615	0.015618545169222625
5.62	0.015439228144981212
5.625	0.015258125143449795
5.63	0.01507517096229344
5.635	0.014890296523048893
5.64	0.014703428541323635
5.645	0.014514489159964694
5.65	0.014323395540184752
5.655	0.014130059404484061
5.66	0.013934386524241681
5.665	0.013736276143617027
5.67	0.013535620329874484
5.675	0.0133323032380779
5.68	0.013126200276275157
5.6850000000000005	0.012917177153911321
5.69	0.012705088793171703
5.695	0.012489778077950457
5.7	0.012271074410337595
5.705	0.012048792036612983
5.71	0.011822728096667854
5.715	0.011592660338375886
5.72	0.011358344424311264
5.725	0.011119510737794651
5.73	0.010875860570094315
5.735	0.01062706153537853
5.74	0.010372742013342586
5.745	0.01011248435515375
5.75	0.00984581649859727
5.755	0.009572201512832702
5.76	0.00929102441058829
5.765	0.009001575302126166
5.77	0.008703027568215971
5.775	0.008394409125125178
5.78	0.008074563906443337
5.785	0.007742099155031475
5.79	0.007395311561448353
5.795	0.00703208084711752
5.8	0.006649711325724416
5.805	0.006244686519981133
5.8100000000000005	0.005812270277905654
5.815	0.005345817676718152
5.82	0.0048354865441754364
5.825	0.004265554378544716
5.83	0.003607882582720623
5.835	0.0028013382339076697
5.84	0.0016391979132289213
5.845	0.
5.85	0.
5.855	0.
5.86	0.
5.865	0.
5.87	0.
5.875	0.
5.88	0.
5.885	0.
5.89	0.
5.895	0.
5.9	0.
5.905	0.
5.91	0.
5.915	0.
5.92	0.
5.925	0.
5.93	0.
5.9350000000000005	0.
5.94	0.
5.945	0.
5.95	0.
5.955	0.
5.96	0.
5.965	0.
5.97	0.
5.975	0.
5.98	0.
5.985	0.
5.99	0.
5.995	0.
6.	0.
6.005	0.
6.01	0.
6.015	0.
6.02	0.
6.025	0.
6.03	0.
6.035	0.
6.04	0.
6.045	0.
6.05	0.
6.055	0.
6.0600000000000005	0.
6.065	0.
6.07	0.
6.075	0.
6.08	0.
6.085	0.
6.09	0.
6.095	0.
6.1	0.
6.105	0.
6.11	0.
6.115	0.
6.12	0.
6.125	0.
6.13	0.
6.135	0.
6.140000000000001	0.
6.145	0.
6.15	0.
6.155	0.
6.16	0.
6.165	0.
6.17	0.
6.175	0.
6.18	0.
6.1850000000000005	0.
6.1899999999999995	0.
6.195	0.
6.2	0.
6.205	0.
6.21	0.
6.215	0.
6.22	0.
6.225	0.
6.23	0.
6.235	0.
6.24	0.
6.245	0.
6.25	0.
6.255	0.
6.26	0.
6.265000000000001	0.
6.27	0.
6.275	0.
6.28	0.
6.285	0.
6.29	0.
6.295	0.
6.3	0.
6.305	0.
6.3100000000000005	0.
6.3149999999999995	0.
6.32	0.
6.325	0.
6.33	0.
6.335	0.
6.34	0.
6.345	0.
6.35	0.
6.355	0.
6.36	0.
6.365	0.
6.37	0.
6.375	0.
6.38	0.
6.385	0.
6.390000000000001	0.
6.395	0.
6.4	0.
6.405	0.
6.41	0.
6.415	0.
6.42	0.
6.425	0.
6.43	0.
6.4350000000000005	0.
6.4399999999999995	0.
6.445	0.
6.45	0.
6.455	0.
6.46	0.
6.465	0.
6.47	0.
6.475	0.
6.48	0.
6.485	0.
6.49	0.
6.495	0.
6.5	0.
6.505	0.
6.51	0.
6.515000000000001	0.
6.52	0.
6.525	0.
6.53	0.
6.535	0.
6.54	0.
6.545	0.
6.55	0.
6.555	0.
6.5600000000000005	0.
6.5649999999999995	0.
6.57	0.
6.575	0.
6.58	0.
6.585	0.
6.59	0.
6.595	0.
6.6	0.
6.605	0.
6.61	0.
6.615	0.
6.62	0.
6.625	0.
6.63	0.
6.635	0.
6.640000000000001	0.
6.645	0.
6.65	0.
6.655	0.
6.66	0.
6.665	0.
6.67	0.
6.675	0.
6.68	0.
6.6850000000000005	0.
6.6899999999999995	0.
6.695	0.
6.7	0.
6.705	0.
6.71	0.
6.715	0.
6.72	0.
6.725	0.
6.73	0.
6.735	0.
6.74	0.
6.745	0.
6.75	0.
6.755	0.
6.76	0.
6.765000000000001	0.
6.77	0.
6.775	0.
6.78	0.
6.785	0.
6.79	0.
6.795	0.
6.8	0.
6.805	0.
6.8100000000000005	0.
6.8149999999999995	0.
6.82	0.
6.825	0.
6.83	0.
6.835	0.
6.84	0.
6.845	0.
6.85	0.
6.855	0.
6.86	0.
6.865	0.
6.87	0.
6.875	0.
6.88	0.
6.885	0.
6.890000000000001	0.
6.895	0.
6.9	0.
6.905	0.
6.91	0.
6.915	0.
6.92	0.
6.925	0.
6.93	0.
6.9350000000000005	0.
6.9399999999999995	0.
6.945	0.
6.95	0.
6.955	0.
6.96	0.
6.965	0.
6.97	0.
6.975	0.
6.98	0.
6.985	0.
6.99	0.
6.995	0.
7.	0.
7.005	0.
7.01	0.
7.015000000000001	0.
7.02	0.
7.025	0.
7.03	0.
7.035	0.
7.04	0.
7.045	0.
7.05	0.
7.055	0.
7.0600000000000005	0.
7.0649999999999995	0.
7.07	0.
7.075	0.
7.08	0.
7.085	0.
7.09	0.
7.095	0.
7.1	0.
7.105	0.
7.11	0.
7.115	0.
7.12	0.
7.125	0.
7.13	0.
7.135	0.
7.140000000000001	0.
7.145	0.
7.15	0.
7.155	0.
7.16	0.
7.165	0.
7.17	0.
7.175	0.
7.18	0.
7.1850000000000005	0.
7.1899999999999995	0.
7.195	0.
7.2	0.
7.205	0.
7.21	0.
7.215	0.
7.220000000000001	0.
7.225	0.
7.23	0.
7.234999999999999	0.
7.24	0.
7.245	0.
7.25	0.
7.255	0.
7.26	0.
7.265000000000001	0.
7.27	0.
7.275	0.
7.28	0.
7.285	0.
7.29	0.
7.295	0.
7.300000000000001	0.
7.305	0.
7.3100000000000005	0.
7.3149999999999995	0.
7.32	0.
7.325	0.
7.33	0.
7.335	0.
7.34	0.
7.345000000000001	0.
7.35	0.
7.355	0.
7.359999999999999	0.
7.365	0.
7.37	0.
7.375	0.
7.38	0.
7.385	0.
7.390000000000001	0.
7.395	0.
7.4	0.
7.405	0.
7.41	0.
7.415	0.
7.42	0.
7.425000000000001	0.
7.43	0.
7.4350000000000005	0.
7.4399999999999995	0.
7.445	0.
7.45	0.
7.455	0.
7.46	0.
7.465	0.
7.470000000000001	0.
7.475	0.
7.48	0.
7.484999999999999	0.
7.49	0.
7.495	0.
7.5	0.
7.505	0.
7.51	0.
7.515000000000001	0.
7.52	0.
7.525	0.
7.53	0.
7.535	0.
7.54	0.
7.545	0.
7.550000000000001	0.
7.555	0.
7.5600000000000005	0.
7.5649999999999995	0.
7.57	0.
7.575	0.
7.58	0.
7.585	0.
7.59	0.
7.595000000000001	0.
7.6	0.
7.605	0.
7.609999999999999	0.
7.615	0.
7.62	0.
7.625	0.
7.63	0.
7.635	0.
7.640000000000001	0.
7.645	0.
7.65	0.
7.655	0.
7.66	0.
7.665	0.
7.67	0.
7.675000000000001	0.
7.68	0.
7.685	0.
7.6899999999999995	0.
7.694999999999999	0.
7.699999999999999	0.
7.704999999999999	0.
7.71	0.
7.715	0.
7.72	0.
7.725	0.
7.7299999999999995	0.
7.734999999999999	0.
7.739999999999999	0.
7.744999999999999	0.
7.75	0.
7.755	0.
7.76	0.
7.765	0.
7.77	0.
7.7749999999999995	0.
7.779999999999999	0.
7.784999999999999	0.
7.79	0.
7.795	0.
7.8	0.
7.805	0.
7.81	0.
7.8149999999999995	0.
7.819999999999999	0.
7.824999999999999	0.
7.829999999999999	0.
7.835	0.
7.84	0.
7.845	0.
7.85	0.
7.8549999999999995	0.
7.859999999999999	0.
7.864999999999999	0.
7.869999999999999	0.
7.875	0.
7.88	0.
7.885	0.
7.89	0.
7.895	0.
7.8999999999999995	0.
7.904999999999999	0.
7.909999999999999	0.
7.915	0.
7.92	0.
7.925	0.
7.93	0.
7.935	0.
7.9399999999999995	0.
7.944999999999999	0.
7.949999999999999	0.
7.955	0.
7.96	0.
7.965	0.
7.97	0.
7.975	0.
7.9799999999999995	0.
7.984999999999999	0.
7.989999999999999	0.
7.994999999999999	0.
8.	0.
8.004999999999999	0.
8.01	0.
8.014999999999999	0.
8.02	0.
8.025	0.
8.03	0.
8.035	0.
8.04	0.
8.045	0.
8.049999999999999	0.
8.055	0.
8.059999999999999	0.
8.065	0.
8.07	0.
8.075	0.
8.08	0.
8.084999999999999	0.
8.09	0.
8.094999999999999	0.
8.1	0.
8.105	0.
8.11	0.
8.115	0.
8.12	0.
8.125	0.
8.129999999999999	0.
8.135	0.
8.139999999999999	0.
8.145	0.
8.15	0.
8.155	0.
8.16	0.
8.165	0.
8.17	0.
8.174999999999999	0.
8.18	0.
8.184999999999999	0.
8.19	0.
8.195	0.
8.2	0.
8.205	0.
8.209999999999999	0.
8.215	0.
8.219999999999999	0.
8.225	0.
8.23	0.
8.235	0.
8.24	0.
8.245	0.
8.25	0.
8.254999999999999	0.
8.26	0.
8.264999999999999	0.
8.27	0.
8.275	0.
8.28	0.
8.285	0.
8.29	0.
8.295	0.
8.299999999999999	0.
8.305	0.
8.309999999999999	0.
8.315	0.
8.32	0.
8.325	0.
8.33	0.
8.334999999999999	0.
8.34	0.
8.344999999999999	0.
8.35	0.
8.355	0.
8.36	0.
8.365	0.
8.37	0.
8.375	0.
8.379999999999999	0.
8.385	0.
8.389999999999999	0.
8.395	0.
8.4	0.
8.405	0.
8.41	0.
8.415	0.
8.42	0.
8.424999999999999	0.
8.43	0.
8.434999999999999	0.
8.44	0.
8.445	0.
8.45	0.
8.455	0.
8.459999999999999	0.
8.465	0.
8.469999999999999	0.
8.475	0.
8.48	0.
8.485	0.
8.49	0.
8.495	0.
8.5	0.
8.504999999999999	0.
8.51	0.
8.515	0.
8.52	0.
8.525	0.
8.53	0.
8.535	0.
8.54	0.
8.545	0.
8.549999999999999	0.
8.555	0.
8.559999999999999	0.
8.565	0.
8.57	0.
8.575	0.
8.58	0.
8.584999999999999	0.
8.59	0.
8.594999999999999	0.
8.6	0.
8.605	0.
8.61	0.
8.615	0.
8.62	0.
8.625	0.
8.629999999999999	0.
8.635	0.
8.64	0.
8.645	0.
8.65	0.
8.655	0.
8.66	0.
8.665	0.
8.67	0.
8.674999999999999	0.
8.68	0.
8.684999999999999	0.
8.69	0.
8.695	0.
8.7	0.
8.705	0.
8.709999999999999	0.
8.715	0.
8.719999999999999	0.
8.725	0.
8.73	0.
8.735	0.
8.74	0.
8.745	0.
8.75	0.
8.754999999999999	0.
8.76	0.
8.765	0.
8.77	0.
8.775	0.
8.78	0.
8.785	0.
8.79	0.
8.795	0.
8.799999999999999	0.
8.805	0.
8.809999999999999	0.
8.815	0.
8.82	0.
8.825	0.
8.83	0.
8.834999999999999	0.
8.84	0.
8.844999999999999	0.
8.85	0.
8.855	0.
8.86	0.
8.865	0.
8.87	0.
8.875	0.
8.879999999999999	0.
8.885	0.
8.89	0.
8.895	0.
8.9	0.
8.905	0.
8.91	0.
8.915	0.
8.92	0.
8.924999999999999	0.
8.93	0.
8.934999999999999	0.
8.94	0.
8.945	0.
8.95	0.
8.955	0.
8.959999999999999	0.
8.965	0.
8.969999999999999	0.
8.975	0.
8.98	0.
8.985	0.
8.99	0.
8.995	0.
9.	0.
9.004999999999999	0.
9.01	0.
9.015	0.
9.02	0.
9.025	0.
9.03	0.
9.035	0.
9.04	0.
9.045	0.
9.049999999999999	0.
9.055	0.
9.059999999999999	0.
9.065	0.
9.07	0.
9.075	0.
9.08	0.
9.084999999999999	0.
9.09	0.
9.094999999999999	0.
9.1	0.
9.105	0.
9.11	0.
9.115	0.
9.12	0.
9.125	0.
9.129999999999999	0.
9.135	0.
9.14	0.
9.145	0.
9.15	0.
9.155	0.
9.16	0.
9.165	0.
9.17	0.
9.174999999999999	0.
9.18	0.
9.184999999999999	0.
9.19	0.
9.195	0.
9.2	0.
9.205	0.
9.209999999999999	0.
9.215	0.
9.219999999999999	0.
9.225	0.
9.23	0.
9.235	0.
9.24	0.
9.245	0.
9.25	0.
9.254999999999999	0.
9.26	0.
9.265	0.
9.27	0.
9.275	0.
9.28	0.
9.285	0.
9.29	0.
9.295	0.
9.299999999999999	0.
9.305	0.
9.309999999999999	0.
9.315	0.
9.32	0.
9.325	0.
9.33	0.
9.334999999999999	0.
9.34	0.
9.344999999999999	0.
9.35	0.
9.355	0.
9.36	0.
9.365	0.
9.37	0.
9.375	0.
9.379999999999999	0.
9.385	0.
9.39	0.
9.395	0.
9.4	0.
9.405	0.
9.41	0.
9.415	0.
9.42	0.
9.424999999999999	0.
9.43	0.
9.434999999999999	0.
9.44	0.
9.445	0.
9.45	0.
9.455	0.
9.459999999999999	0.
9.465	0.
9.469999999999999	0.
9.475	0.
9.48	0.
9.485	0.
9.49	0.
9.495	0.
9.5	0.
9.504999999999999	0.
9.51	0.
9.515	0.
9.52	0.
9.525	0.
9.53	0.
9.535	0.
9.54	0.
9.545	0.
9.549999999999999	0.
9.555	0.
9.559999999999999	0.
9.565	0.
9.57	0.
9.575	0.
9.58	0.
9.584999999999999	0.
9.59	0.
9.594999999999999	0.
9.6	0.
9.605	0.
9.61	0.
9.615	0.
9.62	0.
9.625	0.
9.629999999999999	0.
9.635	0.
9.64	0.
9.645	0.
9.65	0.
9.655	0.
9.66	0.
9.665	0.
9.67	0.
9.674999999999999	0.
9.68	0.
9.684999999999999	0.
9.69	0.
9.695	0.
9.7	0.
9.705	0.
9.709999999999999	0.
9.715	0.
9.719999999999999	0.
9.725	0.
9.73	0.
9.735	0.
9.74	0.
9.745	0.
9.75	0.
9.754999999999999	0.
9.76	0.
9.765	0.
9.77	0.
9.774999999999999	0.
9.78	0.
9.785	0.
9.79	0.
9.795	0.
9.8	0.
9.805	0.
9.809999999999999	0.
9.815	0.
9.82	0.
9.825	0.
9.83	0.
9.834999999999999	0.
9.84	0.
9.844999999999999	0.
9.85	0.
9.855	0.
9.86	0.
9.865	0.
9.87	0.
9.875	0.
9.879999999999999	0.
9.885	0.
9.89	0.
9.895	0.
9.899999999999999	0.
9.905	0.
9.91	0.
9.915	0.
9.92	0.
9.925	0.
9.93	0.
9.934999999999999	0.
9.94	0.
9.945	0.
9.95	0.
9.955	0.
9.959999999999999	0.
9.965	0.
9.969999999999999	0.
9.975	0.
9.98	0.
9.985	0.
9.99	0.
9.995	0.
10.	0.
10.004999999999999	0.
10.01	0.
10.015	0.
10.02	0.
10.024999999999999	0.
10.03	0.
10.035	0.
10.04	0.
10.045	0.
10.05	0.
10.055	0.
10.059999999999999	0.
10.065	0.
10.07	0.
10.075	0.
10.08	0.
10.084999999999999	0.
10.09	0.
10.094999999999999	0.
10.1	0.
10.105	0.
10.11	0.
10.115	0.
10.12	0.
10.125	0.
10.129999999999999	0.
10.135	0.
10.14	0.
10.145	0.
10.149999999999999	0.
10.155	0.
10.16	0.
10.165	0.
10.17	0.
10.175	0.
10.18	0.
10.184999999999999	0.
10.19	0.
10.195	0.
10.2	0.
10.205	0.
10.209999999999999	0.
10.215	0.
10.219999999999999	0.
10.225	0.
10.23	0.
10.235	0.
10.24	0.
10.245000000000001	0.
10.250000000000002	0.
10.255	0.
10.260000000000002	0.
10.265	0.
10.270000000000001	0.
10.275	0.
10.280000000000001	0.
10.285	0.
10.290000000000001	0.
10.295000000000002	0.
10.3	0.
10.305000000000001	0.
10.31	0.
10.315000000000001	0.
10.32	0.
10.325000000000001	0.
10.330000000000002	0.
10.335	0.
10.340000000000002	0.
10.345	0.
10.350000000000001	0.
10.355	0.
10.360000000000001	0.
10.365	0.
10.370000000000001	0.
10.375000000000002	0.
10.38	0.
10.385000000000002	0.
10.39	0.
10.395000000000001	0.
10.4	0.
10.405000000000001	0.
10.41	0.
10.415000000000001	0.
10.420000000000002	0.
10.425	0.
10.430000000000001	0.
10.435	0.
10.440000000000001	0.
10.445	0.
10.450000000000001	0.
10.455000000000002	0.
10.46	0.
10.465000000000002	0.
10.47	0.
10.475000000000001	0.
10.48	0.
10.485000000000001	0.
10.49	0.
10.495000000000001	0.
10.500000000000002	0.
10.505	0.
10.510000000000002	0.
10.515	0.
10.520000000000001	0.
10.525	0.
10.530000000000001	0.
10.535	0.
10.540000000000001	0.
10.545000000000002	0.
10.55	0.
10.555000000000001	0.
10.56	0.
10.565000000000001	0.
10.57	0.
10.575000000000001	0.
10.580000000000002	0.
10.585	0.
10.590000000000002	0.
10.595	0.
10.600000000000001	0.
10.605	0.
10.610000000000001	0.
10.615	0.
10.620000000000001	0.
10.625000000000002	0.
10.63	0.
10.635000000000002	0.
10.64	0.
10.645000000000001	0.
10.65	0.
10.655000000000001	0.
10.66	0.
10.665000000000001	0.
10.670000000000002	0.
10.675	0.
10.680000000000001	0.
10.685	0.
10.690000000000001	0.
10.695	0.
10.700000000000001	0.
10.705000000000002	0.
10.71	0.
10.715000000000002	0.
10.72	0.
10.725000000000001	0.
10.73	0.
10.735000000000001	0.
10.74	0.
10.745000000000001	0.
10.750000000000002	0.
10.755	0.
10.760000000000002	0.
10.765	0.
10.770000000000001	0.
10.775	0.
10.780000000000001	0.
10.785	0.
10.790000000000001	0.
10.795000000000002	0.
10.8	0.
10.805000000000001	0.
10.81	0.
10.815000000000001	0.
10.82	0.
10.825000000000001	0.
10.830000000000002	0.
10.835	0.
10.840000000000002	0.
10.845	0.
10.850000000000001	0.
10.855	0.
10.860000000000001	0.
10.865	0.
10.870000000000001	0.
10.875000000000002	0.
10.88	0.
10.885000000000002	0.
10.89	0.
10.895000000000001	0.
10.9	0.
10.905000000000001	0.
10.91	0.
10.915000000000001	0.
10.920000000000002	0.
10.925	0.
10.930000000000001	0.
10.935	0.
10.940000000000001	0.
10.945	0.
10.950000000000001	0.
10.955000000000002	0.
10.96	0.
10.965000000000002	0.
10.97	0.
10.975000000000001	0.
10.98	0.
10.985000000000001	0.
10.99	0.
10.995000000000001	0.
11.000000000000002	0.
11.005	0.
11.010000000000002	0.
11.015	0.
11.020000000000001	0.
11.025	0.
11.030000000000001	0.
11.035	0.
11.040000000000001	0.
11.045000000000002	0.
11.05	0.
11.055000000000001	0.
11.06	0.
11.065000000000001	0.
11.07	0.
11.075000000000001	0.
11.080000000000002	0.
11.085	0.
11.090000000000002	0.
11.095	0.
11.100000000000001	0.
11.105	0.
11.110000000000001	0.
11.115	0.
11.120000000000001	0.
11.125000000000002	0.
11.13	0.
11.135000000000002	0.
11.14	0.
11.145000000000001	0.
11.15	0.
11.155000000000001	0.
11.16	0.
11.165000000000001	0.
11.170000000000002	0.
11.175	0.
11.180000000000001	0.
11.185	0.
11.190000000000001	0.
11.195	0.
11.200000000000001	0.
11.205000000000002	0.
11.21	0.
11.215000000000002	0.
11.22	0.
11.225000000000001	0.
11.23	0.
11.235000000000001	0.
11.24	0.
11.245000000000001	0.
11.250000000000002	0.
11.255	0.
11.260000000000002	0.
11.265	0.
11.270000000000001	0.
11.275	0.
11.280000000000001	0.
11.285	0.
11.290000000000001	0.
11.295000000000002	0.
11.3	0.
11.305000000000001	0.
11.31	0.
11.315000000000001	0.
11.32	0.
11.325000000000001	0.
11.330000000000002	0.
11.335	0.
11.340000000000002	0.
11.345	0.
11.350000000000001	0.
11.355	0.
11.360000000000001	0.
11.365000000000002	0.
11.370000000000001	0.
11.375000000000002	0.
11.38	0.
11.385000000000002	0.
11.39	0.
11.395000000000001	0.
11.4	0.
11.405000000000001	0.
11.41	0.
11.415000000000001	0.
11.420000000000002	0.
11.425	0.
11.430000000000001	0.
11.435	0.
11.440000000000001	0.
11.445	0.
11.450000000000001	0.
11.455000000000002	0.
11.46	0.
11.465000000000002	0.
11.47	0.
11.475000000000001	0.
11.48	0.
11.485000000000001	0.
11.490000000000002	0.
11.495000000000001	0.
11.500000000000002	0.
11.505	0.
11.510000000000002	0.
11.515	0.
11.520000000000001	0.
11.525	0.
11.530000000000001	0.
11.535	0.
11.540000000000001	0.
11.545000000000002	0.
11.55	0.
11.555000000000001	0.
11.56	0.
11.565000000000001	0.
11.57	0.
11.575000000000001	0.
11.580000000000002	0.
11.585	0.
11.590000000000002	0.
11.595	0.
11.600000000000001	0.
11.605	0.
11.610000000000001	0.
11.615000000000002	0.
11.620000000000001	0.
11.625000000000002	0.
11.63	0.
11.635000000000002	0.
11.64	0.
11.645000000000001	0.
11.65	0.
11.655000000000001	0.
11.66	0.
11.665000000000001	0.
11.670000000000002	0.
11.675	0.
11.680000000000001	0.
11.685	0.
11.690000000000001	0.
11.695	0.
11.700000000000001	0.
11.705000000000002	0.
11.71	0.
11.715000000000002	0.
11.72	0.
11.725000000000001	0.
11.73	0.
11.735000000000001	0.
11.740000000000002	0.
11.745000000000001	0.
11.750000000000002	0.
11.755	0.
11.760000000000002	0.
11.765	0.
11.770000000000001	0.
11.775	0.
11.780000000000001	0.
11.785	0.
11.790000000000001	0.
11.795000000000002	0.
11.8	0.
11.805000000000001	0.
11.81	0.
11.815000000000001	0.
11.82	0.
11.825000000000001	0.
11.830000000000002	0.
11.835	0.
11.840000000000002	0.
11.845	0.
11.850000000000001	0.
11.855	0.
11.860000000000001	0.
11.865000000000002	0.
11.870000000000001	0.
11.875000000000002	0.
11.88	0.
11.885000000000002	0.
11.89	0.
11.895000000000001	0.
11.9	0.
11.905000000000001	0.
11.91	0.
11.915000000000001	0.
11.920000000000002	0.
11.925	0.
11.930000000000001	0.
11.935	0.
11.940000000000001	0.
11.945	0.
11.950000000000001	0.
11.955000000000002	0.
11.96	0.
11.965000000000002	0.
11.97	0.
11.975000000000001	0.
11.98	0.
11.985000000000001	0.
11.990000000000002	0.
11.995000000000001	0.
12.000000000000002	0.
12.005	0.
12.010000000000002	0.
12.015	0.
12.020000000000001	0.
12.025	0.
12.030000000000001	0.
12.035	0.
12.040000000000001	0.
12.045000000000002	0.
12.05	0.
12.055000000000001	0.
12.06	0.
12.065000000000001	0.
12.07	0.
12.075000000000001	0.
12.080000000000002	0.
12.085	0.
12.090000000000002	0.
12.095	0.
12.100000000000001	0.
12.105	0.
12.110000000000001	0.
12.115000000000002	0.
12.120000000000001	0.
12.125000000000002	0.
12.13	0.
12.135000000000002	0.
12.14	0.
12.145000000000001	0.
12.15	0.
12.155000000000001	0.
12.16	0.
12.165000000000001	0.
12.170000000000002	0.
12.175	0.
12.180000000000001	0.
12.185	0.
12.190000000000001	0.
12.195	0.
12.200000000000001	0.
12.205000000000002	0.
12.21	0.
12.215000000000002	0.
12.22	0.
12.225000000000001	0.
12.23	0.
12.235000000000001	0.
12.240000000000002	0.
12.245000000000001	0.
12.25	0.
12.255	0.
12.260000000000002	0.
12.265	0.
12.270000000000001	0.
12.275000000000002	0.
12.280000000000001	0.
12.285	0.
12.290000000000001	0.
12.295000000000002	0.
12.3	0.
12.305000000000001	0.
12.31	0.
12.315000000000001	0.
12.32	0.
12.325000000000001	0.
12.330000000000002	0.
12.335	0.
12.340000000000002	0.
12.345	0.
12.350000000000001	0.
12.355	0.
12.360000000000001	0.
12.365000000000002	0.
12.370000000000001	0.
12.375	0.
12.38	0.
12.385000000000002	0.
12.39	0.
12.395000000000001	0.
12.400000000000002	0.
12.405000000000001	0.
12.41	0.
12.415000000000001	0.
12.420000000000002	0.
12.425	0.
12.430000000000001	0.
12.435	0.
12.440000000000001	0.
12.445	0.
12.450000000000001	0.
12.455000000000002	0.
12.46	0.
12.465000000000002	0.
12.47	0.
12.475000000000001	0.
12.48	0.
12.485000000000001	0.
12.490000000000002	0.
12.495000000000001	0.
12.5	0.
12.505	0.
12.510000000000002	0.
12.515	0.
12.520000000000001	0.
12.525000000000002	0.
12.530000000000001	0.
12.535	0.
12.540000000000001	0.
12.545000000000002	0.
12.55	0.
12.555000000000001	0.
12.56	0.
12.565000000000001	0.
12.57	0.
12.575000000000001	0.
12.580000000000002	0.
12.585	0.
12.590000000000002	0.
12.595	0.
12.600000000000001	0.
12.605	0.
12.610000000000001	0.
12.615000000000002	0.
12.620000000000001	0.
12.625	0.
12.63	0.
12.635000000000002	0.
12.64	0.
12.645000000000001	0.
12.650000000000002	0.
12.655000000000001	0.
12.66	0.
12.665000000000001	0.
12.670000000000002	0.
12.675	0.
12.680000000000001	0.
12.685	0.
12.690000000000001	0.
12.695	0.
12.700000000000001	0.
12.705000000000002	0.
12.71	0.
12.715000000000002	0.
12.72	0.
12.725000000000001	0.
12.73	0.
12.735000000000001	0.
12.740000000000002	0.
12.745000000000001	0.
12.75	0.
12.755	0.
12.760000000000002	0.
12.765	0.
12.770000000000001	0.
12.775000000000002	0.
12.780000000000001	0.
12.785	0.
12.790000000000001	0.
12.795000000000002	0.
12.8	0.
12.805000000000001	0.
12.810000000000002	0.
12.815000000000001	0.
12.820000000000002	0.
12.825000000000001	0.
12.830000000000002	0.
12.835	0.
12.840000000000002	0.
12.845	0.
12.850000000000001	0.
12.855000000000002	0.
12.860000000000001	0.
12.865000000000002	0.
12.870000000000001	0.
12.875000000000002	0.
12.88	0.
12.885000000000002	0.
12.890000000000002	0.
12.895000000000001	0.
12.900000000000002	0.
12.905000000000001	0.
12.910000000000002	0.
12.915000000000001	0.
12.920000000000002	0.
12.925	0.
12.930000000000001	0.
12.935000000000002	0.
12.940000000000001	0.
12.945000000000002	0.
12.950000000000001	0.
12.955000000000002	0.
12.96	0.
12.965000000000002	0.
12.97	0.
12.975000000000001	0.
12.980000000000002	0.
12.985000000000001	0.
12.990000000000002	0.
12.995000000000001	0.
13.000000000000002	0.
13.005	0.
13.010000000000002	0.
13.015000000000002	0.
13.020000000000001	0.
13.025000000000002	0.
13.030000000000001	0.
13.035000000000002	0.
13.040000000000001	0.
13.045000000000002	0.
13.05	0.
13.055000000000001	0.
13.060000000000002	0.
13.065000000000001	0.
13.070000000000002	0.
13.075000000000001	0.
13.080000000000002	0.
13.085	0.
13.090000000000002	0.
13.095	0.
13.100000000000001	0.
13.105000000000002	0.
13.110000000000001	0.
13.115000000000002	0.
13.120000000000001	0.
13.125000000000002	0.
13.13	0.
13.135000000000002	0.
13.140000000000002	0.
13.145000000000001	0.
13.150000000000002	0.
13.155000000000001	0.
13.160000000000002	0.
13.165000000000001	0.
13.170000000000002	0.
13.175	0.
13.180000000000001	0.
13.185000000000002	0.
13.190000000000001	0.
13.195000000000002	0.
13.200000000000001	0.
13.205000000000002	0.
13.21	0.
13.215000000000002	0.
13.220000000000002	0.
13.225000000000001	0.
13.230000000000002	0.
13.235000000000001	0.
13.240000000000002	0.
13.245000000000001	0.
13.250000000000002	0.
13.255	0.
13.260000000000002	0.
13.265000000000002	0.
13.270000000000001	0.
13.275000000000002	0.
13.280000000000001	0.
13.285000000000002	0.
13.290000000000001	0.
13.295000000000002	0.
13.3	0.
13.305000000000001	0.
13.310000000000002	0.
13.315000000000001	0.
13.320000000000002	0.
13.325000000000001	0.
13.330000000000002	0.
13.335	0.
13.340000000000002	0.
13.345000000000002	0.
13.350000000000001	0.
13.355000000000002	0.
13.360000000000001	0.
13.365000000000002	0.
13.370000000000001	0.
13.375000000000002	0.
13.38	0.
13.385000000000002	0.
13.39	0.
13.395000000000001	0.
13.400000000000002	0.
13.405000000000001	0.
13.410000000000002	0.
13.415000000000001	0.
13.420000000000002	0.
13.425	0.
13.430000000000001	0.
13.435000000000002	0.
13.440000000000001	0.
13.445000000000002	0.
13.450000000000001	0.
13.455000000000002	0.
13.46	0.
13.465000000000002	0.
13.470000000000002	0.
13.475000000000001	0.
13.480000000000002	0.
13.485000000000001	0.
13.490000000000002	0.
13.495000000000001	0.
13.500000000000002	0.
13.505	0.
13.510000000000002	0.
13.515	0.
13.520000000000001	0.
13.525000000000002	0.
13.530000000000001	0.
13.535000000000002	0.
13.540000000000001	0.
13.545000000000002	0.
13.55	0.
13.555000000000001	0.
13.560000000000002	0.
13.565000000000001	0.
13.570000000000002	0.
13.575000000000001	0.
13.580000000000002	0.
13.585	0.
13.590000000000002	0.
13.595000000000002	0.
13.600000000000001	0.
13.605000000000002	0.
13.610000000000001	0.
13.615000000000002	0.
13.620000000000001	0.
13.625000000000002	0.
13.63	0.
13.635000000000002	0.
13.64	0.
13.645000000000001	0.
13.650000000000002	0.
13.655000000000001	0.
13.660000000000002	0.
13.665000000000001	0.
13.670000000000002	0.
13.675	0.
13.680000000000001	0.
13.685000000000002	0.
13.690000000000001	0.
13.695000000000002	0.
13.700000000000001	0.
13.705000000000002	0.
13.71	0.
13.715000000000002	0.
13.720000000000002	0.
13.725000000000001	0.
13.730000000000002	0.
13.735000000000001	0.
13.740000000000002	0.
13.745000000000001	0.
13.750000000000002	0.
13.755	0.
13.760000000000002	0.
13.765	0.
13.770000000000001	0.
13.775000000000002	0.
13.780000000000001	0.
13.785000000000002	0.
13.790000000000001	0.
13.795000000000002	0.
13.8	0.
13.805000000000001	0.
13.810000000000002	0.
13.815000000000001	0.
13.820000000000002	0.
13.825000000000001	0.
13.830000000000002	0.
13.835	0.
13.840000000000002	0.
13.845000000000002	0.
13.850000000000001	0.
13.855000000000002	0.
13.860000000000001	0.
13.865000000000002	0.
13.870000000000001	0.
13.875000000000002	0.
13.88	0.
13.885000000000002	0.
13.89	0.
13.895000000000001	0.
13.900000000000002	0.
13.905000000000001	0.
13.910000000000002	0.
13.915000000000001	0.
13.920000000000002	0.
13.925	0.
13.930000000000001	0.
13.935000000000002	0.
13.940000000000001	0.
13.945000000000002	0.
13.950000000000001	0.
13.955000000000002	0.
13.96	0.
13.965000000000002	0.
13.970000000000002	0.
13.975000000000001	0.
13.980000000000002	0.
13.985000000000001	0.
13.990000000000002	0.
13.995000000000001	0.
14.	0.