0.005	0.
0.01	0.
0.015	0.
0.02	0.
0.025	0.
0.030000000000000002	0.
0.034999999999999996	0.
0.04	0.
0.045	0.
0.049999999999999996	0.
0.055	0.
0.06	0.
0.065	0.
0.07	0.
0.07500000000000001	0.
0.08	0.
0.085	0.
0.09000000000000001	0.
0.095	0.
0.1	0.
0.10500000000000001	0.026492667479775068
0.11	0.14936837725196417
0.115	0.19999290964334424
0.12000000000000001	0.23345031062605523
0.125	0.25767945721552016
0.13	0.2759693582935154
0.135	0.2900884829591964
0.14	0.30112310739437653
0.14500000000000002	0.3097969189494997
0.15	0.3166191039394906
0.155	0.32196223526459283
0.16	0.3261070697749356
0.165	0.32927008373964917
0.17	0.3316212872218606
0.17500000000000002	0.3332962264978358
0.18000000000000002	0.3344043408930278
0.185	0.3350349413253552
0.19	0.3352615857772928
0.195	0.33514534402932517
0.2	0.3347372744519312
0.20500000000000002	0.33408033037208257
0.21000000000000002	0.33321084610944435
0.215	0.3321597084286235
0.22	0.33095328928571527
0.225	0.3296141952078108
0.23	0.32816187425460874
0.23500000000000001	0.32661311126119963
0.24000000000000002	0.32498243464944737
0.245	0.3232824526629504
0.25	0.32152413284955006
0.255	0.3197170355902809
0.26	0.31786951018010523
0.265	0.31598886021018385
0.27	0.31408148364593813
0.275	0.3121529919399706
0.28	0.31020831169136764
0.28500000000000003	0.30825177170933027
0.29000000000000004	0.30628717781949416
0.295	0.3043178773357091
0.3	0.30234681478577763
0.305	0.30037658020922864
0.31	0.29840945112542744
0.315	0.2964474290908202
0.32	0.29449227161672914
0.325	0.29254552009781787
0.33	0.2906085243008254
0.335	0.288682463879807
0.34	0.28676836731449373
0.34500000000000003	0.2848671286102686
0.35000000000000003	0.2829795220493396
0.35500000000000004	0.2811062152416244
0.36	0.2792477806890408
0.365	0.27740470604750167
0.37	0.2755774032459094
0.375	0.2737662166001304
0.38	0.2719714300416761
0.385	0.2701932735653691
0.39	0.268431928986742
0.395	0.2666875350885619
0.4	0.2649601922258102
0.405	0.2632499664500745
0.41000000000000003	0.26155689320658415
0.41500000000000004	0.25988098065109266
0.42000000000000004	0.25822221262782324
0.425	0.25658055134506624
0.43	0.25495593978072917
0.435	0.2533483038462725
0.44	0.25175755433451386
0.445	0.25018358867357404
0.45	0.24862629250705245
0.455	0.2470855411180757
0.46	0.24556120071314452
0.465	0.24405312957970302
0.47000000000000003	0.2425611791302452
0.47500000000000003	0.2410851948440068
0.48000000000000004	0.2396250171164256
0.485	0.23818048202544362
0.49	0.23675142202620908
0.495	0.23533766655371013
0.5	0.23393904262726942
0.505	0.23255537531281065
0.51	0.23118648820130286
0.515	0.22983220381451092
0.52	0.22849234397424337
0.525	0.22716673013416885
0.53	0.2258551836778312
0.535	0.22455752618583116
0.54	0.2232735796752466
0.545	0.2220031668136755
0.55	0.22074611111034087
0.555	0.21950223708637379
0.56	0.21827137042612477
0.5650000000000001	0.21705333811130995
0.5700000000000001	0.2158479685395272
0.5750000000000001	0.21465509162861254
0.5800000000000001	0.21347453890809942
0.585	0.21230614359898292
0.59	0.21114974068287745
0.595	0.2100051669615158
0.6	0.20887226110751717
0.605	0.2077508637072109
0.61	0.20664081729625122
0.615	0.20554196638871874
0.62	0.20445415750030557
0.625	0.20337723916614217
0.63	0.20231106195380294
0.635	0.20125547847190275
0.64	0.20021034337476648
0.645	0.19917551336353323
0.65	0.19815084718402695
0.655	0.19713620562176826
0.66	0.19613145149437325
0.665	0.19513644964163243
0.67	0.19415106691351341
0.675	0.19317517215630808
0.68	0.1922086361971266
0.685	0.19125133182692838
0.6900000000000001	0.19030313378226885
0.6950000000000001	0.1893639187258863
0.7000000000000001	0.18843356522632282
0.7050000000000001	0.187511953736651
0.71	0.186598966572475
0.715	0.18569448788926812
0.72	0.18479840365919503
0.725	0.18391060164745093
0.73	0.18303097138824395
0.735	0.18215940416048151
0.74	0.18129579296321113
0.745	0.1804400324909013
0.75	0.1795920191086009
0.755	0.1787516508270367
0.76	0.17791882727768296
0.765	0.17709344968785481
0.77	0.1762754208558642
0.775	0.17546464512625187
0.78	0.17466102836515476
0.785	0.17386447793580795
0.79	0.17307490267422418
0.795	0.17229221286506252
0.8	0.17151632021770466
0.805	0.17074713784256926
0.81	0.16998458022766066
0.8150000000000001	0.16922856321537308
0.8200000000000001	0.16847900397956495
0.8250000000000001	0.16773582100290968
0.8300000000000001	0.16699893405453153
0.8350000000000001	0.1662682641679392
0.84	0.16554373361924293
0.845	0.16482526590569774
0.85	0.16411278572453664
0.855	0.16340621895212246
0.86	0.1627054926234135
0.865	0.16201053491173906
0.87	0.1613212751089021
0.875	0.160637643605582
0.88	0.15995957187207194
0.885	0.15928699243931876
0.89	0.1586198388802818
0.895	0.15795804579160708
0.9	0.1573015487756099
0.905	0.15665028442256695
0.91	0.15600419029331963
0.915	0.15536320490217384
0.92	0.15472726770010942
0.925	0.15409631905827817
0.93	0.15347030025180844
0.935	0.15284915344389158
0.9400000000000001	0.15223282167015564
0.9450000000000001	0.15162124882333225
0.9500000000000001	0.15101437963819822
0.9550000000000001	0.15041215967678803
0.9600000000000001	0.14981453531388828
0.965	0.1492214537227982
0.97	0.1486328628613482
0.975	0.14804871145818385
0.98	0.14746894899931176
0.985	0.14689352571487893
0.99	0.14632239256622392
0.995	0.1457555012331518
1.	0.14519280410145954
1.005	0.14463425425069296
1.01	0.14407980544213606
1.015	0.14352941210702846
1.02	0.14298302933500084
1.025	0.14244061286273782
1.0299999999999998	0.14190211906284927
1.035	0.14136750493295458
1.0399999999999998	0.14083672808497724
1.045	0.14030974673463784
1.0499999999999998	0.1397865196911497
1.055	0.1392670063471104
1.0599999999999998	0.1387511666685837
1.065	0.13823896118537282
1.0699999999999998	0.13773035098147068
1.075	0.13722529768570832
1.0799999999999998	0.13672376346255566
1.085	0.13622571100312306
1.0899999999999999	0.13573110351631498
1.095	0.13523990472015665
1.0999999999999999	0.13475207883329196
1.105	0.1342675905666274
1.1099999999999999	0.13378640511514894
1.115	0.13330848814988508
1.1199999999999999	0.13283380581002166
1.125	0.13236232469516762
1.13	0.13189401185776886
1.135	0.13142883479565493
1.14	0.13096676144473754
1.145	0.13050776017183746
1.15	0.13005179976764883
1.155	0.12959884943983857
1.16	0.12914887880626347
1.1649999999999998	0.12870185788832844
1.17	0.1282577571044571
1.1749999999999998	0.12781654726368746
1.18	0.1273781995593895
1.1849999999999998	0.12694268556309232
1.19	0.1265099772184327
1.1949999999999998	0.1260800468352097
1.2	0.12565286708355267
1.2049999999999998	0.12522841098819373
1.21	0.12480665192284685
1.2149999999999999	0.12438756360469175
1.22	0.12397112008895264
1.2249999999999999	0.12355729576358467
1.23	0.12314606534404843
1.2349999999999999	0.12273740386818825
1.24	0.12233128669119366
1.2449999999999999	0.12192768948066225
1.25	0.12152658821174454
1.255	0.12112795916237783
1.26	0.12073177890861232
1.265	0.12033802432000712
1.27	0.1199466725551273
1.275	0.11955770105710607
1.28	0.11917108754929275
1.285	0.11878681003097988
1.2899999999999998	0.11840484677320291
1.295	0.1180251763146146
1.2999999999999998	0.11764777745743675
1.305	0.11727262926347716
1.3099999999999998	0.11689971105022194
1.315	0.1165290023869956
1.3199999999999998	0.11616048309118393
1.325	0.11579413322453323
1.3299999999999998	0.1154299330895007
1.335	0.11506786322568117
1.3399999999999999	0.1147079044062904
1.345	0.1143500376347054
1.3499999999999999	0.11399424414107354
1.355	0.11364050537897359
1.3599999999999999	0.11328880302213712
1.365	0.11293911896122616
1.3699999999999999	0.11259143530066616
1.375	0.11224573435553008
1.38	0.1119019986484839
1.385	0.11156021090677415
1.39	0.11122035405927386
1.395	0.11088241123357745
1.4	0.11054636575314006
1.405	0.11021220113447205
1.41	0.1098799010843783
1.4149999999999998	0.10954944949724085
1.42	0.10922083045235244
1.4249999999999998	0.10889402821128896
1.43	0.10856902721533203
1.4349999999999998	0.10824581208292962
1.44	0.10792436760720124
1.4449999999999998	0.10760467875348437
1.45	0.10728673065692064
1.4549999999999998	0.10697050862008238
1.46	0.10665599811063908
1.4649999999999999	0.10634318475906195
1.47	0.10603205435636301
1.4749999999999999	0.10572259285187754
1.48	0.10541478635107593
1.4849999999999999	0.10510862111341815
1.49	0.10480408355023417
1.4949999999999999	0.10450116022264942
1.5	0.10419983783953346
1.505	0.10390010325548985
1.51	0.10360194346887423
1.515	0.10330534561984496
1.52	0.10301029698844608
1.525	0.10271678499271744
1.53	0.1024247971868411
1.535	0.10213432125931225
1.54	0.10184534503114054
1.545	0.1015578564540805
1.5499999999999998	0.10127184360888758
1.555	0.10098729470360894
1.5599999999999998	0.10070419807188875
1.565	0.10042254217131281
1.5699999999999998	0.10014231558176973
1.575	0.09986350700384565
1.5799999999999998	0.09958610525723437
1.585	0.09931009927918293
1.5899999999999999	0.09903547812295334
1.595	0.09876223095630988
1.5999999999999999	0.09849034706003354
1.605	0.09821981582645303
1.6099999999999999	0.09795062675800724
1.615	0.09768276946581769
1.6199999999999999	0.09741623366829505
1.625	0.09715100918975791
1.63	0.09688708595907937
1.635	0.09662445400834693
1.64	0.0963631034715505
1.645	0.09610302458328418
1.65	0.09584420767747082
1.655	0.09558664318610433
1.66	0.09533032163801322
1.665	0.0950752336576382
1.67	0.09482136996383343
1.6749999999999998	0.09456872136868114
1.68	0.09431727877632673
1.6849999999999998	0.09406703318183031
1.69	0.09381797567003418
1.6949999999999998	0.09357009741445095
1.7	0.093323389676161
1.7049999999999998	0.09307784380273358
1.71	0.0928334512271592
1.7149999999999999	0.09259020346679978
1.72	0.09234809212235275
1.7249999999999999	0.09210710887683175
1.73	0.09186724549455973
1.7349999999999999	0.09162849382018043
1.74	0.09139084577768035
1.7449999999999999	0.09115429336942757
1.75	0.09091882867522301
1.755	0.09068444385136555
1.76	0.09045113112973151
1.765	0.09021888281686603
1.77	0.08998769129308844
1.775	0.08975754901160914
1.78	0.08952844849766071
1.785	0.08930038234764115
1.79	0.08907334322826665
1.795	0.08884732387574046
1.7999999999999998	0.0886223170949306
1.805	0.088398315758559
1.8099999999999998	0.08817531280640445
1.815	0.0879533012445144
1.8199999999999998	0.08773227414442927
1.825	0.08751222464241548
1.8299999999999998	0.08729314593871319
1.835	0.08707503129678905
1.8399999999999999	0.08685787404260437
1.845	0.08664166756388991
1.8499999999999999	0.08642640530943288
1.855	0.08621208078837228
1.8599999999999999	0.08599868756950536
1.865	0.08578621928060116
1.8699999999999999	0.0855746696077271
1.875	0.08536403229458127
1.88	0.08515430114183581
1.885	0.08494547000648824
1.89	0.08473753280122323
1.895	0.08453048349378052
1.9	0.08432431610633324
1.905	0.08411902471487274
1.91	0.08391460344860699
1.915	0.08371104648935766
1.92	0.08350834807097385
1.9249999999999998	0.08330650247875125
1.93	0.08310550404885556
1.9349999999999998	0.08290534716775869
1.94	0.08270602627167846
1.9449999999999998	0.08250753584602841
1.95	0.08230987042487307
1.9549999999999998	0.08211302459039213
1.96	0.08191699297234942
1.9649999999999999	0.08172177024757085
1.97	0.08152735113942962
1.9749999999999999	0.08133373041733419
1.98	0.0811409028962284
1.9849999999999999	0.08094886343609495
1.99	0.08075760694146453
1.9949999999999999	0.0805671283609348
2.	0.08037742268669129
2.005	0.08018848495403867
2.01	0.08000031024093458
2.015	0.0798128936675319
2.02	0.07962623039572492
2.025	0.07944031562870427
2.03	0.07925514461051314
2.035	0.07907071262561334
2.04	0.07888701499845584
2.045	0.07870404709305294
2.05	0.07852180431256338
2.0549999999999997	0.07834028209887489
2.06	0.07815947593219712
2.065	0.07797938133065835
2.07	0.07779999384990607
2.0749999999999997	0.07762130908271433
2.08	0.07744332265859452
2.085	0.07726603024341172
2.09	0.07708942753900719
2.0949999999999998	0.07691351028282246
2.1	0.07673827424753049
2.105	0.07656371524067096
2.11	0.07638982910429053
2.1149999999999998	0.07621661171458445
2.12	0.07604405898154808
2.125	0.07587216684862769
2.13	0.075700931292378
2.135	0.0755303483221234
2.14	0.07536041397962326
2.145	0.07519112433874266
2.15	0.07502247550512292
2.155	0.07485446361586222
2.16	0.07468708483919552
2.165	0.07452033537417956
2.17	0.074354211450383
2.175	0.07418870932757775
2.18	0.07402382529543668
2.185	0.07385955567323288
2.19	0.07369589680954519
2.195	0.07353284508196278
2.1999999999999997	0.07337039689679817
2.205	0.07320854868879978
2.21	0.07304729692087172
2.215	0.07288663808379284
2.2199999999999998	0.07272656869594171
2.225	0.07256708530302385
2.23	0.07240818447780364
2.235	0.07224986281983709
2.2399999999999998	0.07209211695520927
2.245	0.07193494353627505
2.25	0.07177833924140098
2.255	0.07162230077471296
2.26	0.07146682486584542
2.265	0.0713119082696909
2.27	0.07115754776615929
2.275	0.07100374015993201
2.28	0.07085048228022478
2.285	0.07069777098054907
2.29	0.07054560313848096
2.295	0.0703939756554275
2.3	0.07024288545639973
2.305	0.07009232948978551
2.31	0.06994230472712788
2.315	0.0697928081629029
2.32	0.06964383681430157
2.3249999999999997	0.06949538772101538
2.33	0.06934745794502169
2.335	0.06920004457037296
2.34	0.06905314470298873
2.3449999999999998	0.06890675547044985
2.35	0.06876087402179397
2.355	0.0686154975273142
2.36	0.06847062317835977
2.3649999999999998	0.06832624818713982
2.37	0.06818236978652768
2.375	0.0680389852298688
2.38	0.06789609179078986
2.385	0.06775368676301126
2.39	0.0676117674601596
2.395	0.06747033121558467
2.4	0.06732937538217712
2.405	0.06718889733218691
2.41	0.06704889445704834
2.415	0.06690936416720035
2.42	0.06677030389191406
2.425	0.06663171107912083
2.43	0.06649358319524074
2.435	0.06635591772501516
2.44	0.0662187121713382
2.445	0.06608196405509448
2.4499999999999997	0.06594567091499347
2.455	0.06580983030740976
2.46	0.06567443980622234
2.465	0.06553949700265813
2.4699999999999998	0.0654049995051347
2.475	0.06527094493910585
2.48	0.06513733094690931
2.485	0.06500415518761522
2.4899999999999998	0.06487141533687704
2.495	0.06473910908678258
2.5	0.06460723414570867
2.505	0.06447578823817632
2.51	0.06434476910470639
2.515	0.06421417450167922
2.52	0.06408400220119342
2.525	0.0639542499909274
2.53	0.06382491567400259
2.535	0.06369599706884665
2.54	0.06356749200905962
2.545	0.06343939834328106
2.55	0.06331171393505869
2.555	0.06318443666271677
2.56	0.06305756441922915
2.565	0.0629310951120903
2.57	0.0628050266631901
2.5749999999999997	0.06267935700868829
2.58	0.06255408409889146
2.585	0.06242920589813005
2.59	0.0623047203846384
2.5949999999999998	0.062180625550433695
2.6	0.06205691940119876
2.605	0.061933599956163744
2.61	0.06181066524799024
2.6149999999999998	0.061688113322657084
2.62	0.06156594223934533
2.625	0.06144415007032685
2.63	0.061322734900852785
2.635	0.0612016948290419
2.64	0.06108102796577353
2.645	0.06096073243457783
2.65	0.06084080637153006
2.655	0.0607212479251433
2.66	0.06060205525626522
2.665	0.06048322653797312
2.67	0.06036475995547218
2.675	0.06024665370599253
2.68	0.06012890599869042
2.685	0.06001151505454664
2.69	0.05989447910626924
2.695	0.05977779639819546
2.7	0.05966146518619475
2.705	0.05954548373757394
2.71	0.05942985033098089
2.715	0.0593145632563128
2.7199999999999998	0.05919962081462124
2.725	0.059085021318021534
2.73	0.05897076308960146
2.735	0.058856844463330345
2.7399999999999998	0.058743263783970726
2.745	0.05863001940698947
2.75	0.058517109698470356
2.755	0.05840453303502741
2.76	0.05829228780371865
2.765	0.05818037240196209
2.77	0.058068785237450224
2.775	0.05795752472806817
2.78	0.05784658930181017
2.785	0.05773597739669754
2.79	0.057625687460698787
2.795	0.05751571795164887
2.8	0.05740606733716969
2.8049999999999997	0.05729673409459169
2.81	0.05718771671087613
2.815	0.057079013682537386
2.82	0.05697062351556731
2.825	0.05686254472535896
2.83	0.0567547758366323
2.835	0.056647315383359105
2.84	0.05654016190869075
2.8449999999999998	0.05643331396488387
2.85	0.0563267701132296
2.855	0.05622052892398122
2.86	0.05611458897628389
2.8649999999999998	0.05600894885810454
2.87	0.05590360716616211
2.875	0.05579856250585932
2.88	0.05569381349121399
2.885	0.055589358744791886
2.89	0.05548519689763985
2.895	0.05538132658921941
2.9	0.05527774646734175
2.905	0.05517445518810132
2.91	0.05507145141581335
2.915	0.05496873382294862
2.92	0.0548663010900709
2.925	0.05476415190577403
2.9299999999999997	0.05466228496662021
2.935	0.05456069897707835
2.94	0.054459392649463256
2.945	0.054358364703875166
2.95	0.05425761386814017
2.955	0.054157138877750775
2.96	0.05405693847580743
2.965	0.05395701141296029
2.9699999999999998	0.053857356447351644
2.975	0.05375797234455875
2.98	0.05365885787753729
2.985	0.053560011826565314
2.9899999999999998	0.05346143297918774
2.995	0.05336312013016151
3.	0.05326507208140056
3.005	0.053167287641922266
3.01	0.05306976562779351
3.015	0.05297250486207787
3.02	0.05287550417478296
3.025	0.05277876240280836
3.03	0.052682278389893415
3.035	0.05258605098656717
3.04	0.05249007905009647
3.045	0.05239436144443639
3.05	0.05229889704018026
3.0549999999999997	0.05220368471450972
3.06	0.052108723351146885
3.065	0.05201401184030497
3.07	0.05191954907864011
3.075	0.05182533396920446
3.08	0.05173136542139828
3.085	0.05163764235092329
3.09	0.05154416367973672
3.0949999999999998	0.051450928336004106
3.1	0.051357935254055534
3.105	0.051265183374338545
3.11	0.05117267164337447
3.115	0.05108039901371381
3.12	0.05098836444389225
3.125	0.050896566898386515
3.13	0.05080500534757194
3.135	0.050713678767678926
3.14	0.05062258614075065
3.145	0.05053172645460087
3.15	0.05044109870277274
3.155	0.05035070188449609
3.16	0.050260535004647625
3.165	0.05017059707370969
3.17	0.050080887107729954
3.175	0.04999140412828119
3.1799999999999997	0.04990214716242221
3.185	0.04981311524265778
3.19	0.049724307406900266
3.195	0.04963572269843082
3.2	0.04954736016586054
3.205	0.04945921886309337
3.21	0.049371297849287725
3.215	0.04928359618881898
3.2199999999999998	0.04919611295124371
3.225	0.04910884721126115
3.23	0.04902179804867819
3.235	0.048934964548372324
3.24	0.0488483458002568
3.245	0.048761940899244384
3.25	0.04867574894521204
3.255	0.04858976904296703
3.26	0.04850400030221084
3.265	0.04841844183750608
3.27	0.048333092768241874
3.275	0.048247952218600204
3.28	0.04816301931752245
3.285	0.048078293198676035
3.29	0.04799377300042181
3.295	0.04790945786578122
3.3	0.04782534694240395
3.3049999999999997	0.04774143938253575
3.31	0.0476577343429865
3.315	0.047574230985098914
3.32	0.0474909284747172
3.325	0.04740782598215555
3.33	0.04732492268216803
3.335	0.047242217753917244
3.34	0.04715971038094445
3.3449999999999998	0.04707739975113984
3.35	0.04699528505671187
3.355	0.046913365494158345
3.36	0.04683164026423695
3.365	0.04675010857193594
3.37	0.0466687696264457
3.375	0.04658762264112948
3.38	0.046506666833495795
3.385	0.04642590142516939
3.39	0.046345325641864214
3.395	0.04626493871335481
3.4	0.04618473987344972
3.405	0.04610472835996349
3.41	0.04602490341468976
3.415	0.04594526428337485
3.42	0.04586581021569072
3.425	0.045786540465208594
3.4299999999999997	0.04570745428937309
3.435	0.045628550949475835
3.44	0.04554982971062995
3.445	0.04547128984174424
3.45	0.04539293061549816
3.455	0.045314751308316276
3.46	0.04523675120034336
3.465	0.045158929575420045
3.4699999999999998	0.04508128572105783
3.475	0.04500381892841438
3.48	0.0449265284922702
3.485	0.04484941371100387
3.49	0.0447724738865685
3.495	0.044695708324468286
3.5	0.04461911633373472
3.505	0.04454269722690366
3.51	0.04446645031999185
3.515	0.04439037493247427
3.52	0.04431447038726175
3.525	0.04423873601067724
3.53	0.04416317113243531
3.535	0.044087775085618
3.54	0.04401254720665399
3.545	0.0439374868352964
3.55	0.04386259331460115
3.5549999999999997	0.04378786599090569
3.56	0.043713304213806925
3.565	0.04363890733614031
3.5700000000000003	0.043564674713959646
3.575	0.04349060570651495
3.58	0.04341669967623233
3.585	0.04334295598869382
3.59	0.04326937401261601
3.5949999999999998	0.043195953119831224
3.5999999999999996	0.04312269268526549
3.605	0.04304959208692006
3.61	0.04297665070585198
3.615	0.04290386792615268
3.62	0.042831243134930364
3.625	0.04275877572228917
3.63	0.04268646508131089
3.635	0.042614310608035895
3.6399999999999997	0.04254231170144343
3.645	0.04247046776343431
3.65	0.042398778198810404
3.6550000000000002	0.04232724241525754
3.66	0.04225585982332727
3.665	0.04218462983641721
3.67	0.0421135518707547
3.675	0.04204262534537743
3.6799999999999997	0.041971849682116785
3.685	0.04190122430557933
3.69	0.04183074864312946
3.6950000000000003	0.04176042212487249
3.7	0.041690244183636815
3.705	0.0416202142549566
3.71	0.0415503317770555
3.715	0.04148059619082894
3.7199999999999998	0.041411006939828084
3.7249999999999996	0.041341563470242614
3.73	0.04127226523088387
3.735	0.04120311167316998
3.74	0.04113410225110736
3.745	0.04106523642127651
3.75	0.04099651364281451
3.755	0.04092793337740019
3.76	0.04085949508923736
3.7649999999999997	0.04079119824503996
3.77	0.0407230423140154
3.775	0.04065502676785029
3.7800000000000002	0.040587151080694085
3.785	0.040519414729144235
3.79	0.04045181719223127
3.795	0.04038435795140308
3.8	0.04031703649051042
3.8049999999999997	0.04024985229579238
3.81	0.04018280485586068
3.815	0.04011589366168628
3.8200000000000003	0.04004911820658376
3.825	0.03998247798619735
3.83	0.03991597249848718
3.835	0.03984960124371414
3.84	0.039783363724426035
3.8449999999999998	0.03971725944544383
3.8499999999999996	0.039651287913848005
3.855	0.03958544863896368
3.86	0.0395197411323481
3.865	0.0394541649077758
3.87	0.0393887194812268
3.875	0.039323404370871305
3.88	0.0392582190970574
3.885	0.03919316318229743
3.8899999999999997	0.03912823615125578
3.895	0.03906343753073389
3.9	0.03899876684965944
3.9050000000000002	0.038934223639072146
3.91	0.03886980743211103
3.915	0.038805517764002526
3.92	0.03874135417204709
3.925	0.038677316195606534
3.9299999999999997	0.03861340337609301
3.935	0.038549615256954654
3.94	0.03848595138366477
3.9450000000000003	0.038422411303708784
3.95	0.038358994566573344
3.955	0.038295700723732534
3.96	0.03823252932863759
3.965	0.03816947993670379
3.9699999999999998	0.03810655210529978
3.9749999999999996	0.03804374539373499
3.98	0.03798105936324867
3.985	0.03791849357699792
3.99	0.037856047600046266
3.995	0.03779372099935231
4.	0.03773151334375925
4.005	0.037669424203981755
4.01	0.037607453152596816
4.015	0.037545599764031476
4.02	0.03748386361455229
4.025	0.037422244282254734
4.03	0.03736074134705087
4.035	0.03729935439066053
4.04	0.03723808299659903
4.045	0.03717692675016763
4.05	0.0371158852384423
4.055	0.037054958050263744
4.0600000000000005	0.03699414477622611
4.0649999999999995	0.03693344500866727
4.07	0.036872858341659286
4.075	0.03681238437099625
4.08	0.036752022694185246
4.085	0.03669177291043757
4.09	0.03663163462065557
4.095	0.036571607427425726
4.1	0.03651169093500715
4.105	0.0364518847493217
4.109999999999999	0.036392188477945675
4.115	0.036332601730097926
4.12	0.036273124116632006
4.125	0.03621375525002593
4.13	0.03615449474437246
4.135	0.03609534221537003
4.14	0.03603629728031316
4.145	0.035977359558083226
4.15	0.03591852866913876
4.155	0.035859804235507595
4.16	0.03580118588077557
4.165	0.0357426732300793
4.17	0.035684265910096304
4.175	0.035625963549035675
4.18	0.03556776577663067
4.1850000000000005	0.0355096722241279
4.1899999999999995	0.03545168252427946
4.195	0.035393796311335046
4.2	0.03533601322103141
4.205	0.03527833289058477
4.21	0.03522075495868306
4.215	0.03516327906547515
4.22	0.03510590485256493
4.225	0.03504863196300038
4.23	0.03499146004126756
4.234999999999999	0.03493438873327996
4.24	0.03487741768637299
4.245	0.034820546549292966
4.25	0.034763774972190326
4.255	0.03470710260661233
4.26	0.03465052910549262
4.265	0.034594054123145694
4.27	0.034537677315257656
4.275	0.034481398338877894
4.28	0.03442521685241229
4.285	0.034369132515614895
4.29	0.034313144989580394
4.295	0.03425725393673559
4.3	0.03420145902083229
4.305	0.034145759906940534
4.3100000000000005	0.034090156261439346
4.3149999999999995	0.03403464775200971
4.32	0.033979234047628544
4.325	0.03392391481855915
4.33	0.03386868973634425
4.335	0.0338135584738007
4.34	0.03375852070500844
4.345	0.033703576105307095
4.35	0.033648724351286255
4.355	0.03359396512077912
4.359999999999999	0.03353929809285472
4.365	0.0334847229478122
4.37	0.03343023936717192
4.375	0.03337584703367046
4.38	0.03332154563125184
4.385	0.03326733484506139
4.39	0.03321321436143894
4.395	0.03315918386791155
4.4	0.03310524305318761
4.405	0.033051391607148636
4.41	0.032997629220843254
4.415	0.03294395558648149
4.42	0.032890370397425914
4.425	0.03283687334818708
4.43	0.03278346413441589
4.4350000000000005	0.03273014245289719
4.4399999999999995	0.032676908001543326
4.445	0.03262376047938771
4.45	0.03257069958657902
4.455	0.03251772502437234
4.46	0.0324648364951269
4.465	0.03241203370229548
4.47	0.032359316350421344
4.475	0.03230668414513029
4.48	0.032254136793124465
4.484999999999999	0.03220167400217758
4.49	0.032149295481126494
4.495	0.03209700093986698
4.5	0.03204479008934763
4.505	0.03199266264156185
4.51	0.03194061830954407
4.515	0.031888656807363025
4.52	0.03183677785011493
4.525	0.03178498115391879
4.53	0.03173326643590947
4.535	0.031681633414233024
4.54	0.031630081808040146
4.545	0.031578611337479925
4.55	0.03152722172369485
4.555	0.03147591268881541
4.5600000000000005	0.03142468395595268
4.5649999999999995	0.031373535249194735
4.57	0.03132246629359983
4.575	0.0312714768151909
4.58	0.03122056654095016
4.585	0.031169735198813657
4.59	0.031118982517665608
4.595000000000001	0.031068308227332336
4.6	0.0310177120585785
4.605	0.03096719374309927
4.609999999999999	0.03091675301351753
4.615	0.030866389603375816
4.62	0.030816103247133297
4.625	0.03076589368015901
4.63	0.030715760638727364
4.635	0.03066570386001211
4.640000000000001	0.030615723082081853
4.645	0.030565818043894195
4.65	0.030515988485291433
4.654999999999999	0.03046623414699433
4.66	0.030416554770597265
4.665	0.030366950098564237
4.67	0.030317419874222016
4.675	0.03026796384175649
4.68	0.030218581746206577
4.6850000000000005	0.030169273333460235
4.6899999999999995	0.03012003835024842
4.695	0.03007087654414139
4.7	0.03002178766354285
4.705	0.029972771457683886
4.71	0.029923827676622126
4.715	0.029874956071231567
4.720000000000001	0.029826156393201988
4.725	0.029777428395031735
4.73	0.029728771830023842
4.734999999999999	0.0296801864522814
4.74	0.029631672016702148
4.745	0.029583228278973705
4.75	0.02953485499557053
4.755	0.029486551923747016
4.76	0.02943831882153332
4.765000000000001	0.029390155447732394
4.77	0.0293420615619139
4.775	0.02929403692440912
4.779999999999999	0.02924608129630722
4.785	0.029198194439451795
4.79	0.029150376116433552
4.795	0.029102626090588578
4.8	0.029054944125991425
4.805	0.02900732998745325
4.8100000000000005	0.028959783440515537
4.8149999999999995	0.028912304251444802
4.82	0.028864892187231615
4.825	0.02881754701558227
4.83	0.028770268504916954
4.835	0.028723056424364787
4.84	0.02867591054375862
4.845000000000001	0.028628830633631905
4.85	0.028581816465214134
4.855	0.028534867810425458
4.859999999999999	0.028487984441874118
4.865	0.028441166132850866
4.87	0.028394412657324977
4.875	0.028347723789941166
4.88	0.02830109930601342
4.885	0.02825453898152247
4.890000000000001	0.028208042593111264
4.895	0.028161609918079783
4.9	0.02811524073438282
4.904999999999999	0.028068934820623486
4.91	0.028022691956050946
4.915	0.027976511920556797
4.92	0.027930394494668283
4.925	0.027884339459546718
4.93	0.027838346596982824
4.9350000000000005	0.027792415689392017
4.9399999999999995	0.027746546519812218
4.945	0.02770073887189663
4.95	0.027654992529913266
4.955	0.027609307278738754
4.96	0.02756368290385521
4.965	0.027518119191346137
4.970000000000001	0.027472615927892578
4.975	0.027427172900769653
4.98	0.027381789897840975
4.984999999999999	0.027336466707557197
4.99	0.02729120311895025
4.995	0.0272459989216304
5.	0.02720085390578189
5.005	0.027155767862160334
5.01	0.027110740582086488
5.015000000000001	0.027065771857445128
5.02	0.027020861480679614
5.025	0.026976009244788973
5.029999999999999	0.026931214943323144
5.035	0.026886478370380013
5.04	0.02684179932060219
5.045	0.02679717758917149
5.05	0.026752612971806526
5.055	0.026708105264759162
5.0600000000000005	0.026663654264811317
5.0649999999999995	0.026619259769267965
5.07	0.026574921575958484
5.075	0.026530639483229132
5.08	0.026486413289940183
5.085	0.026442242795463856
5.09	0.026398127799679417
5.095000000000001	0.026354068102969475
5.1	0.026310063506216883
5.105	0.026266113810800892
5.109999999999999	0.026222218818592505
5.115	0.026178378331954282
5.12	0.026134592153732365
5.125	0.026090860087255925
5.13	0.026047181936333135
5.135	0.0260035575052454
5.14	0.02595998659874788
5.145	0.025916469022062648
5.15	0.02587300458087548
5.155	0.02582959308133475
5.16	0.025786234330044417
5.165	0.02574292813406415
5.17	0.025699674300902448
5.175	0.025656472638515664
5.18	0.02561332295530458
5.185	0.025570225060107622
5.19	0.025527178762201796
5.195	0.025484183871296275
5.2	0.02544124019753028
5.205	0.025398347551469223
5.21	0.025355505744101278
5.215	0.02531271458683426
5.22	0.025269973891491587
5.225	0.025227283470308993
5.23	0.025184643135931814
5.235	0.02514205270141145
5.24	0.025099511980201644
5.245	0.02505702078615355
5.25	0.02501457893351607
5.255	0.024972186236928744
5.26	0.024929842511420428
5.265	0.02488754757240618
5.27	0.024845301235681627
5.275	0.0248031033174227
5.28	0.024760953634179742
5.285	0.024718852002875144
5.29	0.024676798240800036
5.295	0.02463479216561179
5.3	0.024592833595327927
5.305	0.024550922348325937
5.31	0.024509058243339196
5.315	0.024467241099450664
5.32	0.02442547073609519
5.325	0.024383746973049566
5.33	0.02434206963043479
5.335	0.024300438528710566
5.34	0.024258853488670747
5.345	0.024217314331442
5.35	0.024175820878479592
5.355	0.024134372951563673
5.36	0.024092970372797142
5.365	0.0240516129646021
5.37	0.024010300549714477
5.375	0.023969032951183765
5.38	0.023927809992368616
5.385	0.023886631496931515
5.39	0.023845497288838446
5.395	0.023804407192354292
5.4	0.023763361032039323
5.405	0.023722358632746268
5.41	0.02368139981961633
5.415	0.023640484418077028
5.42	0.023599612253838092
5.425	0.023558783152888344
5.43	0.023517996941491977
5.435	0.023477253446186664
5.44	0.023436552493778524
5.445	0.023395893911339113
5.45	0.02335527752620319
5.455	0.02331470316596404
5.46	0.023274170658472617
5.465	0.023233679831829814
5.47	0.023193230514387608
5.475	0.02315282253474331
5.48	0.023112455721736796
5.485	0.023072129904447278
5.49	0.023031844912190062
5.495	0.02299160057451231
5.5	0.02295139672119149
5.505	0.022911233182230085
5.51	0.022871109787853092
5.515	0.02283102636850572
5.52	0.022790982754847814
5.525	0.022750978777751868
5.53	0.0227110142683004
5.535	0.022671089057779998
5.54	0.022631202977681408
5.545	0.022591355859692668
5.55	0.022551547535698442
5.555	0.022511777837775096
5.56	0.022472046598188664
5.565	0.022432353649388167
5.57	0.022392698824007302
5.575	0.022353081954856562
5.58	0.02231350287492175
5.585	0.02227396141736062
5.59	0.022234457415498787
5.595	0.022194990702826847
5.6	0.022155561112996807
5.605	0.022116168479817917
5.61	0.02207681263725375
5.615	0.022037493419419567
5.62	0.021998210660576938
5.625	0.021958964195131665
5.63	0.021919753857630196
5.635	0.02188057948275402
5.64	0.021841440905321016
5.645	0.02180233796027528
5.65	0.021763270482690094
5.655	0.021724238307758926
5.66	0.02168524127079545
5.665	0.021646279207228416
5.67	0.021607351952598455
5.675	0.021568459342554407
5.68	0.021529601212848696
5.6850000000000005	0.02149077739933696
5.69	0.02145198773796922
5.695	0.0214132320647913
5.7	0.02137451021593831
5.705	0.021335822027630704
5.71	0.02129716733617191
5.715	0.021258545977945145
5.72	0.02121995778940796
5.725	0.02118140260708818
5.73	0.021142880267583205
5.735	0.02110439060755187
5.74	0.021065933463715315
5.745	0.02102750867284876
5.75	0.020989116071781708
5.755	0.020950755497390346
5.76	0.02091242678659613
5.765	0.020874129776361765
5.77	0.02083586430368632
5.775	0.020797630205601693
5.78	0.020759427319168595
5.785	0.02072125548147303
5.79	0.02068311452962238
5.795	0.020645004300740323
5.8	0.020606924631964178
5.805	0.020568875360439755
5.8100000000000005	0.02053085632331864
5.815	0.02049286735775166
5.82	0.020454908300888835
5.825	0.020416978989870705
5.83	0.020379079261827047
5.835	0.020341208953872307
5.84	0.02030336790310047
5.845	0.02026555594658184
5.85	0.02022777292135878
5.855	0.020190018664440507
5.86	0.020152293012799177
5.865	0.020114595803366934
5.87	0.02007692687302838
5.875	0.020039286058621875
5.88	0.020001673196927798
5.885	0.019964088124668936
5.89	0.019926530678506534
5.895	0.01988900069503236
5.9	0.01985149801076764
5.905	0.019814022462155845
5.91	0.019776573885559756
5.915	0.01973915211725627
5.92	0.019701756993432403
5.925	0.019664388350179755
5.93	0.01962704602349019
5.9350000000000005	0.019589729849251176
5.94	0.019552439663241557
5.945	0.019515175301126206
5.95	0.019477936598449923
5.955	0.019440723390635323
5.96	0.019403535512976387
5.965	0.01936637280063386
5.97	0.01932923508862901
5.975	0.019292122211841026
5.98	0.019255034005000348
5.985	0.019217970302683594
5.99	0.01918093093930923
5.995	0.019143915749132687
6.	0.019106924566240056
6.005	0.019069957224542897
6.01	0.01903301355777317
6.015	0.018996093399480204
6.02	0.018959196583021126
6.025	0.018922322941558944
6.03	0.018885472308055574
6.035	0.018848644515266633
6.04	0.01881183939573593
6.045	0.01877505678178997
6.05	0.018738296505532756
6.055	0.0187015583988383
6.0600000000000005	0.018664842293347743
6.065	0.018628148020461616
6.07	0.018591475411334504
6.075	0.01855482429686878
6.08	0.018518194507709657
6.085	0.01848158587423872
6.09	0.018444998226567737
6.095	0.018408431394532847
6.1	0.018371885207688204
6.105	0.01833535949529998
6.11	0.0182988540863405
6.115	0.018262368809480206
6.12	0.018225903493084325
6.125	0.018189457965203503
6.13	0.018153032053569832
6.135	0.01811662558558725
6.140000000000001	0.01808023838832881
6.145	0.01804387028852654
6.15	0.01800752111256589
6.155	0.017971190686481547
6.16	0.017934878835945255
6.165	0.017898585386264262
6.17	0.01786231016237002
6.175	0.017826052988814955
6.18	0.017789813689761295
6.1850000000000005	0.01775359208897794
6.1899999999999995	0.017717388009831005
6.195	0.017681201275275397
6.2	0.01764503170784978
6.205	0.017608879129667434
6.21	0.017572743362411047
6.215	0.017536624227319695
6.22	0.017500521545188354
6.225	0.017464435136353814
6.23	0.017428364820690382
6.235	0.017392310417601732
6.24	0.017356271746010267
6.245	0.017320248624351196
6.25	0.017284240870564148
6.255	0.017248248302084192
6.26	0.017212270735832716
6.265000000000001	0.01717630798821153
6.27	0.017140359875091864
6.275	0.017104426211804462
6.28	0.0170685068131355
6.285	0.017032601493312625
6.29	0.016996710065998573
6.295	0.0169608323442827
6.3	0.016924968140668843
6.305	0.01688911726706808
6.3100000000000005	0.01685327953478978
6.3149999999999995	0.016817454754530795
6.32	0.01678164273636542
6.325	0.016745843289738035
6.33	0.01671005622344962
6.335	0.016674281345650823
6.34	0.01663851846383061
6.345	0.01660276738480554
6.35	0.01656702791471056
6.355	0.016531299858987457
6.36	0.01649558302237408
6.365	0.01645987720889497
6.37	0.016424182221848604
6.375	0.016388497863798306
6.38	0.016352823936560054
6.385	0.01631716024119032
6.390000000000001	0.016281506577975675
6.395	0.0162458627464214
6.4	0.016210228545239517
6.405	0.016174603772335816
6.41	0.016138988224799478
6.415	0.016103381698889512
6.42	0.016067783990022816
6.425	0.01603219489276236
6.43	0.01599661420080355
6.4350000000000005	0.015961041706961773
6.4399999999999995	0.01592547720315793
6.445	0.0158899204804094
6.45	0.0158543713288112
6.455	0.015818829537526113
6.46	0.01578329489476992
6.465	0.015747767187797326
6.47	0.015712246202887435
6.475	0.015676731725330392
6.48	0.015641223539412354
6.485	0.015605721428400863
6.49	0.015570225174529785
6.495	0.015534734558983401
6.5	0.015499249361883974
6.505	0.015463769362272431
6.51	0.015428294338094587
6.515000000000001	0.01539282406618541
6.52	0.01535735832225207
6.525	0.01532189688085763
6.53	0.015286439515404053
6.535	0.015250985998116149
6.54	0.015215536100023621
6.545	0.015180089590944227
6.55	0.015144646239465015
6.555	0.015109205812926484
6.5600000000000005	0.015073768077401
6.5649999999999995	0.015038332797677691
6.57	0.0150028997372427
6.575	0.01496746865825862
6.58	0.014932039321546941
6.585	0.014896611486567821
6.59	0.01486118491140016
6.595	0.014825759352721603
6.6	0.01479033456578725
6.605	0.014754910304410224
6.61	0.014719486320939307
6.615	0.014684062366237401
6.62	0.014648638189661544
6.625	0.014613213539037754
6.63	0.014577788160641257
6.635	0.014542361799171915
6.640000000000001	0.014506934197732267
6.645	0.014471505097802583
6.65	0.014436074239217764
6.655	0.014400641360143542
6.66	0.014365206197050267
6.665	0.01432976848468874
6.67	0.014294327956064532
6.675	0.014258884342411992
6.68	0.01422343737316719
6.6850000000000005	0.014187986775943157
6.6899999999999995	0.014152532276499841
6.695	0.014117073598718137
6.7	0.014081610464571327
6.705	0.014046142594096379
6.71	0.014010669705364668
6.715	0.013975191514453486
6.72	0.01393970773541296
6.725	0.01390421808023922
6.73	0.013868722258840888
6.735	0.013833219979007145
6.74	0.013797710946377165
6.745	0.013762194864406246
6.75	0.013726671434331957
6.755	0.013691140355141346
6.76	0.013655601323535244
6.765000000000001	0.013620054033894543
6.77	0.013584498178243075
6.775	0.013548933446211133
6.78	0.01351335952499988
6.785	0.01347777609934148
6.79	0.013442182851463126
6.795	0.013406579461045978
6.8	0.013370965605185471
6.805	0.013335340958351954
6.8100000000000005	0.01329970519234881
6.8149999999999995	0.01326405797626952
6.82	0.013228398976456687
6.825	0.013192727856456121
6.83	0.013157044276974358
6.835	0.013121347895831992
6.84	0.013085638367919024
6.845	0.013049915345145957
6.85	0.013014178476397324
6.855	0.01297842740748202
6.86	0.012942661781084818
6.865	0.012906881236713704
6.87	0.012871085410649996
6.875	0.01283527393589437
6.88	0.012799446442113659
6.885	0.012763602555586048
6.890000000000001	0.012727741899145521
6.895	0.012691864092123584
6.9	0.012655968750293331
6.905	0.012620055485807748
6.91	0.012584123907140771
6.915	0.012548173619025068
6.92	0.012512204222389587
6.925	0.012476215314294346
6.93	0.012440206487865955
6.9350000000000005	0.012404177332229835
6.9399999999999995	0.012368127432442666
6.945	0.01233205636942211
6.95	0.012295963719875874
6.955	0.012259849056228738
6.96	0.012223711946549577
6.965	0.012187551954473708
6.97	0.012151368639126735
6.975	0.012115161555046092
6.98	0.012078930252098849
6.985	0.012042674275399
6.99	0.012006393165225745
6.995	0.011970086456934897
7.	0.011933753680871946
7.005	0.011897394362281648
7.01	0.01186100802121613
7.015000000000001	0.011824594172441983
7.02	0.011788152325342327
7.025	0.01175168198382044
7.03	0.011715182646198126
7.035	0.011678653805112587
7.04	0.011642094947413514
7.045	0.011605505554052153
7.05	0.011568885099975156
7.055	0.011532233054008549
7.0600000000000005	0.011495548878745331
7.0649999999999995	0.011458832030425338
7.07	0.011422081958817
7.075	0.011385298107090864
7.08	0.0113484799116959
7.085	0.01131162680222906
7.09	0.011274738201301593
7.095	0.01123781352440462
7.1	0.0112008521797698
7.105	0.01116385356822622
7.11	0.011126817083054663
7.115	0.011089742109838114
7.12	0.011052628026308756
7.125	0.011015474202188881
7.13	0.010978279999032906
7.135	0.01094104477005852
7.140000000000001	0.010903767859980417
7.145	0.01086644860483391
7.15	0.010829086331799262
7.155	0.0107916803590158
7.16	0.010754229995396991
7.165	0.010716734540435976
7.17	0.010679193284009462
7.175	0.010641605506172953
7.18	0.010603970476954001
7.1850000000000005	0.01056628745613808
7.1899999999999995	0.010528555693048518
7.195	0.010490774426320315
7.2	0.010452942883670272
7.205	0.01041506028165654
7.21	0.010377125825435287
7.215	0.010339138708508921
7.220000000000001	0.01030109811246724
7.225	0.010263003206721424
7.23	0.01022485314823126
7.234999999999999	0.010186647081223037
7.24	0.010148384136900907
7.245	0.010110063433149252
7.25	0.010071684074225784
7.255	0.010033245150446622
7.26	0.009994745737862007
7.265000000000001	0.00995618489792153
7.27	0.009917561677130458
7.275	0.009878875106695209
7.28	0.00984012420215749
7.285	0.009801307963019012
7.29	0.009762425372352489
7.295	0.009723475396402828
7.300000000000001	0.00968445698417383
7.305	0.00964536906700403
7.3100000000000005	0.00960621055812723
7.3149999999999995	0.009566980352220636
7.32	0.009527677324937547
7.325	0.009488300332425785
7.33	0.009448848210829374
7.335	0.009409319775775356
7.34	0.009369713821843066
7.345000000000001	0.009330029122015483
7.35	0.009290264427112447
7.355	0.009250418465205646
7.359999999999999	0.009210489941012803
7.365	0.009170477535271365
7.37	0.00913037990409114
7.375	0.009090195678284065
7.38	0.00904992346267048
7.385	0.009009561835361954
7.390000000000001	0.008969109347017046
7.395	0.008928564520072225
7.4	0.008887925847943642
7.405	0.008847191794201138
7.41	0.008806360791710634
7.415	0.008765431241746764
7.42	0.008724401513070154
7.425000000000001	0.008683269940972878
7.43	0.008642034826284955
7.4350000000000005	0.008600694434344403
7.4399999999999995	0.008559246993929416
7.445	0.00851769069614461
7.45	0.008476023693268551
7.455	0.008434244097552352
7.46	0.008392349979972803
7.465	0.0083503393689332
7.470000000000001	0.008308210248914158
7.475	0.00826596055906634
7.48	0.008223588191747741
7.484999999999999	0.008181090990998334
7.49	0.008138466750951704
7.495	0.008095713214179118
7.5	0.008052828069960775
7.505	0.008009808952486389
7.51	0.007966653438973932
7.515000000000001	0.007923359047705525
7.52	0.007879923235978458
7.525	0.007836343397961385
7.53	0.007792616862455797
7.535	0.007748740890551766
7.54	0.007704712673178797
7.545	0.007660529328538414
7.550000000000001	0.007616187899419324
7.555	0.007571685350379774
7.5600000000000005	0.007527018564799143
7.5649999999999995	0.007482184341779516
7.57	0.007437179392901597
7.575	0.0073920003388115545
7.58	0.0073466437056415295
7.585	0.0073011059212440485
7.59	0.007255383311235683
7.595000000000001	0.007209472094828313
7.6	0.007163368380448729
7.605	0.0071170681611167986
7.609999999999999	0.007070567309578964
7.615	0.007023861573172513
7.62	0.0069769465684077405
7.625	0.0069298177752452495
7.63	0.006882470531049698
7.635	0.006834900024194807
7.640000000000001	0.0067871012872966294
7.645	0.006739069190050769
7.65	0.006690798431635242
7.655	0.006642283532662502
7.66	0.006593518826629198
7.665	0.0065444984508391014
7.67	0.006495216336755569
7.675000000000001	0.006445666199730236
7.68	0.006395841528070862
7.685	0.006345735571392743
7.6899999999999995	0.006295341328181812
7.694999999999999	0.006244651532528002
7.699999999999999	0.006193658639934734
7.704999999999999	0.0061423548121460605
7.71	0.006090731900889866
7.715	0.006038781430455166
7.72	0.005986494578990054
7.725	0.005933862158409652
7.7299999999999995	0.005880874592776546
7.734999999999999	0.0058275218950288345
7.739999999999999	0.005773793641874525
7.744999999999999	0.005719678946691418
7.75	0.0056651664302244786
7.755	0.005610244188866929
7.76	0.0055548997602686495
7.765	0.0054991200859984875
7.77	0.005442891470941491
7.7749999999999995	0.005386199539082048
7.779999999999999	0.005329029185256975
7.784999999999999	0.005271364522449265
7.79	0.005213188824071374
7.795	0.005154484460676065
7.8	0.005095232830410133
7.805	0.005035414282434021
7.81	0.004975008032425144
7.8149999999999995	0.004913992069142539
7.819999999999999	0.004852343050870395
7.824999999999999	0.004790036190357997
7.829999999999999	0.004727045126677187
7.835	0.004663341782109501
7.84	0.00459889620188137
7.845	0.004533676374184451
7.85	0.0044676480273917836
7.8549999999999995	0.004400774400889863
7.859999999999999	0.0043330159851722744
7.864999999999999	0.004264330226024092
7.869999999999999	0.0041946711865232175
7.875	0.004123989159306164
7.88	0.004052230219804021
7.885	0.003979335709153419
7.89	0.0039052416326986056
7.895	0.003829877956664011
7.8999999999999995	0.003753167781108485
7.904999999999999	0.003675026361459757
7.909999999999999	0.003595359943374471
7.915	0.003514064365418794
7.92	0.003431023370476247
7.925	0.0033461065480486344
7.93	0.003259166803851962
7.935	0.0031700372168205126
7.9399999999999995	0.0030785270920256395
7.944999999999999	0.002984416942879208
7.949999999999999	0.0028874520248496445
7.955	0.002787333874547471
7.96	0.0026837090465651023
7.965	0.002576153823178969
7.97	0.0024641529841475064
7.975	0.0023470695474163447
7.9799999999999995	0.0022241002924990655
7.984999999999999	0.002094207937990925
7.989999999999999	0.0019560129868949356
7.994999999999999	0.001807611376198313
8.	0.0016462442613726955
8.004999999999999	0.0014676401770232928
8.01	0.0012645151251320691
8.014999999999999	0.001022354960576286
8.02	0.0007018534384924143
8.025	0.
8.03	0.
8.035	0.
8.04	0.
8.045	0.
8.049999999999999	0.
8.055	0.
8.059999999999999	0.
8.065	0.
8.07	0.
8.075	0.
8.08	0.
8.084999999999999	0.
8.09	0.
8.094999999999999	0.
8.1	0.
8.105	0.
8.11	0.
8.115	0.
8.12	0.
8.125	0.
8.129999999999999	0.
8.135	0.
8.139999999999999	0.
8.145	0.
8.15	0.
8.155	0.
8.16	0.
8.165	0.
8.17	0.
8.174999999999999	0.
8.18	0.
8.184999999999999	0.
8.19	0.
8.195	0.
8.2	0.
8.205	0.
8.209999999999999	0.
8.215	0.
8.219999999999999	0.
8.225	0.
8.23	0.
8.235	0.
8.24	0.
8.245	0.
8.25	0.
8.254999999999999	0.
8.26	0.
8.264999999999999	0.
8.27	0.
8.275	0.
8.28	0.
8.285	0.
8.29	0.
8.295	0.
8.299999999999999	0.
8.305	0.
8.309999999999999	0.
8.315	0.
8.32	0.
8.325	0.
8.33	0.
8.334999999999999	0.
8.34	0.
8.344999999999999	0.
8.35	0.
8.355	0.
8.36	0.
8.365	0.
8.37	0.
8.375	0.
8.379999999999999	0.
8.385	0.
8.389999999999999	0.
8.395	0.
8.4	0.
8.405	0.
8.41	0.
8.415	0.
8.42	0.
8.424999999999999	0.
8.43	0.
8.434999999999999	0.
8.44	0.
8.445	0.
8.45	0.
8.455	0.
8.459999999999999	0.
8.465	0.
8.469999999999999	0.
8.475	0.
8.48	0.
8.485	0.
8.49	0.
8.495	0.
8.5	0.
8.504999999999999	0.
8.51	0.
8.515	0.
8.52	0.
8.525	0.
8.53	0.
8.535	0.
8.54	0.
8.545	0.
8.549999999999999	0.
8.555	0.
8.559999999999999	0.
8.565	0.
8.57	0.
8.575	0.
8.58	0.
8.584999999999999	0.
8.59	0.
8.594999999999999	0.
8.6	0.
8.605	0.
8.61	0.
8.615	0.
8.62	0.
8.625	0.
8.629999999999999	0.
8.635	0.
8.64	0.
8.645	0.
8.65	0.
8.655	0.
8.66	0.
8.665	0.
8.67	0.
8.674999999999999	0.
8.68	0.
8.684999999999999	0.
8.69	0.
8.695	0.
8.7	0.
8.705	0.
8.709999999999999	0.
8.715	0.
8.719999999999999	0.
8.725	0.
8.73	0.
8.735	0.
8.74	0.
8.745	0.
8.75	0.
8.754999999999999	0.
8.76	0.
8.765	0.
8.77	0.
8.775	0.
8.78	0.
8.785	0.
8.79	0.
8.795	0.
8.799999999999999	0.
8.805	0.
8.809999999999999	0.
8.815	0.
8.82	0.
8.825	0.
8.83	0.
8.834999999999999	0.
8.84	0.
8.844999999999999	0.
8.85	0.
8.855	0.
8.86	0.
8.865	0.
8.87	0.
8.875	0.
8.879999999999999	0.
8.885	0.
8.89	0.
8.895	0.
8.9	0.
8.905	0.
8.91	0.
8.915	0.
8.92	0.
8.924999999999999	0.
8.93	0.
8.934999999999999	0.
8.94	0.
8.945	0.
8.95	0.
8.955	0.
8.959999999999999	0.
8.965	0.
8.969999999999999	0.
8.975	0.
8.98	0.
8.985	0.
8.99	0.
8.995	0.
9.	0.
9.004999999999999	0.
9.01	0.
9.015	0.
9.02	0.
9.025	0.
9.03	0.
9.035	0.
9.04	0.
9.045	0.
9.049999999999999	0.
9.055	0.
9.059999999999999	0.
9.065	0.
9.07	0.
9.075	0.
9.08	0.
9.084999999999999	0.
9.09	0.
9.094999999999999	0.
9.1	0.
9.105	0.
9.11	0.
9.115	0.
9.12	0.
9.125	0.
9.129999999999999	0.
9.135	0.
9.14	0.
9.145	0.
9.15	0.
9.155	0.
9.16	0.
9.165	0.
9.17	0.
9.174999999999999	0.
9.18	0.
9.184999999999999	0.
9.19	0.
9.195	0.
9.2	0.
9.205	0.
9.209999999999999	0.
9.215	0.
9.219999999999999	0.
9.225	0.
9.23	0.
9.235	0.
9.24	0.
9.245	0.
9.25	0.
9.254999999999999	0.
9.26	0.
9.265	0.
9.27	0.
9.275	0.
9.28	0.
9.285	0.
9.29	0.
9.295	0.
9.299999999999999	0.
9.305	0.
9.309999999999999	0.
9.315	0.
9.32	0.
9.325	0.
9.33	0.
9.334999999999999	0.
9.34	0.
9.344999999999999	0.
9.35	0.
9.355	0.
9.36	0.
9.365	0.
9.37	0.
9.375	0.
9.379999999999999	0.
9.385	0.
9.39	0.
9.395	0.
9.4	0.
9.405	0.
9.41	0.
9.415	0.
9.42	0.
9.424999999999999	0.
9.43	0.
9.434999999999999	0.
9.44	0.
9.445	0.
9.45	0.
9.455	0.
9.459999999999999	0.
9.465	0.
9.469999999999999	0.
9.475	0.
9.48	0.
9.485	0.
9.49	0.
9.495	0.
9.5	0.
9.504999999999999	0.
9.51	0.
9.515	0.
9.52	0.
9.525	0.
9.53	0.
9.535	0.
9.54	0.
9.545	0.
9.549999999999999	0.
9.555	0.
9.559999999999999	0.
9.565	0.
9.57	0.
9.575	0.
9.58	0.
9.584999999999999	0.
9.59	0.
9.594999999999999	0.
9.6	0.
9.605	0.
9.61	0.
9.615	0.
9.62	0.
9.625	0.
9.629999999999999	0.
9.635	0.
9.64	0.
9.645	0.
9.65	0.
9.655	0.
9.66	0.
9.665	0.
9.67	0.
9.674999999999999	0.
9.68	0.
9.684999999999999	0.
9.69	0.
9.695	0.
9.7	0.
9.705	0.
9.709999999999999	0.
9.715	0.
9.719999999999999	0.
9.725	0.
9.73	0.
9.735	0.
9.74	0.
9.745	0.
9.75	0.
9.754999999999999	0.
9.76	0.
9.765	0.
9.77	0.
9.774999999999999	0.
9.78	0.
9.785	0.
9.79	0.
9.795	0.
9.8	0.
9.805	0.
9.809999999999999	0.
9.815	0.
9.82	0.
9.825	0.
9.83	0.
9.834999999999999	0.
9.84	0.
9.844999999999999	0.
9.85	0.
9.855	0.
9.86	0.
9.865	0.
9.87	0.
9.875	0.
9.879999999999999	0.
9.885	0.
9.89	0.
9.895	0.
9.899999999999999	0.
9.905	0.
9.91	0.
9.915	0.
9.92	0.
9.925	0.
9.93	0.
9.934999999999999	0.
9.94	0.
9.945	0.
9.95	0.
9.955	0.
9.959999999999999	0.
9.965	0.
9.969999999999999	0.
9.975	0.
9.98	0.
9.985	0.
9.99	0.
9.995	0.
10.	0.
10.004999999999999	0.
10.01	0.
10.015	0.
10.02	0.
10.024999999999999	0.
10.03	0.
10.035	0.
10.04	0.
10.045	0.
10.05	0.
10.055	0.
10.059999999999999	0.
10.065	0.
10.07	0.
10.075	0.
10.08	0.
10.084999999999999	0.
10.09	0.
10.094999999999999	0.
10.1	0.
10.105	0.
10.11	0.
10.115	0.
10.12	0.
10.125	0.
10.129999999999999	0.
10.135	0.
10.14	0.
10.145	0.
10.149999999999999	0.
10.155	0.
10.16	0.
10.165	0.
10.17	0.
10.175	0.
10.18	0.
10.184999999999999	0.
10.19	0.
10.195	0.
10.2	0.
10.205	0.
10.209999999999999	0.
10.215	0.
10.219999999999999	0.
10.225	0.
10.23	0.
10.235	0.
10.24	0.
10.245000000000001	0.
10.250000000000002	0.
10.255	0.
10.260000000000002	0.
10.265	0.
10.270000000000001	0.
10.275	0.
10.280000000000001	0.
10.285	0.
10.290000000000001	0.
10.295000000000002	0.
10.3	0.
10.305000000000001	0.
10.31	0.
10.315000000000001	0.
10.32	0.
10.325000000000001	0.
10.330000000000002	0.
10.335	0.
10.340000000000002	0.
10.345	0.
10.350000000000001	0.
10.355	0.
10.360000000000001	0.
10.365	0.
10.370000000000001	0.
10.375000000000002	0.
10.38	0.
10.385000000000002	0.
10.39	0.
10.395000000000001	0.
10.4	0.
10.405000000000001	0.
10.41	0.
10.415000000000001	0.
10.420000000000002	0.
10.425	0.
10.430000000000001	0.
10.435	0.
10.440000000000001	0.
10.445	0.
10.450000000000001	0.
10.455000000000002	0.
10.46	0.
10.465000000000002	0.
10.47	0.
10.475000000000001	0.
10.48	0.
10.485000000000001	0.
10.49	0.
10.495000000000001	0.
10.500000000000002	0.
10.505	0.
10.510000000000002	0.
10.515	0.
10.520000000000001	0.
10.525	0.
10.530000000000001	0.
10.535	0.
10.540000000000001	0.
10.545000000000002	0.
10.55	0.
10.555000000000001	0.
10.56	0.
10.565000000000001	0.
10.57	0.
10.575000000000001	0.
10.580000000000002	0.
10.585	0.
10.590000000000002	0.
10.595	0.
10.600000000000001	0.
10.605	0.
10.610000000000001	0.
10.615	0.
10.620000000000001	0.
10.625000000000002	0.
10.63	0.
10.635000000000002	0.
10.64	0.
10.645000000000001	0.
10.65	0.
10.655000000000001	0.
10.66	0.
10.665000000000001	0.
10.670000000000002	0.
10.675	0.
10.680000000000001	0.
10.685	0.
10.690000000000001	0.
10.695	0.
10.700000000000001	0.
10.705000000000002	0.
10.71	0.
10.715000000000002	0.
10.72	0.
10.725000000000001	0.
10.73	0.
10.735000000000001	0.
10.74	0.
10.745000000000001	0.
10.750000000000002	0.
10.755	0.
10.760000000000002	0.
10.765	0.
10.770000000000001	0.
10.775	0.
10.780000000000001	0.
10.785	0.
10.790000000000001	0.
10.795000000000002	0.
10.8	0.
10.805000000000001	0.
10.81	0.
10.815000000000001	0.
10.82	0.
10.825000000000001	0.
10.830000000000002	0.
10.835	0.
10.840000000000002	0.
10.845	0.
10.850000000000001	0.
10.855	0.
10.860000000000001	0.
10.865	0.
10.870000000000001	0.
10.875000000000002	0.
10.88	0.
10.885000000000002	0.
10.89	0.
10.895000000000001	0.
10.9	0.
10.905000000000001	0.
10.91	0.
10.915000000000001	0.
10.920000000000002	0.
10.925	0.
10.930000000000001	0.
10.935	0.
10.940000000000001	0.
10.945	0.
10.950000000000001	0.
10.955000000000002	0.
10.96	0.
10.965000000000002	0.
10.97	0.
10.975000000000001	0.
10.98	0.
10.985000000000001	0.
10.99	0.
10.995000000000001	0.
11.000000000000002	0.
11.005	0.
11.010000000000002	0.
11.015	0.
11.020000000000001	0.
11.025	0.
11.030000000000001	0.
11.035	0.
11.040000000000001	0.
11.045000000000002	0.
11.05	0.
11.055000000000001	0.
11.06	0.
11.065000000000001	0.
11.07	0.
11.075000000000001	0.
11.080000000000002	0.
11.085	0.
11.090000000000002	0.
11.095	0.
11.100000000000001	0.
11.105	0.
11.110000000000001	0.
11.115	0.
11.120000000000001	0.
11.125000000000002	0.
11.13	0.
11.135000000000002	0.
11.14	0.
11.145000000000001	0.
11.15	0.
11.155000000000001	0.
11.16	0.
11.165000000000001	0.
11.170000000000002	0.
11.175	0.
11.180000000000001	0.
11.185	0.
11.190000000000001	0.
11.195	0.
11.200000000000001	0.
11.205000000000002	0.
11.21	0.
11.215000000000002	0.
11.22	0.
11.225000000000001	0.
11.23	0.
11.235000000000001	0.
11.24	0.
11.245000000000001	0.
11.250000000000002	0.
11.255	0.
11.260000000000002	0.
11.265	0.
11.270000000000001	0.
11.275	0.
11.280000000000001	0.
11.285	0.
11.290000000000001	0.
11.295000000000002	0.
11.3	0.
11.305000000000001	0.
11.31	0.
11.315000000000001	0.
11.32	0.
11.325000000000001	0.
11.330000000000002	0.
11.335	0.
11.340000000000002	0.
11.345	0.
11.350000000000001	0.
11.355	0.
11.360000000000001	0.
11.365000000000002	0.
11.370000000000001	0.
11.375000000000002	0.
11.38	0.
11.385000000000002	0.
11.39	0.
11.395000000000001	0.
11.4	0.
11.405000000000001	0.
11.41	0.
11.415000000000001	0.
11.420000000000002	0.
11.425	0.
11.430000000000001	0.
11.435	0.
11.440000000000001	0.
11.445	0.
11.450000000000001	0.
11.455000000000002	0.
11.46	0.
11.465000000000002	0.
11.47	0.
11.475000000000001	0.
11.48	0.
11.485000000000001	0.
11.490000000000002	0.
11.495000000000001	0.
11.500000000000002	0.
11.505	0.
11.510000000000002	0.
11.515	0.
11.520000000000001	0.
11.525	0.
11.530000000000001	0.
11.535	0.
11.540000000000001	0.
11.545000000000002	0.
11.55	0.
11.555000000000001	0.
11.56	0.
11.565000000000001	0.
11.57	0.
11.575000000000001	0.
11.580000000000002	0.
11.585	0.
11.590000000000002	0.
11.595	0.
11.600000000000001	0.
11.605	0.
11.610000000000001	0.
11.615000000000002	0.
11.620000000000001	0.
11.625000000000002	0.
11.63	0.
11.635000000000002	0.
11.64	0.
11.645000000000001	0.
11.65	0.
11.655000000000001	0.
11.66	0.
11.665000000000001	0.
11.670000000000002	0.
11.675	0.
11.680000000000001	0.
11.685	0.
11.690000000000001	0.
11.695	0.
11.700000000000001	0.
11.705000000000002	0.
11.71	0.
11.715000000000002	0.
11.72	0.
11.725000000000001	0.
11.73	0.
11.735000000000001	0.
11.740000000000002	0.
11.745000000000001	0.
11.750000000000002	0.
11.755	0.
11.760000000000002	0.
11.765	0.
11.770000000000001	0.
11.775	0.
11.780000000000001	0.
11.785	0.
11.790000000000001	0.
11.795000000000002	0.
11.8	0.
11.805000000000001	0.
11.81	0.
11.815000000000001	0.
11.82	0.
11.825000000000001	0.
11.830000000000002	0.
11.835	0.
11.840000000000002	0.
11.845	0.
11.850000000000001	0.
11.855	0.
11.860000000000001	0.
11.865000000000002	0.
11.870000000000001	0.
11.875000000000002	0.
11.88	0.
11.885000000000002	0.
11.89	0.
11.895000000000001	0.
11.9	0.
11.905000000000001	0.
11.91	0.
11.915000000000001	0.
11.920000000000002	0.
11.925	0.
11.930000000000001	0.
11.935	0.
11.940000000000001	0.
11.945	0.
11.950000000000001	0.
11.955000000000002	0.
11.96	0.
11.965000000000002	0.
11.97	0.
11.975000000000001	0.
11.98	0.
11.985000000000001	0.
11.990000000000002	0.
11.995000000000001	0.
12.000000000000002	0.
12.005	0.
12.010000000000002	0.
12.015	0.
12.020000000000001	0.
12.025	0.
12.030000000000001	0.
12.035	0.
12.040000000000001	0.
12.045000000000002	0.
12.05	0.
12.055000000000001	0.
12.06	0.
12.065000000000001	0.
12.07	0.
12.075000000000001	0.
12.080000000000002	0.
12.085	0.
12.090000000000002	0.
12.095	0.
12.100000000000001	0.
12.105	0.
12.110000000000001	0.
12.115000000000002	0.
12.120000000000001	0.
12.125000000000002	0.
12.13	0.
12.135000000000002	0.
12.14	0.
12.145000000000001	0.
12.15	0.
12.155000000000001	0.
12.16	0.
12.165000000000001	0.
12.170000000000002	0.
12.175	0.
12.180000000000001	0.
12.185	0.
12.190000000000001	0.
12.195	0.
12.200000000000001	0.
12.205000000000002	0.
12.21	0.
12.215000000000002	0.
12.22	0.
12.225000000000001	0.
12.23	0.
12.235000000000001	0.
12.240000000000002	0.
12.245000000000001	0.
12.25	0.
12.255	0.
12.260000000000002	0.
12.265	0.
12.270000000000001	0.
12.275000000000002	0.
12.280000000000001	0.
12.285	0.
12.290000000000001	0.
12.295000000000002	0.
12.3	0.
12.305000000000001	0.
12.31	0.
12.315000000000001	0.
12.32	0.
12.325000000000001	0.
12.330000000000002	0.
12.335	0.
12.340000000000002	0.
12.345	0.
12.350000000000001	0.
12.355	0.
12.360000000000001	0.
12.365000000000002	0.
12.370000000000001	0.
12.375	0.
12.38	0.
12.385000000000002	0.
12.39	0.
12.395000000000001	0.
12.400000000000002	0.
12.405000000000001	0.
12.41	0.
12.415000000000001	0.
12.420000000000002	0.
12.425	0.
12.430000000000001	0.
12.435	0.
12.440000000000001	0.
12.445	0.
12.450000000000001	0.
12.455000000000002	0.
12.46	0.
12.465000000000002	0.
12.47	0.
12.475000000000001	0.
12.48	0.
12.485000000000001	0.
12.490000000000002	0.
12.495000000000001	0.
12.5	0.
12.505	0.
12.510000000000002	0.
12.515	0.
12.520000000000001	0.
12.525000000000002	0.
12.530000000000001	0.
12.535	0.
12.540000000000001	0.
12.545000000000002	0.
12.55	0.
12.555000000000001	0.
12.56	0.
12.565000000000001	0.
12.57	0.
12.575000000000001	0.
12.580000000000002	0.
12.585	0.
12.590000000000002	0.
12.595	0.
12.600000000000001	0.
12.605	0.
12.610000000000001	0.
12.615000000000002	0.
12.620000000000001	0.
12.625	0.
12.63	0.
12.635000000000002	0.
12.64	0.
12.645000000000001	0.
12.650000000000002	0.
12.655000000000001	0.
12.66	0.
12.665000000000001	0.
12.670000000000002	0.
12.675	0.
12.680000000000001	0.
12.685	0.
12.690000000000001	0.
12.695	0.
12.700000000000001	0.
12.705000000000002	0.
12.71	0.
12.715000000000002	0.
12.72	0.
12.725000000000001	0.
12.73	0.
12.735000000000001	0.
12.740000000000002	0.
12.745000000000001	0.
12.75	0.
12.755	0.
12.760000000000002	0.
12.765	0.
12.770000000000001	0.
12.775000000000002	0.
12.780000000000001	0.
12.785	0.
12.790000000000001	0.
12.795000000000002	0.
12.8	0.
12.805000000000001	0.
12.810000000000002	0.
12.815000000000001	0.
12.820000000000002	0.
12.825000000000001	0.
12.830000000000002	0.
12.835	0.
12.840000000000002	0.
12.845	0.
12.850000000000001	0.
12.855000000000002	0.
12.860000000000001	0.
12.865000000000002	0.
12.870000000000001	0.
12.875000000000002	0.
12.88	0.
12.885000000000002	0.
12.890000000000002	0.
12.895000000000001	0.
12.900000000000002	0.
12.905000000000001	0.
12.910000000000002	0.
12.915000000000001	0.
12.920000000000002	0.
12.925	0.
12.930000000000001	0.
12.935000000000002	0.
12.940000000000001	0.
12.945000000000002	0.
12.950000000000001	0.
12.955000000000002	0.
12.96	0.
12.965000000000002	0.
12.97	0.
12.975000000000001	0.
12.980000000000002	0.
12.985000000000001	0.
12.990000000000002	0.
12.995000000000001	0.
13.000000000000002	0.
13.005	0.
13.010000000000002	0.
13.015000000000002	0.
13.020000000000001	0.
13.025000000000002	0.
13.030000000000001	0.
13.035000000000002	0.
13.040000000000001	0.
13.045000000000002	0.
13.05	0.
13.055000000000001	0.
13.060000000000002	0.
13.065000000000001	0.
13.070000000000002	0.
13.075000000000001	0.
13.080000000000002	0.
13.085	0.
13.090000000000002	0.
13.095	0.
13.100000000000001	0.
13.105000000000002	0.
13.110000000000001	0.
13.115000000000002	0.
13.120000000000001	0.
13.125000000000002	0.
13.13	0.
13.135000000000002	0.
13.140000000000002	0.
13.145000000000001	0.
13.150000000000002	0.
13.155000000000001	0.
13.160000000000002	0.
13.165000000000001	0.
13.170000000000002	0.
13.175	0.
13.180000000000001	0.
13.185000000000002	0.
13.190000000000001	0.
13.195000000000002	0.
13.200000000000001	0.
13.205000000000002	0.
13.21	0.
13.215000000000002	0.
13.220000000000002	0.
13.225000000000001	0.
13.230000000000002	0.
13.235000000000001	0.
13.240000000000002	0.
13.245000000000001	0.
13.250000000000002	0.
13.255	0.
13.260000000000002	0.
13.265000000000002	0.
13.270000000000001	0.
13.275000000000002	0.
13.280000000000001	0.
13.285000000000002	0.
13.290000000000001	0.
13.295000000000002	0.
13.3	0.
13.305000000000001	0.
13.310000000000002	0.
13.315000000000001	0.
13.320000000000002	0.
13.325000000000001	0.
13.330000000000002	0.
13.335	0.
13.340000000000002	0.
13.345000000000002	0.
13.350000000000001	0.
13.355000000000002	0.
13.360000000000001	0.
13.365000000000002	0.
13.370000000000001	0.
13.375000000000002	0.
13.38	0.
13.385000000000002	0.
13.39	0.
13.395000000000001	0.
13.400000000000002	0.
13.405000000000001	0.
13.410000000000002	0.
13.415000000000001	0.
13.420000000000002	0.
13.425	0.
13.430000000000001	0.
13.435000000000002	0.
13.440000000000001	0.
13.445000000000002	0.
13.450000000000001	0.
13.455000000000002	0.
13.46	0.
13.465000000000002	0.
13.470000000000002	0.
13.475000000000001	0.
13.480000000000002	0.
13.485000000000001	0.
13.490000000000002	0.
13.495000000000001	0.
13.500000000000002	0.
13.505	0.
13.510000000000002	0.
13.515	0.
13.520000000000001	0.
13.525000000000002	0.
13.530000000000001	0.
13.535000000000002	0.
13.540000000000001	0.
13.545000000000002	0.
13.55	0.
13.555000000000001	0.
13.560000000000002	0.
13.565000000000001	0.
13.570000000000002	0.
13.575000000000001	0.
13.580000000000002	0.
13.585	0.
13.590000000000002	0.
13.595000000000002	0.
13.600000000000001	0.
13.605000000000002	0.
13.610000000000001	0.
13.615000000000002	0.
13.620000000000001	0.
13.625000000000002	0.
13.63	0.
13.635000000000002	0.
13.64	0.
13.645000000000001	0.
13.650000000000002	0.
13.655000000000001	0.
13.660000000000002	0.
13.665000000000001	0.
13.670000000000002	0.
13.675	0.
13.680000000000001	0.
13.685000000000002	0.
13.690000000000001	0.
13.695000000000002	0.
13.700000000000001	0.
13.705000000000002	0.
13.71	0.
13.715000000000002	0.
13.720000000000002	0.
13.725000000000001	0.
13.730000000000002	0.
13.735000000000001	0.
13.740000000000002	0.
13.745000000000001	0.
13.750000000000002	0.
13.755	0.
13.760000000000002	0.
13.765	0.
13.770000000000001	0.
13.775000000000002	0.
13.780000000000001	0.
13.785000000000002	0.
13.790000000000001	0.
13.795000000000002	0.
13.8	0.
13.805000000000001	0.
13.810000000000002	0.
13.815000000000001	0.
13.820000000000002	0.
13.825000000000001	0.
13.830000000000002	0.
13.835	0.
13.840000000000002	0.
13.845000000000002	0.
13.850000000000001	0.
13.855000000000002	0.
13.860000000000001	0.
13.865000000000002	0.
13.870000000000001	0.
13.875000000000002	0.
13.88	0.
13.885000000000002	0.
13.89	0.
13.895000000000001	0.
13.900000000000002	0.
13.905000000000001	0.
13.910000000000002	0.
13.915000000000001	0.
13.920000000000002	0.
13.925	0.
13.930000000000001	0.
13.935000000000002	0.
13.940000000000001	0.
13.945000000000002	0.
13.950000000000001	0.
13.955000000000002	0.
13.96	0.
13.965000000000002	0.
13.970000000000002	0.
13.975000000000001	0.
13.980000000000002	0.
13.985000000000001	0.
13.990000000000002	0.
13.995000000000001	0.
14.	0.