0.005	0.
0.01	0.
0.015	0.
0.02	0.
0.025	0.
0.030000000000000002	0.
0.034999999999999996	0.
0.04	0.
0.045	0.
0.049999999999999996	0.
0.055	0.
0.06	0.
0.065	0.
0.07	0.
0.07500000000000001	0.
0.08	0.
0.085	0.
0.09000000000000001	0.
0.095	0.
0.1	0.
0.10500000000000001	0.
0.11	0.
0.115	0.
0.12000000000000001	0.
0.125	0.
0.13	0.09626740479093893
0.135	0.14539898398393605
0.14	0.17677541375429592
0.14500000000000002	0.1996696209220348
0.15	0.21730656661931505
0.155	0.23129930386023623
0.16	0.2426017769396431
0.165	0.25183630068352614
0.17	0.2594358548374029
0.17500000000000002	0.265715674363705
0.18000000000000002	0.2709131161047281
0.185	0.2752115810844742
0.19	0.2787557147848471
0.195	0.2816615117559753
0.2	0.2840232824302187
0.20500000000000002	0.28591860292517574
0.21000000000000002	0.2874119211487692
0.215	0.28855724039543595
0.22	0.28940015311918027
0.225	0.2899794067171752
0.23	0.2903281257223971
0.23500000000000001	0.29047477744007216
0.24000000000000002	0.2904439431365334
0.245	0.29025693988541673
0.25	0.28993232634401156
0.255	0.28948631735129726
0.26	0.28893312620628087
0.265	0.2882852490793265
0.27	0.28755370274871084
0.275	0.28674822441274367
0.28	0.285877440478684
0.28500000000000003	0.28494900981526405
0.29000000000000004	0.28396974586359636
0.295	0.28294572115083455
0.3	0.2818823570834013
0.305	0.28078450136869276
0.31	0.27965649499384115
0.315	0.278502230353197
0.32	0.2773252018446052
0.325	0.2761285500343022
0.33	0.27491510031072536
0.335	0.27368739680046006
0.34	0.2724477321984707
0.34500000000000003	0.2711981740646742
0.35000000000000003	0.2699405880557934
0.35500000000000004	0.268676658492149
0.36	0.26740790660105906
0.365	0.26613570672982395
0.37	0.2648613007802314
0.375	0.26358581108182494
0.38	0.26231025189172796
0.385	0.261035539683797
0.39	0.2597625023684942
0.395	0.2584918875666095
0.4	0.2572243700442661
0.405	0.2559605584031661
0.41000000000000003	0.2547010011084159
0.41500000000000004	0.25344619192622336
0.42000000000000004	0.2521965748350313
0.425	0.25095254846616916
0.43	0.24971447012344963
0.435	0.2484826594254865
0.44	0.24725740160948437
0.445	0.24603895053085498
0.45	0.24482753138923347
0.455	0.24362334320806275
0.46	0.2424265610919693
0.465	0.24123733828352775
0.47000000000000003	0.24005580803878304
0.47500000000000003	0.2388820853387303
0.48000000000000004	0.2377162684523005
0.485	0.23655844036470908
0.49	0.2354086700836482
0.495	0.23426701383452697
0.5	0.23313351615484082
0.505	0.23200821089680154
0.51	0.23089112214640206
0.515	0.22978226506631588
0.52	0.22868164666935478
0.525	0.2275892665285178
0.53	0.22650511742912885
0.535	0.2254291859680486
0.54	0.22436145310444186
0.545	0.22330189466621733
0.55	0.2222504818158683
0.555	0.22120718147910676
0.56	0.22017195673932569
0.5650000000000001	0.21914476720077608
0.5700000000000001	0.2181255693229635
0.5750000000000001	0.2171143167286179
0.5800000000000001	0.21611096048737735
0.585	0.21511544937714405
0.59	0.21412773012484979
0.595	0.21314774762832844
0.6	0.21217544516077816
0.605	0.2112107645590911
0.61	0.21025364639742228
0.615	0.20930403014716153
0.62	0.2083618543241965
0.625	0.20742705662463498
0.63	0.2064995740497592
0.635	0.20557934302104144
0.64	0.2046662994861596
0.645	0.2037603790162334
0.65	0.20286151689562523
0.655	0.20196964820409116
0.66	0.2010847080979114
0.665	0.20020663085318105
0.67	0.19933535198201524
0.675	0.19847080623792476
0.68	0.19761292869659675
0.685	0.1967616545991996
0.6900000000000001	0.19591691939707648
0.6950000000000001	0.19507865879291453
0.7000000000000001	0.19424680877779493
0.7050000000000001	0.19342130566539212
0.71	0.19260208612265173
0.715	0.1917890871979794
0.72	0.1909822463464362
0.725	0.19018150145272125
0.73	0.1893867908517288
0.735	0.1885980533471349
0.74	0.18781522822781163
0.745	0.18703825528270895
0.75	0.18626707481380736
0.755	0.18550162764770758
0.76	0.18474185514566618
0.765	0.1839876992123546
0.77	0.18323910230341903
0.775	0.1824960074317906
0.78	0.18175835817311287
0.785	0.18102609867004693
0.79	0.1802991736357704
0.795	0.1795775283566091
0.8	0.1788611086939555
0.805	0.17814986108540998
0.81	0.1774437325453236
0.8150000000000001	0.17674267066477
0.8200000000000001	0.17604662361090154
0.8250000000000001	0.17535554012583768
0.8300000000000001	0.1746693695251105
0.8350000000000001	0.1739880616956615
0.84	0.17331156709344023
0.845	0.17263983674068806
0.85	0.17197282222285062
0.855	0.17131047568524416
0.86	0.1706527498294167
0.865	0.1699995979092925
0.87	0.1693509737270584
0.875	0.1687068316289143
0.88	0.1680671265005853
0.885	0.16743181376270141
0.89	0.16680084936602527
0.895	0.16617418978659879
0.9	0.16555179202067904
0.905	0.16493361357968686
0.91	0.16431961248499474
0.915	0.16370974726267737
0.92	0.16310397693818368
0.925	0.16250226103097723
0.93	0.161904559549104
0.935	0.1613108329837551
0.9400000000000001	0.16072104230378637
0.9450000000000001	0.1601351489502264
0.9500000000000001	0.15955311483078147
0.9550000000000001	0.15897490231431288
0.9600000000000001	0.15840047422534018
0.965	0.15782979383853415
0.97	0.15726282487323948
0.975	0.15669953148798055
0.98	0.15613987827502734
0.985	0.1555838302549628
0.99	0.15503135287127112
0.995	0.154482411984987
1.	0.15393697386933528
1.005	0.15339500520446336
1.01	0.15285647307214162
1.015	0.15232134495057673
1.02	0.15178958870922435
1.025	0.1512611726036484
1.0299999999999998	0.15073606527045375
1.035	0.15021423572223766
1.0399999999999998	0.14969565334260454
1.045	0.1491802878812319
1.0499999999999998	0.14866810944898637
1.055	0.14815908851308493
1.0599999999999998	0.1476531958923156
1.065	0.14715040275231966
1.0699999999999998	0.14665068060090528
1.075	0.146154001283445
1.0799999999999998	0.14566033697829497
1.085	0.14516966019230676
1.0899999999999999	0.14468194375635754
1.095	0.14419716082096554
1.0999999999999999	0.1437152848519406
1.105	0.1432362896261032
1.1099999999999999	0.14276014922704938
1.115	0.14228683804097952
1.1199999999999999	0.14181633075257602
1.125	0.14134860234093116
1.13	0.14088362807555302
1.135	0.1404213835123883
1.14	0.13996184448993257
1.145	0.13950498712538517
1.15	0.13905078781083102
1.155	0.13859922320952786
1.16	0.1381502702521871
1.1649999999999998	0.1377039061333597
1.17	0.13726010830783336
1.1749999999999998	0.13681885448709452
1.18	0.13638012263585697
1.1849999999999998	0.1359438909686117
1.19	0.1355101379462444
1.1949999999999998	0.13507884227270447
1.2	0.134649982891711
1.2049999999999998	0.1342235389835011
1.21	0.13379948996165741
1.2149999999999999	0.13337781546993732
1.22	0.13295849537919066
1.2249999999999999	0.13254150978429144
1.23	0.1321268390011253
1.2349999999999999	0.13171446356364067
1.24	0.13130436422089686
1.2449999999999999	0.1308965219342112
1.25	0.13049091787430298
1.255	0.13008753341851426
1.26	0.12968635014803637
1.265	0.12928734984521278
1.27	0.12889051449086522
1.275	0.12849582626165088
1.28	0.1281032675274746
1.285	0.12771282084893595
1.2899999999999998	0.12732446897480815
1.295	0.1269381948395588
1.2999999999999998	0.12655398156090875
1.305	0.1261718124374223
1.3099999999999998	0.12579167094614468
1.315	0.1254135407402514
1.3199999999999998	0.12503740564676388
1.325	0.12466324966427553
1.3299999999999998	0.1242910569607152
1.335	0.12392081187115744
1.3399999999999999	0.12355249889564865
1.345	0.12318610269707281
1.3499999999999999	0.12282160809905424
1.355	0.12245900008387699
1.3599999999999999	0.12209826379045234
1.365	0.12173938451230136
1.3699999999999999	0.12138234769558327
1.375	0.12102713893712928
1.38	0.12067374398253615
1.385	0.12032214872425771
1.39	0.1199723391997496
1.395	0.11962430158962463
1.4	0.11927802221583753
1.405	0.1189334875399066
1.41	0.11859068416115229
1.4149999999999998	0.118249598814964
1.42	0.11791021837109239
1.4249999999999998	0.11757252983196262
1.43	0.11723652033102155
1.4349999999999998	0.11690217713110403
1.44	0.11656948762281871
1.4449999999999998	0.11623843932296124
1.45	0.11590901987295413
1.4549999999999998	0.11558121703730304
1.46	0.11525501870207934
1.4649999999999999	0.11493041287342572
1.47	0.11460738767607226
1.4749999999999999	0.11428593135189348
1.48	0.11396603225846866
1.4849999999999999	0.11364767886767194
1.49	0.1133308597642835
1.4949999999999999	0.11301556364460605
1.5	0.11270177931512851
1.505	0.11238949569118069
1.51	0.11207870179562317
1.515	0.11176938675755291
1.52	0.11146153981102858
1.525	0.11115515029380267
1.53	0.11085020764609207
1.535	0.11054670140934347
1.54	0.1102446212250377
1.545	0.10994395683349487
1.5499999999999998	0.10964469807269946
1.555	0.10934683487714959
1.5599999999999998	0.10905035727671646
1.565	0.10875525539551663
1.5699999999999998	0.10846151945080837
1.575	0.10816913975189428
1.5799999999999998	0.10787810669904944
1.585	0.10758841078245408
1.5899999999999999	0.10730004258114938
1.595	0.10701299276199883
1.5999999999999999	0.10672725207867377
1.605	0.10644281137065077
1.6099999999999999	0.1061596615622121
1.615	0.10587779366147408
1.6199999999999999	0.1055971987594211
1.625	0.10531786802895778
1.63	0.10503979272396628
1.635	0.10476296417838034
1.64	0.10448737380527925
1.645	0.10421301309598208
1.65	0.10393987361915999
1.655	0.10366794701996114
1.66	0.10339722501914575
1.665	0.10312769941223782
1.67	0.10285936206867219
1.6749999999999998	0.10259220493098076
1.68	0.10232622001395812
1.6849999999999998	0.10206139940386723
1.69	0.10179773525762942
1.6949999999999998	0.10153521980204865
1.7	0.10127384533302973
1.7049999999999998	0.1010136042148126
1.71	0.10075448887921913
1.7149999999999999	0.10049649182490508
1.72	0.10023960561662502
1.7249999999999999	0.0999838228845076
1.73	0.09972913632333605
1.7349999999999999	0.09947553869184099
1.74	0.09922302281200604
1.7449999999999999	0.09897158156837593
1.75	0.09872120790737314
1.755	0.09847189483663617
1.76	0.09822363542434648
1.765	0.09797642279858028
1.77	0.09773025014666445
1.775	0.09748511071453392
1.78	0.09724099780610562
1.785	0.09699790478266078
1.79	0.09675582506222383
1.795	0.09651475211896521
1.7999999999999998	0.0962746794826007
1.805	0.09603560073780061
1.8099999999999998	0.0957975095236075
1.815	0.09556039953286456
1.8199999999999998	0.09532426451164455
1.825	0.09508909825868742
1.8299999999999998	0.09485489462485282
1.835	0.09462164751256955
1.8399999999999999	0.09438935087529406
1.845	0.09415799871698434
1.8499999999999999	0.09392758509156374
1.855	0.09369810410241233
1.8599999999999999	0.09346954990184456
1.865	0.09324191669060644
1.8699999999999999	0.09301519871737532
1.875	0.09278939027826508
1.88	0.09256448571633426
1.885	0.09234047942111011
1.89	0.09211736582810838
1.895	0.09189513941836124
1.9	0.09167379471795663
1.905	0.09145332629757666
1.91	0.09123372877204475
1.915	0.09101499679987649
1.92	0.0907971250828399
1.9249999999999998	0.09058010836551515
1.93	0.09036394143486517
1.9349999999999998	0.09014861911980535
1.94	0.08993413629078914
1.9449999999999998	0.08972048785938191
1.95	0.0895076687778583
1.9549999999999998	0.08929567403878992
1.96	0.08908449867464685
1.9649999999999999	0.08887413775739862
1.97	0.08866458639812409
1.9749999999999999	0.0884558397466233
1.98	0.0882478929910312
1.9849999999999999	0.08804074135744687
1.99	0.08783438010955108
1.9949999999999999	0.08762880454824303
2.	0.08742401001127177
2.005	0.08721999187287816
2.01	0.08701674554343458
2.015	0.08681426646909589
2.02	0.08661255013144857
2.025	0.08641159204716982
2.03	0.0862113877676816
2.035	0.08601193287882158
2.04	0.08581322300050319
2.045	0.0856152537863938
2.05	0.08541802092358511
2.0549999999999997	0.08522152013227499
2.06	0.08502574716544645
2.065	0.08483069780856074
2.07	0.0846363678792384
2.0749999999999997	0.08444275322696027
2.08	0.08424984973276083
2.085	0.084057653308927
2.09	0.08386615989870766
2.0949999999999998	0.08367536547601315
2.1	0.08348526604513165
2.105	0.0832958576404417
2.11	0.08310713632612751
2.1149999999999998	0.08291909819589889
2.12	0.0827317393727159
2.125	0.08254505600851703
2.13	0.08235904428394439
2.135	0.08217370040807818
2.14	0.08198902061817379
2.145	0.08180500117939726
2.15	0.08162163838456882
2.155	0.0814389285539053
2.16	0.08125686803476918
2.165	0.08107545320141588
2.17	0.08089468045474975
2.175	0.08071454622207523
2.18	0.08053504695685704
2.185	0.0803561791384823
2.19	0.08017793927202026
2.195	0.0800003238879899
2.1999999999999997	0.0798233295421307
2.205	0.07964695281516822
2.21	0.0794711903125925
2.215	0.07929603866443138
2.2199999999999998	0.07912149452502851
2.225	0.07894755457282539
2.23	0.07877421551014442
2.235	0.07860147406297219
2.2399999999999998	0.07842932698075031
2.245	0.07825777103616158
2.25	0.07808680302492617
2.255	0.07791641976559366
2.26	0.07774661809934003
2.265	0.07757739488976607
2.27	0.07740874702269998
2.275	0.07724067140599823
2.28	0.0770731649693519
2.285	0.07690622466409346
2.29	0.07673984746300799
2.295	0.07657403036013971
2.3	0.07640877037061049
2.305	0.0762440645304314
2.31	0.07607990989632162
2.315	0.07591630354552627
2.32	0.07575324257563945
2.3249999999999997	0.07559072410442372
2.33	0.07542874526963765
2.335	0.07526730322886108
2.34	0.07510639515932287
2.3449999999999998	0.07494601825773281
2.35	0.07478616974011072
2.355	0.07462684684162257
2.36	0.07446804681641349
2.3649999999999998	0.07430976693744683
2.37	0.07415200449634086
2.375	0.07399475680320965
2.38	0.07383802118650694
2.385	0.07368179499286527
2.39	0.07352607558694513
2.395	0.07337086035128038
2.4	0.07321614668612672
2.405	0.07306193200930847
2.41	0.0729082137560754
2.415	0.07275498937895154
2.42	0.07260225634758995
2.425	0.0724500121486292
2.43	0.07229825428555085
2.435	0.07214698027853722
2.44	0.07199618766433197
2.445	0.07184587399610115
2.4499999999999997	0.07169603684329692
2.455	0.07154667379151992
2.46	0.07139778244238712
2.465	0.07124936041339756
2.4699999999999998	0.07110140533780016
2.475	0.07095391486446347
2.48	0.0708068866577471
2.485	0.07066031839737318
2.4899999999999998	0.07051420777830075
2.495	0.07036855251059754
2.5	0.07022335031932032
2.505	0.0700785989443871
2.51	0.06993429614045864
2.515	0.06979043967681685
2.52	0.06964702733724516
2.525	0.06950405691991093
2.53	0.06936152623724713
2.535	0.06921943311583827
2.54	0.06907777539630369
2.545	0.06893655093318572
2.55	0.06879575759483464
2.555	0.06865539326329935
2.56	0.06851545583421638
2.565	0.06837594321669951
2.57	0.06823685333323304
2.5749999999999997	0.06809818411956282
2.58	0.06795993352459094
2.585	0.0678220995102702
2.59	0.06768468005150088
2.5949999999999998	0.06754767313602492
2.6	0.06741107676432606
2.605	0.0672748889495285
2.61	0.06713910771729414
2.6149999999999998	0.06700373110572609
2.62	0.0668687571652681
2.625	0.0667341839586086
2.63	0.06660000956058244
2.635	0.06646623205807642
2.64	0.06633284954993435
2.645	0.0661998601468623
2.65	0.06606726197133705
2.655	0.06593505315751197
2.66	0.06580323185112696
2.665	0.0656717962094189
2.67	0.0655407444010292
2.675	0.06541007460591698
2.68	0.06527978501527247
2.685	0.06514987383142598
2.69	0.06502033926776493
2.695	0.06489117954864687
2.7	0.06476239290931501
2.705	0.06463397759581403
2.71	0.06450593186490745
2.715	0.06437825398399381
2.7199999999999998	0.06425094223102648
2.725	0.0641239948944327
2.73	0.06399741027303167
2.735	0.06387118667595683
2.7399999999999998	0.06374532242257619
2.745	0.06361981584241445
2.75	0.06349466527507583
2.755	0.06336986907016809
2.76	0.06324542558722475
2.765	0.06312133319563115
2.77	0.06299759027455017
2.775	0.06287419521284723
2.78	0.062751146409018
2.785	0.0626284422711152
2.79	0.06250608121667679
2.795	0.0623840616726549
2.8	0.06226238207534497
2.8049999999999997	0.06214104087031577
2.81	0.062020036512340275
2.815	0.0618993674653259
2.82	0.0617790322022478
2.825	0.06165902920507999
2.83	0.06153935696472902
2.835	0.061420013980967574
2.84	0.061300998762368504
2.8449999999999998	0.06118230982623959
2.85	0.06106394569855897
2.855	0.0609459049139113
2.86	0.06082818601542349
2.8649999999999998	0.060710787554702994
2.87	0.060593708091773675
2.875	0.06047694619501583
2.88	0.0603605004411035
2.885	0.060244369414944175
2.89	0.06012855170961833
2.895	0.06001304592632056
2.9	0.059897850674298654
2.905	0.059782964570796376
2.91	0.05966838624099512
2.915	0.05955411431795479
2.92	0.05944014744255876
2.925	0.05932648426345543
2.9299999999999997	0.05921312343700256
2.935	0.05910006362721241
2.94	0.058987303505694366
2.945	0.05887484175160235
2.95	0.05876267705157939
2.955	0.058650808099703994
2.96	0.05853923359743648
2.965	0.05842795225356639
2.9699999999999998	0.05831696278415961
2.975	0.05820626391250732
2.98	0.05809585436907254
2.985	0.05798573289144079
2.9899999999999998	0.05787589822426825
2.995	0.05776634911923197
3.	0.05765708433497953
3.005	0.05754810263707992
3.01	0.05743940279797458
3.015	0.057330983596928155
3.02	0.05722284381998091
3.025	0.05711498225990045
3.03	0.05700739771613443
3.035	0.056900088994763905
3.04	0.056793054908455744
3.045	0.056686294276417165
3.05	0.05657980592434992
3.0549999999999997	0.05647358868440379
3.06	0.05636764139513278
3.065	0.05626196290144931
3.07	0.05615655205458029
3.075	0.056051407712023375
3.08	0.05594652873750257
3.085	0.05584191400092591
3.09	0.05573756237834117
3.0949999999999998	0.055633472751894536
3.1	0.05552964400978808
3.105	0.05542607504623698
3.11	0.055322764761429485
3.115	0.05521971206148429
3.12	0.05511691585841034
3.125	0.05501437507006604
3.13	0.05491208862011956
3.135	0.05481005543800794
3.14	0.05470827445889844
3.145	0.054606744623648965
3.15	0.054505464878769054
3.155	0.05440443417638124
3.16	0.054303651474182466
3.165	0.05420311573540688
3.17	0.05410282592878764
3.175	0.054002781028519554
3.1799999999999997	0.05390298001422108
3.185	0.053803421870899454
3.19	0.05370410558891294
3.195	0.05360503016393408
3.2	0.05350619459691485
3.205	0.05340759789405085
3.21	0.05330923906674547
3.215	0.05321111713157482
3.2199999999999998	0.05311323111025347
3.225	0.053015580029599246
3.23	0.05291816292149924
3.235	0.05282097882287633
3.24	0.05272402677565477
3.245	0.05262730582672621
3.25	0.05253081502791836
3.255	0.05243455343596001
3.26	0.05233852011244988
3.265	0.052242714123823
3.27	0.0521471345413193
3.275	0.05205178044095154
3.28	0.05195665090347346
3.285	0.05186174501434818
3.29	0.051767061863717774
3.295	0.05167260054637166
3.3	0.051578360161715804
3.3049999999999997	0.05148433981374237
3.31	0.05139053861100001
3.315	0.05129695566656365
3.32	0.05120359009800346
3.325	0.05111044102735748
3.33	0.051017507581100324
3.335	0.050924788890115785
3.34	0.05083228408966605
3.3449999999999998	0.0507399923193651
3.35	0.050647912723148794
3.355	0.050556044449247106
3.36	0.050464386650156144
3.365	0.050372938482610416
3.37	0.050281699107555235
3.375	0.050190667690119393
3.38	0.05009984339958754
3.385	0.05000922540937372
3.39	0.04991881289699496
3.395	0.04982860504404304
3.4	0.049738601036160575
3.405	0.04964880006301305
3.41	0.049559201318263094
3.415	0.04946980399954519
3.42	0.04938060730844035
3.425	0.04929161045044975
3.4299999999999997	0.04920281263497002
3.435	0.049114213075268504
3.44	0.04902581098845874
3.445	0.04893760559547398
3.45	0.048849596121044996
3.455	0.04876178179367436
3.46	0.04867416184561326
3.465	0.04858673551283652
3.4699999999999998	0.048499502035019904
3.475	0.048412460655516125
3.48	0.04832561062133087
3.485	0.04823895118310066
3.49	0.048152481595069484
3.495	0.0480662011150642
3.5	0.047980109004474754
3.505	0.04789420452822989
3.51	0.04780848695477447
3.515	0.04772295555604792
3.52	0.04763760960746262
3.525	0.04755244838788037
3.53	0.047467471179592303
3.535	0.047382677268296876
3.54	0.04729806594307687
3.545	0.04721363649638132
3.55	0.047129388224000916
3.5549999999999997	0.047045320425049324
3.56	0.04696143240194126
3.565	0.04687772346037271
3.5700000000000003	0.046794192909299114
3.575	0.04671084006091616
3.58	0.0466276642306386
3.585	0.04654466473708166
3.59	0.04646184090203892
3.5949999999999998	0.046379192050464514
3.5999999999999996	0.046296717510451835
3.605	0.0462144166132148
3.61	0.046132288693069345
3.615	0.04605033308741177
3.62	0.04596854913670226
3.625	0.04588693618444407
3.63	0.04580549357716573
3.635	0.04572422066440084
3.6399999999999997	0.045643116798671814
3.645	0.045562181335468896
3.65	0.04548141363323424
3.6550000000000002	0.0454008130533417
3.66	0.045320378960079344
3.665	0.04524011072063209
3.67	0.04516000770506376
3.675	0.04508006928629821
3.6799999999999997	0.04500029484010329
3.685	0.04492068374507237
3.69	0.044841235382607425
3.6950000000000003	0.04476194913690186
3.7	0.04468282439492299
3.705	0.04460386054639536
3.71	0.044525056983783895
3.715	0.044446413102276504
3.7199999999999998	0.04436792829976878
3.7249999999999996	0.04428960197684658
3.73	0.0442114335367688
3.735	0.0441334223854527
3.74	0.04405556793145705
3.745	0.04397786958596558
3.75	0.043900326762771696
3.755	0.043822938878261185
3.76	0.043745705351399884
3.7649999999999997	0.043668625603712916
3.77	0.043591699059273445
3.775	0.04351492514468557
3.7800000000000002	0.04343830328906863
3.785	0.04336183292404285
3.79	0.04328551348371367
3.795	0.04320934440465677
3.8	0.04313332512590235
3.8049999999999997	0.04305745508892237
3.81	0.04298173373761325
3.815	0.0429061605182838
3.8200000000000003	0.0428307348796378
3.825	0.04275545627276317
3.83	0.04268032415111289
3.835	0.04260533797049536
3.84	0.04253049718905747
3.8449999999999998	0.04245580126727135
3.8499999999999996	0.042381249667920735
3.855	0.04230684185608549
3.86	0.04223257729913031
3.865	0.042158455466688644
3.87	0.042084475830650135
3.875	0.04201063786514851
3.88	0.04193694104654389
3.885	0.041863384853414384
3.8899999999999997	0.041789968766539724
3.895	0.04171669226888857
3.9	0.041643554845606966
3.9050000000000002	0.04157055598400227
3.91	0.04149769517353325
3.915	0.04142497190579637
3.92	0.041352385674511494
3.925	0.04127993597551044
3.9299999999999997	0.041207622306724936
3.935	0.04113544416817288
3.94	0.041063401061947245
3.9450000000000003	0.04099149249220048
3.95	0.04091971796513767
3.955	0.0408480769889983
3.96	0.040776569074050036
3.965	0.04070519373257012
3.9699999999999998	0.04063395047883965
3.9749999999999996	0.04056283882912789
3.98	0.040491858301680055
3.985	0.04042100841670969
3.99	0.04035028869638133
3.995	0.04027969866480358
4.	0.04020923784801441
4.005	0.04013890577397154
4.01	0.040068701972540116
4.015	0.03999862597548184
4.02	0.03992867731644285
4.025	0.039858855530943815
4.03	0.03978916015636787
4.035	0.03971959073194918
4.04	0.03965014679876353
4.045	0.039580827899715613
4.05	0.039511633579528596
4.055	0.039442563384734695
4.0600000000000005	0.039373616863662135
4.0649999999999995	0.039304793566425855
4.07	0.03923609304491792
4.075	0.03916751485279416
4.08	0.039099058545465616
4.085	0.03903072368008846
4.09	0.038962509815552424
4.095	0.03889441651246989
4.1	0.0388264433331689
4.105	0.038758589841678945
4.109999999999999	0.038690855603723276
4.115	0.03862324018670836
4.12	0.03855574315971306
4.125	0.038488364093480804
4.13	0.0384211025604058
4.135	0.03835395813452819
4.14	0.03828693039152029
4.145	0.038220018908677544
4.15	0.0381532232649117
4.155	0.03808654304073756
4.16	0.03801997781826419
4.165	0.037953527181188364
4.17	0.0378871907147806
4.175	0.03782096800587978
4.18	0.03775485864288098
4.1850000000000005	0.03768886221572803
4.1899999999999995	0.03762297831590187
4.195	0.037557206536415505
4.2	0.03749154647180016
4.205	0.03742599771809936
4.21	0.03736055987285854
4.215	0.037295232535116955
4.22	0.03723001530539722
4.225	0.037164907785698406
4.23	0.03709990957948536
4.234999999999999	0.03703502029168112
4.24	0.03697023952865805
4.245	0.036905566898227556
4.25	0.036841002009634805
4.255	0.03677654447354606
4.26	0.03671219390204346
4.265	0.0366479499086141
4.27	0.0365838121081433
4.275	0.036519780116905744
4.28	0.03645585355255548
4.285	0.036392032034120544
4.29	0.03632831518199249
4.295	0.0362647026179181
4.3	0.03620119396499207
4.305	0.03613778884764901
4.3100000000000005	0.03607448689165431
4.3149999999999995	0.036011287724097577
4.32	0.03594819097338261
4.325	0.03588519626922111
4.33	0.03582230324262205
4.335	0.03575951152588892
4.34	0.035696820752607016
4.345	0.0356342305576369
4.35	0.035571740577107894
4.355	0.03550935044840792
4.359999999999999	0.03544705981017949
4.365	0.0353848683023082
4.37	0.03532277556591562
4.375	0.03526078124335581
4.38	0.035198884978202546
4.385	0.03513708641524297
4.39	0.035075385200473756
4.395	0.03501378098108919
4.4	0.034952273405475145
4.405	0.03489086212320315
4.41	0.03482954678502105
4.415	0.034768327042846554
4.42	0.03470720254976118
4.425	0.0346461729599992
4.43	0.0345852379289458
4.4350000000000005	0.034524397113125216
4.4399999999999995	0.0344636501701956
4.445	0.03440299675894283
4.45	0.034342436539271146
4.455	0.03428196917219714
4.46	0.03422159431984438
4.465	0.03416131164543328
4.47	0.03410112081327572
4.475	0.034041021488770064
4.48	0.033981013338389654
4.484999999999999	0.03392109602968103
4.49	0.03386126923125338
4.495	0.033801532612771544
4.5	0.03374188584495566
4.505	0.03368232859956356
4.51	0.0336228605493935
4.515	0.03356348136827315
4.52	0.03350419073105346
4.525	0.033444988313602465
4.53	0.0333858737927974
4.535	0.033326846846521395
4.54	0.03326790715365296
4.545	0.03320905439406128
4.55	0.033150288248600175
4.555	0.03309160839910143
4.5600000000000005	0.03303301452836605
4.5649999999999995	0.032974506320161835
4.57	0.03291608345921445
4.575	0.032857745631200884
4.58	0.03279949252274326
4.585	0.03274132382140465
4.59	0.032683239215679394
4.595000000000001	0.03262523839498931
4.6	0.032567321049676135
4.605	0.03250948687099633
4.609999999999999	0.03245173555111398
4.615	0.032394066783095275
4.62	0.03233648026089994
4.625	0.03227897567938082
4.63	0.03222155273427043
4.635	0.03216421112218089
4.640000000000001	0.03210695054059454
4.645	0.03204977068785784
4.65	0.03199267126317863
4.654999999999999	0.03193565196661602
4.66	0.03187871249907486
4.665	0.0318218525623041
4.67	0.031765071858885705
4.675	0.03170837009223013
4.68	0.03165174696657317
4.6850000000000005	0.03159520218696594
4.6899999999999995	0.031538735459271744
4.695	0.031482346490159484
4.7	0.031426034987097055
4.705	0.03136980065834632
4.71	0.031313643212957626
4.715	0.031257562360763394
4.720000000000001	0.031201557812371616
4.725	0.03114562927916152
4.73	0.031089776473277184
4.734999999999999	0.03103399910762218
4.74	0.03097829689585197
4.745	0.030922669552371305
4.75	0.030867116792327162
4.755	0.030811638331600322
4.76	0.030756233886805644
4.765000000000001	0.030700903175279962
4.77	0.030645645915081832
4.775	0.03059046182498151
4.779999999999999	0.030535350624459327
4.785	0.030480312033696416
4.79	0.030425345773571463
4.795	0.03037045156565596
4.8	0.03031562913220441
4.805	0.030260878196154216
4.8100000000000005	0.030206198481116553
4.8149999999999995	0.030151589711370844
4.82	0.030097051611861627
4.825	0.03004258390819118
4.83	0.029988186326614017
4.835	0.029933858594032654
4.84	0.029879600437991125
4.845000000000001	0.029825411586668377
4.85	0.029771291768877203
4.855	0.029717240714052837
4.859999999999999	0.02966325815225165
4.865	0.029609343814145463
4.87	0.02955549743101334
4.875	0.029501718734739505
4.88	0.02944800745780579
4.885	0.029394363333286887
4.890000000000001	0.029340786094846364
4.895	0.029287275476727284
4.9	0.029233831213752913
4.904999999999999	0.029180453041314176
4.91	0.02912714069537085
4.915	0.029073893912441574
4.92	0.029020712429602975
4.925	0.028967595984477058
4.93	0.028914544315236042
4.9350000000000005	0.028861557160586932
4.9399999999999995	0.028808634259772783
4.945	0.028755775352565818
4.95	0.02870298017926001
4.955	0.02865024848066714
4.96	0.02859757999811359
4.965	0.028544974473431923
4.970000000000001	0.028492431648956318
4.975	0.02843995126751921
4.98	0.02838753307244253
4.984999999999999	0.0283351768075347
4.99	0.028282882217087413
4.995	0.028230649045863747
5.	0.028178477039100702
5.005	0.02812636594249795
5.01	0.028074315502215456
5.015000000000001	0.028022325464867257
5.02	0.027970395577516464
5.025	0.027918525587670173
5.029999999999999	0.027866715243273978
5.035	0.02781496429270357
5.04	0.027763272484767225
5.045	0.027711639568692936
5.05	0.02766006529412485
5.055	0.027608549411120748
5.0600000000000005	0.02755709167014385
5.0649999999999995	0.02750569182205813
5.07	0.02745434961812587
5.075	0.02740306480999622
5.08	0.027351837149704787
5.085	0.027300666389667532
5.09	0.027249552282674304
5.095000000000001	0.027198494581884766
5.1	0.027147493040820838
5.105	0.02709654741336325
5.109999999999999	0.027045657453746777
5.115	0.026994822916551923
5.12	0.02694404355670065
5.125	0.026893319129455584
5.13	0.026842649390407043
5.135	0.026792034095471158
5.14	0.026741473000887802
5.145	0.026690965863208328
5.15	0.026640512439294845
5.155	0.02659011248631494
5.16	0.02653976576173234
5.165	0.026489472023306055
5.17	0.026439231029081346
5.175	0.02638904253738643
5.18	0.02633890630682568
5.185	0.02628882209627536
5.19	0.026238789664875424
5.195	0.02618880877202798
5.2	0.02613887917738973
5.205	0.02608900064086299
5.21	0.026039172922596738
5.215	0.025989395782976026
5.22	0.02593966898261844
5.225	0.025889992282367637
5.23	0.025840365443287057
5.235	0.025790788226656185
5.24	0.02574126039396486
5.245	0.0256917817069039
5.25	0.02564235192736392
5.255	0.02559297081742608
5.26	0.025543638139359417
5.265	0.02549435365561316
5.27	0.02544511712880859
5.275	0.02539592832174053
5.28	0.025346786997363167
5.285	0.025297692918787834
5.29	0.02524864584927969
5.295	0.025199645552246637
5.3	0.025150691791235986
5.305	0.025101784329930456
5.31	0.02505292293213793
5.315	0.025004107361788246
5.32	0.024955337382926355
5.325	0.024906612759707444
5.33	0.02485793325638744
5.335	0.024809298637321387
5.34	0.02476070866695408
5.345	0.024712163109815156
5.35	0.02466366173051209
5.355	0.024615204293725042
5.36	0.024566790564199067
5.365	0.024518420306739928
5.37	0.02447009328620494
5.375	0.02442180926750062
5.38	0.02437356801557029
5.385	0.02432536929539334
5.39	0.024277212871976907
5.395	0.024229098510349396
5.4	0.024181025975550566
5.405	0.02413299503263004
5.41	0.02408500544663914
5.415	0.02403705698262227
5.42	0.023989149405611705
5.425	0.02394128248062186
5.43	0.023893455972640202
5.435	0.023845669646621277
5.44	0.02379792326748074
5.445	0.023750216600088688
5.45	0.023702549409260563
5.455	0.023654921459750268
5.46	0.02360733251624698
5.465	0.023559782343365147
5.47	0.023512270705635583
5.475	0.02346479736750088
5.48	0.023417362093308063
5.485	0.023369964647300834
5.49	0.02332260479361206
5.495	0.02327528229625602
5.5	0.023227996919122515
5.505	0.023180748425967266
5.51	0.023133536580405283
5.515	0.023086361145906023
5.52	0.02303922188577885
5.525	0.022992118563172556
5.53	0.022945050941064433
5.535	0.022898018782251443
5.54	0.022851021849344393
5.545	0.022804059904759474
5.55	0.022757132710707714
5.555	0.022710240029192304
5.56	0.022663381621994563
5.565	0.02261655725066968
5.57	0.022569766676536315
5.575	0.022523009660671015
5.58	0.022476285963894435
5.585	0.022429595346769752
5.59	0.022382937569589072
5.595	0.02233631239236592
5.6	0.0222897195748282
5.605	0.022243158876406856
5.61	0.022196630056229794
5.615	0.02215013287311041
5.62	0.022103667085540624
5.625	0.02205723245168063
5.63	0.022010828729349004
5.635	0.02196445567601583
5.64	0.021918113048790697
5.645	0.0218718006044163
5.65	0.02182551809925533
5.655	0.02177926528928315
5.66	0.021733041930077718
5.665	0.02168684777681092
5.67	0.021640682584236334
5.675	0.02159454610667923
5.68	0.02154843809803008
5.6850000000000005	0.021502358311730682
5.69	0.02145630650076482
5.695	0.021410282417649865
5.7	0.021364285814423376
5.705	0.021318316442633777
5.71	0.021272374053330063
5.715	0.02122645839705136
5.72	0.021180569223813905
5.725	0.021134706283102836
5.73	0.021088869323858197
5.735	0.02104305809446588
5.74	0.020997272342746086
5.745	0.020951511815939718
5.75	0.020905776260699723
5.755	0.020860065423077213
5.76	0.02081437904850955
5.765	0.020768716881810145
5.77	0.02072307866715544
5.775	0.020677464148071117
5.78	0.020631873067421303
5.785	0.02058630516739558
5.79	0.020540760189497628
5.795	0.020495237874530062
5.8	0.020449737962582242
5.805	0.020404260193017956
5.8100000000000005	0.020358804304461523
5.815	0.020313370034783482
5.82	0.020267957121090675
5.825	0.02022256529970614
5.83	0.020177194306160346
5.835	0.02013184387517652
5.84	0.020086513740653643
5.845	0.020041203635654672
5.85	0.019995913292390956
5.855	0.019950642442207525
5.86	0.01990539081556772
5.865	0.019860158142038356
5.87	0.019814944150274644
5.875	0.019769748568005913
5.88	0.019724571122015158
5.885	0.019679411538128643
5.89	0.019634269541196757
5.895	0.01958914485507859
5.9	0.019544037202625836
5.905	0.019498946305664837
5.91	0.019453871884978057
5.915	0.019408813660292297
5.92	0.019363771350256607
5.925	0.019318744672424896
5.93	0.019273733343241242
5.9350000000000005	0.019228737078016537
5.94	0.019183755590915178
5.945	0.019138788594935698
5.95	0.01909383580188779
5.955	0.019048896922377465
5.96	0.019003971665785636
5.965	0.018959059740249425
5.97	0.018914160852642223
5.975	0.018869274708552024
5.98	0.018824401012262217
5.985	0.018779539466730534
5.99	0.018734689773568673
5.995	0.01868985163301955
6.	0.018645024743936936
6.005	0.01860020880376163
6.01	0.01855540350850099
6.015	0.018510608552706555
6.02	0.018465823629447885
6.025	0.01842104843029425
6.03	0.0183762826452871
6.035	0.018331525962915644
6.04	0.018286778070097758
6.045	0.018242038652148795
6.05	0.01819730739275944
6.055	0.01815258397397246
6.0600000000000005	0.018107868076151806
6.065	0.018063159377960714
6.07	0.01801845755633421
6.075	0.017973762286449122
6.08	0.01792907324170168
6.085	0.017884390093674218
6.09	0.017839712512111937
6.095	0.017795040164890443
6.1	0.017750372717987458
6.105	0.01770570983545424
6.11	0.017661051179384466
6.115	0.017616396409884442
6.12	0.017571745185039855
6.125	0.01752709716088775
6.13	0.017482451991382184
6.135	0.01743780932835939
6.140000000000001	0.017393168821510607
6.145	0.017348530118340685
6.15	0.017303892864142946
6.155	0.017259256701955366
6.16	0.017214621272529484
6.165	0.01716998621429732
6.17	0.017125351163326273
6.175	0.017080715753293233
6.18	0.017036079615435844
6.1850000000000005	0.016991442378520027
6.1899999999999995	0.016946803668801292
6.195	0.01690216310998119
6.2	0.01685752032317016
6.205	0.016812874926844436
6.21	0.016768226536805243
6.215	0.016723574766135
6.22	0.016678919225155606
6.225	0.016634259521380014
6.23	0.016589595259474874
6.235	0.016544926041208028
6.24	0.01650025146540577
6.245	0.01645557112790055
6.25	0.016410884621490603
6.255	0.016366191535882795
6.26	0.016321491457647698
6.265000000000001	0.016276783970167907
6.27	0.016232068653583846
6.275	0.01618734508474323
6.28	0.016142612837145395
6.285	0.016097871480888898
6.29	0.016053120582614468
6.295	0.016008359705446878
6.3	0.015963588408938325
6.305	0.01591880624900947
6.3100000000000005	0.015874012777887855
6.3149999999999995	0.015829207544049092
6.32	0.015784390092151768
6.325	0.015739559962974898
6.33	0.015694716693351943
6.335	0.01564985981610768
6.34	0.015604988859985144
6.345	0.015560103349582598
6.35	0.015515202805279245
6.355	0.015470286743164906
6.36	0.015425354674967045
6.365	0.015380406107976592
6.37	0.015335440544971062
6.375	0.015290457484136826
6.38	0.015245456418991037
6.385	0.015200436838300005
6.390000000000001	0.015155398225995542
6.395	0.015110340061094105
6.4	0.015065261817607619
6.405	0.015020162964456919
6.41	0.014975042965382135
6.415	0.014929901278852402
6.42	0.014884737357969477
6.425	0.014839550650374579
6.43	0.014794340598152203
6.4350000000000005	0.014749106637726444
6.4399999999999995	0.01470384819976312
6.445	0.014658564709063874
6.45	0.014613255584460156
6.455	0.014567920238706396
6.46	0.014522558078366058
6.465	0.014477168503701785
6.47	0.014431750908555285
6.475	0.014386304680232734
6.48	0.014340829199381564
6.485	0.01429532383986613
6.49	0.014249787968642862
6.495	0.014204220945628265
6.5	0.01415862212356896
6.505	0.014112990847902346
6.51	0.014067326456621001
6.515000000000001	0.014021628280128332
6.52	0.013975895641095516
6.525	0.013930127854309695
6.53	0.013884324226522853
6.535	0.01383848405629562
6.54	0.013792606633838722
6.545	0.013746691240846015
6.55	0.013700737150329798
6.555	0.013654743626447769
6.5600000000000005	0.01360870992432638
6.5649999999999995	0.01356263528988173
6.57	0.013516518959633841
6.575	0.01347036016051734
6.58	0.013424158109687475
6.585	0.013377912014319033
6.59	0.013331621071406159
6.595	0.013285284467549027
6.6	0.013238901378739608
6.605	0.01319247097014375
6.61	0.013145992395871832
6.615	0.013099464798749105
6.62	0.01305288731007529
6.625	0.01300625904938292
6.63	0.012959579124183319
6.635	0.012912846629711
6.640000000000001	0.012866060648658093
6.645	0.012819220250902487
6.65	0.012772324493228984
6.655	0.012725372419042418
6.66	0.012678363058071164
6.665	0.012631295426067096
6.67	0.01258416852449102
6.675	0.012536981340193447
6.68	0.012489732845087299
6.6850000000000005	0.012442421995805112
6.6899999999999995	0.012395047733353563
6.695	0.012347608982754443
6.7	0.012300104652674407
6.705	0.012252533635046739
6.71	0.012204894804679503
6.715	0.01215718701885353
6.72	0.012109409116907553
6.725	0.012061559919811272
6.73	0.012013638229725666
6.735	0.011965642829549579
6.74	0.011917572482453355
6.745	0.011869425931395821
6.75	0.011821201898628975
6.755	0.011772899085185614
6.76	0.011724516170351088
6.765000000000001	0.011676051811118625
6.77	0.011627504641627567
6.775	0.011578873272581298
6.78	0.011530156290650344
6.785	0.01148135225785189
6.79	0.011432459710911906
6.795	0.011383477160604071
6.8	0.011334403091068562
6.805	0.011285235959106226
6.8100000000000005	0.011235974193449776
6.8149999999999995	0.011186616194010601
6.82	0.01113716033109807
6.825	0.011087604944613201
6.83	0.0110379483432148
6.835	0.010988188803453735
6.84	0.010938324568879235
6.845	0.010888353849112225
6.85	0.010838274818884133
6.855	0.010788085617043476
6.86	0.010737784345523537
6.865	0.010687369068273443
6.87	0.010636837810149085
6.875	0.010586188555763041
6.88	0.010535419248289074
6.885	0.010484527788224124
6.890000000000001	0.010433512032100837
6.895	0.01038236979114878
6.9	0.010331098829908306
6.905	0.010279696864782866
6.91	0.010228161562540186
6.915	0.010176490538748974
6.92	0.010124681356154673
6.925	0.010072731522986786
6.93	0.01002063849120003
6.9350000000000005	0.00996839965463741
6.9399999999999995	0.009916012347120475
6.945	0.009863473840456138
6.95	0.009810781342359826
6.955	0.00975793199428718
6.96	0.009704922869172659
6.965	0.00965175096906877
6.97	0.009598413222679203
6.975	0.009544906482781867
6.98	0.009491227523534226
6.985	0.009437373037658105
6.99	0.00938333963349045
6.995	0.009329123831898425
7.	0.009274722063049027
7.005	0.009220130663023032
7.01	0.009165345870266869
7.015000000000001	0.00911036382187248
7.02	0.009055180549670097
7.025	0.008999791976131655
7.03	0.00894419391006264
7.035	0.008888382042079208
7.04	0.008832351939848151
7.045	0.0087760990430824
7.05	0.008719618658271592
7.055	0.008662905953127199
7.0600000000000005	0.008605955950737727
7.0649999999999995	0.00854876352339441
7.07	0.008491323386082538
7.075	0.00843363008960405
7.08	0.00837567801331553
7.085	0.008317461357441585
7.09	0.008258974134952976
7.095	0.008200210162954772
7.1	0.008141163053567164
7.105	0.00808182620425772
7.11	0.00802219278757313
7.115	0.007962255740240712
7.12	0.007902007751582112
7.125	0.007841441251183837
7.13	0.00778054839577423
7.135	0.0077193210552356905
7.140000000000001	0.00765775079768398
7.145	0.007595828873539958
7.15	0.007533546198505175
7.155	0.007470893335354785
7.16	0.007407860474431329
7.165	0.007344437412747225
7.17	0.007280613531551066
7.175	0.007216377772226975
7.18	0.007151718610377455
7.1850000000000005	0.007086624027908091
7.1899999999999995	0.007021081482941806
7.195	0.006955077877322314
7.2	0.00688859952150719
7.205	0.0068216320965467
7.21	0.006754160612885662
7.215	0.00668616936563255
7.220000000000001	0.006617641885930886
7.225	0.0065485608880046274
7.23	0.006478908211396545
7.234999999999999	0.0064086647578753125
7.24	0.006337810422358568
7.245	0.0062663240171909025
7.25	0.006194183188934786
7.255	0.006121364326791564
7.26	0.006047842461564534
7.265000000000001	0.005973591153965463
7.27	0.005898582370853161
7.275	0.005822786347777643
7.28	0.0057461714359192005
7.285	0.005668703931212628
7.29	0.005590347883054916
7.295	0.005511064879550903
7.300000000000001	0.0054308138056468796
7.305	0.005349550569888259
7.3100000000000005	0.005267227794672221
7.3149999999999995	0.0051837944638266934
7.32	0.005099195520180013
7.325	0.0050133714040638145
7.33	0.004926257521927029
7.335	0.004837783631560119
7.34	0.004747873127458578
7.345000000000001	0.004656442205735853
7.35	0.004563398882790656
7.355	0.004468641835219439
7.359999999999999	0.004372059019492635
7.365	0.004273526018061567
7.37	0.004172904042585802
7.375	0.004070037503280214
7.38	0.003964751023245139
7.385	0.003856845734745007
7.390000000000001	0.00374609463436739
7.395	0.0036322366873994217
7.4	0.003514969243499474
7.405	0.0033939381322261523
7.41	0.0032687245074408183
7.415	0.0031388270332533773
7.42	0.0030036372219659577
7.425000000000001	0.0028624044036938763
7.43	0.0027141844454892264
7.4350000000000005	0.0025577619341114704
7.4399999999999995	0.0023915268257314
7.445	0.0022132680420950397
7.45	0.0020198033602838858
7.455	0.0018062519308398226
7.46	0.0015644077563829852
7.465	0.0012783103433673928
7.470000000000001	0.0009070050271748328
7.475	0.00011449438832728701
7.48	0.
7.484999999999999	0.
7.49	0.
7.495	0.
7.5	0.
7.505	0.
7.51	0.
7.515000000000001	0.
7.52	0.
7.525	0.
7.53	0.
7.535	0.
7.54	0.
7.545	0.
7.550000000000001	0.
7.555	0.
7.5600000000000005	0.
7.5649999999999995	0.
7.57	0.
7.575	0.
7.58	0.
7.585	0.
7.59	0.
7.595000000000001	0.
7.6	0.
7.605	0.
7.609999999999999	0.
7.615	0.
7.62	0.
7.625	0.
7.63	0.
7.635	0.
7.640000000000001	0.
7.645	0.
7.65	0.
7.655	0.
7.66	0.
7.665	0.
7.67	0.
7.675000000000001	0.
7.68	0.
7.685	0.
7.6899999999999995	0.
7.694999999999999	0.
7.699999999999999	0.
7.704999999999999	0.
7.71	0.
7.715	0.
7.72	0.
7.725	0.
7.7299999999999995	0.
7.734999999999999	0.
7.739999999999999	0.
7.744999999999999	0.
7.75	0.
7.755	0.
7.76	0.
7.765	0.
7.77	0.
7.7749999999999995	0.
7.779999999999999	0.
7.784999999999999	0.
7.79	0.
7.795	0.
7.8	0.
7.805	0.
7.81	0.
7.8149999999999995	0.
7.819999999999999	0.
7.824999999999999	0.
7.829999999999999	0.
7.835	0.
7.84	0.
7.845	0.
7.85	0.
7.8549999999999995	0.
7.859999999999999	0.
7.864999999999999	0.
7.869999999999999	0.
7.875	0.
7.88	0.
7.885	0.
7.89	0.
7.895	0.
7.8999999999999995	0.
7.904999999999999	0.
7.909999999999999	0.
7.915	0.
7.92	0.
7.925	0.
7.93	0.
7.935	0.
7.9399999999999995	0.
7.944999999999999	0.
7.949999999999999	0.
7.955	0.
7.96	0.
7.965	0.
7.97	0.
7.975	0.
7.9799999999999995	0.
7.984999999999999	0.
7.989999999999999	0.
7.994999999999999	0.
8.	0.
8.004999999999999	0.
8.01	0.
8.014999999999999	0.
8.02	0.
8.025	0.
8.03	0.
8.035	0.
8.04	0.
8.045	0.
8.049999999999999	0.
8.055	0.
8.059999999999999	0.
8.065	0.
8.07	0.
8.075	0.
8.08	0.
8.084999999999999	0.
8.09	0.
8.094999999999999	0.
8.1	0.
8.105	0.
8.11	0.
8.115	0.
8.12	0.
8.125	0.
8.129999999999999	0.
8.135	0.
8.139999999999999	0.
8.145	0.
8.15	0.
8.155	0.
8.16	0.
8.165	0.
8.17	0.
8.174999999999999	0.
8.18	0.
8.184999999999999	0.
8.19	0.
8.195	0.
8.2	0.
8.205	0.
8.209999999999999	0.
8.215	0.
8.219999999999999	0.
8.225	0.
8.23	0.
8.235	0.
8.24	0.
8.245	0.
8.25	0.
8.254999999999999	0.
8.26	0.
8.264999999999999	0.
8.27	0.
8.275	0.
8.28	0.
8.285	0.
8.29	0.
8.295	0.
8.299999999999999	0.
8.305	0.
8.309999999999999	0.
8.315	0.
8.32	0.
8.325	0.
8.33	0.
8.334999999999999	0.
8.34	0.
8.344999999999999	0.
8.35	0.
8.355	0.
8.36	0.
8.365	0.
8.37	0.
8.375	0.
8.379999999999999	0.
8.385	0.
8.389999999999999	0.
8.395	0.
8.4	0.
8.405	0.
8.41	0.
8.415	0.
8.42	0.
8.424999999999999	0.
8.43	0.
8.434999999999999	0.
8.44	0.
8.445	0.
8.45	0.
8.455	0.
8.459999999999999	0.
8.465	0.
8.469999999999999	0.
8.475	0.
8.48	0.
8.485	0.
8.49	0.
8.495	0.
8.5	0.
8.504999999999999	0.
8.51	0.
8.515	0.
8.52	0.
8.525	0.
8.53	0.
8.535	0.
8.54	0.
8.545	0.
8.549999999999999	0.
8.555	0.
8.559999999999999	0.
8.565	0.
8.57	0.
8.575	0.
8.58	0.
8.584999999999999	0.
8.59	0.
8.594999999999999	0.
8.6	0.
8.605	0.
8.61	0.
8.615	0.
8.62	0.
8.625	0.
8.629999999999999	0.
8.635	0.
8.64	0.
8.645	0.
8.65	0.
8.655	0.
8.66	0.
8.665	0.
8.67	0.
8.674999999999999	0.
8.68	0.
8.684999999999999	0.
8.69	0.
8.695	0.
8.7	0.
8.705	0.
8.709999999999999	0.
8.715	0.
8.719999999999999	0.
8.725	0.
8.73	0.
8.735	0.
8.74	0.
8.745	0.
8.75	0.
8.754999999999999	0.
8.76	0.
8.765	0.
8.77	0.
8.775	0.
8.78	0.
8.785	0.
8.79	0.
8.795	0.
8.799999999999999	0.
8.805	0.
8.809999999999999	0.
8.815	0.
8.82	0.
8.825	0.
8.83	0.
8.834999999999999	0.
8.84	0.
8.844999999999999	0.
8.85	0.
8.855	0.
8.86	0.
8.865	0.
8.87	0.
8.875	0.
8.879999999999999	0.
8.885	0.
8.89	0.
8.895	0.
8.9	0.
8.905	0.
8.91	0.
8.915	0.
8.92	0.
8.924999999999999	0.
8.93	0.
8.934999999999999	0.
8.94	0.
8.945	0.
8.95	0.
8.955	0.
8.959999999999999	0.
8.965	0.
8.969999999999999	0.
8.975	0.
8.98	0.
8.985	0.
8.99	0.
8.995	0.
9.	0.
9.004999999999999	0.
9.01	0.
9.015	0.
9.02	0.
9.025	0.
9.03	0.
9.035	0.
9.04	0.
9.045	0.
9.049999999999999	0.
9.055	0.
9.059999999999999	0.
9.065	0.
9.07	0.
9.075	0.
9.08	0.
9.084999999999999	0.
9.09	0.
9.094999999999999	0.
9.1	0.
9.105	0.
9.11	0.
9.115	0.
9.12	0.
9.125	0.
9.129999999999999	0.
9.135	0.
9.14	0.
9.145	0.
9.15	0.
9.155	0.
9.16	0.
9.165	0.
9.17	0.
9.174999999999999	0.
9.18	0.
9.184999999999999	0.
9.19	0.
9.195	0.
9.2	0.
9.205	0.
9.209999999999999	0.
9.215	0.
9.219999999999999	0.
9.225	0.
9.23	0.
9.235	0.
9.24	0.
9.245	0.
9.25	0.
9.254999999999999	0.
9.26	0.
9.265	0.
9.27	0.
9.275	0.
9.28	0.
9.285	0.
9.29	0.
9.295	0.
9.299999999999999	0.
9.305	0.
9.309999999999999	0.
9.315	0.
9.32	0.
9.325	0.
9.33	0.
9.334999999999999	0.
9.34	0.
9.344999999999999	0.
9.35	0.
9.355	0.
9.36	0.
9.365	0.
9.37	0.
9.375	0.
9.379999999999999	0.
9.385	0.
9.39	0.
9.395	0.
9.4	0.
9.405	0.
9.41	0.
9.415	0.
9.42	0.
9.424999999999999	0.
9.43	0.
9.434999999999999	0.
9.44	0.
9.445	0.
9.45	0.
9.455	0.
9.459999999999999	0.
9.465	0.
9.469999999999999	0.
9.475	0.
9.48	0.
9.485	0.
9.49	0.
9.495	0.
9.5	0.
9.504999999999999	0.
9.51	0.
9.515	0.
9.52	0.
9.525	0.
9.53	0.
9.535	0.
9.54	0.
9.545	0.
9.549999999999999	0.
9.555	0.
9.559999999999999	0.
9.565	0.
9.57	0.
9.575	0.
9.58	0.
9.584999999999999	0.
9.59	0.
9.594999999999999	0.
9.6	0.
9.605	0.
9.61	0.
9.615	0.
9.62	0.
9.625	0.
9.629999999999999	0.
9.635	0.
9.64	0.
9.645	0.
9.65	0.
9.655	0.
9.66	0.
9.665	0.
9.67	0.
9.674999999999999	0.
9.68	0.
9.684999999999999	0.
9.69	0.
9.695	0.
9.7	0.
9.705	0.
9.709999999999999	0.
9.715	0.
9.719999999999999	0.
9.725	0.
9.73	0.
9.735	0.
9.74	0.
9.745	0.
9.75	0.
9.754999999999999	0.
9.76	0.
9.765	0.
9.77	0.
9.774999999999999	0.
9.78	0.
9.785	0.
9.79	0.
9.795	0.
9.8	0.
9.805	0.
9.809999999999999	0.
9.815	0.
9.82	0.
9.825	0.
9.83	0.
9.834999999999999	0.
9.84	0.
9.844999999999999	0.
9.85	0.
9.855	0.
9.86	0.
9.865	0.
9.87	0.
9.875	0.
9.879999999999999	0.
9.885	0.
9.89	0.
9.895	0.
9.899999999999999	0.
9.905	0.
9.91	0.
9.915	0.
9.92	0.
9.925	0.
9.93	0.
9.934999999999999	0.
9.94	0.
9.945	0.
9.95	0.
9.955	0.
9.959999999999999	0.
9.965	0.
9.969999999999999	0.
9.975	0.
9.98	0.
9.985	0.
9.99	0.
9.995	0.
10.	0.
10.004999999999999	0.
10.01	0.
10.015	0.
10.02	0.
10.024999999999999	0.
10.03	0.
10.035	0.
10.04	0.
10.045	0.
10.05	0.
10.055	0.
10.059999999999999	0.
10.065	0.
10.07	0.
10.075	0.
10.08	0.
10.084999999999999	0.
10.09	0.
10.094999999999999	0.
10.1	0.
10.105	0.
10.11	0.
10.115	0.
10.12	0.
10.125	0.
10.129999999999999	0.
10.135	0.
10.14	0.
10.145	0.
10.149999999999999	0.
10.155	0.
10.16	0.
10.165	0.
10.17	0.
10.175	0.
10.18	0.
10.184999999999999	0.
10.19	0.
10.195	0.
10.2	0.
10.205	0.
10.209999999999999	0.
10.215	0.
10.219999999999999	0.
10.225	0.
10.23	0.
10.235	0.
10.24	0.
10.245000000000001	0.
10.250000000000002	0.
10.255	0.
10.260000000000002	0.
10.265	0.
10.270000000000001	0.
10.275	0.
10.280000000000001	0.
10.285	0.
10.290000000000001	0.
10.295000000000002	0.
10.3	0.
10.305000000000001	0.
10.31	0.
10.315000000000001	0.
10.32	0.
10.325000000000001	0.
10.330000000000002	0.
10.335	0.
10.340000000000002	0.
10.345	0.
10.350000000000001	0.
10.355	0.
10.360000000000001	0.
10.365	0.
10.370000000000001	0.
10.375000000000002	0.
10.38	0.
10.385000000000002	0.
10.39	0.
10.395000000000001	0.
10.4	0.
10.405000000000001	0.
10.41	0.
10.415000000000001	0.
10.420000000000002	0.
10.425	0.
10.430000000000001	0.
10.435	0.
10.440000000000001	0.
10.445	0.
10.450000000000001	0.
10.455000000000002	0.
10.46	0.
10.465000000000002	0.
10.47	0.
10.475000000000001	0.
10.48	0.
10.485000000000001	0.
10.49	0.
10.495000000000001	0.
10.500000000000002	0.
10.505	0.
10.510000000000002	0.
10.515	0.
10.520000000000001	0.
10.525	0.
10.530000000000001	0.
10.535	0.
10.540000000000001	0.
10.545000000000002	0.
10.55	0.
10.555000000000001	0.
10.56	0.
10.565000000000001	0.
10.57	0.
10.575000000000001	0.
10.580000000000002	0.
10.585	0.
10.590000000000002	0.
10.595	0.
10.600000000000001	0.
10.605	0.
10.610000000000001	0.
10.615	0.
10.620000000000001	0.
10.625000000000002	0.
10.63	0.
10.635000000000002	0.
10.64	0.
10.645000000000001	0.
10.65	0.
10.655000000000001	0.
10.66	0.
10.665000000000001	0.
10.670000000000002	0.
10.675	0.
10.680000000000001	0.
10.685	0.
10.690000000000001	0.
10.695	0.
10.700000000000001	0.
10.705000000000002	0.
10.71	0.
10.715000000000002	0.
10.72	0.
10.725000000000001	0.
10.73	0.
10.735000000000001	0.
10.74	0.
10.745000000000001	0.
10.750000000000002	0.
10.755	0.
10.760000000000002	0.
10.765	0.
10.770000000000001	0.
10.775	0.
10.780000000000001	0.
10.785	0.
10.790000000000001	0.
10.795000000000002	0.
10.8	0.
10.805000000000001	0.
10.81	0.
10.815000000000001	0.
10.82	0.
10.825000000000001	0.
10.830000000000002	0.
10.835	0.
10.840000000000002	0.
10.845	0.
10.850000000000001	0.
10.855	0.
10.860000000000001	0.
10.865	0.
10.870000000000001	0.
10.875000000000002	0.
10.88	0.
10.885000000000002	0.
10.89	0.
10.895000000000001	0.
10.9	0.
10.905000000000001	0.
10.91	0.
10.915000000000001	0.
10.920000000000002	0.
10.925	0.
10.930000000000001	0.
10.935	0.
10.940000000000001	0.
10.945	0.
10.950000000000001	0.
10.955000000000002	0.
10.96	0.
10.965000000000002	0.
10.97	0.
10.975000000000001	0.
10.98	0.
10.985000000000001	0.
10.99	0.
10.995000000000001	0.
11.000000000000002	0.
11.005	0.
11.010000000000002	0.
11.015	0.
11.020000000000001	0.
11.025	0.
11.030000000000001	0.
11.035	0.
11.040000000000001	0.
11.045000000000002	0.
11.05	0.
11.055000000000001	0.
11.06	0.
11.065000000000001	0.
11.07	0.
11.075000000000001	0.
11.080000000000002	0.
11.085	0.
11.090000000000002	0.
11.095	0.
11.100000000000001	0.
11.105	0.
11.110000000000001	0.
11.115	0.
11.120000000000001	0.
11.125000000000002	0.
11.13	0.
11.135000000000002	0.
11.14	0.
11.145000000000001	0.
11.15	0.
11.155000000000001	0.
11.16	0.
11.165000000000001	0.
11.170000000000002	0.
11.175	0.
11.180000000000001	0.
11.185	0.
11.190000000000001	0.
11.195	0.
11.200000000000001	0.
11.205000000000002	0.
11.21	0.
11.215000000000002	0.
11.22	0.
11.225000000000001	0.
11.23	0.
11.235000000000001	0.
11.24	0.
11.245000000000001	0.
11.250000000000002	0.
11.255	0.
11.260000000000002	0.
11.265	0.
11.270000000000001	0.
11.275	0.
11.280000000000001	0.
11.285	0.
11.290000000000001	0.
11.295000000000002	0.
11.3	0.
11.305000000000001	0.
11.31	0.
11.315000000000001	0.
11.32	0.
11.325000000000001	0.
11.330000000000002	0.
11.335	0.
11.340000000000002	0.
11.345	0.
11.350000000000001	0.
11.355	0.
11.360000000000001	0.
11.365000000000002	0.
11.370000000000001	0.
11.375000000000002	0.
11.38	0.
11.385000000000002	0.
11.39	0.
11.395000000000001	0.
11.4	0.
11.405000000000001	0.
11.41	0.
11.415000000000001	0.
11.420000000000002	0.
11.425	0.
11.430000000000001	0.
11.435	0.
11.440000000000001	0.
11.445	0.
11.450000000000001	0.
11.455000000000002	0.
11.46	0.
11.465000000000002	0.
11.47	0.
11.475000000000001	0.
11.48	0.
11.485000000000001	0.
11.490000000000002	0.
11.495000000000001	0.
11.500000000000002	0.
11.505	0.
11.510000000000002	0.
11.515	0.
11.520000000000001	0.
11.525	0.
11.530000000000001	0.
11.535	0.
11.540000000000001	0.
11.545000000000002	0.
11.55	0.
11.555000000000001	0.
11.56	0.
11.565000000000001	0.
11.57	0.
11.575000000000001	0.
11.580000000000002	0.
11.585	0.
11.590000000000002	0.
11.595	0.
11.600000000000001	0.
11.605	0.
11.610000000000001	0.
11.615000000000002	0.
11.620000000000001	0.
11.625000000000002	0.
11.63	0.
11.635000000000002	0.
11.64	0.
11.645000000000001	0.
11.65	0.
11.655000000000001	0.
11.66	0.
11.665000000000001	0.
11.670000000000002	0.
11.675	0.
11.680000000000001	0.
11.685	0.
11.690000000000001	0.
11.695	0.
11.700000000000001	0.
11.705000000000002	0.
11.71	0.
11.715000000000002	0.
11.72	0.
11.725000000000001	0.
11.73	0.
11.735000000000001	0.
11.740000000000002	0.
11.745000000000001	0.
11.750000000000002	0.
11.755	0.
11.760000000000002	0.
11.765	0.
11.770000000000001	0.
11.775	0.
11.780000000000001	0.
11.785	0.
11.790000000000001	0.
11.795000000000002	0.
11.8	0.
11.805000000000001	0.
11.81	0.
11.815000000000001	0.
11.82	0.
11.825000000000001	0.
11.830000000000002	0.
11.835	0.
11.840000000000002	0.
11.845	0.
11.850000000000001	0.
11.855	0.
11.860000000000001	0.
11.865000000000002	0.
11.870000000000001	0.
11.875000000000002	0.
11.88	0.
11.885000000000002	0.
11.89	0.
11.895000000000001	0.
11.9	0.
11.905000000000001	0.
11.91	0.
11.915000000000001	0.
11.920000000000002	0.
11.925	0.
11.930000000000001	0.
11.935	0.
11.940000000000001	0.
11.945	0.
11.950000000000001	0.
11.955000000000002	0.
11.96	0.
11.965000000000002	0.
11.97	0.
11.975000000000001	0.
11.98	0.
11.985000000000001	0.
11.990000000000002	0.
11.995000000000001	0.
12.000000000000002	0.
12.005	0.
12.010000000000002	0.
12.015	0.
12.020000000000001	0.
12.025	0.
12.030000000000001	0.
12.035	0.
12.040000000000001	0.
12.045000000000002	0.
12.05	0.
12.055000000000001	0.
12.06	0.
12.065000000000001	0.
12.07	0.
12.075000000000001	0.
12.080000000000002	0.
12.085	0.
12.090000000000002	0.
12.095	0.
12.100000000000001	0.
12.105	0.
12.110000000000001	0.
12.115000000000002	0.
12.120000000000001	0.
12.125000000000002	0.
12.13	0.
12.135000000000002	0.
12.14	0.
12.145000000000001	0.
12.15	0.
12.155000000000001	0.
12.16	0.
12.165000000000001	0.
12.170000000000002	0.
12.175	0.
12.180000000000001	0.
12.185	0.
12.190000000000001	0.
12.195	0.
12.200000000000001	0.
12.205000000000002	0.
12.21	0.
12.215000000000002	0.
12.22	0.
12.225000000000001	0.
12.23	0.
12.235000000000001	0.
12.240000000000002	0.
12.245000000000001	0.
12.25	0.
12.255	0.
12.260000000000002	0.
12.265	0.
12.270000000000001	0.
12.275000000000002	0.
12.280000000000001	0.
12.285	0.
12.290000000000001	0.
12.295000000000002	0.
12.3	0.
12.305000000000001	0.
12.31	0.
12.315000000000001	0.
12.32	0.
12.325000000000001	0.
12.330000000000002	0.
12.335	0.
12.340000000000002	0.
12.345	0.
12.350000000000001	0.
12.355	0.
12.360000000000001	0.
12.365000000000002	0.
12.370000000000001	0.
12.375	0.
12.38	0.
12.385000000000002	0.
12.39	0.
12.395000000000001	0.
12.400000000000002	0.
12.405000000000001	0.
12.41	0.
12.415000000000001	0.
12.420000000000002	0.
12.425	0.
12.430000000000001	0.
12.435	0.
12.440000000000001	0.
12.445	0.
12.450000000000001	0.
12.455000000000002	0.
12.46	0.
12.465000000000002	0.
12.47	0.
12.475000000000001	0.
12.48	0.
12.485000000000001	0.
12.490000000000002	0.
12.495000000000001	0.
12.5	0.
12.505	0.
12.510000000000002	0.
12.515	0.
12.520000000000001	0.
12.525000000000002	0.
12.530000000000001	0.
12.535	0.
12.540000000000001	0.
12.545000000000002	0.
12.55	0.
12.555000000000001	0.
12.56	0.
12.565000000000001	0.
12.57	0.
12.575000000000001	0.
12.580000000000002	0.
12.585	0.
12.590000000000002	0.
12.595	0.
12.600000000000001	0.
12.605	0.
12.610000000000001	0.
12.615000000000002	0.
12.620000000000001	0.
12.625	0.
12.63	0.
12.635000000000002	0.
12.64	0.
12.645000000000001	0.
12.650000000000002	0.
12.655000000000001	0.
12.66	0.
12.665000000000001	0.
12.670000000000002	0.
12.675	0.
12.680000000000001	0.
12.685	0.
12.690000000000001	0.
12.695	0.
12.700000000000001	0.
12.705000000000002	0.
12.71	0.
12.715000000000002	0.
12.72	0.
12.725000000000001	0.
12.73	0.
12.735000000000001	0.
12.740000000000002	0.
12.745000000000001	0.
12.75	0.
12.755	0.
12.760000000000002	0.
12.765	0.
12.770000000000001	0.
12.775000000000002	0.
12.780000000000001	0.
12.785	0.
12.790000000000001	0.
12.795000000000002	0.
12.8	0.
12.805000000000001	0.
12.810000000000002	0.
12.815000000000001	0.
12.820000000000002	0.
12.825000000000001	0.
12.830000000000002	0.
12.835	0.
12.840000000000002	0.
12.845	0.
12.850000000000001	0.
12.855000000000002	0.
12.860000000000001	0.
12.865000000000002	0.
12.870000000000001	0.
12.875000000000002	0.
12.88	0.
12.885000000000002	0.
12.890000000000002	0.
12.895000000000001	0.
12.900000000000002	0.
12.905000000000001	0.
12.910000000000002	0.
12.915000000000001	0.
12.920000000000002	0.
12.925	0.
12.930000000000001	0.
12.935000000000002	0.
12.940000000000001	0.
12.945000000000002	0.
12.950000000000001	0.
12.955000000000002	0.
12.96	0.
12.965000000000002	0.
12.97	0.
12.975000000000001	0.
12.980000000000002	0.
12.985000000000001	0.
12.990000000000002	0.
12.995000000000001	0.
13.000000000000002	0.
13.005	0.
13.010000000000002	0.
13.015000000000002	0.
13.020000000000001	0.
13.025000000000002	0.
13.030000000000001	0.
13.035000000000002	0.
13.040000000000001	0.
13.045000000000002	0.
13.05	0.
13.055000000000001	0.
13.060000000000002	0.
13.065000000000001	0.
13.070000000000002	0.
13.075000000000001	0.
13.080000000000002	0.
13.085	0.
13.090000000000002	0.
13.095	0.
13.100000000000001	0.
13.105000000000002	0.
13.110000000000001	0.
13.115000000000002	0.
13.120000000000001	0.
13.125000000000002	0.
13.13	0.
13.135000000000002	0.
13.140000000000002	0.
13.145000000000001	0.
13.150000000000002	0.
13.155000000000001	0.
13.160000000000002	0.
13.165000000000001	0.
13.170000000000002	0.
13.175	0.
13.180000000000001	0.
13.185000000000002	0.
13.190000000000001	0.
13.195000000000002	0.
13.200000000000001	0.
13.205000000000002	0.
13.21	0.
13.215000000000002	0.
13.220000000000002	0.
13.225000000000001	0.
13.230000000000002	0.
13.235000000000001	0.
13.240000000000002	0.
13.245000000000001	0.
13.250000000000002	0.
13.255	0.
13.260000000000002	0.
13.265000000000002	0.
13.270000000000001	0.
13.275000000000002	0.
13.280000000000001	0.
13.285000000000002	0.
13.290000000000001	0.
13.295000000000002	0.
13.3	0.
13.305000000000001	0.
13.310000000000002	0.
13.315000000000001	0.
13.320000000000002	0.
13.325000000000001	0.
13.330000000000002	0.
13.335	0.
13.340000000000002	0.
13.345000000000002	0.
13.350000000000001	0.
13.355000000000002	0.
13.360000000000001	0.
13.365000000000002	0.
13.370000000000001	0.
13.375000000000002	0.
13.38	0.
13.385000000000002	0.
13.39	0.
13.395000000000001	0.
13.400000000000002	0.
13.405000000000001	0.
13.410000000000002	0.
13.415000000000001	0.
13.420000000000002	0.
13.425	0.
13.430000000000001	0.
13.435000000000002	0.
13.440000000000001	0.
13.445000000000002	0.
13.450000000000001	0.
13.455000000000002	0.
13.46	0.
13.465000000000002	0.
13.470000000000002	0.
13.475000000000001	0.
13.480000000000002	0.
13.485000000000001	0.
13.490000000000002	0.
13.495000000000001	0.
13.500000000000002	0.
13.505	0.
13.510000000000002	0.
13.515	0.
13.520000000000001	0.
13.525000000000002	0.
13.530000000000001	0.
13.535000000000002	0.
13.540000000000001	0.
13.545000000000002	0.
13.55	0.
13.555000000000001	0.
13.560000000000002	0.
13.565000000000001	0.
13.570000000000002	0.
13.575000000000001	0.
13.580000000000002	0.
13.585	0.
13.590000000000002	0.
13.595000000000002	0.
13.600000000000001	0.
13.605000000000002	0.
13.610000000000001	0.
13.615000000000002	0.
13.620000000000001	0.
13.625000000000002	0.
13.63	0.
13.635000000000002	0.
13.64	0.
13.645000000000001	0.
13.650000000000002	0.
13.655000000000001	0.
13.660000000000002	0.
13.665000000000001	0.
13.670000000000002	0.
13.675	0.
13.680000000000001	0.
13.685000000000002	0.
13.690000000000001	0.
13.695000000000002	0.
13.700000000000001	0.
13.705000000000002	0.
13.71	0.
13.715000000000002	0.
13.720000000000002	0.
13.725000000000001	0.
13.730000000000002	0.
13.735000000000001	0.
13.740000000000002	0.
13.745000000000001	0.
13.750000000000002	0.
13.755	0.
13.760000000000002	0.
13.765	0.
13.770000000000001	0.
13.775000000000002	0.
13.780000000000001	0.
13.785000000000002	0.
13.790000000000001	0.
13.795000000000002	0.
13.8	0.
13.805000000000001	0.
13.810000000000002	0.
13.815000000000001	0.
13.820000000000002	0.
13.825000000000001	0.
13.830000000000002	0.
13.835	0.
13.840000000000002	0.
13.845000000000002	0.
13.850000000000001	0.
13.855000000000002	0.
13.860000000000001	0.
13.865000000000002	0.
13.870000000000001	0.
13.875000000000002	0.
13.88	0.
13.885000000000002	0.
13.89	0.
13.895000000000001	0.
13.900000000000002	0.
13.905000000000001	0.
13.910000000000002	0.
13.915000000000001	0.
13.920000000000002	0.
13.925	0.
13.930000000000001	0.
13.935000000000002	0.
13.940000000000001	0.
13.945000000000002	0.
13.950000000000001	0.
13.955000000000002	0.
13.96	0.
13.965000000000002	0.
13.970000000000002	0.
13.975000000000001	0.
13.980000000000002	0.
13.985000000000001	0.
13.990000000000002	0.
13.995000000000001	0.
14.	0.