0.005	0.
0.01	0.
0.015	0.
0.02	0.
0.025	0.
0.030000000000000002	0.
0.034999999999999996	0.
0.04	0.
0.045	0.
0.049999999999999996	0.
0.055	0.
0.06	0.
0.065	0.
0.07	0.
0.07500000000000001	0.
0.08	0.
0.085	0.
0.09000000000000001	0.
0.095	0.
0.1	0.
0.10500000000000001	0.
0.11	0.
0.115	0.
0.12000000000000001	0.
0.125	0.
0.13	0.
0.135	0.
0.14	0.
0.14500000000000002	0.
0.15	0.
0.155	0.
0.16	0.
0.165	0.
0.17	0.
0.17500000000000002	0.06329842534029463
0.18000000000000002	0.09645603518328734
0.185	0.11840954166891417
0.19	0.13500450631912603
0.195	0.1482533561118617
0.2	0.15915591989121292
0.20500000000000002	0.16830174939654224
0.21000000000000002	0.17607561190339946
0.215	0.18274609195629926
0.22	0.18850983577100425
0.225	0.1935160219402913
0.23	0.19788095890506446
0.23500000000000001	0.2016973159598465
0.24000000000000002	0.20504023784980707
0.245	0.20797155083057026
0.25	0.21054274775843987
0.255	0.21279716304529853
0.26	0.21477159317589256
0.265	0.21649752757072588
0.27	0.21800209922501532
0.275	0.2193088297276981
0.28	0.22043822070476726
0.28500000000000003	0.22140822874177987
0.29000000000000004	0.22223465065407977
0.295	0.22293143890478012
0.3	0.2235109619797156
0.305	0.2239842209402716
0.31	0.22436103076525965
0.315	0.22465017315516325
0.32	0.22485952603114848
0.325	0.22499617386200332
0.33	0.225066502118296
0.335	0.22507627850179424
0.34	0.22503072309784036
0.34500000000000003	0.22493456919640975
0.35000000000000003	0.22479211621915413
0.35500000000000004	0.22460727593280233
0.36	0.22438361293210082
0.365	0.22412438021003778
0.37	0.22383255050026632
0.375	0.2235108439704558
0.38	0.2231617527520621
0.385	0.22278756272198288
0.39	0.2223903728878051
0.395	0.22197211267835715
0.4	0.22153455739757721
0.405	0.22107934206499574
0.41000000000000003	0.22060797383392897
0.41500000000000004	0.22012184315409086
0.42000000000000004	0.21962223382330096
0.425	0.21911033205351288
0.43	0.21858723466042967
0.435	0.21805395647374443
0.44	0.21751143705126855
0.445	0.21696054677106508
0.45	0.21640209236668015
0.455	0.21583682196357087
0.46	0.21526542966613813
0.465	0.21468855974198212
0.47000000000000003	0.21410681044226723
0.47500000000000003	0.2135207374943057
0.48000000000000004	0.21293085729746053
0.485	0.2123376498513565
0.49	0.21174156144082965
0.495	0.21114300710084133
0.5	0.210542372881216
0.505	0.20994001792958988
0.51	0.20933627640874722
0.515	0.20873145926299322
0.52	0.20812585584702917
0.525	0.20751973542927035
0.53	0.2069133485799836
0.535	0.2063069284547016
0.54	0.20570069198107047
0.545	0.2050948409576202
0.55	0.2044895630715517
0.555	0.20388503284206638
0.56	0.20328141249572318
0.5650000000000001	0.20267885277829484
0.5700000000000001	0.20207749370949438
0.5750000000000001	0.20147746528380547
0.5800000000000001	0.20087888812236526
0.585	0.20028187407988005
0.59	0.19968652680867802
0.595	0.19909294228492125
0.6	0.19850120929911336
0.605	0.19791140991241532
0.61	0.197323619883531
0.615	0.19673790906645797
0.62	0.1961543417821024
0.625	0.19557297716542352
0.63	0.1949938694899426
0.635	0.1944170684710256
0.64	0.193842619549866
0.645	0.1932705641588068
0.65	0.19270093997041837
0.655	0.19213378112994264
0.66	0.19156911847376548
0.665	0.19100697973385705
0.67	0.19044738972940572
0.675	0.18989037054691052
0.68	0.18933594170871926
0.685	0.1887841203313958
0.6900000000000001	0.18823492127449276
0.6950000000000001	0.1876883572802393
0.7000000000000001	0.18714443910456288
0.7050000000000001	0.18660317564024695
0.71	0.18606457403320759
0.715	0.18552863979093354
0.72	0.18499537688511158
0.725	0.18446478784801998
0.73	0.18393687386302665
0.735	0.18341163485006579
0.74	0.18288906954572579
0.745	0.18236917557887375
0.75	0.18185194954208203
0.755	0.18133738705822833
0.76	0.1808254828440389
0.765	0.18031623076915995
0.77	0.17980962391263963
0.775	0.1793056546154851
0.78	0.17880431453040907
0.785	0.17830559466894733
0.79	0.1778094854455262
0.795	0.177315976719202
0.8	0.17682505783306213
0.805	0.1763367176512799
0.81	0.1758509445940052
0.8150000000000001	0.1753677266705057
0.8200000000000001	0.17488705151008288
0.8250000000000001	0.1744089063916439
0.8300000000000001	0.17393327827102345
0.8350000000000001	0.17346015380754343
0.84	0.17298951938823898
0.845	0.17252136115128003
0.85	0.17205566500786942
0.855	0.17159241666267838
0.86	0.17113160163373398
0.865	0.17067320527035992
0.87	0.17021721277081986
0.875	0.16976360919843114
0.88	0.16931237949695654
0.885	0.16886350850541512
0.89	0.16841698097133426
0.895	0.16797278156393297
0.9	0.16753089488614437
0.905	0.167091305485889
0.91	0.16665399786726903
0.915	0.1662189565002576
0.92	0.16578616583046255
0.925	0.16535561028806822
0.93	0.16492727429604365
0.935	0.16450114227852017
0.9400000000000001	0.16407719866787923
0.9450000000000001	0.163655427911895
0.9500000000000001	0.1632358144801125
0.9550000000000001	0.1628183428703492
0.9600000000000001	0.16240299761420782
0.965	0.16198976328277925
0.97	0.16157862449093893
0.975	0.16116956590344858
0.98	0.1607625722379133
0.985	0.16035762827020597
0.99	0.15995471883723747
0.995	0.15955382884150787
1.	0.15915494325393376
1.005	0.15875804711715868
1.01	0.15836312554774543
1.015	0.15797016374049813
1.02	0.15757914696975467
1.025	0.15719006059150925
1.0299999999999998	0.15680289004597356
1.035	0.15641762086019764
1.0399999999999998	0.15603423864826363
1.045	0.15565272911473446
1.0499999999999998	0.15527307805471732
1.055	0.15489527135620126
1.0599999999999998	0.15451929500070624
1.065	0.15414513506467706
1.0699999999999998	0.15377277772050227
1.075	0.15340220923740627
1.0799999999999998	0.1530334159819899
1.085	0.15266638441940808
1.0899999999999999	0.15230110111370318
1.095	0.15193755272816645
1.0999999999999999	0.15157572602614353
1.105	0.15121560787119107
1.1099999999999999	0.15085718522740169
1.115	0.15050044515972708
1.1199999999999999	0.15014537483389584
1.125	0.14979196151686056
1.13	0.1494401925765549
1.135	0.14909005548200324
1.14	0.14874153780332555
1.145	0.14839462721144508
1.15	0.14804931147815717
1.155	0.14770557847570714
1.16	0.1473634161767502
1.1649999999999998	0.14702281265395367
1.17	0.1466837560797261
1.1749999999999998	0.14634623472592978
1.18	0.14601023696344426
1.1849999999999998	0.1456757512617684
1.19	0.14534276618853356
1.1949999999999998	0.14501127040928527
1.2	0.14468125268671903
1.2049999999999998	0.14435270188039365
1.21	0.14402560694595956
1.2149999999999999	0.14369995693506804
1.22	0.14337574099430145
1.2249999999999999	0.14305294836494342
1.23	0.14273156838229673
1.2349999999999999	0.14241159047495405
1.24	0.1420930041644488
1.2449999999999999	0.14177579906450977
1.25	0.14145996488023782
1.255	0.14114549140772414
1.26	0.14083236853332723
1.265	0.14052058623296249
1.27	0.14021013457137105
1.275	0.1399010037017247
1.28	0.13959318386446903
1.285	0.13928666538719217
1.2899999999999998	0.1389814386835041
1.295	0.13867749425241463
1.2999999999999998	0.13837482267800885
1.305	0.13807341462818082
1.3099999999999998	0.13777326085431127
1.315	0.13747435219047505
1.3199999999999998	0.13717667955263213
1.325	0.1368802339381238
1.3299999999999998	0.13658500642474336
1.335	0.13629098817027824
1.3399999999999999	0.13599817041150442
1.345	0.13570654446377112
1.3499999999999999	0.13541610172010576
1.355	0.13512683365059247
1.3599999999999999	0.13483873180159672
1.365	0.13455178779526603
1.3699999999999999	0.13426599332853079
1.375	0.1339813401726881
1.38	0.13369782017244886
1.385	0.1334154252456152
1.39	0.13313414738200474
1.395	0.1328539786429597
1.4	0.13257491116070746
1.405	0.13229693713757495
1.41	0.1320200488453807
1.4149999999999998	0.1317442386248273
1.42	0.13146949888459536
1.4249999999999998	0.13119582210103212
1.43	0.13092320081725708
1.4349999999999998	0.13065162764253146
1.44	0.1303810952517297
1.4449999999999998	0.13011159638452377
1.45	0.12984312384502
1.4549999999999998	0.12957567050078347
1.46	0.12930922928245409
1.4649999999999999	0.12904379318309842
1.47	0.12877935525746614
1.4749999999999999	0.12851590862146225
1.48	0.1282534464516523
1.4849999999999999	0.1279919619843535
1.49	0.12773144851540238
1.4949999999999999	0.12747189939933976
1.5	0.12721330804876066
1.505	0.12695566793402227
1.51	0.126698972582328
1.515	0.12644321557745897
1.52	0.12618839055895453
1.525	0.12593449122171646
1.53	0.12568151131530797
1.535	0.12542944464366484
1.54	0.12517828506418385
1.545	0.12492802648753026
1.5499999999999998	0.12467866287682519
1.555	0.12443018824731805
1.5599999999999998	0.1241825966657311
1.565	0.12393588224979642
1.5699999999999998	0.12369003916771865
1.575	0.12344506163774634
1.5799999999999998	0.1232009439274683
1.585	0.12295768035356835
1.5899999999999999	0.12271526528115302
1.595	0.12247369312327183
1.5999999999999999	0.12223295834054493
1.605	0.12199305544055243
1.6099999999999999	0.12175397897744662
1.615	0.12151572355145111
1.6199999999999999	0.12127828380836976
1.625	0.12104165443915264
1.63	0.12080583017948443
1.635	0.12057080580923812
1.64	0.12033657615210869
1.645	0.12010313607509404
1.65	0.11987048048815772
1.655	0.11963860434370693
1.66	0.11940750263619755
1.665	0.11917717040172719
1.67	0.11894760271760078
1.6749999999999998	0.1187187947019149
1.68	0.11849074151308606
1.6849999999999998	0.11826343834961646
1.69	0.11803688044948006
1.6949999999999998	0.11781106308991544
1.7	0.1175859815868508
1.7049999999999998	0.11736163129466304
1.71	0.11713800760575774
1.7149999999999999	0.11691510595011348
1.72	0.11669292179504094
1.7249999999999999	0.11647145064454821
1.73	0.1162506880394253
1.7349999999999999	0.11603062955640127
1.74	0.11581127080802181
1.7449999999999999	0.11559260744238395
1.75	0.11537463514251238
1.755	0.11515734962623021
1.76	0.11494074664572626
1.765	0.1147248219872285
1.77	0.11450957147073561
1.775	0.11429499094952006
1.78	0.11408107630988648
1.785	0.1138678234709747
1.79	0.11365522838422588
1.795	0.11344328703308658
1.7999999999999998	0.11323199543294858
1.805	0.11302134963042808
1.8099999999999998	0.11281134570343147
1.815	0.11260197976059443
1.8199999999999998	0.11239324794115309
1.825	0.1121851464145586
1.8299999999999998	0.11197767138008705
1.835	0.11177081906674967
1.8399999999999999	0.11156458573292859
1.845	0.11135896766597024
1.8499999999999999	0.1111539611820294
1.855	0.11094956262584747
1.8599999999999999	0.11074576837021836
1.865	0.11054257481604716
1.8699999999999999	0.11033997839180969
1.875	0.11013797555340438
1.88	0.1099365627838652
1.885	0.10973573659317501
1.89	0.10953549351785222
1.895	0.10933583012081614
1.9	0.10913674299107316
1.905	0.10893822874347801
1.91	0.10874028401860104
1.915	0.10854290548220322
1.92	0.10834608982526404
1.9249999999999998	0.10814983376368026
1.93	0.10795413403792532
1.9349999999999998	0.10775898741286785
1.94	0.10756439067760377
1.9449999999999998	0.10737034064515286
1.95	0.10717683415222513
1.9549999999999998	0.10698386805911121
1.96	0.10679143924920252
1.9649999999999999	0.1065995446291422
1.97	0.10640818112824295
1.9749999999999999	0.10621734569850015
1.98	0.10602703531433748
1.9849999999999999	0.10583724697226386
1.99	0.10564797769091634
1.9949999999999999	0.10545922451059535
2.	0.1052709844932303
2.005	0.1050832547220703
2.01	0.10489603230158447
2.015	0.10470931435720739
2.02	0.1045230980350854
2.025	0.10433738050203856
2.03	0.10415215894522023
2.035	0.10396743057199714
2.04	0.1037831926097426
2.045	0.10359944230566502
2.05	0.10341617692666319
2.0549999999999997	0.10323339375898569
2.06	0.10305109010828904
2.065	0.10286926329926357
2.07	0.10268791067552621
2.0749999999999997	0.10250702959951077
2.08	0.10232661745218241
2.085	0.10214667163289903
2.09	0.10196718955932686
2.0949999999999998	0.10178816866716572
2.1	0.10160960641003984
2.105	0.10143150025933076
2.11	0.10125384770401988
2.1149999999999998	0.10107664625048518
2.12	0.10089989342235355
2.125	0.10072358676045558
2.13	0.10054772382250304
2.135	0.10037230218300387
2.14	0.1001973194331819
2.145	0.10002277318071545
2.15	0.09984866104968675
2.155	0.09967498068032085
2.16	0.09950172972891125
2.165	0.09932890586774333
2.17	0.09915650678479729
2.175	0.09898453018371818
2.18	0.09881297378363339
2.185	0.09864183531908863
2.19	0.09847111253971677
2.195	0.0983008032103641
2.1999999999999997	0.09813090511075508
2.205	0.09796141603545636
2.21	0.0977923337937037
2.215	0.0976236562093212
2.2199999999999998	0.09745538112055001
2.225	0.09728750637985734
2.23	0.09712002985399723
2.235	0.09695294942369839
2.2399999999999998	0.09678626298364056
2.245	0.09661996844231549
2.25	0.09645406372185586
2.255	0.09628854675797262
2.26	0.09612341549984535
2.265	0.09595866790999913
2.27	0.09579430196405438
2.275	0.09563031565085964
2.28	0.09546670697215882
2.285	0.09530347394260386
2.29	0.09514061458957966
2.295	0.09497812695312213
2.3	0.09481600908584398
2.305	0.09465425905266465
2.31	0.09449287493095711
2.315	0.09433185481025437
2.32	0.09417119679215691
2.3249999999999997	0.09401089899035431
2.33	0.09385095953037029
2.335	0.09369137654956704
2.34	0.09353214819693985
2.3449999999999998	0.09337327263313981
2.35	0.09321474803030443
2.355	0.09305657257196265
2.36	0.09289874445295078
2.3649999999999998	0.09274126187927888
2.37	0.09258412306814949
2.375	0.09242732624764648
2.38	0.09227086965693597
2.385	0.09211475154588178
2.39	0.09195897017514816
2.395	0.09180352381600967
2.4	0.0916484107503461
2.405	0.09149362927046457
2.41	0.09133917767906155
2.415	0.09118505428911997
2.42	0.09103125742383393
2.425	0.09087778541650487
2.43	0.09072463661049686
2.435	0.09057180935909102
2.44	0.09041930202545405
2.445	0.09026711298251289
2.4499999999999997	0.09011524061292384
2.455	0.08996368330891054
2.46	0.08981243947231038
2.465	0.08966150751435634
2.4699999999999998	0.08951088585572638
2.475	0.08936057292633313
2.48	0.0892105671653345
2.485	0.08906086702108998
2.4899999999999998	0.08891147095096553
2.495	0.0887623774213329
2.5	0.0886135849075267
2.505	0.08846509189369268
2.51	0.08831689687276338
2.515	0.08816899834638978
2.52	0.08802139482481944
2.525	0.08787408482689082
2.53	0.08772706687991458
2.535	0.08758033951964837
2.54	0.08743390129015191
2.545	0.08728775074379225
2.55	0.0871418864411704
2.555	0.08699630695098985
2.56	0.08685101085007993
2.565	0.08670599672323524
2.57	0.08656126316323245
2.5749999999999997	0.08641680877073275
2.58	0.08627263215415829
2.585	0.08612873192975393
2.59	0.08598510672143252
2.5949999999999998	0.08584175516072018
2.6	0.08569867588670908
2.605	0.08555586754602607
2.61	0.08541332879269009
2.6149999999999998	0.08527105828812831
2.62	0.08512905470112621
2.625	0.08498731670765636
2.63	0.08484584299095861
2.635	0.0847046322413627
2.64	0.08456368315633003
2.645	0.08442299444034847
2.65	0.08428256480486336
2.655	0.08414239296820315
2.66	0.08400247765563439
2.665	0.08386281759913512
2.67	0.08372341153750539
2.675	0.08358425821624178
2.68	0.08344535638741815
2.685	0.08330670480973532
2.69	0.08316830224842857
2.695	0.0830301474751901
2.7	0.0828922392681797
2.705	0.08275457641189247
2.71	0.08261715769720336
2.715	0.08247998192118325
2.7199999999999998	0.08234304788719186
2.725	0.08220635440473911
2.73	0.08206990028943391
2.735	0.08193368436301751
2.7399999999999998	0.08179770545319108
2.745	0.08166196239367954
2.75	0.08152645402411672
2.755	0.08139117919001702
2.76	0.0812561367427532
2.765	0.08112132553943303
2.77	0.08098674444294478
2.775	0.08085239232185924
2.78	0.08071826805039092
2.785	0.08058437050840571
2.79	0.0804506985812111
2.795	0.08031725115972388
2.8	0.0801840271403368
2.8049999999999997	0.08005102542479639
2.81	0.07991824492027357
2.815	0.0797856845392821
2.82	0.07965334319960583
2.825	0.07952121982430349
2.83	0.07938931334162658
2.835	0.07925762268499359
2.84	0.07912614679296114
2.8449999999999998	0.07899488460915793
2.85	0.07886383508224602
2.855	0.07873299716594222
2.86	0.07860236981886583
2.8649999999999998	0.07847195200457406
2.87	0.07834174269154398
2.875	0.07821174085301578
2.88	0.07808194546712525
2.885	0.07795235551671219
2.89	0.07782296998937668
2.895	0.07769378787736377
2.9	0.07756480817763686
2.905	0.07743602989168263
2.91	0.0773074520256446
2.915	0.07717907359019609
2.92	0.07705089360040569
2.925	0.07692291107595892
2.9299999999999997	0.07679512504085932
2.935	0.07666753452357217
2.94	0.07654013855685057
2.945	0.07641293617782649
2.95	0.07628592642787663
2.955	0.07615910835269118
2.96	0.07603248100206768
2.965	0.07590604343008261
2.9699999999999998	0.0757797946949413
2.975	0.07565373385891269
2.98	0.07552785998839268
2.985	0.07540217215376245
2.9899999999999998	0.07527666942953117
2.995	0.07515135089407912
3.	0.07502621562974301
3.005	0.07490126272282116
3.01	0.07477649126347363
3.015	0.07465190034568175
3.02	0.07452748906727326
3.025	0.0744032565298538
3.03	0.07427920183876596
3.035	0.07415532410309408
3.04	0.074031622435617
3.045	0.07390809595274807
3.05	0.07378474377454788
3.0549999999999997	0.07366156502468396
3.06	0.07353855883034277
3.065	0.07341572432231046
3.07	0.07329306063484757
3.075	0.07317056690569204
3.08	0.07304824227606298
3.085	0.07292608589053357
3.09	0.07280409689713334
3.0949999999999998	0.07268227444722021
3.1	0.07256061769548527
3.105	0.07243912579991818
3.11	0.07231779792177954
3.115	0.07219663322563027
3.12	0.07207563087915192
3.125	0.07195479005330731
3.13	0.07183410992217641
3.135	0.07171358966297844
3.14	0.07159322845605683
3.145	0.07147302548479088
3.15	0.07135297993567545
3.155	0.07123309099817285
3.16	0.0711133578647734
3.165	0.07099377973096326
3.17	0.07087435579511595
3.175	0.07075508525855419
3.1799999999999997	0.07063596732552425
3.185	0.07051700120308298
3.19	0.0703981861011569
3.195	0.07027952123247769
3.2	0.07016100581258228
3.205	0.07004263905975867
3.21	0.06992442019502963
3.215	0.0698063484421444
3.2199999999999998	0.069688423027534
3.225	0.06957064318028651
3.23	0.0694530081321151
3.235	0.06933551711738081
3.24	0.06921816937300909
3.245	0.0691009641384893
3.25	0.06898390065586339
3.255	0.06886697816966444
3.26	0.0687501959269377
3.265	0.06863355317720364
3.27	0.06851704917237744
3.275	0.06840068316684755
3.28	0.06828445441737024
3.285	0.06816836218308174
3.29	0.06805240572544562
3.295	0.06793658430829844
3.3	0.06782089719772041
3.3049999999999997	0.06770534366209903
3.31	0.06758992297208785
3.315	0.06747463440053962
3.32	0.06735947722255257
3.325	0.06724445071537047
3.33	0.06712955415842152
3.335	0.06701478683330458
3.34	0.06690014802365933
3.3449999999999998	0.06678563701530293
3.35	0.06667125309610329
3.355	0.06655699555592337
3.36	0.0664428636867164
3.365	0.06632885678243003
3.37	0.06621497413898923
3.375	0.06610121505427874
3.38	0.06598757882810505
3.385	0.06587406476223928
3.39	0.06576067216032525
3.395	0.06564740032786429
3.4	0.06553424857222424
3.405	0.06542121620262438
3.41	0.06530830253006438
3.415	0.0651955068673476
3.42	0.06508282852904876
3.425	0.06497026683146255
3.4299999999999997	0.06485782109266214
3.435	0.06474549063235394
3.44	0.0646332747719864
3.445	0.06452117283462566
3.45	0.06440918414500095
3.455	0.06429730802948312
3.46	0.06418554381598544
3.465	0.06407389083404809
3.4699999999999998	0.06396234841472558
3.475	0.06385091589065132
3.48	0.06373959259594326
3.485	0.06362837786621915
3.49	0.06351727103857381
3.495	0.06340627145156463
3.5	0.06329537844516823
3.505	0.0631845913607662
3.51	0.06307390954113391
3.515	0.06296333233045376
3.52	0.06285285907419474
3.525	0.06274248911920748
3.53	0.0626322218136135
3.535	0.06252205650685655
3.54	0.06241199254962458
3.545	0.062302029293880984
3.55	0.06219216609277629
3.5549999999999997	0.06208240230069694
3.56	0.06197273727319907
3.565	0.06186317036703323
3.5700000000000003	0.061753700940059074
3.575	0.06164432835127799
3.58	0.06153505196081513
3.585	0.061425871129850484
3.59	0.06131678522066724
3.5949999999999998	0.06120779359653918
3.5999999999999996	0.06109889562180874
3.605	0.060990090661806676
3.61	0.06088137808283924
3.615	0.06077275725220328
3.62	0.060664227538112174
3.625	0.060555788309699404
3.63	0.06044743893705209
3.635	0.06033917879105638
3.6399999999999997	0.06023100724353868
3.645	0.06012292366711594
3.65	0.0600149274352535
3.6550000000000002	0.05990701792219444
3.66	0.059799194502997095
3.665	0.059691456553453544
3.67	0.059583803450092884
3.675	0.05947623457018149
3.6799999999999997	0.059368749291675044
3.685	0.05926134699322463
3.69	0.059154027054096586
3.6950000000000003	0.05904678885422291
3.7	0.05893963177416658
3.705	0.05883255519508099
3.71	0.05872555849865411
3.715	0.058618641067184146
3.7199999999999998	0.05851180228346675
3.7249999999999996	0.058405041530824216
3.73	0.058298358193075966
3.735	0.058191751654506095
3.74	0.05808522129983448
3.745	0.05797876651424095
3.75	0.05787238668329278
3.755	0.05776608119294896
3.76	0.05765984942954519
3.7649999999999997	0.05755369077974198
3.77	0.05744760463053717
3.775	0.05734159036922347
3.7800000000000002	0.05723564738336321
3.785	0.05712977506082464
3.79	0.0570239727896636
3.795	0.05691823995817753
3.8	0.05681257595483303
3.8049999999999997	0.05670698016829453
3.81	0.05660145198738965
3.815	0.05649599080102257
3.8200000000000003	0.05639059599823192
3.825	0.05628526696817598
3.83	0.05618000310000437
3.835	0.056074803782969564
3.84	0.05596966840631487
3.8449999999999998	0.05586459635925973
3.8499999999999996	0.05575958703103391
3.855	0.05565463981078157
3.86	0.05554975408759261
3.865	0.05544492925046126
3.87	0.05534016468824084
3.875	0.055235459789682556
3.88	0.05513081394332728
3.885	0.05502622653755328
3.8899999999999997	0.05492169696049806
3.895	0.05481722460009821
3.9	0.05471280884401544
3.9050000000000002	0.0546084490795976
3.91	0.05450414469392398
3.915	0.054399895073724044
3.92	0.05429569960537016
3.925	0.05419155767485237
3.9299999999999997	0.05408746866774877
3.935	0.05398343196921063
3.94	0.05387944696393797
3.9450000000000003	0.053775513036124545
3.95	0.05367162956948493
3.955	0.05356779594719311
3.96	0.053464011551862006
3.965	0.05336027576551456
3.9699999999999998	0.0532565879695549
3.9749999999999996	0.05315294754478022
3.98	0.053049353871308
3.985	0.0529458063285446
3.99	0.05284230429520007
3.995	0.052738847149270275
4.	0.052635434267922054
4.005	0.052532065027571
4.01	0.052428738803765695
4.015	0.05232545497124467
4.02	0.052222212903834934
4.025	0.0521190119744609
4.03	0.052015851555115615
4.035	0.051912731016787776
4.04	0.051809649729548615
4.045	0.05170660706236148
4.05	0.05160360238318497
4.055	0.05150063505886976
4.0600000000000005	0.05139770445515618
4.0649999999999995	0.051294809936656055
4.07	0.0511919508667723
4.075	0.05108912660773671
4.08	0.05098633652054262
4.085	0.05088357996486287
4.09	0.05078085629914602
4.095	0.050678164880442106
4.1	0.050575505064497615
4.105	0.0504728762056088
4.109999999999999	0.05037027765667119
4.115	0.05026770876911476
4.12	0.05016516889286946
4.125	0.05006265737631828
4.13	0.04996017356632028
4.135	0.04985771680810938
4.14	0.04975528644528932
4.145	0.04965288181979185
4.15	0.0495505022718552
4.155	0.04944814713997042
4.16	0.049345815760839365
4.165	0.04924350746940416
4.17	0.04914122159868472
4.175	0.0490389574798623
4.18	0.04893671444217988
4.1850000000000005	0.04883449181290914
4.1899999999999995	0.04873228891733615
4.195	0.04863010507870478
4.2	0.04852793961815167
4.205	0.04842579185473053
4.21	0.04832366110530288
4.215	0.0482215466845476
4.22	0.04811944790489293
4.225	0.04801736407650471
4.23	0.04791529450716822
4.234999999999999	0.04781323850235719
4.24	0.04771119536510314
4.245	0.047609164395974055
4.25	0.04750714489305398
4.255	0.0474051361518774
4.26	0.0473031374653848
4.265	0.04720114812387099
4.27	0.04709916741496983
4.275	0.04699719462354088
4.28	0.046895229031719686
4.285	0.04679326991876691
4.29	0.04669131656110115
4.295	0.04658936823219667
4.3	0.046487424202558844
4.305	0.04638548373966659
4.3100000000000005	0.04628354610791429
4.3149999999999995	0.04618161056855293
4.32	0.04607967637971076
4.325	0.04597774279620462
4.33	0.045875809069604784
4.335	0.04577387444812435
4.34	0.04567193817657097
4.345	0.045569999496294235
4.35	0.045468057645149634
4.355	0.0453661118573915
4.359999999999999	0.04526416136365403
4.365	0.04516220539088456
4.37	0.04506024316227494
4.375	0.04495827389719952
4.38	0.044856296811163536
4.385	0.04475431111573966
4.39	0.044652316018484364
4.395	0.04455031072288903
4.4	0.044448294428326846
4.405	0.044346266329954094
4.41	0.04424422561867171
4.415	0.044142171481039744
4.42	0.04404010309921756
4.425	0.04393801965087636
4.43	0.04383592030915734
4.4350000000000005	0.04373380424256479
4.4399999999999995	0.04363167061491705
4.445	0.04352951858527176
4.45	0.04342734730781083
4.455	0.04332515593181616
4.46	0.04322294360157015
4.465	0.043120709456255464
4.47	0.04301845262991527
4.475	0.04291617225131979
4.48	0.04281386744393091
4.484999999999999	0.04271153732578989
4.49	0.04260918100944826
4.495	0.04250679760184507
4.5	0.04240438620428558
4.505	0.04230194591225075
4.51	0.042199475815411745
4.515	0.042096974997464495
4.52	0.041994442536056865
4.525	0.041891877502702436
4.53	0.04178927896268039
4.535	0.04168664597489422
4.54	0.04158397759183245
4.545	0.04148127285943594
4.55	0.041378530816995544
4.555	0.041275750497028155
4.5600000000000005	0.04117293092518088
4.5649999999999995	0.041070071120165426
4.57	0.04096717009356412
4.575	0.04086422684976819
4.58	0.040761240385851306
4.585	0.04065820969144385
4.59	0.040555133748647
4.595000000000001	0.04045201153182606
4.6	0.04034884200758723
4.605	0.040245624134607444
4.609999999999999	0.040142356863468426
4.615	0.04003903913659373
4.62	0.03993566988805706
4.625	0.03983224804350379
4.63	0.039728772519927916
4.635	0.03962524222563406
4.640000000000001	0.03952165606001819
4.645	0.039418012913429244
4.65	0.03931431166706213
4.654999999999999	0.03921055119278798
4.66	0.039106730352928706
4.665	0.03900284800024278
4.67	0.038898902977607695
4.675	0.038794894117994735
4.68	0.038690820244203436
4.6850000000000005	0.03858668016871256
4.6899999999999995	0.038482472693560886
4.695	0.038378196610096005
4.7	0.038273850698840026
4.705	0.038169433729296466
4.71	0.03806494445975346
4.715	0.03796038163709978
4.720000000000001	0.03785574399661958
4.725	0.037751030261821965
4.73	0.03764623914419144
4.734999999999999	0.03754136934304073
4.74	0.03743641954523887
4.745	0.037331388425025855
4.75	0.03722627464380036
4.755	0.037121076849880384
4.76	0.03701579367827941
4.765000000000001	0.03691042375044048
4.77	0.03680496567407673
4.775	0.036699418042848465
4.779999999999999	0.036593779436149956
4.785	0.03648804841883495
4.79	0.03638222354098921
4.795	0.036276303337623904
4.8	0.03617028632843503
4.805	0.03606417101753567
4.8100000000000005	0.03595795589311694
4.8149999999999995	0.03585163942721139
4.82	0.03574522007538824
4.825	0.03563869627642099
4.83	0.035532066452019
4.835	0.03542532900649411
4.84	0.03531848232639185
4.845000000000001	0.03521152478026081
4.85	0.03510445471823286
4.855	0.03499727047168736
4.859999999999999	0.03488997035292109
4.865	0.034782552654766985
4.87	0.03467501565023493
4.875	0.03456735759215117
4.88	0.034459576712711805
4.885	0.034351671223122784
4.890000000000001	0.03424363931321438
4.895	0.03413547915095937
4.9	0.034027188882148215
4.904999999999999	0.033918766629832564
4.91	0.03381021049394212
4.915	0.03370151855083392
4.92	0.03359268885281513
4.925	0.03348371942761094
4.93	0.033374608277945805
4.9350000000000005	0.03326535338098116
4.9399999999999995	0.03315595268782396
4.945	0.03304640412299885
4.95	0.032936705583857535
4.955	0.03282685494008722
4.96	0.03271685003307507
4.965	0.032606688675346315
4.970000000000001	0.032496368649958925
4.975	0.03238588770989394
4.98	0.03227524357738068
4.984999999999999	0.03216443394327051
4.99	0.032053456466378055
4.995	0.031942308772751636
5.	0.03183098845501421
5.005	0.03171949307158906
5.01	0.031607820145946826
5.015000000000001	0.03149596716592302
5.02	0.03138393158281677
5.025	0.031271710810651276
5.029999999999999	0.03115930222531163
5.035	0.031046703163682264
5.04	0.03093391092280079
5.045	0.030820922758888064
5.05	0.030707735886479084
5.055	0.03059434747740309
5.0600000000000005	0.030480754659860648
5.0649999999999995	0.03036695451731785
5.07	0.030252944087562447
5.075	0.03013872036153022
5.08	0.03002428028223068
5.085	0.029909620743625652
5.09	0.02979473858938659
5.095000000000001	0.029679630611764218
5.1	0.029564293550247988
5.105	0.029448724090326013
5.109999999999999	0.029332918862126436
5.115	0.02921687443904006
5.12	0.0291005873363287
5.125	0.028984054009648732
5.13	0.02886727085351472
5.135	0.02875023419974353
5.14	0.028632940315900433
5.145	0.028515385403546464
5.15	0.028397565596578845
5.155	0.028279476959459864
5.16	0.02816111548529011
5.165	0.028042477094044668
5.17	0.027923557630514174
5.175	0.02780435286229392
5.18	0.027684858477693853
5.185	0.027565070083556176
5.19	0.027444983202989083
5.195	0.02732459327309512
5.2	0.027203895642469913
5.205	0.02708288556875172
5.21	0.02696155821604407
5.215	0.02683990865218022
5.22	0.02671793184596747
5.225	0.02659562266428927
5.23	0.026472975869122433
5.235	0.026349986114401498
5.24	0.02622664794279906
5.245	0.026102955782367702
5.25	0.025978903943054327
5.255	0.025854486613099772
5.26	0.02572969785523609
5.265	0.0256045316028043
5.27	0.025478981655670325
5.275	0.025353041675986947
5.28	0.0252267051838031
5.285	0.02509996555242033
5.29	0.024972816003695313
5.295	0.024845249602962815
5.3	0.024717259253916626
5.305	0.024588837693130545
5.31	0.024459977484457638
5.315	0.0243306710130977
5.32	0.024200910479444025
5.325	0.024070687892687372
5.33	0.023939995063991568
5.335	0.02380882359962353
5.34	0.023677164893436277
5.345	0.023545010119308693
5.35	0.023412350222991398
5.355	0.02327917591378157
5.36	0.023145477655592547
5.365	0.02301124565773035
5.37	0.02287646986519702
5.375	0.02274113994845731
5.38	0.022605245292780806
5.385	0.02246877498693868
5.39	0.02233171781144742
5.395	0.022194062226105343
5.4	0.022055796356919646
5.405	0.0219169079823497
5.41	0.021777384518783756
5.415	0.02163721300527261
5.42	0.021496380087380678
5.425	0.02135487200019393
5.43	0.02121267455031781
5.435	0.021069773096889594
5.44	0.020926152531496198
5.445	0.020781797256894285
5.45	0.020636691164522495
5.455	0.020490817610623546
5.46	0.020344159390911824
5.465	0.020196698713747577
5.47	0.020048417171571027
5.475	0.019899295710562443
5.48	0.0197493145983699
5.485	0.019598453389706352
5.49	0.019446690889699532
5.495	0.019294005114813988
5.5	0.01914037325103165
5.505	0.018985771609292757
5.51	0.01883017557764863
5.515	0.018673559570164623
5.52	0.018515896972000068
5.525	0.018357160080578645
5.53	0.018197320042255466
5.535	0.018036346784243217
5.54	0.017874208941276896
5.545	0.01771087377649464
5.55	0.01754630709602044
5.555	0.017380473156563193
5.56	0.017213334565417657
5.565	0.017044852171923565
5.57	0.01687498494971829
5.575	0.016703689868575712
5.58	0.016530921754765737
5.585	0.016356633138772635
5.59	0.016180774088734
5.595	0.016003292028117407
5.6	0.01582413153561115
5.605	0.015643234125255895
5.61	0.01546053800415402
5.615	0.01527597780511772
5.62	0.015089484290846346
5.625	0.014900984025911505
5.63	0.014710399012231812
5.635	0.014517646282761533
5.64	0.014322637447608044
5.645	0.014125278185389771
5.65	0.013925467671760559
5.655	0.013723097935112564
5.66	0.0135180531279761
5.665	0.01331020870013698
5.67	0.01309943045680217
5.675	0.012885573481794185
5.68	0.012668480900979644
5.6850000000000005	0.012447982456524799
5.69	0.012223892854991402
5.695	0.011996009843838478
5.7	0.011764111959998361
5.705	0.011527955879236178
5.71	0.01128727327629252
5.715	0.011041767080984392
5.72	0.010791106981542918
5.725	0.01053492398195465
5.73	0.010272803757890839
5.735	0.010004278470565677
5.74	0.00972881657709954
5.745	0.009445810003894326
5.75	0.009154557797588307
5.755	0.008854244994659198
5.76	0.008543914880779773
5.765	0.008222431923242466
5.77	0.007888431231807588
5.775	0.007540248033883081
5.78	0.007175816564869205
5.785	0.006792520412499836
5.79	0.006386962377239363
5.795	0.005954593643575963
5.8	0.0054890802791918636
5.805	0.004981136078971522
5.8100000000000005	0.004416141549804323
5.815	0.0037685207692038157
5.82	0.0029849660524374957
5.825	0.0019044959434558909
5.83	0.
5.835	0.
5.84	0.
5.845	0.
5.85	0.
5.855	0.
5.86	0.
5.865	0.
5.87	0.
5.875	0.
5.88	0.
5.885	0.
5.89	0.
5.895	0.
5.9	0.
5.905	0.
5.91	0.
5.915	0.
5.92	0.
5.925	0.
5.93	0.
5.9350000000000005	0.
5.94	0.
5.945	0.
5.95	0.
5.955	0.
5.96	0.
5.965	0.
5.97	0.
5.975	0.
5.98	0.
5.985	0.
5.99	0.
5.995	0.
6.	0.
6.005	0.
6.01	0.
6.015	0.
6.02	0.
6.025	0.
6.03	0.
6.035	0.
6.04	0.
6.045	0.
6.05	0.
6.055	0.
6.0600000000000005	0.
6.065	0.
6.07	0.
6.075	0.
6.08	0.
6.085	0.
6.09	0.
6.095	0.
6.1	0.
6.105	0.
6.11	0.
6.115	0.
6.12	0.
6.125	0.
6.13	0.
6.135	0.
6.140000000000001	0.
6.145	0.
6.15	0.
6.155	0.
6.16	0.
6.165	0.
6.17	0.
6.175	0.
6.18	0.
6.1850000000000005	0.
6.1899999999999995	0.
6.195	0.
6.2	0.
6.205	0.
6.21	0.
6.215	0.
6.22	0.
6.225	0.
6.23	0.
6.235	0.
6.24	0.
6.245	0.
6.25	0.
6.255	0.
6.26	0.
6.265000000000001	0.
6.27	0.
6.275	0.
6.28	0.
6.285	0.
6.29	0.
6.295	0.
6.3	0.
6.305	0.
6.3100000000000005	0.
6.3149999999999995	0.
6.32	0.
6.325	0.
6.33	0.
6.335	0.
6.34	0.
6.345	0.
6.35	0.
6.355	0.
6.36	0.
6.365	0.
6.37	0.
6.375	0.
6.38	0.
6.385	0.
6.390000000000001	0.
6.395	0.
6.4	0.
6.405	0.
6.41	0.
6.415	0.
6.42	0.
6.425	0.
6.43	0.
6.4350000000000005	0.
6.4399999999999995	0.
6.445	0.
6.45	0.
6.455	0.
6.46	0.
6.465	0.
6.47	0.
6.475	0.
6.48	0.
6.485	0.
6.49	0.
6.495	0.
6.5	0.
6.505	0.
6.51	0.
6.515000000000001	0.
6.52	0.
6.525	0.
6.53	0.
6.535	0.
6.54	0.
6.545	0.
6.55	0.
6.555	0.
6.5600000000000005	0.
6.5649999999999995	0.
6.57	0.
6.575	0.
6.58	0.
6.585	0.
6.59	0.
6.595	0.
6.6	0.
6.605	0.
6.61	0.
6.615	0.
6.62	0.
6.625	0.
6.63	0.
6.635	0.
6.640000000000001	0.
6.645	0.
6.65	0.
6.655	0.
6.66	0.
6.665	0.
6.67	0.
6.675	0.
6.68	0.
6.6850000000000005	0.
6.6899999999999995	0.
6.695	0.
6.7	0.
6.705	0.
6.71	0.
6.715	0.
6.72	0.
6.725	0.
6.73	0.
6.735	0.
6.74	0.
6.745	0.
6.75	0.
6.755	0.
6.76	0.
6.765000000000001	0.
6.77	0.
6.775	0.
6.78	0.
6.785	0.
6.79	0.
6.795	0.
6.8	0.
6.805	0.
6.8100000000000005	0.
6.8149999999999995	0.
6.82	0.
6.825	0.
6.83	0.
6.835	0.
6.84	0.
6.845	0.
6.85	0.
6.855	0.
6.86	0.
6.865	0.
6.87	0.
6.875	0.
6.88	0.
6.885	0.
6.890000000000001	0.
6.895	0.
6.9	0.
6.905	0.
6.91	0.
6.915	0.
6.92	0.
6.925	0.
6.93	0.
6.9350000000000005	0.
6.9399999999999995	0.
6.945	0.
6.95	0.
6.955	0.
6.96	0.
6.965	0.
6.97	0.
6.975	0.
6.98	0.
6.985	0.
6.99	0.
6.995	0.
7.	0.
7.005	0.
7.01	0.
7.015000000000001	0.
7.02	0.
7.025	0.
7.03	0.
7.035	0.
7.04	0.
7.045	0.
7.05	0.
7.055	0.
7.0600000000000005	0.
7.0649999999999995	0.
7.07	0.
7.075	0.
7.08	0.
7.085	0.
7.09	0.
7.095	0.
7.1	0.
7.105	0.
7.11	0.
7.115	0.
7.12	0.
7.125	0.
7.13	0.
7.135	0.
7.140000000000001	0.
7.145	0.
7.15	0.
7.155	0.
7.16	0.
7.165	0.
7.17	0.
7.175	0.
7.18	0.
7.1850000000000005	0.
7.1899999999999995	0.
7.195	0.
7.2	0.
7.205	0.
7.21	0.
7.215	0.
7.220000000000001	0.
7.225	0.
7.23	0.
7.234999999999999	0.
7.24	0.
7.245	0.
7.25	0.
7.255	0.
7.26	0.
7.265000000000001	0.
7.27	0.
7.275	0.
7.28	0.
7.285	0.
7.29	0.
7.295	0.
7.300000000000001	0.
7.305	0.
7.3100000000000005	0.
7.3149999999999995	0.
7.32	0.
7.325	0.
7.33	0.
7.335	0.
7.34	0.
7.345000000000001	0.
7.35	0.
7.355	0.
7.359999999999999	0.
7.365	0.
7.37	0.
7.375	0.
7.38	0.
7.385	0.
7.390000000000001	0.
7.395	0.
7.4	0.
7.405	0.
7.41	0.
7.415	0.
7.42	0.
7.425000000000001	0.
7.43	0.
7.4350000000000005	0.
7.4399999999999995	0.
7.445	0.
7.45	0.
7.455	0.
7.46	0.
7.465	0.
7.470000000000001	0.
7.475	0.
7.48	0.
7.484999999999999	0.
7.49	0.
7.495	0.
7.5	0.
7.505	0.
7.51	0.
7.515000000000001	0.
7.52	0.
7.525	0.
7.53	0.
7.535	0.
7.54	0.
7.545	0.
7.550000000000001	0.
7.555	0.
7.5600000000000005	0.
7.5649999999999995	0.
7.57	0.
7.575	0.
7.58	0.
7.585	0.
7.59	0.
7.595000000000001	0.
7.6	0.
7.605	0.
7.609999999999999	0.
7.615	0.
7.62	0.
7.625	0.
7.63	0.
7.635	0.
7.640000000000001	0.
7.645	0.
7.65	0.
7.655	0.
7.66	0.
7.665	0.
7.67	0.
7.675000000000001	0.
7.68	0.
7.685	0.
7.6899999999999995	0.
7.694999999999999	0.
7.699999999999999	0.
7.704999999999999	0.
7.71	0.
7.715	0.
7.72	0.
7.725	0.
7.7299999999999995	0.
7.734999999999999	0.
7.739999999999999	0.
7.744999999999999	0.
7.75	0.
7.755	0.
7.76	0.
7.765	0.
7.77	0.
7.7749999999999995	0.
7.779999999999999	0.
7.784999999999999	0.
7.79	0.
7.795	0.
7.8	0.
7.805	0.
7.81	0.
7.8149999999999995	0.
7.819999999999999	0.
7.824999999999999	0.
7.829999999999999	0.
7.835	0.
7.84	0.
7.845	0.
7.85	0.
7.8549999999999995	0.
7.859999999999999	0.
7.864999999999999	0.
7.869999999999999	0.
7.875	0.
7.88	0.
7.885	0.
7.89	0.
7.895	0.
7.8999999999999995	0.
7.904999999999999	0.
7.909999999999999	0.
7.915	0.
7.92	0.
7.925	0.
7.93	0.
7.935	0.
7.9399999999999995	0.
7.944999999999999	0.
7.949999999999999	0.
7.955	0.
7.96	0.
7.965	0.
7.97	0.
7.975	0.
7.9799999999999995	0.
7.984999999999999	0.
7.989999999999999	0.
7.994999999999999	0.
8.	0.
8.004999999999999	0.
8.01	0.
8.014999999999999	0.
8.02	0.
8.025	0.
8.03	0.
8.035	0.
8.04	0.
8.045	0.
8.049999999999999	0.
8.055	0.
8.059999999999999	0.
8.065	0.
8.07	0.
8.075	0.
8.08	0.
8.084999999999999	0.
8.09	0.
8.094999999999999	0.
8.1	0.
8.105	0.
8.11	0.
8.115	0.
8.12	0.
8.125	0.
8.129999999999999	0.
8.135	0.
8.139999999999999	0.
8.145	0.
8.15	0.
8.155	0.
8.16	0.
8.165	0.
8.17	0.
8.174999999999999	0.
8.18	0.
8.184999999999999	0.
8.19	0.
8.195	0.
8.2	0.
8.205	0.
8.209999999999999	0.
8.215	0.
8.219999999999999	0.
8.225	0.
8.23	0.
8.235	0.
8.24	0.
8.245	0.
8.25	0.
8.254999999999999	0.
8.26	0.
8.264999999999999	0.
8.27	0.
8.275	0.
8.28	0.
8.285	0.
8.29	0.
8.295	0.
8.299999999999999	0.
8.305	0.
8.309999999999999	0.
8.315	0.
8.32	0.
8.325	0.
8.33	0.
8.334999999999999	0.
8.34	0.
8.344999999999999	0.
8.35	0.
8.355	0.
8.36	0.
8.365	0.
8.37	0.
8.375	0.
8.379999999999999	0.
8.385	0.
8.389999999999999	0.
8.395	0.
8.4	0.
8.405	0.
8.41	0.
8.415	0.
8.42	0.
8.424999999999999	0.
8.43	0.
8.434999999999999	0.
8.44	0.
8.445	0.
8.45	0.
8.455	0.
8.459999999999999	0.
8.465	0.
8.469999999999999	0.
8.475	0.
8.48	0.
8.485	0.
8.49	0.
8.495	0.
8.5	0.
8.504999999999999	0.
8.51	0.
8.515	0.
8.52	0.
8.525	0.
8.53	0.
8.535	0.
8.54	0.
8.545	0.
8.549999999999999	0.
8.555	0.
8.559999999999999	0.
8.565	0.
8.57	0.
8.575	0.
8.58	0.
8.584999999999999	0.
8.59	0.
8.594999999999999	0.
8.6	0.
8.605	0.
8.61	0.
8.615	0.
8.62	0.
8.625	0.
8.629999999999999	0.
8.635	0.
8.64	0.
8.645	0.
8.65	0.
8.655	0.
8.66	0.
8.665	0.
8.67	0.
8.674999999999999	0.
8.68	0.
8.684999999999999	0.
8.69	0.
8.695	0.
8.7	0.
8.705	0.
8.709999999999999	0.
8.715	0.
8.719999999999999	0.
8.725	0.
8.73	0.
8.735	0.
8.74	0.
8.745	0.
8.75	0.
8.754999999999999	0.
8.76	0.
8.765	0.
8.77	0.
8.775	0.
8.78	0.
8.785	0.
8.79	0.
8.795	0.
8.799999999999999	0.
8.805	0.
8.809999999999999	0.
8.815	0.
8.82	0.
8.825	0.
8.83	0.
8.834999999999999	0.
8.84	0.
8.844999999999999	0.
8.85	0.
8.855	0.
8.86	0.
8.865	0.
8.87	0.
8.875	0.
8.879999999999999	0.
8.885	0.
8.89	0.
8.895	0.
8.9	0.
8.905	0.
8.91	0.
8.915	0.
8.92	0.
8.924999999999999	0.
8.93	0.
8.934999999999999	0.
8.94	0.
8.945	0.
8.95	0.
8.955	0.
8.959999999999999	0.
8.965	0.
8.969999999999999	0.
8.975	0.
8.98	0.
8.985	0.
8.99	0.
8.995	0.
9.	0.
9.004999999999999	0.
9.01	0.
9.015	0.
9.02	0.
9.025	0.
9.03	0.
9.035	0.
9.04	0.
9.045	0.
9.049999999999999	0.
9.055	0.
9.059999999999999	0.
9.065	0.
9.07	0.
9.075	0.
9.08	0.
9.084999999999999	0.
9.09	0.
9.094999999999999	0.
9.1	0.
9.105	0.
9.11	0.
9.115	0.
9.12	0.
9.125	0.
9.129999999999999	0.
9.135	0.
9.14	0.
9.145	0.
9.15	0.
9.155	0.
9.16	0.
9.165	0.
9.17	0.
9.174999999999999	0.
9.18	0.
9.184999999999999	0.
9.19	0.
9.195	0.
9.2	0.
9.205	0.
9.209999999999999	0.
9.215	0.
9.219999999999999	0.
9.225	0.
9.23	0.
9.235	0.
9.24	0.
9.245	0.
9.25	0.
9.254999999999999	0.
9.26	0.
9.265	0.
9.27	0.
9.275	0.
9.28	0.
9.285	0.
9.29	0.
9.295	0.
9.299999999999999	0.
9.305	0.
9.309999999999999	0.
9.315	0.
9.32	0.
9.325	0.
9.33	0.
9.334999999999999	0.
9.34	0.
9.344999999999999	0.
9.35	0.
9.355	0.
9.36	0.
9.365	0.
9.37	0.
9.375	0.
9.379999999999999	0.
9.385	0.
9.39	0.
9.395	0.
9.4	0.
9.405	0.
9.41	0.
9.415	0.
9.42	0.
9.424999999999999	0.
9.43	0.
9.434999999999999	0.
9.44	0.
9.445	0.
9.45	0.
9.455	0.
9.459999999999999	0.
9.465	0.
9.469999999999999	0.
9.475	0.
9.48	0.
9.485	0.
9.49	0.
9.495	0.
9.5	0.
9.504999999999999	0.
9.51	0.
9.515	0.
9.52	0.
9.525	0.
9.53	0.
9.535	0.
9.54	0.
9.545	0.
9.549999999999999	0.
9.555	0.
9.559999999999999	0.
9.565	0.
9.57	0.
9.575	0.
9.58	0.
9.584999999999999	0.
9.59	0.
9.594999999999999	0.
9.6	0.
9.605	0.
9.61	0.
9.615	0.
9.62	0.
9.625	0.
9.629999999999999	0.
9.635	0.
9.64	0.
9.645	0.
9.65	0.
9.655	0.
9.66	0.
9.665	0.
9.67	0.
9.674999999999999	0.
9.68	0.
9.684999999999999	0.
9.69	0.
9.695	0.
9.7	0.
9.705	0.
9.709999999999999	0.
9.715	0.
9.719999999999999	0.
9.725	0.
9.73	0.
9.735	0.
9.74	0.
9.745	0.
9.75	0.
9.754999999999999	0.
9.76	0.
9.765	0.
9.77	0.
9.774999999999999	0.
9.78	0.
9.785	0.
9.79	0.
9.795	0.
9.8	0.
9.805	0.
9.809999999999999	0.
9.815	0.
9.82	0.
9.825	0.
9.83	0.
9.834999999999999	0.
9.84	0.
9.844999999999999	0.
9.85	0.
9.855	0.
9.86	0.
9.865	0.
9.87	0.
9.875	0.
9.879999999999999	0.
9.885	0.
9.89	0.
9.895	0.
9.899999999999999	0.
9.905	0.
9.91	0.
9.915	0.
9.92	0.
9.925	0.
9.93	0.
9.934999999999999	0.
9.94	0.
9.945	0.
9.95	0.
9.955	0.
9.959999999999999	0.
9.965	0.
9.969999999999999	0.
9.975	0.
9.98	0.
9.985	0.
9.99	0.
9.995	0.
10.	0.
10.004999999999999	0.
10.01	0.
10.015	0.
10.02	0.
10.024999999999999	0.
10.03	0.
10.035	0.
10.04	0.
10.045	0.
10.05	0.
10.055	0.
10.059999999999999	0.
10.065	0.
10.07	0.
10.075	0.
10.08	0.
10.084999999999999	0.
10.09	0.
10.094999999999999	0.
10.1	0.
10.105	0.
10.11	0.
10.115	0.
10.12	0.
10.125	0.
10.129999999999999	0.
10.135	0.
10.14	0.
10.145	0.
10.149999999999999	0.
10.155	0.
10.16	0.
10.165	0.
10.17	0.
10.175	0.
10.18	0.
10.184999999999999	0.
10.19	0.
10.195	0.
10.2	0.
10.205	0.
10.209999999999999	0.
10.215	0.
10.219999999999999	0.
10.225	0.
10.23	0.
10.235	0.
10.24	0.
10.245000000000001	0.
10.250000000000002	0.
10.255	0.
10.260000000000002	0.
10.265	0.
10.270000000000001	0.
10.275	0.
10.280000000000001	0.
10.285	0.
10.290000000000001	0.
10.295000000000002	0.
10.3	0.
10.305000000000001	0.
10.31	0.
10.315000000000001	0.
10.32	0.
10.325000000000001	0.
10.330000000000002	0.
10.335	0.
10.340000000000002	0.
10.345	0.
10.350000000000001	0.
10.355	0.
10.360000000000001	0.
10.365	0.
10.370000000000001	0.
10.375000000000002	0.
10.38	0.
10.385000000000002	0.
10.39	0.
10.395000000000001	0.
10.4	0.
10.405000000000001	0.
10.41	0.
10.415000000000001	0.
10.420000000000002	0.
10.425	0.
10.430000000000001	0.
10.435	0.
10.440000000000001	0.
10.445	0.
10.450000000000001	0.
10.455000000000002	0.
10.46	0.
10.465000000000002	0.
10.47	0.
10.475000000000001	0.
10.48	0.
10.485000000000001	0.
10.49	0.
10.495000000000001	0.
10.500000000000002	0.
10.505	0.
10.510000000000002	0.
10.515	0.
10.520000000000001	0.
10.525	0.
10.530000000000001	0.
10.535	0.
10.540000000000001	0.
10.545000000000002	0.
10.55	0.
10.555000000000001	0.
10.56	0.
10.565000000000001	0.
10.57	0.
10.575000000000001	0.
10.580000000000002	0.
10.585	0.
10.590000000000002	0.
10.595	0.
10.600000000000001	0.
10.605	0.
10.610000000000001	0.
10.615	0.
10.620000000000001	0.
10.625000000000002	0.
10.63	0.
10.635000000000002	0.
10.64	0.
10.645000000000001	0.
10.65	0.
10.655000000000001	0.
10.66	0.
10.665000000000001	0.
10.670000000000002	0.
10.675	0.
10.680000000000001	0.
10.685	0.
10.690000000000001	0.
10.695	0.
10.700000000000001	0.
10.705000000000002	0.
10.71	0.
10.715000000000002	0.
10.72	0.
10.725000000000001	0.
10.73	0.
10.735000000000001	0.
10.74	0.
10.745000000000001	0.
10.750000000000002	0.
10.755	0.
10.760000000000002	0.
10.765	0.
10.770000000000001	0.
10.775	0.
10.780000000000001	0.
10.785	0.
10.790000000000001	0.
10.795000000000002	0.
10.8	0.
10.805000000000001	0.
10.81	0.
10.815000000000001	0.
10.82	0.
10.825000000000001	0.
10.830000000000002	0.
10.835	0.
10.840000000000002	0.
10.845	0.
10.850000000000001	0.
10.855	0.
10.860000000000001	0.
10.865	0.
10.870000000000001	0.
10.875000000000002	0.
10.88	0.
10.885000000000002	0.
10.89	0.
10.895000000000001	0.
10.9	0.
10.905000000000001	0.
10.91	0.
10.915000000000001	0.
10.920000000000002	0.
10.925	0.
10.930000000000001	0.
10.935	0.
10.940000000000001	0.
10.945	0.
10.950000000000001	0.
10.955000000000002	0.
10.96	0.
10.965000000000002	0.
10.97	0.
10.975000000000001	0.
10.98	0.
10.985000000000001	0.
10.99	0.
10.995000000000001	0.
11.000000000000002	0.
11.005	0.
11.010000000000002	0.
11.015	0.
11.020000000000001	0.
11.025	0.
11.030000000000001	0.
11.035	0.
11.040000000000001	0.
11.045000000000002	0.
11.05	0.
11.055000000000001	0.
11.06	0.
11.065000000000001	0.
11.07	0.
11.075000000000001	0.
11.080000000000002	0.
11.085	0.
11.090000000000002	0.
11.095	0.
11.100000000000001	0.
11.105	0.
11.110000000000001	0.
11.115	0.
11.120000000000001	0.
11.125000000000002	0.
11.13	0.
11.135000000000002	0.
11.14	0.
11.145000000000001	0.
11.15	0.
11.155000000000001	0.
11.16	0.
11.165000000000001	0.
11.170000000000002	0.
11.175	0.
11.180000000000001	0.
11.185	0.
11.190000000000001	0.
11.195	0.
11.200000000000001	0.
11.205000000000002	0.
11.21	0.
11.215000000000002	0.
11.22	0.
11.225000000000001	0.
11.23	0.
11.235000000000001	0.
11.24	0.
11.245000000000001	0.
11.250000000000002	0.
11.255	0.
11.260000000000002	0.
11.265	0.
11.270000000000001	0.
11.275	0.
11.280000000000001	0.
11.285	0.
11.290000000000001	0.
11.295000000000002	0.
11.3	0.
11.305000000000001	0.
11.31	0.
11.315000000000001	0.
11.32	0.
11.325000000000001	0.
11.330000000000002	0.
11.335	0.
11.340000000000002	0.
11.345	0.
11.350000000000001	0.
11.355	0.
11.360000000000001	0.
11.365000000000002	0.
11.370000000000001	0.
11.375000000000002	0.
11.38	0.
11.385000000000002	0.
11.39	0.
11.395000000000001	0.
11.4	0.
11.405000000000001	0.
11.41	0.
11.415000000000001	0.
11.420000000000002	0.
11.425	0.
11.430000000000001	0.
11.435	0.
11.440000000000001	0.
11.445	0.
11.450000000000001	0.
11.455000000000002	0.
11.46	0.
11.465000000000002	0.
11.47	0.
11.475000000000001	0.
11.48	0.
11.485000000000001	0.
11.490000000000002	0.
11.495000000000001	0.
11.500000000000002	0.
11.505	0.
11.510000000000002	0.
11.515	0.
11.520000000000001	0.
11.525	0.
11.530000000000001	0.
11.535	0.
11.540000000000001	0.
11.545000000000002	0.
11.55	0.
11.555000000000001	0.
11.56	0.
11.565000000000001	0.
11.57	0.
11.575000000000001	0.
11.580000000000002	0.
11.585	0.
11.590000000000002	0.
11.595	0.
11.600000000000001	0.
11.605	0.
11.610000000000001	0.
11.615000000000002	0.
11.620000000000001	0.
11.625000000000002	0.
11.63	0.
11.635000000000002	0.
11.64	0.
11.645000000000001	0.
11.65	0.
11.655000000000001	0.
11.66	0.
11.665000000000001	0.
11.670000000000002	0.
11.675	0.
11.680000000000001	0.
11.685	0.
11.690000000000001	0.
11.695	0.
11.700000000000001	0.
11.705000000000002	0.
11.71	0.
11.715000000000002	0.
11.72	0.
11.725000000000001	0.
11.73	0.
11.735000000000001	0.
11.740000000000002	0.
11.745000000000001	0.
11.750000000000002	0.
11.755	0.
11.760000000000002	0.
11.765	0.
11.770000000000001	0.
11.775	0.
11.780000000000001	0.
11.785	0.
11.790000000000001	0.
11.795000000000002	0.
11.8	0.
11.805000000000001	0.
11.81	0.
11.815000000000001	0.
11.82	0.
11.825000000000001	0.
11.830000000000002	0.
11.835	0.
11.840000000000002	0.
11.845	0.
11.850000000000001	0.
11.855	0.
11.860000000000001	0.
11.865000000000002	0.
11.870000000000001	0.
11.875000000000002	0.
11.88	0.
11.885000000000002	0.
11.89	0.
11.895000000000001	0.
11.9	0.
11.905000000000001	0.
11.91	0.
11.915000000000001	0.
11.920000000000002	0.
11.925	0.
11.930000000000001	0.
11.935	0.
11.940000000000001	0.
11.945	0.
11.950000000000001	0.
11.955000000000002	0.
11.96	0.
11.965000000000002	0.
11.97	0.
11.975000000000001	0.
11.98	0.
11.985000000000001	0.
11.990000000000002	0.
11.995000000000001	0.
12.000000000000002	0.
12.005	0.
12.010000000000002	0.
12.015	0.
12.020000000000001	0.
12.025	0.
12.030000000000001	0.
12.035	0.
12.040000000000001	0.
12.045000000000002	0.
12.05	0.
12.055000000000001	0.
12.06	0.
12.065000000000001	0.
12.07	0.
12.075000000000001	0.
12.080000000000002	0.
12.085	0.
12.090000000000002	0.
12.095	0.
12.100000000000001	0.
12.105	0.
12.110000000000001	0.
12.115000000000002	0.
12.120000000000001	0.
12.125000000000002	0.
12.13	0.
12.135000000000002	0.
12.14	0.
12.145000000000001	0.
12.15	0.
12.155000000000001	0.
12.16	0.
12.165000000000001	0.
12.170000000000002	0.
12.175	0.
12.180000000000001	0.
12.185	0.
12.190000000000001	0.
12.195	0.
12.200000000000001	0.
12.205000000000002	0.
12.21	0.
12.215000000000002	0.
12.22	0.
12.225000000000001	0.
12.23	0.
12.235000000000001	0.
12.240000000000002	0.
12.245000000000001	0.
12.25	0.
12.255	0.
12.260000000000002	0.
12.265	0.
12.270000000000001	0.
12.275000000000002	0.
12.280000000000001	0.
12.285	0.
12.290000000000001	0.
12.295000000000002	0.
12.3	0.
12.305000000000001	0.
12.31	0.
12.315000000000001	0.
12.32	0.
12.325000000000001	0.
12.330000000000002	0.
12.335	0.
12.340000000000002	0.
12.345	0.
12.350000000000001	0.
12.355	0.
12.360000000000001	0.
12.365000000000002	0.
12.370000000000001	0.
12.375	0.
12.38	0.
12.385000000000002	0.
12.39	0.
12.395000000000001	0.
12.400000000000002	0.
12.405000000000001	0.
12.41	0.
12.415000000000001	0.
12.420000000000002	0.
12.425	0.
12.430000000000001	0.
12.435	0.
12.440000000000001	0.
12.445	0.
12.450000000000001	0.
12.455000000000002	0.
12.46	0.
12.465000000000002	0.
12.47	0.
12.475000000000001	0.
12.48	0.
12.485000000000001	0.
12.490000000000002	0.
12.495000000000001	0.
12.5	0.
12.505	0.
12.510000000000002	0.
12.515	0.
12.520000000000001	0.
12.525000000000002	0.
12.530000000000001	0.
12.535	0.
12.540000000000001	0.
12.545000000000002	0.
12.55	0.
12.555000000000001	0.
12.56	0.
12.565000000000001	0.
12.57	0.
12.575000000000001	0.
12.580000000000002	0.
12.585	0.
12.590000000000002	0.
12.595	0.
12.600000000000001	0.
12.605	0.
12.610000000000001	0.
12.615000000000002	0.
12.620000000000001	0.
12.625	0.
12.63	0.
12.635000000000002	0.
12.64	0.
12.645000000000001	0.
12.650000000000002	0.
12.655000000000001	0.
12.66	0.
12.665000000000001	0.
12.670000000000002	0.
12.675	0.
12.680000000000001	0.
12.685	0.
12.690000000000001	0.
12.695	0.
12.700000000000001	0.
12.705000000000002	0.
12.71	0.
12.715000000000002	0.
12.72	0.
12.725000000000001	0.
12.73	0.
12.735000000000001	0.
12.740000000000002	0.
12.745000000000001	0.
12.75	0.
12.755	0.
12.760000000000002	0.
12.765	0.
12.770000000000001	0.
12.775000000000002	0.
12.780000000000001	0.
12.785	0.
12.790000000000001	0.
12.795000000000002	0.
12.8	0.
12.805000000000001	0.
12.810000000000002	0.
12.815000000000001	0.
12.820000000000002	0.
12.825000000000001	0.
12.830000000000002	0.
12.835	0.
12.840000000000002	0.
12.845	0.
12.850000000000001	0.
12.855000000000002	0.
12.860000000000001	0.
12.865000000000002	0.
12.870000000000001	0.
12.875000000000002	0.
12.88	0.
12.885000000000002	0.
12.890000000000002	0.
12.895000000000001	0.
12.900000000000002	0.
12.905000000000001	0.
12.910000000000002	0.
12.915000000000001	0.
12.920000000000002	0.
12.925	0.
12.930000000000001	0.
12.935000000000002	0.
12.940000000000001	0.
12.945000000000002	0.
12.950000000000001	0.
12.955000000000002	0.
12.96	0.
12.965000000000002	0.
12.97	0.
12.975000000000001	0.
12.980000000000002	0.
12.985000000000001	0.
12.990000000000002	0.
12.995000000000001	0.
13.000000000000002	0.
13.005	0.
13.010000000000002	0.
13.015000000000002	0.
13.020000000000001	0.
13.025000000000002	0.
13.030000000000001	0.
13.035000000000002	0.
13.040000000000001	0.
13.045000000000002	0.
13.05	0.
13.055000000000001	0.
13.060000000000002	0.
13.065000000000001	0.
13.070000000000002	0.
13.075000000000001	0.
13.080000000000002	0.
13.085	0.
13.090000000000002	0.
13.095	0.
13.100000000000001	0.
13.105000000000002	0.
13.110000000000001	0.
13.115000000000002	0.
13.120000000000001	0.
13.125000000000002	0.
13.13	0.
13.135000000000002	0.
13.140000000000002	0.
13.145000000000001	0.
13.150000000000002	0.
13.155000000000001	0.
13.160000000000002	0.
13.165000000000001	0.
13.170000000000002	0.
13.175	0.
13.180000000000001	0.
13.185000000000002	0.
13.190000000000001	0.
13.195000000000002	0.
13.200000000000001	0.
13.205000000000002	0.
13.21	0.
13.215000000000002	0.
13.220000000000002	0.
13.225000000000001	0.
13.230000000000002	0.
13.235000000000001	0.
13.240000000000002	0.
13.245000000000001	0.
13.250000000000002	0.
13.255	0.
13.260000000000002	0.
13.265000000000002	0.
13.270000000000001	0.
13.275000000000002	0.
13.280000000000001	0.
13.285000000000002	0.
13.290000000000001	0.
13.295000000000002	0.
13.3	0.
13.305000000000001	0.
13.310000000000002	0.
13.315000000000001	0.
13.320000000000002	0.
13.325000000000001	0.
13.330000000000002	0.
13.335	0.
13.340000000000002	0.
13.345000000000002	0.
13.350000000000001	0.
13.355000000000002	0.
13.360000000000001	0.
13.365000000000002	0.
13.370000000000001	0.
13.375000000000002	0.
13.38	0.
13.385000000000002	0.
13.39	0.
13.395000000000001	0.
13.400000000000002	0.
13.405000000000001	0.
13.410000000000002	0.
13.415000000000001	0.
13.420000000000002	0.
13.425	0.
13.430000000000001	0.
13.435000000000002	0.
13.440000000000001	0.
13.445000000000002	0.
13.450000000000001	0.
13.455000000000002	0.
13.46	0.
13.465000000000002	0.
13.470000000000002	0.
13.475000000000001	0.
13.480000000000002	0.
13.485000000000001	0.
13.490000000000002	0.
13.495000000000001	0.
13.500000000000002	0.
13.505	0.
13.510000000000002	0.
13.515	0.
13.520000000000001	0.
13.525000000000002	0.
13.530000000000001	0.
13.535000000000002	0.
13.540000000000001	0.
13.545000000000002	0.
13.55	0.
13.555000000000001	0.
13.560000000000002	0.
13.565000000000001	0.
13.570000000000002	0.
13.575000000000001	0.
13.580000000000002	0.
13.585	0.
13.590000000000002	0.
13.595000000000002	0.
13.600000000000001	0.
13.605000000000002	0.
13.610000000000001	0.
13.615000000000002	0.
13.620000000000001	0.
13.625000000000002	0.
13.63	0.
13.635000000000002	0.
13.64	0.
13.645000000000001	0.
13.650000000000002	0.
13.655000000000001	0.
13.660000000000002	0.
13.665000000000001	0.
13.670000000000002	0.
13.675	0.
13.680000000000001	0.
13.685000000000002	0.
13.690000000000001	0.
13.695000000000002	0.
13.700000000000001	0.
13.705000000000002	0.
13.71	0.
13.715000000000002	0.
13.720000000000002	0.
13.725000000000001	0.
13.730000000000002	0.
13.735000000000001	0.
13.740000000000002	0.
13.745000000000001	0.
13.750000000000002	0.
13.755	0.
13.760000000000002	0.
13.765	0.
13.770000000000001	0.
13.775000000000002	0.
13.780000000000001	0.
13.785000000000002	0.
13.790000000000001	0.
13.795000000000002	0.
13.8	0.
13.805000000000001	0.
13.810000000000002	0.
13.815000000000001	0.
13.820000000000002	0.
13.825000000000001	0.
13.830000000000002	0.
13.835	0.
13.840000000000002	0.
13.845000000000002	0.
13.850000000000001	0.
13.855000000000002	0.
13.860000000000001	0.
13.865000000000002	0.
13.870000000000001	0.
13.875000000000002	0.
13.88	0.
13.885000000000002	0.
13.89	0.
13.895000000000001	0.
13.900000000000002	0.
13.905000000000001	0.
13.910000000000002	0.
13.915000000000001	0.
13.920000000000002	0.
13.925	0.
13.930000000000001	0.
13.935000000000002	0.
13.940000000000001	0.
13.945000000000002	0.
13.950000000000001	0.
13.955000000000002	0.
13.96	0.
13.965000000000002	0.
13.970000000000002	0.
13.975000000000001	0.
13.980000000000002	0.
13.985000000000001	0.
13.990000000000002	0.
13.995000000000001	0.
14.	0.