0.005	0.
0.01	0.
0.015	0.
0.02	0.
0.025	0.
0.030000000000000002	0.
0.034999999999999996	0.
0.04	0.
0.045	0.
0.049999999999999996	0.
0.055	0.
0.06	0.
0.065	0.
0.07	0.
0.07500000000000001	0.
0.08	0.
0.085	0.
0.09000000000000001	0.
0.095	0.
0.1	0.
0.10500000000000001	0.
0.11	0.
0.115	0.
0.12000000000000001	0.
0.125	0.
0.13	0.
0.135	0.
0.14	0.
0.14500000000000002	0.
0.15	0.
0.155	0.
0.16	0.
0.165	0.
0.17	0.
0.17500000000000002	0.06445426354073003
0.18000000000000002	0.09719225436642522
0.185	0.11898979039632551
0.19	0.13549688382555605
0.195	0.14868732287207503
0.2	0.15954736159554056
0.20500000000000002	0.1686603860670281
0.21000000000000002	0.17640790442031545
0.215	0.1830565944560525
0.22	0.18880190230574934
0.225	0.19379220830912025
0.23	0.19814326640615273
0.23500000000000001	0.20194734700726463
0.24000000000000002	0.20527929953240528
0.245	0.2082007262393226
0.25	0.2107629465594721
0.255	0.21300915823646657
0.26	0.21497604838052647
0.265	0.21669501768717703
0.27	0.21819312630976093
0.275	0.21949383539222114
0.28	0.22061759591874494
0.28500000000000003	0.22158232167749303
0.29000000000000004	0.22240377303037936
0.295	0.22309587116774457
0.3	0.22367095757034444
0.305	0.2241400098397045
0.31	0.22451282246061047
0.315	0.22479815913883378
0.32	0.22500388191962445
0.325	0.22513706120354204
0.33	0.22520406994280384
0.335	0.2252106646574504
0.34	0.22516205540824125
0.34500000000000003	0.2250629664682221
0.35000000000000003	0.22491768912195967
0.35500000000000004	0.22473012777138265
0.36	0.22450384032639908
0.365	0.22424207369590846
0.37	0.22394779506264467
0.375	0.2236237195170342
0.38	0.22327233453633513
0.385	0.2228959217216128
0.39	0.2224965761441848
0.395	0.22207622360192053
0.4	0.22163663604336925
0.405	0.22117944538147657
0.41000000000000003	0.22070615588852394
0.41500000000000004	0.22021815533812805
0.42000000000000004	0.2197167250382608
0.425	0.21920304888071349
0.43	0.2186782215163506
0.435	0.21814325575192636
0.44	0.2175990892523716
0.445	0.21704659062233483
0.45	0.21648656493195592
0.455	0.2159197587442226
0.46	0.21534686469462555
0.465	0.21476852566804805
0.47000000000000003	0.21418533861274638
0.47500000000000003	0.21359785802695808
0.48000000000000004	0.2130065991496434
0.485	0.21241204088359508
0.49	0.21181462847610913
0.495	0.21121477597972743
0.5	0.21061286851324917
0.505	0.21000926434120998
0.51	0.2094042967880291
0.515	0.20879827600159664
0.52	0.20819149057943245
0.525	0.2075842090694151
0.53	0.2069766813558251
0.535	0.20636913994046335
0.54	0.2057618011276556
0.545	0.2051548661211911
0.55	0.20454852204039417
0.555	0.20394294286201967
0.56	0.2033382902938821
0.5650000000000001	0.20273471458573436
0.5700000000000001	0.20213235528240192
0.5750000000000001	0.20153134192366312
0.5800000000000001	0.20093179469502417
0.585	0.20033382503327787
0.59	0.19973753619013787
0.595	0.19914302375733167
0.6	0.19855037615588136
0.605	0.19795967509235085
0.61	0.19737099598446314
0.615	0.19678440835835542
0.62	0.19619997621952057
0.625	0.1956177583993568
0.63	0.19503780887903552
0.635	0.19446017709239044
0.64	0.19388490820919446
0.645	0.19331204340029187
0.65	0.19274162008578197
0.655	0.1921736721675132
0.66	0.1916082302468524
0.665	0.19104532182882342
0.67	0.19048497151348398
0.675	0.18992720117547301
0.68	0.18937203013236645
0.685	0.1888194753027982
0.6900000000000001	0.1882695513548104
0.6950000000000001	0.18772227084525403
0.7000000000000001	0.18717764435065493
0.7050000000000001	0.18663568059022834
0.71	0.18609638654152122
0.715	0.18555976754907982
0.72	0.18502582742663756
0.725	0.18449456855330376
0.73	0.18396599196398186
0.735	0.18344009743446568
0.74	0.18291688356161792
0.745	0.18239634783870468
0.75	0.18187848672647783
0.755	0.18136329572000845
0.76	0.18085076941170372
0.765	0.18034090155065824
0.77	0.1798336850985329
0.775	0.17932911228228848
0.78	0.17882717464382736
0.785	0.1783278630868155
0.79	0.17783116792081735
0.795	0.17733707890286912
0.8	0.17684558527671487
0.805	0.1763566758098367
0.81	0.17587033882829953
0.8150000000000001	0.17538656224963506
0.8200000000000001	0.17490533361388597
0.8250000000000001	0.17442664011288336
0.8300000000000001	0.1739504686178174
0.8350000000000001	0.17347680570526516
0.84	0.17300563768174054
0.845	0.17253695060685725
0.85	0.1720707303151691
0.855	0.17160696243672305
0.86	0.171145632416535
0.865	0.1706867255328496
0.87	0.17023022691444653
0.875	0.16977612155685998
0.88	0.16932439433778082
0.885	0.16887503003147586
0.89	0.16842801332240592
0.895	0.1679833288181278
0.9	0.16754096106127592
0.905	0.16710089454104954
0.91	0.16666311370390552
0.915	0.16622760296359018
0.92	0.16579434671076765
0.925	0.16536332932173262
0.93	0.16493453516709086
0.935	0.16450794861940798
0.9400000000000001	0.164083554060804
0.9450000000000001	0.16366133588974224
0.9500000000000001	0.16324127852773831
0.9550000000000001	0.1628233664253955
0.9600000000000001	0.16240758406826153
0.965	0.16199391598197715
0.97	0.1615823467375686
0.975	0.16117286095618186
0.98	0.16076544331338619
0.985	0.16036007854294762
0.99	0.1599567514416383
0.995	0.15955544687181275
1.	0.15915614976531903
1.005	0.15875884512624724
1.01	0.15836351803436352
1.015	0.157970153633935
1.02	0.157578737202631
1.025	0.15718925402237205
1.0299999999999998	0.15680168951072018
1.035	0.1564160291614287
1.0399999999999998	0.15603225855520736
1.045	0.15565036336379187
1.0499999999999998	0.1552703293501343
1.055	0.15489214237077295
1.0599999999999998	0.15451578837623992
1.065	0.15414125341285181
1.0699999999999998	0.15376852362298427
1.075	0.15339758524681354
1.0799999999999998	0.1530284246221378
1.085	0.15266102818607868
1.0899999999999999	0.15229538247479008
1.095	0.1519314741246441
1.0999999999999999	0.1515692898722263
1.105	0.15120881655480523
1.1099999999999999	0.15085004111091238
1.115	0.1504929505799826
1.1199999999999999	0.1501375321031854
1.125	0.14978377292285763
1.13	0.14943166038296915
1.135	0.1490811819290834
1.14	0.148732325108068
1.145	0.1483850775681001
1.15	0.14803942705857576
1.155	0.1476953614297314
1.16	0.14735286863257824
1.1649999999999998	0.1470119367185451
1.17	0.1466725538390673
1.1749999999999998	0.14633470824545072
1.18	0.1459983882883332
1.1849999999999998	0.14566358241726768
1.19	0.14533027918042066
1.1949999999999998	0.1449984672239214
1.2	0.14466813529160188
1.2049999999999998	0.14433927222430867
1.21	0.14401186695945167
1.2149999999999999	0.14368590853049343
1.22	0.1433613860662923
1.2249999999999999	0.14303828879064379
1.23	0.14271660602157157
1.2349999999999999	0.14239632717082806
1.24	0.1420774417431908
1.2449999999999999	0.14175993933591027
1.25	0.14144380963792663
1.255	0.14112904242948177
1.26	0.14081562758116312
1.265	0.14050355505342646
1.27	0.1401928148958845
1.275	0.13988339724659193
1.28	0.13957529233135715
1.285	0.13926849046311707
1.2899999999999998	0.13896298204119575
1.295	0.13865875755056492
1.2999999999999998	0.13835580756126006
1.305	0.13805412272752338
1.3099999999999998	0.13775369378721203
1.315	0.1374545115611211
1.3199999999999998	0.13715656695209408
1.325	0.13685985094453212
1.3299999999999998	0.13656435460351418
1.335	0.13627006907417788
1.3399999999999999	0.13597698558101573
1.345	0.13568509542710214
1.3499999999999999	0.1353943899934447
1.355	0.13510486073825936
1.3599999999999999	0.13481649919623548
1.365	0.13452929697790297
1.3699999999999999	0.13424324576891464
1.375	0.13395833732925527
1.38	0.1336745634926851
1.385	0.13339191616597554
1.39	0.1331103873282047
1.395	0.1328299690301504
1.4	0.13255065339349573
1.405	0.13227243261027255
1.41	0.13199529894208578
1.4149999999999998	0.13171924471954163
1.42	0.13144426234147957
1.4249999999999998	0.13117034427440707
1.43	0.13089748305174367
1.4349999999999998	0.13062567127326474
1.44	0.13035490160441024
1.4449999999999998	0.13008516677561596
1.45	0.12981645958173144
1.4549999999999998	0.12954877288132746
1.46	0.12928209959613363
1.4649999999999999	0.12901643271032345
1.47	0.12875176527000223
1.4749999999999999	0.12848809038252038
1.48	0.1282254012158467
1.4849999999999999	0.12796369099806382
1.49	0.1277029530166549
1.4949999999999999	0.12744318061798052
1.5	0.12718436720665782
1.505	0.12692650624501156
1.51	0.12666959125246466
1.515	0.1264136158049448
1.52	0.12615857353435844
1.525	0.12590445812805223
1.53	0.1256512633281636
1.535	0.1253989829311356
1.54	0.12514761078716657
1.545	0.12489714079966316
1.5499999999999998	0.12464756692464232
1.555	0.12439888317032914
1.5599999999999998	0.124151083596494
1.565	0.12390416231403098
1.5699999999999998	0.12365811348435436
1.575	0.12341293131898386
1.5799999999999998	0.1231686100789703
1.585	0.12292514407437655
1.5899999999999999	0.12268252766387557
1.595	0.1224407552541692
1.5999999999999999	0.12219982129952268
1.605	0.12195972030129719
1.6099999999999999	0.1217204468075015
1.615	0.12148199541224344
1.6199999999999999	0.12124436075533418
1.625	0.12100753752178495
1.63	0.12077152044138938
1.635	0.12053630428818995
1.64	0.12030188388016419
1.645	0.12006825407865868
1.65	0.1198354097879729
1.655	0.11960334595500902
1.66	0.11937205756871239
1.665	0.11914153965979832
1.67	0.11891178730017193
1.6749999999999998	0.11868279560264124
1.68	0.11845455972042297
1.6849999999999998	0.11822707484679282
1.69	0.1180003362146412
1.6949999999999998	0.11777433909611337
1.7	0.1175490788021468
1.7049999999999998	0.1173245506821934
1.71	0.1171007501237312
1.7149999999999999	0.1168776725518985
1.72	0.11665531342920893
1.7249999999999999	0.1164336682550429
1.73	0.11621273256536369
1.7349999999999999	0.11599250193234306
1.74	0.11577297196397762
1.7449999999999999	0.11555413830376239
1.75	0.1153359966302922
1.755	0.11511854265695572
1.76	0.1149017721315617
1.765	0.11468568083603248
1.77	0.11447026458601142
1.775	0.11425551923057083
1.78	0.11404144065187388
1.785	0.11382802476482635
1.79	0.11361526751678515
1.795	0.11340316488720739
1.7999999999999998	0.1131917128873708
1.805	0.11298090756001172
1.8099999999999998	0.11277074497904689
1.815	0.11256122124925874
1.8199999999999998	0.11235233250602182
1.825	0.1121440749149405
1.8299999999999998	0.11193644467160599
1.835	0.1117294380012762
1.8399999999999999	0.1115230511586098
1.845	0.11131728042734726
1.8499999999999999	0.11111212212006279
1.855	0.110907572577837
1.8599999999999999	0.11070362817003469
1.865	0.11050028529399702
1.8699999999999999	0.11029754037475391
1.875	0.11009538986480197
1.88	0.10989383024381358
1.885	0.1096928580183597
1.89	0.10949246972168404
1.895	0.1092926619134077
1.9	0.1090934311793126
1.905	0.10889477413104652
1.91	0.10869668740593458
1.915	0.10849916766666677
1.92	0.10830221160110308
1.9249999999999998	0.10810581592201149
1.93	0.10790997736684288
1.9349999999999998	0.107714692697467
1.94	0.10751995869997197
1.9449999999999998	0.10732577218442163
1.95	0.10713212998462734
1.9549999999999998	0.1069390289579149
1.96	0.10674646598492542
1.9649999999999999	0.10655443796935223
1.97	0.10636294183777087
1.9749999999999999	0.10617197453938029
1.98	0.10598153304583745
1.9849999999999999	0.10579161435098929
1.99	0.10560221547071412
1.9949999999999999	0.10541333344267778
2.	0.1052249653261634
2.005	0.10503710820183311
2.01	0.10484975917154812
2.015	0.10466291535816737
2.02	0.1044765739053602
2.025	0.10429073197739575
2.03	0.10410538675895684
2.035	0.10392053545496788
2.04	0.10373617529037178
2.045	0.10355230350997359
2.05	0.10336891737826531
2.0549999999999997	0.1031860141791921
2.06	0.10300359121603356
2.065	0.10282164581119072
2.07	0.10264017530601056
2.0749999999999997	0.10245917706062801
2.08	0.10227864845378914
2.085	0.10209858688265036
2.09	0.10191898976267881
2.0949999999999998	0.10173985452740612
2.1	0.10156117862831704
2.105	0.10138295953465769
2.11	0.10120519473328955
2.1149999999999998	0.10102788172851308
2.12	0.1008510180419459
2.125	0.10067460121232273
2.13	0.10049862879534538
2.135	0.10032309836356736
2.14	0.10014800750618831
2.145	0.0999733538289581
2.15	0.09979913495398789
2.155	0.09962534851960529
2.16	0.09945199218024467
2.165	0.09927906360625319
2.17	0.09910656048378974
2.175	0.09893448051466354
2.18	0.09876282141617239
2.185	0.09859158092103586
2.19	0.09842075677715241
2.195	0.0982503467475839
2.1999999999999997	0.09808034861031224
2.205	0.09791076015818265
2.21	0.09774157919872394
2.215	0.09757280355404888
2.2199999999999998	0.09740443106073055
2.225	0.09723645956962244
2.23	0.09706888694579521
2.235	0.09690171106838362
2.2399999999999998	0.09673492983044575
2.245	0.09656854113887954
2.25	0.09640254291428361
2.255	0.09623693309080963
2.26	0.09607170961609698
2.265	0.09590687045110365
2.27	0.09574241357002923
2.275	0.0955783369601823
2.28	0.09541463862185656
2.285	0.09525131656823413
2.29	0.09508836882527659
2.295	0.0949257934315825
2.3	0.09476358843834069
2.305	0.09460175190913937
2.31	0.09444028191993038
2.315	0.09427917655887441
2.32	0.0941184339262725
2.3249999999999997	0.09395805213442936
2.33	0.09379802930757707
2.335	0.09363836358174708
2.34	0.0934790531046973
2.3449999999999998	0.09332009603578284
2.35	0.09316149054588196
2.355	0.09300323481726952
2.36	0.09284532704354963
2.3649999999999998	0.09268776542955104
2.37	0.09253054819120993
2.375	0.09237367355550993
2.38	0.09221713976034575
2.385	0.09206094505447954
2.39	0.09190508769740519
2.395	0.09174956595928961
2.4	0.09159437812086187
2.405	0.09143952247332952
2.41	0.09128499731829903
2.415	0.09113080096767867
2.42	0.09097693174357907
2.425	0.09082338797827377
2.43	0.09067016801404285
2.435	0.09051727020316601
2.44	0.09036469290776454
2.445	0.09021243449979288
2.4499999999999997	0.09006049336088509
2.455	0.089908867882327
2.46	0.0897575564649559
2.465	0.08960655751906382
2.4699999999999998	0.08945586946436597
2.475	0.08930549072985476
2.48	0.08915541975379583
2.485	0.08900565498358885
2.4899999999999998	0.08885619487573415
2.495	0.08870703789572673
2.5	0.08855818251801907
2.505	0.08840962722588928
2.51	0.08826137051144005
2.515	0.0881134108754607
2.52	0.08796574682739222
2.525	0.08781837688525669
2.53	0.08767129957555952
2.535	0.08752451343325124
2.54	0.0873780170016318
2.545	0.08723180883230391
2.55	0.08708588748508381
2.555	0.08694025152794832
2.56	0.0867948995369829
2.565	0.08664983009625685
2.57	0.0865050417978377
2.5749999999999997	0.08636053324164973
2.58	0.0862163030354845
2.585	0.08607234979486282
2.59	0.08592867214301822
2.5949999999999998	0.08578526871083236
2.6	0.08564213813675065
2.605	0.08549927906673604
2.61	0.08535669015420645
2.6149999999999998	0.08521437005996509
2.62	0.08507231745215611
2.625	0.0849305310061907
2.63	0.08478900940468648
2.635	0.084647751337434
2.64	0.08450675550130282
2.645	0.08436602060021714
2.65	0.08422554534506296
2.655	0.08408532845367121
2.66	0.08394536865073492
2.665	0.08380566466775846
2.67	0.0836662152430123
2.675	0.08352701912145721
2.68	0.08338807505471867
2.685	0.08324938180102064
2.69	0.08311093812510227
2.695	0.08297274279823522
2.7	0.08283479459809168
2.705	0.08269709230874875
2.71	0.08255963472061108
2.715	0.08242242063037591
2.7199999999999998	0.08228544884096489
2.725	0.08214871816148271
2.73	0.08201222740717239
2.735	0.08187597539934917
2.7399999999999998	0.08173996096537739
2.745	0.0816041829385934
2.75	0.08146864015828674
2.755	0.08133333146962499
2.76	0.0811982557236146
2.765	0.08106341177707586
2.77	0.08092879849256154
2.775	0.08079441473833347
2.78	0.0806602593883074
2.785	0.08052633132201611
2.79	0.08039262942455697
2.795	0.08025915258654356
2.8	0.08012589970407238
2.8049999999999997	0.07999286967867283
2.81	0.07986006141726437
2.815	0.07972747383210531
2.82	0.07959510584076815
2.825	0.07946295636607519
2.83	0.07933102433607968
2.835	0.07919930868399566
2.84	0.07906780834818394
2.8449999999999998	0.07893652227209581
2.85	0.07880544940423011
2.855	0.0786745886981023
2.86	0.0785439391121955
2.8649999999999998	0.07841349960992418
2.87	0.07828326915959866
2.875	0.07815324673437661
2.88	0.07802343131222318
2.885	0.07789382187589247
2.89	0.07776441741285538
2.895	0.07763521691529762
2.9	0.07750621938004831
2.905	0.07737742380856479
2.91	0.07724882920688857
2.915	0.07712043458560687
2.92	0.07699223895981527
2.925	0.07686424134908255
2.9299999999999997	0.07673644077741607
2.935	0.0766088362732261
2.94	0.07648142686927122
2.945	0.07635421160266785
2.95	0.07622718951479933
2.955	0.07610035965132508
2.96	0.0759737210621174
2.965	0.07584727280124828
2.9699999999999998	0.07572101392693309
2.975	0.07559494350152307
2.98	0.07546906059143943
2.985	0.0753433642671717
2.9899999999999998	0.0752178536032229
2.995	0.07509252767808532
3.	0.07496738557420204
3.005	0.07484242637794257
3.01	0.07471764917956324
3.015	0.07459305307317533
3.02	0.07446863715671725
3.025	0.07434440053192592
3.03	0.07422034230428644
3.035	0.07409646158302885
3.04	0.07397275748107024
3.045	0.07384922911500448
3.05	0.07372587560505958
3.0549999999999997	0.07360269607506569
3.06	0.07347968965243995
3.065	0.07335685546813529
3.07	0.07323419265662616
3.075	0.07311170035587201
3.08	0.07298937770729376
3.085	0.07286722385573134
3.09	0.07274523794943052
3.0949999999999998	0.07262341914000356
3.1	0.07250176658240243
3.105	0.07238027943489457
3.11	0.07225895685902428
3.115	0.0721377980196001
3.12	0.07201680208464464
3.125	0.07189596822539447
3.13	0.07177529561624553
3.135	0.0716547834347442
3.14	0.07153443086154802
3.145	0.07141423708040563
3.15	0.07129420127812633
3.155	0.0711743226445554
3.16	0.07105460037254666
3.165	0.07093503365793044
3.17	0.0708156216994932
3.175	0.07069636369895421
3.1799999999999997	0.07057725886092696
3.185	0.07045830639290702
3.19	0.07033950550523482
3.195	0.07022085541107888
3.2	0.07010235532640131
3.205	0.06998400446994167
3.21	0.06986580206318349
3.215	0.06974774733033329
3.2199999999999998	0.06962983949829434
3.225	0.06951207779664113
3.23	0.06939446145759787
3.235	0.06927698971600608
3.24	0.06915966180930891
3.245	0.06904247697752171
3.25	0.06892543446320538
3.255	0.06880853351144961
3.26	0.06869177336984104
3.265	0.06857515328844423
3.27	0.06845867251977442
3.275	0.06834233031877815
3.28	0.06822612594280103
3.285	0.06811005865157535
3.29	0.06799412770718832
3.295	0.06787833237406195
3.3	0.06776267191892842
3.3049999999999997	0.06764714561080755
3.31	0.06753175272098397
3.315	0.06741649252298469
3.32	0.06730136429255536
3.325	0.06718636730763573
3.33	0.06707150084834033
3.335	0.06695676419693315
3.34	0.066842156637807
3.3449999999999998	0.06672767745746001
3.35	0.06661332594447349
3.355	0.06649910138948933
3.36	0.0663850030851879
3.365	0.06627103032626819
3.37	0.06615718240942049
3.375	0.06604345863331008
3.38	0.06592985829855261
3.385	0.065816380707691
3.39	0.06570302516517751
3.395	0.06558979097734874
3.4	0.06547667745240547
3.405	0.06536368390039059
3.41	0.06525080963316897
3.415	0.06513805396440302
3.42	0.06502541620953457
3.425	0.06491289568576182
3.4299999999999997	0.06480049171202
3.435	0.06468820360895701
3.44	0.06457603069891621
3.445	0.06446397230590943
3.45	0.0643520277556038
3.455	0.06424019637529807
3.46	0.06412847749389537
3.465	0.06401687044188967
3.4699999999999998	0.06390537455134536
3.475	0.06379398915587038
3.48	0.06368271359060079
3.485	0.06357154719217757
3.49	0.06346048929873067
3.495	0.06334953924984683
3.5	0.06323869638656374
3.505	0.06312796005133878
3.51	0.06301732958803441
3.515	0.06290680434189297
3.52	0.06279638365952413
3.525	0.0626860668888708
3.53	0.06257585337920538
3.535	0.062465742481096445
3.54	0.06235573354639404
3.545	0.0622458259282088
3.55	0.06213601898089347
3.5549999999999997	0.06202631206001602
3.56	0.06191670452234942
3.565	0.061807195725842874
3.5700000000000003	0.0616977850296016
3.575	0.06158847179387726
3.58	0.061479255380032745
3.585	0.06137013515053408
3.59	0.061261110468924365
3.5949999999999998	0.06115218069980233
3.5999999999999996	0.061043345208811536
3.605	0.060934603362605436
3.61	0.06082595452883887
3.615	0.0607173980761458
3.62	0.06060893337411072
3.625	0.0605005597932648
3.63	0.06039227670504925
3.635	0.06028408348180558
3.6399999999999997	0.060175979496747994
3.645	0.0600679641239511
3.65	0.05996003673832154
3.6550000000000002	0.05985219671558823
3.66	0.05974444343226737
3.665	0.05963677626565801
3.67	0.05952919459380607
3.675	0.059421697795502486
3.6799999999999997	0.059314285250242814
3.685	0.05920695633821789
3.69	0.05909971044030428
3.6950000000000003	0.05899254693801008
3.7	0.058885465213492895
3.705	0.058778464649518504
3.71	0.058671544629443864
3.715	0.05856470453719017
3.7199999999999998	0.05845794375723615
3.7249999999999996	0.058351261674594
3.73	0.0582446576747712
3.735	0.058138131143776126
3.74	0.05803168146807872
3.745	0.05792530803459484
3.75	0.057819010230667156
3.755	0.05771278744404563
3.76	0.057606639062856575
3.7649999999999997	0.05750056447559866
3.77	0.05739456307110111
3.775	0.05728863423852063
3.7800000000000002	0.05718277736730991
3.785	0.05707699184719623
3.79	0.05697127706817074
3.795	0.05686563242045539
3.8	0.056760057294475794
3.8049999999999997	0.05665455108086298
3.81	0.05654911317040779
3.815	0.05644374295405721
3.8200000000000003	0.056338439822874155
3.825	0.05623320316802494
3.83	0.056128032380770985
3.835	0.056022926852422335
3.84	0.0559178859743292
3.8449999999999998	0.055812909137849594
3.8499999999999996	0.05570799573434772
3.855	0.055603145155145514
3.86	0.05549835679151997
3.865	0.055393630034666276
3.87	0.05528896427568363
3.875	0.0551843589055455
3.88	0.055079813315096114
3.885	0.054975326894990795
3.8899999999999997	0.05487089903570388
3.895	0.054766529127494766
3.9	0.05466221656038713
3.9050000000000002	0.05455796072413089
3.91	0.054453761008202095
3.915	0.054349616801760633
3.92	0.05424552749363574
3.925	0.054141492472292364
3.9299999999999997	0.05403751112581804
3.935	0.05393358284188774
3.94	0.053829707007745496
3.9450000000000003	0.053725883010176737
3.95	0.05362211023548848
3.955	0.05351838806947608
3.96	0.05341471589739973
3.965	0.053311093103965757
3.9699999999999998	0.053207519073291014
3.9749999999999996	0.05310399318889042
3.98	0.053000514833628526
3.985	0.052897083389718234
3.99	0.052793698238677425
3.995	0.05269035876129734
4.	0.05258706433766355
4.005	0.05248381434704008
4.01	0.05238060816792529
4.015	0.05227744517799383
4.02	0.05217432475404913
4.025	0.052071246272021365
4.03	0.05196820910694904
4.035	0.051865212632897395
4.04	0.05176225622300366
4.045	0.051659339249387135
4.05	0.05155646108313453
4.055	0.05145362109430929
4.0600000000000005	0.05135081865187403
4.0649999999999995	0.051248053123671096
4.07	0.051145323876408987
4.075	0.05104263027563295
4.08	0.050939971685661514
4.085	0.05083734746958646
4.09	0.05073475698925352
4.095	0.05063219960517149
4.1	0.05052967467656515
4.105	0.0504271815612502
4.109999999999999	0.05032471961567907
4.115	0.05022228819487891
4.12	0.05011988665239798
4.125	0.05001751434030112
4.13	0.04991517060913761
4.135	0.0498128548078665
4.14	0.04971056628388407
4.145	0.04960830438293258
4.15	0.04950606844909672
4.155	0.04940385782477533
4.16	0.049301671850600685
4.165	0.04919950986546425
4.17	0.04909737120642365
4.175	0.04899525520870698
4.18	0.048893161205651285
4.1850000000000005	0.04879108852866705
4.1899999999999995	0.04868903650722494
4.195	0.04858700446878036
4.2	0.0484849917387543
4.205	0.04838299764049593
4.21	0.04828102149524132
4.215	0.04817906262207318
4.22	0.04807712033784921
4.225	0.0479751939572391
4.23	0.04787328279258422
4.234999999999999	0.047771386153927446
4.24	0.047669503348948844
4.245	0.047567633682911135
4.25	0.04746577645862849
4.255	0.047363930976426334
4.26	0.047262096534075454
4.265	0.04716027242678019
4.27	0.04705845794708818
4.275	0.046956652384892696
4.28	0.046854855027349075
4.285	0.046753065158837
4.29	0.04665128206093527
4.295	0.04654950501232586
4.3	0.04644773328878954
4.305	0.04634596616313331
4.3100000000000005	0.046244202905143646
4.3149999999999995	0.04614244278152692
4.32	0.046040685055899776
4.325	0.0459389289886583
4.33	0.04583717383699919
4.335	0.04573541885482693
4.34	0.045633663292706156
4.345	0.045531906397811704
4.35	0.045430147413870484
4.355	0.045328385581086594
4.359999999999999	0.04522662013612746
4.365	0.04512485031201229
4.37	0.04502307533808427
4.375	0.0449212944399562
4.38	0.044819506839417225
4.385	0.04471771175439247
4.39	0.0446159083988943
4.395	0.04451409598292786
4.4	0.0444122737124531
4.405	0.04431044078928453
4.41	0.044208596411067655
4.415	0.04410673977118795
4.42	0.04400487005868355
4.425	0.04390298645822901
4.43	0.043801088150014864
4.4350000000000005	0.04369917430969142
4.4399999999999995	0.04359724410830003
4.445	0.04349529671221359
4.45	0.04339333128303915
4.455	0.043291346977518574
4.46	0.04318934294752748
4.465	0.043087318339922534
4.47	0.042985272296490434
4.475	0.04288320395388692
4.48	0.04278111244351406
4.484999999999999	0.0426789968914522
4.49	0.042576856418410566
4.495	0.04247469013957557
4.5	0.04237249716458547
4.505	0.042270276597403414
4.51	0.04216802753622481
4.515	0.04206574907342349
4.52	0.04196344029542203
4.525	0.04186110028261403
4.53	0.04175872810926196
4.535	0.041656322843371105
4.54	0.04155388354667967
4.545	0.0414514092744376
4.55	0.04134889907539524
4.555	0.041246351991662454
4.5600000000000005	0.04114376705859509
4.5649999999999995	0.04104114330471083
4.57	0.0409384797515496
4.575	0.040835775413585
4.58	0.04073302929811712
4.585	0.04063024040513006
4.59	0.040527407727182774
4.595000000000001	0.04042453024928594
4.6	0.040321606948819
4.605	0.04021863679534044
4.609999999999999	0.04011561875051048
4.615	0.040012551767945506
4.62	0.03990943479306859
4.625	0.039806266763029535
4.63	0.03970304660650957
4.635	0.03959977324360107
4.640000000000001	0.039496445585694935
4.645	0.0393930625353144
4.65	0.03928962298595003
4.654999999999999	0.03918612582194737
4.66	0.03908256991832525
4.665	0.038978954140652444
4.67	0.03887527734484473
4.675	0.038771538377063104
4.68	0.0386677360734888
4.6850000000000005	0.03856386926022761
4.6899999999999995	0.038459936753043454
4.695	0.038355937357280254
4.7	0.03825186986763417
4.705	0.03814773306798518
4.71	0.0380435257312065
4.715	0.03793924661900669
4.720000000000001	0.03783489448168118
4.725	0.03773046805797424
4.73	0.03762596607485346
4.734999999999999	0.03752138724730999
4.74	0.03741673027816669
4.745	0.037311993857832
4.75	0.03720717666411852
4.755	0.03710227736200224
4.76	0.03699729460342317
4.765000000000001	0.036892227027029996
4.77	0.0367870732579428
4.775	0.03668183190755845
4.779999999999999	0.03657650157324766
4.785	0.03647108083814286
4.79	0.036365568270886724
4.795	0.03625996242534754
4.8	0.036154261840356805
4.805	0.03604846503948404
4.8100000000000005	0.03594257053069336
4.8149999999999995	0.03583657680609839
4.82	0.035730482341670616
4.825	0.035624285596946914
4.83	0.03551798501468974
4.835	0.035411579020635194
4.84	0.035305066023148216
4.845000000000001	0.035198444412876874
4.85	0.03509171256246219
4.855	0.03498486882619851
4.859999999999999	0.03487791153962841
4.865	0.03477083901928237
4.87	0.03466364956222962
4.875	0.03455634144577119
4.88	0.03444891292701828
4.885	0.03434136224251296
4.890000000000001	0.0342336876078667
4.895	0.03412588721729493
4.9	0.03401795924324912
4.904999999999999	0.03390990183596213
4.91	0.033801713123025316
4.915	0.03369339120892439
4.92	0.03358493417462239
4.925	0.03347634007700401
4.93	0.03336760694851034
4.9350000000000005	0.03325873279654985
4.9399999999999995	0.03314971560302681
4.945	0.03304055332382796
4.95	0.03293124388829654
4.955	0.03282178519864105
4.96	0.03271217512944595
4.965	0.032602411527034844
4.970000000000001	0.032492492208918825
4.975	0.03238241496317831
4.98	0.03227217754784415
4.984999999999999	0.03216177769025338
4.99	0.03205121308641306
4.995	0.03194048140030969
5.	0.031829580263248385
5.005	0.031718507273100306
5.01	0.03160725999361048
5.015000000000001	0.03149583595364164
5.02	0.03138423264641817
5.025	0.0312724475286927
5.029999999999999	0.03116047801999759
5.035	0.03104832150174125
5.04	0.0309359753164356
5.045	0.03082343676673126
5.05	0.030710703114540976
5.055	0.030597771580139547
5.0600000000000005	0.030484639341139125
5.0649999999999995	0.03037130353155171
5.07	0.030257761240756784
5.075	0.03014400951243542
5.08	0.030030045343510347
5.085	0.029915865683017514
5.09	0.029801467430991758
5.095000000000001	0.029686847437248164
5.1	0.029572002500182198
5.105	0.02945692936552859
5.109999999999999	0.029341624725029266
5.115	0.02922608521515313
5.12	0.029110307415656258
5.125	0.028994287848250123
5.13	0.02887802297504707
5.135	0.02876150919707656
5.14	0.028644742852767677
5.145	0.02852772021627859
5.15	0.028410437495867233
5.155	0.02829289083215522
5.16	0.028175076296357803
5.165	0.02805698988844305
5.17	0.027938627535233754
5.175	0.027819985088437128
5.18	0.027701058322629656
5.185	0.027581842933127973
5.19	0.027462334533840328
5.195	0.02734252865499657
5.2	0.02722242074083008
5.205	0.027102006147138546
5.21	0.026981280138803916
5.215	0.026860237887194698
5.22	0.02673887446746019
5.225	0.02661718485577088
5.23	0.026495163926396333
5.235	0.026372806448726565
5.24	0.026250107084166054
5.245	0.026127060382849007
5.25	0.02600366078035305
5.255	0.025879902594149937
5.26	0.025755780020031434
5.265	0.025631287128309695
5.27	0.025506417859905227
5.275	0.0253811660222629
5.28	0.02525552528514413
5.285	0.02512948917619386
5.29	0.025003051076309384
5.295	0.024876204214913992
5.3	0.024748941664931808
5.305	0.02462125633757768
5.31	0.02449314097695381
5.315	0.02436458815438244
5.32	0.024235590262488012
5.325	0.024106139509062086
5.33	0.023976227910563558
5.335	0.023845847285442368
5.34	0.023714989247076112
5.345	0.023583645196394554
5.35	0.0234518063142014
5.355	0.023319463553094128
5.36	0.023186607629011993
5.365	0.02305322901240275
5.37	0.022919317918921836
5.375	0.02278486429971191
5.38	0.022649857831184537
5.385	0.022514287904284825
5.39	0.022378143613240437
5.395	0.022241413743702327
5.4	0.022104086760293407
5.405	0.021966150793504415
5.41	0.021827593625881003
5.415	0.02168840267749176
5.42	0.021548564990598384
5.425	0.021408067213485284
5.43	0.02126689558339187
5.435	0.02112503590848309
5.44	0.02098247354880611
5.445	0.02083919339613185
5.45	0.020695179852632927
5.455	0.02055041680829139
5.46	0.020404887616963005
5.465	0.020258575070982308
5.47	0.02011146137419408
5.475	0.01996352811332361
5.48	0.01981475622752028
5.485	0.01966512597594458
5.49	0.019514616903259865
5.495	0.019363207802826105
5.5	0.019210876677439134
5.505	0.01905760069739849
5.51	0.018903356155668783
5.515	0.0187481184199064
5.52	0.0185918618810621
5.525	0.01843455989825985
5.53	0.0182761847396315
5.535	0.01811670751870865
5.54	0.017956098125996422
5.545	0.017794325155230016
5.55	0.017631355823860877
5.555	0.017467155887136654
5.56	0.01730168954519674
5.565	0.017134919342455025
5.57	0.016966806058458454
5.575	0.016797308589335026
5.58	0.016626383818847026
5.585	0.016453986477841114
5.59	0.016280068990894115
5.595	0.016104581308608566
5.6	0.0159274707239337
5.605	0.01574868167061569
5.61	0.015568155501585263
5.615	0.01538583024474404
5.62	0.0152016403334502
5.625	0.015015516308133085
5.63	0.01482738448544387
5.635	0.014637166590399193
5.64	0.014444779346258992
5.645	0.014250134016247116
5.65	0.014053135889791684
5.655	0.013853683705092327
5.66	0.013651668997874832
5.665	0.01344697536459533
5.67	0.013239477625986871
5.675	0.013029040873881613
5.68	0.01281551938070783
5.6850000000000005	0.012598755347002073
5.69	0.012378577456090877
5.695	0.012154799198745887
5.7	0.011927216921304743
5.705	0.011695607539326405
5.71	0.011459725844017096
5.715	0.011219301309214889
5.72	0.010974034280787798
5.725	0.010723591395966346
5.73	0.010467600033572505
5.735	0.01020564153209327
5.74	0.009937242823970483
5.745	0.009661866009391614
5.75	0.009378895213143659
5.755	0.009087619806285993
5.76	0.008787212682558962
5.765	0.00847670168295037
5.77	0.008154931327050958
5.775	0.007820510502006415
5.78	0.007471739247957702
5.785	0.007106503425496917
5.79	0.006722118161858313
5.795	0.00631508589268003
5.8	0.005880704062169049
5.805	0.005412389633257381
5.8100000000000005	0.004900421551961707
5.815	0.004329338010143166
5.82	0.003671654678193812
5.825	0.0028684056108752983
5.83	0.0017272097869730247
5.835	0.
5.84	0.
5.845	0.
5.85	0.
5.855	0.
5.86	0.
5.865	0.
5.87	0.
5.875	0.
5.88	0.
5.885	0.
5.89	0.
5.895	0.
5.9	0.
5.905	0.
5.91	0.
5.915	0.
5.92	0.
5.925	0.
5.93	0.
5.9350000000000005	0.
5.94	0.
5.945	0.
5.95	0.
5.955	0.
5.96	0.
5.965	0.
5.97	0.
5.975	0.
5.98	0.
5.985	0.
5.99	0.
5.995	0.
6.	0.
6.005	0.
6.01	0.
6.015	0.
6.02	0.
6.025	0.
6.03	0.
6.035	0.
6.04	0.
6.045	0.
6.05	0.
6.055	0.
6.0600000000000005	0.
6.065	0.
6.07	0.
6.075	0.
6.08	0.
6.085	0.
6.09	0.
6.095	0.
6.1	0.
6.105	0.
6.11	0.
6.115	0.
6.12	0.
6.125	0.
6.13	0.
6.135	0.
6.140000000000001	0.
6.145	0.
6.15	0.
6.155	0.
6.16	0.
6.165	0.
6.17	0.
6.175	0.
6.18	0.
6.1850000000000005	0.
6.1899999999999995	0.
6.195	0.
6.2	0.
6.205	0.
6.21	0.
6.215	0.
6.22	0.
6.225	0.
6.23	0.
6.235	0.
6.24	0.
6.245	0.
6.25	0.
6.255	0.
6.26	0.
6.265000000000001	0.
6.27	0.
6.275	0.
6.28	0.
6.285	0.
6.29	0.
6.295	0.
6.3	0.
6.305	0.
6.3100000000000005	0.
6.3149999999999995	0.
6.32	0.
6.325	0.
6.33	0.
6.335	0.
6.34	0.
6.345	0.
6.35	0.
6.355	0.
6.36	0.
6.365	0.
6.37	0.
6.375	0.
6.38	0.
6.385	0.
6.390000000000001	0.
6.395	0.
6.4	0.
6.405	0.
6.41	0.
6.415	0.
6.42	0.
6.425	0.
6.43	0.
6.4350000000000005	0.
6.4399999999999995	0.
6.445	0.
6.45	0.
6.455	0.
6.46	0.
6.465	0.
6.47	0.
6.475	0.
6.48	0.
6.485	0.
6.49	0.
6.495	0.
6.5	0.
6.505	0.
6.51	0.
6.515000000000001	0.
6.52	0.
6.525	0.
6.53	0.
6.535	0.
6.54	0.
6.545	0.
6.55	0.
6.555	0.
6.5600000000000005	0.
6.5649999999999995	0.
6.57	0.
6.575	0.
6.58	0.
6.585	0.
6.59	0.
6.595	0.
6.6	0.
6.605	0.
6.61	0.
6.615	0.
6.62	0.
6.625	0.
6.63	0.
6.635	0.
6.640000000000001	0.
6.645	0.
6.65	0.
6.655	0.
6.66	0.
6.665	0.
6.67	0.
6.675	0.
6.68	0.
6.6850000000000005	0.
6.6899999999999995	0.
6.695	0.
6.7	0.
6.705	0.
6.71	0.
6.715	0.
6.72	0.
6.725	0.
6.73	0.
6.735	0.
6.74	0.
6.745	0.
6.75	0.
6.755	0.
6.76	0.
6.765000000000001	0.
6.77	0.
6.775	0.
6.78	0.
6.785	0.
6.79	0.
6.795	0.
6.8	0.
6.805	0.
6.8100000000000005	0.
6.8149999999999995	0.
6.82	0.
6.825	0.
6.83	0.
6.835	0.
6.84	0.
6.845	0.
6.85	0.
6.855	0.
6.86	0.
6.865	0.
6.87	0.
6.875	0.
6.88	0.
6.885	0.
6.890000000000001	0.
6.895	0.
6.9	0.
6.905	0.
6.91	0.
6.915	0.
6.92	0.
6.925	0.
6.93	0.
6.9350000000000005	0.
6.9399999999999995	0.
6.945	0.
6.95	0.
6.955	0.
6.96	0.
6.965	0.
6.97	0.
6.975	0.
6.98	0.
6.985	0.
6.99	0.
6.995	0.
7.	0.
7.005	0.
7.01	0.
7.015000000000001	0.
7.02	0.
7.025	0.
7.03	0.
7.035	0.
7.04	0.
7.045	0.
7.05	0.
7.055	0.
7.0600000000000005	0.
7.0649999999999995	0.
7.07	0.
7.075	0.
7.08	0.
7.085	0.
7.09	0.
7.095	0.
7.1	0.
7.105	0.
7.11	0.
7.115	0.
7.12	0.
7.125	0.
7.13	0.
7.135	0.
7.140000000000001	0.
7.145	0.
7.15	0.
7.155	0.
7.16	0.
7.165	0.
7.17	0.
7.175	0.
7.18	0.
7.1850000000000005	0.
7.1899999999999995	0.
7.195	0.
7.2	0.
7.205	0.
7.21	0.
7.215	0.
7.220000000000001	0.
7.225	0.
7.23	0.
7.234999999999999	0.
7.24	0.
7.245	0.
7.25	0.
7.255	0.
7.26	0.
7.265000000000001	0.
7.27	0.
7.275	0.
7.28	0.
7.285	0.
7.29	0.
7.295	0.
7.300000000000001	0.
7.305	0.
7.3100000000000005	0.
7.3149999999999995	0.
7.32	0.
7.325	0.
7.33	0.
7.335	0.
7.34	0.
7.345000000000001	0.
7.35	0.
7.355	0.
7.359999999999999	0.
7.365	0.
7.37	0.
7.375	0.
7.38	0.
7.385	0.
7.390000000000001	0.
7.395	0.
7.4	0.
7.405	0.
7.41	0.
7.415	0.
7.42	0.
7.425000000000001	0.
7.43	0.
7.4350000000000005	0.
7.4399999999999995	0.
7.445	0.
7.45	0.
7.455	0.
7.46	0.
7.465	0.
7.470000000000001	0.
7.475	0.
7.48	0.
7.484999999999999	0.
7.49	0.
7.495	0.
7.5	0.
7.505	0.
7.51	0.
7.515000000000001	0.
7.52	0.
7.525	0.
7.53	0.
7.535	0.
7.54	0.
7.545	0.
7.550000000000001	0.
7.555	0.
7.5600000000000005	0.
7.5649999999999995	0.
7.57	0.
7.575	0.
7.58	0.
7.585	0.
7.59	0.
7.595000000000001	0.
7.6	0.
7.605	0.
7.609999999999999	0.
7.615	0.
7.62	0.
7.625	0.
7.63	0.
7.635	0.
7.640000000000001	0.
7.645	0.
7.65	0.
7.655	0.
7.66	0.
7.665	0.
7.67	0.
7.675000000000001	0.
7.68	0.
7.685	0.
7.6899999999999995	0.
7.694999999999999	0.
7.699999999999999	0.
7.704999999999999	0.
7.71	0.
7.715	0.
7.72	0.
7.725	0.
7.7299999999999995	0.
7.734999999999999	0.
7.739999999999999	0.
7.744999999999999	0.
7.75	0.
7.755	0.
7.76	0.
7.765	0.
7.77	0.
7.7749999999999995	0.
7.779999999999999	0.
7.784999999999999	0.
7.79	0.
7.795	0.
7.8	0.
7.805	0.
7.81	0.
7.8149999999999995	0.
7.819999999999999	0.
7.824999999999999	0.
7.829999999999999	0.
7.835	0.
7.84	0.
7.845	0.
7.85	0.
7.8549999999999995	0.
7.859999999999999	0.
7.864999999999999	0.
7.869999999999999	0.
7.875	0.
7.88	0.
7.885	0.
7.89	0.
7.895	0.
7.8999999999999995	0.
7.904999999999999	0.
7.909999999999999	0.
7.915	0.
7.92	0.
7.925	0.
7.93	0.
7.935	0.
7.9399999999999995	0.
7.944999999999999	0.
7.949999999999999	0.
7.955	0.
7.96	0.
7.965	0.
7.97	0.
7.975	0.
7.9799999999999995	0.
7.984999999999999	0.
7.989999999999999	0.
7.994999999999999	0.
8.	0.
8.004999999999999	0.
8.01	0.
8.014999999999999	0.
8.02	0.
8.025	0.
8.03	0.
8.035	0.
8.04	0.
8.045	0.
8.049999999999999	0.
8.055	0.
8.059999999999999	0.
8.065	0.
8.07	0.
8.075	0.
8.08	0.
8.084999999999999	0.
8.09	0.
8.094999999999999	0.
8.1	0.
8.105	0.
8.11	0.
8.115	0.
8.12	0.
8.125	0.
8.129999999999999	0.
8.135	0.
8.139999999999999	0.
8.145	0.
8.15	0.
8.155	0.
8.16	0.
8.165	0.
8.17	0.
8.174999999999999	0.
8.18	0.
8.184999999999999	0.
8.19	0.
8.195	0.
8.2	0.
8.205	0.
8.209999999999999	0.
8.215	0.
8.219999999999999	0.
8.225	0.
8.23	0.
8.235	0.
8.24	0.
8.245	0.
8.25	0.
8.254999999999999	0.
8.26	0.
8.264999999999999	0.
8.27	0.
8.275	0.
8.28	0.
8.285	0.
8.29	0.
8.295	0.
8.299999999999999	0.
8.305	0.
8.309999999999999	0.
8.315	0.
8.32	0.
8.325	0.
8.33	0.
8.334999999999999	0.
8.34	0.
8.344999999999999	0.
8.35	0.
8.355	0.
8.36	0.
8.365	0.
8.37	0.
8.375	0.
8.379999999999999	0.
8.385	0.
8.389999999999999	0.
8.395	0.
8.4	0.
8.405	0.
8.41	0.
8.415	0.
8.42	0.
8.424999999999999	0.
8.43	0.
8.434999999999999	0.
8.44	0.
8.445	0.
8.45	0.
8.455	0.
8.459999999999999	0.
8.465	0.
8.469999999999999	0.
8.475	0.
8.48	0.
8.485	0.
8.49	0.
8.495	0.
8.5	0.
8.504999999999999	0.
8.51	0.
8.515	0.
8.52	0.
8.525	0.
8.53	0.
8.535	0.
8.54	0.
8.545	0.
8.549999999999999	0.
8.555	0.
8.559999999999999	0.
8.565	0.
8.57	0.
8.575	0.
8.58	0.
8.584999999999999	0.
8.59	0.
8.594999999999999	0.
8.6	0.
8.605	0.
8.61	0.
8.615	0.
8.62	0.
8.625	0.
8.629999999999999	0.
8.635	0.
8.64	0.
8.645	0.
8.65	0.
8.655	0.
8.66	0.
8.665	0.
8.67	0.
8.674999999999999	0.
8.68	0.
8.684999999999999	0.
8.69	0.
8.695	0.
8.7	0.
8.705	0.
8.709999999999999	0.
8.715	0.
8.719999999999999	0.
8.725	0.
8.73	0.
8.735	0.
8.74	0.
8.745	0.
8.75	0.
8.754999999999999	0.
8.76	0.
8.765	0.
8.77	0.
8.775	0.
8.78	0.
8.785	0.
8.79	0.
8.795	0.
8.799999999999999	0.
8.805	0.
8.809999999999999	0.
8.815	0.
8.82	0.
8.825	0.
8.83	0.
8.834999999999999	0.
8.84	0.
8.844999999999999	0.
8.85	0.
8.855	0.
8.86	0.
8.865	0.
8.87	0.
8.875	0.
8.879999999999999	0.
8.885	0.
8.89	0.
8.895	0.
8.9	0.
8.905	0.
8.91	0.
8.915	0.
8.92	0.
8.924999999999999	0.
8.93	0.
8.934999999999999	0.
8.94	0.
8.945	0.
8.95	0.
8.955	0.
8.959999999999999	0.
8.965	0.
8.969999999999999	0.
8.975	0.
8.98	0.
8.985	0.
8.99	0.
8.995	0.
9.	0.
9.004999999999999	0.
9.01	0.
9.015	0.
9.02	0.
9.025	0.
9.03	0.
9.035	0.
9.04	0.
9.045	0.
9.049999999999999	0.
9.055	0.
9.059999999999999	0.
9.065	0.
9.07	0.
9.075	0.
9.08	0.
9.084999999999999	0.
9.09	0.
9.094999999999999	0.
9.1	0.
9.105	0.
9.11	0.
9.115	0.
9.12	0.
9.125	0.
9.129999999999999	0.
9.135	0.
9.14	0.
9.145	0.
9.15	0.
9.155	0.
9.16	0.
9.165	0.
9.17	0.
9.174999999999999	0.
9.18	0.
9.184999999999999	0.
9.19	0.
9.195	0.
9.2	0.
9.205	0.
9.209999999999999	0.
9.215	0.
9.219999999999999	0.
9.225	0.
9.23	0.
9.235	0.
9.24	0.
9.245	0.
9.25	0.
9.254999999999999	0.
9.26	0.
9.265	0.
9.27	0.
9.275	0.
9.28	0.
9.285	0.
9.29	0.
9.295	0.
9.299999999999999	0.
9.305	0.
9.309999999999999	0.
9.315	0.
9.32	0.
9.325	0.
9.33	0.
9.334999999999999	0.
9.34	0.
9.344999999999999	0.
9.35	0.
9.355	0.
9.36	0.
9.365	0.
9.37	0.
9.375	0.
9.379999999999999	0.
9.385	0.
9.39	0.
9.395	0.
9.4	0.
9.405	0.
9.41	0.
9.415	0.
9.42	0.
9.424999999999999	0.
9.43	0.
9.434999999999999	0.
9.44	0.
9.445	0.
9.45	0.
9.455	0.
9.459999999999999	0.
9.465	0.
9.469999999999999	0.
9.475	0.
9.48	0.
9.485	0.
9.49	0.
9.495	0.
9.5	0.
9.504999999999999	0.
9.51	0.
9.515	0.
9.52	0.
9.525	0.
9.53	0.
9.535	0.
9.54	0.
9.545	0.
9.549999999999999	0.
9.555	0.
9.559999999999999	0.
9.565	0.
9.57	0.
9.575	0.
9.58	0.
9.584999999999999	0.
9.59	0.
9.594999999999999	0.
9.6	0.
9.605	0.
9.61	0.
9.615	0.
9.62	0.
9.625	0.
9.629999999999999	0.
9.635	0.
9.64	0.
9.645	0.
9.65	0.
9.655	0.
9.66	0.
9.665	0.
9.67	0.
9.674999999999999	0.
9.68	0.
9.684999999999999	0.
9.69	0.
9.695	0.
9.7	0.
9.705	0.
9.709999999999999	0.
9.715	0.
9.719999999999999	0.
9.725	0.
9.73	0.
9.735	0.
9.74	0.
9.745	0.
9.75	0.
9.754999999999999	0.
9.76	0.
9.765	0.
9.77	0.
9.774999999999999	0.
9.78	0.
9.785	0.
9.79	0.
9.795	0.
9.8	0.
9.805	0.
9.809999999999999	0.
9.815	0.
9.82	0.
9.825	0.
9.83	0.
9.834999999999999	0.
9.84	0.
9.844999999999999	0.
9.85	0.
9.855	0.
9.86	0.
9.865	0.
9.87	0.
9.875	0.
9.879999999999999	0.
9.885	0.
9.89	0.
9.895	0.
9.899999999999999	0.
9.905	0.
9.91	0.
9.915	0.
9.92	0.
9.925	0.
9.93	0.
9.934999999999999	0.
9.94	0.
9.945	0.
9.95	0.
9.955	0.
9.959999999999999	0.
9.965	0.
9.969999999999999	0.
9.975	0.
9.98	0.
9.985	0.
9.99	0.
9.995	0.
10.	0.
10.004999999999999	0.
10.01	0.
10.015	0.
10.02	0.
10.024999999999999	0.
10.03	0.
10.035	0.
10.04	0.
10.045	0.
10.05	0.
10.055	0.
10.059999999999999	0.
10.065	0.
10.07	0.
10.075	0.
10.08	0.
10.084999999999999	0.
10.09	0.
10.094999999999999	0.
10.1	0.
10.105	0.
10.11	0.
10.115	0.
10.12	0.
10.125	0.
10.129999999999999	0.
10.135	0.
10.14	0.
10.145	0.
10.149999999999999	0.
10.155	0.
10.16	0.
10.165	0.
10.17	0.
10.175	0.
10.18	0.
10.184999999999999	0.
10.19	0.
10.195	0.
10.2	0.
10.205	0.
10.209999999999999	0.
10.215	0.
10.219999999999999	0.
10.225	0.
10.23	0.
10.235	0.
10.24	0.
10.245000000000001	0.
10.250000000000002	0.
10.255	0.
10.260000000000002	0.
10.265	0.
10.270000000000001	0.
10.275	0.
10.280000000000001	0.
10.285	0.
10.290000000000001	0.
10.295000000000002	0.
10.3	0.
10.305000000000001	0.
10.31	0.
10.315000000000001	0.
10.32	0.
10.325000000000001	0.
10.330000000000002	0.
10.335	0.
10.340000000000002	0.
10.345	0.
10.350000000000001	0.
10.355	0.
10.360000000000001	0.
10.365	0.
10.370000000000001	0.
10.375000000000002	0.
10.38	0.
10.385000000000002	0.
10.39	0.
10.395000000000001	0.
10.4	0.
10.405000000000001	0.
10.41	0.
10.415000000000001	0.
10.420000000000002	0.
10.425	0.
10.430000000000001	0.
10.435	0.
10.440000000000001	0.
10.445	0.
10.450000000000001	0.
10.455000000000002	0.
10.46	0.
10.465000000000002	0.
10.47	0.
10.475000000000001	0.
10.48	0.
10.485000000000001	0.
10.49	0.
10.495000000000001	0.
10.500000000000002	0.
10.505	0.
10.510000000000002	0.
10.515	0.
10.520000000000001	0.
10.525	0.
10.530000000000001	0.
10.535	0.
10.540000000000001	0.
10.545000000000002	0.
10.55	0.
10.555000000000001	0.
10.56	0.
10.565000000000001	0.
10.57	0.
10.575000000000001	0.
10.580000000000002	0.
10.585	0.
10.590000000000002	0.
10.595	0.
10.600000000000001	0.
10.605	0.
10.610000000000001	0.
10.615	0.
10.620000000000001	0.
10.625000000000002	0.
10.63	0.
10.635000000000002	0.
10.64	0.
10.645000000000001	0.
10.65	0.
10.655000000000001	0.
10.66	0.
10.665000000000001	0.
10.670000000000002	0.
10.675	0.
10.680000000000001	0.
10.685	0.
10.690000000000001	0.
10.695	0.
10.700000000000001	0.
10.705000000000002	0.
10.71	0.
10.715000000000002	0.
10.72	0.
10.725000000000001	0.
10.73	0.
10.735000000000001	0.
10.74	0.
10.745000000000001	0.
10.750000000000002	0.
10.755	0.
10.760000000000002	0.
10.765	0.
10.770000000000001	0.
10.775	0.
10.780000000000001	0.
10.785	0.
10.790000000000001	0.
10.795000000000002	0.
10.8	0.
10.805000000000001	0.
10.81	0.
10.815000000000001	0.
10.82	0.
10.825000000000001	0.
10.830000000000002	0.
10.835	0.
10.840000000000002	0.
10.845	0.
10.850000000000001	0.
10.855	0.
10.860000000000001	0.
10.865	0.
10.870000000000001	0.
10.875000000000002	0.
10.88	0.
10.885000000000002	0.
10.89	0.
10.895000000000001	0.
10.9	0.
10.905000000000001	0.
10.91	0.
10.915000000000001	0.
10.920000000000002	0.
10.925	0.
10.930000000000001	0.
10.935	0.
10.940000000000001	0.
10.945	0.
10.950000000000001	0.
10.955000000000002	0.
10.96	0.
10.965000000000002	0.
10.97	0.
10.975000000000001	0.
10.98	0.
10.985000000000001	0.
10.99	0.
10.995000000000001	0.
11.000000000000002	0.
11.005	0.
11.010000000000002	0.
11.015	0.
11.020000000000001	0.
11.025	0.
11.030000000000001	0.
11.035	0.
11.040000000000001	0.
11.045000000000002	0.
11.05	0.
11.055000000000001	0.
11.06	0.
11.065000000000001	0.
11.07	0.
11.075000000000001	0.
11.080000000000002	0.
11.085	0.
11.090000000000002	0.
11.095	0.
11.100000000000001	0.
11.105	0.
11.110000000000001	0.
11.115	0.
11.120000000000001	0.
11.125000000000002	0.
11.13	0.
11.135000000000002	0.
11.14	0.
11.145000000000001	0.
11.15	0.
11.155000000000001	0.
11.16	0.
11.165000000000001	0.
11.170000000000002	0.
11.175	0.
11.180000000000001	0.
11.185	0.
11.190000000000001	0.
11.195	0.
11.200000000000001	0.
11.205000000000002	0.
11.21	0.
11.215000000000002	0.
11.22	0.
11.225000000000001	0.
11.23	0.
11.235000000000001	0.
11.24	0.
11.245000000000001	0.
11.250000000000002	0.
11.255	0.
11.260000000000002	0.
11.265	0.
11.270000000000001	0.
11.275	0.
11.280000000000001	0.
11.285	0.
11.290000000000001	0.
11.295000000000002	0.
11.3	0.
11.305000000000001	0.
11.31	0.
11.315000000000001	0.
11.32	0.
11.325000000000001	0.
11.330000000000002	0.
11.335	0.
11.340000000000002	0.
11.345	0.
11.350000000000001	0.
11.355	0.
11.360000000000001	0.
11.365000000000002	0.
11.370000000000001	0.
11.375000000000002	0.
11.38	0.
11.385000000000002	0.
11.39	0.
11.395000000000001	0.
11.4	0.
11.405000000000001	0.
11.41	0.
11.415000000000001	0.
11.420000000000002	0.
11.425	0.
11.430000000000001	0.
11.435	0.
11.440000000000001	0.
11.445	0.
11.450000000000001	0.
11.455000000000002	0.
11.46	0.
11.465000000000002	0.
11.47	0.
11.475000000000001	0.
11.48	0.
11.485000000000001	0.
11.490000000000002	0.
11.495000000000001	0.
11.500000000000002	0.
11.505	0.
11.510000000000002	0.
11.515	0.
11.520000000000001	0.
11.525	0.
11.530000000000001	0.
11.535	0.
11.540000000000001	0.
11.545000000000002	0.
11.55	0.
11.555000000000001	0.
11.56	0.
11.565000000000001	0.
11.57	0.
11.575000000000001	0.
11.580000000000002	0.
11.585	0.
11.590000000000002	0.
11.595	0.
11.600000000000001	0.
11.605	0.
11.610000000000001	0.
11.615000000000002	0.
11.620000000000001	0.
11.625000000000002	0.
11.63	0.
11.635000000000002	0.
11.64	0.
11.645000000000001	0.
11.65	0.
11.655000000000001	0.
11.66	0.
11.665000000000001	0.
11.670000000000002	0.
11.675	0.
11.680000000000001	0.
11.685	0.
11.690000000000001	0.
11.695	0.
11.700000000000001	0.
11.705000000000002	0.
11.71	0.
11.715000000000002	0.
11.72	0.
11.725000000000001	0.
11.73	0.
11.735000000000001	0.
11.740000000000002	0.
11.745000000000001	0.
11.750000000000002	0.
11.755	0.
11.760000000000002	0.
11.765	0.
11.770000000000001	0.
11.775	0.
11.780000000000001	0.
11.785	0.
11.790000000000001	0.
11.795000000000002	0.
11.8	0.
11.805000000000001	0.
11.81	0.
11.815000000000001	0.
11.82	0.
11.825000000000001	0.
11.830000000000002	0.
11.835	0.
11.840000000000002	0.
11.845	0.
11.850000000000001	0.
11.855	0.
11.860000000000001	0.
11.865000000000002	0.
11.870000000000001	0.
11.875000000000002	0.
11.88	0.
11.885000000000002	0.
11.89	0.
11.895000000000001	0.
11.9	0.
11.905000000000001	0.
11.91	0.
11.915000000000001	0.
11.920000000000002	0.
11.925	0.
11.930000000000001	0.
11.935	0.
11.940000000000001	0.
11.945	0.
11.950000000000001	0.
11.955000000000002	0.
11.96	0.
11.965000000000002	0.
11.97	0.
11.975000000000001	0.
11.98	0.
11.985000000000001	0.
11.990000000000002	0.
11.995000000000001	0.
12.000000000000002	0.
12.005	0.
12.010000000000002	0.
12.015	0.
12.020000000000001	0.
12.025	0.
12.030000000000001	0.
12.035	0.
12.040000000000001	0.
12.045000000000002	0.
12.05	0.
12.055000000000001	0.
12.06	0.
12.065000000000001	0.
12.07	0.
12.075000000000001	0.
12.080000000000002	0.
12.085	0.
12.090000000000002	0.
12.095	0.
12.100000000000001	0.
12.105	0.
12.110000000000001	0.
12.115000000000002	0.
12.120000000000001	0.
12.125000000000002	0.
12.13	0.
12.135000000000002	0.
12.14	0.
12.145000000000001	0.
12.15	0.
12.155000000000001	0.
12.16	0.
12.165000000000001	0.
12.170000000000002	0.
12.175	0.
12.180000000000001	0.
12.185	0.
12.190000000000001	0.
12.195	0.
12.200000000000001	0.
12.205000000000002	0.
12.21	0.
12.215000000000002	0.
12.22	0.
12.225000000000001	0.
12.23	0.
12.235000000000001	0.
12.240000000000002	0.
12.245000000000001	0.
12.25	0.
12.255	0.
12.260000000000002	0.
12.265	0.
12.270000000000001	0.
12.275000000000002	0.
12.280000000000001	0.
12.285	0.
12.290000000000001	0.
12.295000000000002	0.
12.3	0.
12.305000000000001	0.
12.31	0.
12.315000000000001	0.
12.32	0.
12.325000000000001	0.
12.330000000000002	0.
12.335	0.
12.340000000000002	0.
12.345	0.
12.350000000000001	0.
12.355	0.
12.360000000000001	0.
12.365000000000002	0.
12.370000000000001	0.
12.375	0.
12.38	0.
12.385000000000002	0.
12.39	0.
12.395000000000001	0.
12.400000000000002	0.
12.405000000000001	0.
12.41	0.
12.415000000000001	0.
12.420000000000002	0.
12.425	0.
12.430000000000001	0.
12.435	0.
12.440000000000001	0.
12.445	0.
12.450000000000001	0.
12.455000000000002	0.
12.46	0.
12.465000000000002	0.
12.47	0.
12.475000000000001	0.
12.48	0.
12.485000000000001	0.
12.490000000000002	0.
12.495000000000001	0.
12.5	0.
12.505	0.
12.510000000000002	0.
12.515	0.
12.520000000000001	0.
12.525000000000002	0.
12.530000000000001	0.
12.535	0.
12.540000000000001	0.
12.545000000000002	0.
12.55	0.
12.555000000000001	0.
12.56	0.
12.565000000000001	0.
12.57	0.
12.575000000000001	0.
12.580000000000002	0.
12.585	0.
12.590000000000002	0.
12.595	0.
12.600000000000001	0.
12.605	0.
12.610000000000001	0.
12.615000000000002	0.
12.620000000000001	0.
12.625	0.
12.63	0.
12.635000000000002	0.
12.64	0.
12.645000000000001	0.
12.650000000000002	0.
12.655000000000001	0.
12.66	0.
12.665000000000001	0.
12.670000000000002	0.
12.675	0.
12.680000000000001	0.
12.685	0.
12.690000000000001	0.
12.695	0.
12.700000000000001	0.
12.705000000000002	0.
12.71	0.
12.715000000000002	0.
12.72	0.
12.725000000000001	0.
12.73	0.
12.735000000000001	0.
12.740000000000002	0.
12.745000000000001	0.
12.75	0.
12.755	0.
12.760000000000002	0.
12.765	0.
12.770000000000001	0.
12.775000000000002	0.
12.780000000000001	0.
12.785	0.
12.790000000000001	0.
12.795000000000002	0.
12.8	0.
12.805000000000001	0.
12.810000000000002	0.
12.815000000000001	0.
12.820000000000002	0.
12.825000000000001	0.
12.830000000000002	0.
12.835	0.
12.840000000000002	0.
12.845	0.
12.850000000000001	0.
12.855000000000002	0.
12.860000000000001	0.
12.865000000000002	0.
12.870000000000001	0.
12.875000000000002	0.
12.88	0.
12.885000000000002	0.
12.890000000000002	0.
12.895000000000001	0.
12.900000000000002	0.
12.905000000000001	0.
12.910000000000002	0.
12.915000000000001	0.
12.920000000000002	0.
12.925	0.
12.930000000000001	0.
12.935000000000002	0.
12.940000000000001	0.
12.945000000000002	0.
12.950000000000001	0.
12.955000000000002	0.
12.96	0.
12.965000000000002	0.
12.97	0.
12.975000000000001	0.
12.980000000000002	0.
12.985000000000001	0.
12.990000000000002	0.
12.995000000000001	0.
13.000000000000002	0.
13.005	0.
13.010000000000002	0.
13.015000000000002	0.
13.020000000000001	0.
13.025000000000002	0.
13.030000000000001	0.
13.035000000000002	0.
13.040000000000001	0.
13.045000000000002	0.
13.05	0.
13.055000000000001	0.
13.060000000000002	0.
13.065000000000001	0.
13.070000000000002	0.
13.075000000000001	0.
13.080000000000002	0.
13.085	0.
13.090000000000002	0.
13.095	0.
13.100000000000001	0.
13.105000000000002	0.
13.110000000000001	0.
13.115000000000002	0.
13.120000000000001	0.
13.125000000000002	0.
13.13	0.
13.135000000000002	0.
13.140000000000002	0.
13.145000000000001	0.
13.150000000000002	0.
13.155000000000001	0.
13.160000000000002	0.
13.165000000000001	0.
13.170000000000002	0.
13.175	0.
13.180000000000001	0.
13.185000000000002	0.
13.190000000000001	0.
13.195000000000002	0.
13.200000000000001	0.
13.205000000000002	0.
13.21	0.
13.215000000000002	0.
13.220000000000002	0.
13.225000000000001	0.
13.230000000000002	0.
13.235000000000001	0.
13.240000000000002	0.
13.245000000000001	0.
13.250000000000002	0.
13.255	0.
13.260000000000002	0.
13.265000000000002	0.
13.270000000000001	0.
13.275000000000002	0.
13.280000000000001	0.
13.285000000000002	0.
13.290000000000001	0.
13.295000000000002	0.
13.3	0.
13.305000000000001	0.
13.310000000000002	0.
13.315000000000001	0.
13.320000000000002	0.
13.325000000000001	0.
13.330000000000002	0.
13.335	0.
13.340000000000002	0.
13.345000000000002	0.
13.350000000000001	0.
13.355000000000002	0.
13.360000000000001	0.
13.365000000000002	0.
13.370000000000001	0.
13.375000000000002	0.
13.38	0.
13.385000000000002	0.
13.39	0.
13.395000000000001	0.
13.400000000000002	0.
13.405000000000001	0.
13.410000000000002	0.
13.415000000000001	0.
13.420000000000002	0.
13.425	0.
13.430000000000001	0.
13.435000000000002	0.
13.440000000000001	0.
13.445000000000002	0.
13.450000000000001	0.
13.455000000000002	0.
13.46	0.
13.465000000000002	0.
13.470000000000002	0.
13.475000000000001	0.
13.480000000000002	0.
13.485000000000001	0.
13.490000000000002	0.
13.495000000000001	0.
13.500000000000002	0.
13.505	0.
13.510000000000002	0.
13.515	0.
13.520000000000001	0.
13.525000000000002	0.
13.530000000000001	0.
13.535000000000002	0.
13.540000000000001	0.
13.545000000000002	0.
13.55	0.
13.555000000000001	0.
13.560000000000002	0.
13.565000000000001	0.
13.570000000000002	0.
13.575000000000001	0.
13.580000000000002	0.
13.585	0.
13.590000000000002	0.
13.595000000000002	0.
13.600000000000001	0.
13.605000000000002	0.
13.610000000000001	0.
13.615000000000002	0.
13.620000000000001	0.
13.625000000000002	0.
13.63	0.
13.635000000000002	0.
13.64	0.
13.645000000000001	0.
13.650000000000002	0.
13.655000000000001	0.
13.660000000000002	0.
13.665000000000001	0.
13.670000000000002	0.
13.675	0.
13.680000000000001	0.
13.685000000000002	0.
13.690000000000001	0.
13.695000000000002	0.
13.700000000000001	0.
13.705000000000002	0.
13.71	0.
13.715000000000002	0.
13.720000000000002	0.
13.725000000000001	0.
13.730000000000002	0.
13.735000000000001	0.
13.740000000000002	0.
13.745000000000001	0.
13.750000000000002	0.
13.755	0.
13.760000000000002	0.
13.765	0.
13.770000000000001	0.
13.775000000000002	0.
13.780000000000001	0.
13.785000000000002	0.
13.790000000000001	0.
13.795000000000002	0.
13.8	0.
13.805000000000001	0.
13.810000000000002	0.
13.815000000000001	0.
13.820000000000002	0.
13.825000000000001	0.
13.830000000000002	0.
13.835	0.
13.840000000000002	0.
13.845000000000002	0.
13.850000000000001	0.
13.855000000000002	0.
13.860000000000001	0.
13.865000000000002	0.
13.870000000000001	0.
13.875000000000002	0.
13.88	0.
13.885000000000002	0.
13.89	0.
13.895000000000001	0.
13.900000000000002	0.
13.905000000000001	0.
13.910000000000002	0.
13.915000000000001	0.
13.920000000000002	0.
13.925	0.
13.930000000000001	0.
13.935000000000002	0.
13.940000000000001	0.
13.945000000000002	0.
13.950000000000001	0.
13.955000000000002	0.
13.96	0.
13.965000000000002	0.
13.970000000000002	0.
13.975000000000001	0.
13.980000000000002	0.
13.985000000000001	0.
13.990000000000002	0.
13.995000000000001	0.
14.	0.