0.005	0.
0.01	0.
0.015	0.
0.02	0.
0.025	0.
0.030000000000000002	0.
0.034999999999999996	0.
0.04	0.
0.045	0.
0.049999999999999996	0.
0.055	0.
0.06	0.
0.065	0.
0.07	0.
0.07500000000000001	0.
0.08	0.
0.085	0.
0.09000000000000001	0.
0.095	0.
0.1	0.
0.10500000000000001	0.
0.11	0.
0.115	0.12178867093364368
0.12000000000000001	0.17612391185272983
0.125	0.2108526396642537
0.13	0.23586012857662547
0.135	0.25479147457905005
0.14	0.2695125210561919
0.14500000000000002	0.28113916857773125
0.15	0.2904030924464528
0.155	0.2978140400801735
0.16	0.303742714416757
0.165	0.30846744092005185
0.17	0.3122024004462864
0.17500000000000002	0.31511567572913607
0.18000000000000002	0.3173412980996154
0.185	0.31898757556620355
0.19	0.3201430182364418
0.195	0.32088065684875444
0.2	0.3212612549467692
0.20500000000000002	0.3213357402263793
0.21000000000000002	0.32114707292836375
0.215	0.3207317007631508
0.22	0.3201207051834989
0.225	0.31934071391653257
0.23	0.3184146342085211
0.23500000000000001	0.3173622469671703
0.24000000000000002	0.3162006918610563
0.245	0.31494486613832934
0.25	0.3136077545928798
0.255	0.3122007041573849
0.26	0.31073365364508326
0.265	0.3092153269233352
0.27	0.30765339609055947
0.275	0.30605461990803384
0.28	0.3044249617112738
0.28500000000000003	0.30276969022082406
0.29000000000000004	0.3010934660369115
0.295	0.29940041609736645
0.3	0.2976941979742783
0.305	0.2959780555599106
0.31	0.2942548674295084
0.315	0.2925271889548733
0.32	0.29079728906787894
0.325	0.2890671824297467
0.33	0.2873386576435868
0.335	0.28561330204989827
0.34	0.2838925235632641
0.34500000000000003	0.2821775699406296
0.35000000000000003	0.28046954581467115
0.35500000000000004	0.27876942777802954
0.36	0.2770780777638655
0.365	0.27539625493419484
0.37	0.27372462625858174
0.375	0.27206377594117664
0.38	0.27041421383322134
0.385	0.2687763829501198
0.39	0.26715066619698014
0.395	0.26553739239319396
0.4	0.263936841675374
0.405	0.2623492503480932
0.41000000000000003	0.2607748152434419
0.41500000000000004	0.25921369764301844
0.42000000000000004	0.2576660268096314
0.425	0.25613190317039075
0.43	0.25461140118803366
0.435	0.2531045719531049
0.44	0.25161144552593484
0.445	0.25013203305400694
0.45	0.24866632868761251
0.455	0.247214311314003
0.46	0.24577594612825718
0.465	0.24435118605685974
0.47000000000000003	0.24293997304858436
0.47500000000000003	0.24154223924549936
0.48000000000000004	0.24015790804553336
0.485	0.23878689506730894
0.49	0.23742910902612518
0.495	0.23608445252976543
0.5	0.2347528228014843
0.505	0.23343411233690403
0.51	0.23212820950116655
0.515	0.23083499907144306
0.52	0.22955436273006452
0.525	0.2282861795129012
0.53	0.22703032621593375
0.535	0.2257866935555747
0.54	0.22455510755712102
0.545	0.2233354877535061
0.55	0.2221276895687567
0.555	0.22093158351597672
0.56	0.21974703963553802
0.5650000000000001	0.21857392770140166
0.5700000000000001	0.21741211740781238
0.5750000000000001	0.21626147853810915
0.5800000000000001	0.21512188111724911
0.585	0.2139931955494127
0.59	0.21287529274191752
0.595	0.21176804421674633
0.6	0.21067132221061632
0.605	0.20958499976463957
0.61	0.20850895080447068
0.615	0.20744305021170867
0.62	0.2063871738873287
0.625	0.20534119880784565
0.63	0.20430500307477054
0.635	0.20327846595799412
0.64	0.2022614679335902
0.645	0.20125389071650218
0.65	0.20025561728860933
0.655	0.19926653192250962
0.66	0.19828652020141435
0.665	0.19731546903551123
0.67	0.19635326667509315
0.675	0.19539980272071916
0.68	0.1944549681307138
0.685	0.1935186552261808
0.6900000000000001	0.19259075769383524
0.6950000000000001	0.1916711705867794
0.7000000000000001	0.19075979032344764
0.7050000000000001	0.18985651468490747
0.71	0.18896124281061372
0.715	0.188073875192841
0.72	0.18719431366985967
0.725	0.18632246141800557
0.73	0.18545822294276715
0.735	0.18460150406897072
0.74	0.1837522119301597
0.745	0.18291025495729024
0.75	0.1820755428667632
0.755	0.18124798664792247
0.76	0.18042749855005014
0.765	0.17961399206894446
0.77	0.1788073819331157
0.775	0.17800758408966946
0.78	0.17721451568992497
0.785	0.17642809507478624
0.79	0.17564824175994295
0.795	0.17487487642091631
0.8	0.17410792087799057
0.805	0.17334729808104007
0.81	0.1725929320943265
0.8150000000000001	0.17184474808123926
0.8200000000000001	0.17110267228904377
0.8250000000000001	0.17036663203361677
0.8300000000000001	0.16963655568423788
0.8350000000000001	0.16891237264842437
0.84	0.1681940133568059
0.845	0.1674814092481168
0.85	0.16677449275424533
0.855	0.16607319728540082
0.86	0.1653774572153995
0.865	0.16468720786706165
0.87	0.16400238549773816
0.875	0.16332292728499223
0.88	0.16264877131241037
0.885	0.16197985655556887
0.89	0.1613161228681606
0.895	0.1606575109682741
0.9	0.16000396242484738
0.905	0.15935541964427935
0.91	0.15871182585721708
0.915	0.15807312510551128
0.92	0.1574392622293544
0.925	0.15681018285458562
0.93	0.15618583338017306
0.935	0.15556616096588216
0.9400000000000001	0.15495111352011653
0.9450000000000001	0.154340639687928
0.9500000000000001	0.15373468883922448
0.9550000000000001	0.15313321105713745
0.9600000000000001	0.1525361571265751
0.965	0.15194347852294782
0.97	0.151355127401078
0.975	0.15077105658426943
0.98	0.1501912195535624
0.985	0.14961557043715698
0.99	0.14904406399999895
0.995	0.14847665563355153
1.	0.14791330134571323
1.005	0.14735395775091717
1.01	0.14679858206039018
1.015	0.14624713207256515
1.02	0.1456995661636666
1.025	0.14515584327843845
1.0299999999999998	0.14461592292104702
1.035	0.14407976514611734
1.0399999999999998	0.14354733054993565
1.045	0.14301858026179276
1.0499999999999998	0.1424934759354829
1.055	0.14197197974093886
1.0599999999999998	0.14145405435601544
1.065	0.1409396629584162
1.0699999999999998	0.14042876921775055
1.075	0.13992133728773906
1.0799999999999998	0.13941733179854368
1.085	0.13891671784922985
1.0899999999999999	0.13841946100037344
1.095	0.13792552726677393
1.0999999999999999	0.13743488311031532
1.105	0.13694749543292978
1.1099999999999999	0.13646333156970603
1.115	0.13598235928209532
1.1199999999999999	0.1355045467512511
1.125	0.13502986257148075
1.13	0.13455827574380155
1.135	0.13408975566962783
1.14	0.13362427214454545
1.145	0.13316179535221304
1.15	0.13270229585835802
1.155	0.13224574460487953
1.16	0.13179211290406156
1.1649999999999998	0.13134137243286817
1.17	0.13089349522736274
1.1749999999999998	0.13044845367719685
1.18	0.13000622052021912
1.1849999999999998	0.1295667688371585
1.19	0.1291300720464135
1.1949999999999998	0.1286961038989197
1.2	0.1282648384731171
1.2049999999999998	0.1278362501699931
1.21	0.12741031370822037
1.2149999999999999	0.12698700411937489
1.22	0.12656629674323033
1.2249999999999999	0.12614816722314642
1.23	0.12573259150152247
1.2349999999999999	0.12531954581533827
1.24	0.1249090066917655
1.2449999999999999	0.12450095094386096
1.25	0.12409535566632238
1.255	0.12369219823132975
1.26	0.12329145628444742
1.265	0.12289310774059806
1.27	0.12249713078010796
1.275	0.12210350384481639
1.28	0.12171220563425335
1.285	0.12132321510187648
1.2899999999999998	0.12093651145138051
1.295	0.12055207413305628
1.2999999999999998	0.12016988284022609
1.305	0.11978991750572435
1.3099999999999998	0.11941215829844617
1.315	0.1190365856199532
1.3199999999999998	0.11866318010112903
1.325	0.11829192259889926
1.3299999999999998	0.11792279419299974
1.335	0.11755577618280315
1.3399999999999999	0.11719085008419425
1.345	0.11682799762649779
1.3499999999999999	0.11646720074945921
1.355	0.11610844160027173
1.3599999999999999	0.11575170253065642
1.365	0.11539696609398575
1.3699999999999999	0.11504421504245899
1.375	0.1146934323243168
1.38	0.11434460108111014
1.385	0.11399770464500816
1.39	0.11365272653614909
1.395	0.11330965046003803
1.4	0.11296846030498357
1.405	0.11262914013957588
1.41	0.1122916742102101
1.4149999999999998	0.11195604693864294
1.42	0.11162224291959312
1.4249999999999998	0.11129024691837831
1.43	0.11096004386858925
1.4349999999999998	0.11063161886980487
1.44	0.11030495718533949
1.4449999999999998	0.10998004424002762
1.45	0.10965686561804215
1.4549999999999998	0.1093354070607518
1.46	0.10901565446460688
1.4649999999999999	0.10869759387905985
1.47	0.10838121150452366
1.4749999999999999	0.10806649369035527
1.48	0.10775342693287113
1.4849999999999999	0.10744199787340074
1.49	0.1071321932963635
1.4949999999999999	0.1068240001273781
1.5	0.10651740543139905
1.505	0.10621239641089064
1.51	0.10590896040401512
1.515	0.10560708488285911
1.52	0.10530675745168784
1.525	0.10500796584521721
1.53	0.10471069792692425
1.535	0.10441494168737146
1.54	0.10412068524256772
1.545	0.10382791683234546
1.5499999999999998	0.10353662481876882
1.555	0.10324679768456209
1.5599999999999998	0.10295842403156151
1.565	0.10267149257919712
1.5699999999999998	0.10238599216298575
1.575	0.10210191173306046
1.5799999999999998	0.10181924035270935
1.585	0.10153796719694597
1.5899999999999999	0.10125808155109453
1.595	0.10097957280940018
1.5999999999999999	0.10070243047365965
1.605	0.10042664415186785
1.6099999999999999	0.10015220355689142
1.615	0.09987909850515743
1.6199999999999999	0.09960731891536144
1.625	0.09933685480719612
1.63	0.09906769630009836
1.635	0.09879983361201372
1.64	0.09853325705818218
1.645	0.09826795704993305
1.65	0.09800392409351236
1.655	0.09774114878890942
1.66	0.09747962182871643
1.665	0.09721933399699412
1.67	0.09696027616815714
1.6749999999999998	0.09670243930587796
1.68	0.09644581446200104
1.6849999999999998	0.09619039277547979
1.69	0.09593616547132101
1.6949999999999998	0.09568312385955043
1.7	0.09543125933419135
1.7049999999999998	0.09518056337225296
1.71	0.09493102753274281
1.7149999999999999	0.09468264345568515
1.72	0.09443540286115576
1.7249999999999999	0.0941892975483305
1.73	0.09394431939454835
1.7349999999999999	0.09370046035438379
1.74	0.09345771245873921
1.7449999999999999	0.09321606781394128
1.75	0.09297551860085673
1.755	0.09273605707401848
1.76	0.09249767556076133
1.765	0.09226036646037462
1.77	0.09202412224326244
1.775	0.09178893545011521
1.78	0.09155479869109828
1.785	0.09132170464504451
1.79	0.09108964605866178
1.795	0.09085861574575303
1.7999999999999998	0.09062860658644187
1.805	0.09039961152641135
1.8099999999999998	0.09017162357615836
1.815	0.08994463581024659
1.8199999999999998	0.08971864136658042
1.825	0.08949363344568326
1.8299999999999998	0.0892696053099855
1.835	0.0890465502831274
1.8399999999999999	0.08882446174926181
1.845	0.0886033331523768
1.8499999999999999	0.0883831579956182
1.855	0.08816392984062817
1.8599999999999999	0.08794564230688938
1.865	0.08772828907107709
1.8699999999999999	0.08751186386642189
1.875	0.08729636048207971
1.88	0.08708177276251158
1.885	0.0868680946068681
1.89	0.0866553199683879
1.895	0.08644344285379765
1.9	0.08623245732272358
1.905	0.0860223574871107
1.91	0.08581313751064823
1.915	0.08560479160820392
1.92	0.08539731404526431
1.9249999999999998	0.08519069913738246
1.93	0.0849849412496348
1.9349999999999998	0.08478003479608218
1.94	0.08457597423924086
1.9449999999999998	0.08437275408955631
1.95	0.08417036890488815
1.9549999999999998	0.0839688132899994
1.96	0.08376808189605184
1.9649999999999999	0.08356816942011001
1.97	0.08336907060464747
1.9749999999999999	0.08317078023706519
1.98	0.08297329314920998
1.9849999999999999	0.08277660421690486
1.99	0.08258070835947964
1.9949999999999999	0.08238560053931208
2.	0.08219127576137163
2.005	0.08199772907277171
2.01	0.08180495556232438
2.015	0.08161295036010435
2.02	0.08142170863701462
2.025	0.08123122560436105
2.03	0.08104149651342883
2.035	0.08085251665506732
2.04	0.0806642813592784
2.045	0.08047678599480981
2.05	0.08029002596875334
2.0549999999999997	0.08010399672615057
2.06	0.07991869374959878
2.065	0.07973411255886714
2.07	0.07955024871051217
2.0749999999999997	0.07936709779750227
2.08	0.0791846554488447
2.085	0.07900291732921683
2.09	0.0788218791386044
2.0949999999999998	0.07864153661194018
2.1	0.07846188551875075
2.105	0.07828292166280502
2.11	0.07810464088176813
2.1149999999999998	0.07792703904686109
2.12	0.07775011206251967
2.125	0.07757385586606244
2.13	0.07739826642736161
2.135	0.07722333974851436
2.14	0.0770490718635241
2.145	0.07687545883797922
2.15	0.07670249676874129
2.155	0.07653018178363091
2.16	0.07635851004112496
2.165	0.07618747773005038
2.17	0.07601708106928398
2.175	0.07584731630745861
2.18	0.07567817972266765
2.185	0.07550966762217762
2.19	0.07534177634214109
2.195	0.07517450224731462
2.1999999999999997	0.07500784173077912
2.205	0.07484179121366435
2.21	0.07467634714487469
2.215	0.0745115060008205
2.2199999999999998	0.07434726428515268
2.225	0.0741836185284952
2.23	0.07402056528819044
2.235	0.07385810114803572
2.2399999999999998	0.07369622271803403
2.245	0.07353492663413806
2.25	0.0733742095580054
2.255	0.07321406817674936
2.26	0.07305449920269802
2.265	0.07289549937315343
2.27	0.0727370654501544
2.275	0.07257919422024003
2.28	0.07242188249422006
2.285	0.07226512710694301
2.29	0.07210892491707126
2.295	0.07195327280685396
2.3	0.07179816768190889
2.305	0.07164360647099936
2.31	0.07148958612581946
2.315	0.07133610362077901
2.32	0.07118315595279141
2.3249999999999997	0.07103074014106384
2.33	0.07087885322689029
2.335	0.07072749227344555
2.34	0.07057665436558302
2.3449999999999998	0.07042633660963471
2.35	0.07027653613321112
2.355	0.0701272500850073
2.36	0.06997847563460602
2.3649999999999998	0.06983020997228975
2.37	0.06968245030884698
2.375	0.06953519387538644
2.38	0.06938843792315146
2.385	0.06924217972333628
2.39	0.0690964165669036
2.395	0.06895114576440581
2.4	0.06880636464580729
2.405	0.06866207056030821
2.41	0.06851826087617002
2.415	0.0683749329805454
2.42	0.06823208427930642
2.425	0.06808971219687654
2.43	0.06794781417606419
2.435	0.06780638767789858
2.44	0.06766543018146631
2.445	0.06752493918374972
2.4499999999999997	0.06738491219946796
2.455	0.06724534676091952
2.46	0.06710624041782486
2.465	0.066967590737173
2.4699999999999998	0.06682939530306886
2.475	0.0666916517165807
2.48	0.06655435759559206
2.485	0.06641751057465271
2.4899999999999998	0.0662811083048326
2.495	0.06614514845357677
2.5	0.0660096287045617
2.505	0.06587454675755386
2.51	0.0657399003282693
2.515	0.06560568714823345
2.52	0.06547190496464558
2.525	0.06533855154024099
2.53	0.06520562465315709
2.535	0.0650731220967998
2.54	0.06494104167971237
2.545	0.06480938122544368
2.55	0.0646781385724198
2.555	0.06454731157381557
2.56	0.06441689809742929
2.565	0.06428689602555522
2.57	0.06415730325486192
2.5749999999999997	0.06402811769626775
2.58	0.06389933727482094
2.585	0.06377095992957758
2.59	0.06364298361348433
2.5949999999999998	0.06351540629325968
2.6	0.0633882259492772
2.605	0.06326144057545086
2.61	0.06313504817911998
2.6149999999999998	0.06300904678093673
2.62	0.06288343441475383
2.625	0.06275820912751341
2.63	0.06263336897913822
2.635	0.0625089120424221
2.64	0.06238483640292251
2.645	0.062261140158854415
2.65	0.06213782142098514
2.655	0.062014878312528936
2.66	0.06189230896904446
2.665	0.061770111538332756
2.67	0.06164828418033493
2.675	0.06152682506703249
2.68	0.06140573238234846
2.685	0.06128500432204818
2.69	0.061164639093642344
2.695	0.061044634916290745
2.7	0.06092499002070659
2.705	0.0608057026490622
2.71	0.06068677105489493
2.715	0.060568193503015295
2.7199999999999998	0.06044996826941456
2.725	0.060332093641173715
2.73	0.0602145679163744
2.735	0.06009738940400837
2.7399999999999998	0.05998055642389077
2.745	0.05986406730657133
2.75	0.05974792039324861
2.755	0.05963211403568448
2.76	0.059516646596117766
2.765	0.059401516447182307
2.77	0.05928672197182175
2.775	0.05917226156320821
2.78	0.05905813362465978
2.785	0.05894433656956041
2.79	0.05883086882127927
2.795	0.0587177288130911
2.8	0.058604914988098104
2.8049999999999997	0.05849242579915177
2.81	0.05838025970877588
2.815	0.05826841518908977
2.82	0.05815689072173309
2.825	0.058045684797790195
2.83	0.05793479591771663
2.835	0.05782422259126471
2.84	0.057713963337411224
2.8449999999999998	0.057604016684284894
2.85	0.057494381169095096
2.855	0.057385055338060806
2.86	0.05727603774634011
2.8649999999999998	0.05716732695796137
2.87	0.05705892154575338
2.875	0.05695082009127812
2.88	0.05684302118476228
2.885	0.05673552342503054
2.89	0.05662832541943912
2.895	0.05652142578380994
2.9	0.05641482314236621
2.905	0.056308516127666026
2.91	0.05620250338054043
2.915	0.05609678355002854
2.92	0.05599135529331552
2.925	0.05588621727567036
2.9299999999999997	0.055781368170383094
2.935	0.05567680665870529
2.94	0.05557253142978814
2.945	0.05546854118062332
2.95	0.05536483461598293
2.955	0.0552614104483611
2.96	0.05515826739791508
2.965	0.05505540419240737
2.9699999999999998	0.05495281956714903
2.975	0.054850512264942024
2.98	0.05474848103602361
2.985	0.054646724638009396
2.9899999999999998	0.05454524183583987
2.995	0.05444403140172342
3.	0.05434309211508371
3.005	0.054242422762504926
3.01	0.05414202213767851
3.015	0.05404188904135075
3.02	0.053942022281269666
3.025	0.05384242067213322
3.03	0.053743083035538326
3.035	0.05364400819992923
3.04	0.05354519500054698
3.045	0.053446642279379626
3.05	0.053348348885111904
3.0549999999999997	0.05325031367307648
3.06	0.05315253550520521
3.065	0.05305501324997976
3.07	0.0529577457823846
3.075	0.052860731983859585
3.08	0.05276397074225157
3.085	0.05266746095176881
3.09	0.052571201512934
3.0949999999999998	0.05247519133253872
3.1	0.05237942932359746
3.105	0.05228391440530293
3.11	0.052188645502980774
3.115	0.05209362154804587
3.12	0.05199884147795758
3.125	0.05190430423617675
3.13	0.051810008772122135
3.135	0.05171595404112761
3.14	0.0516221390043995
3.145	0.05152856262897488
3.15	0.05143522388767923
3.155	0.051342121759085875
3.16	0.05124925522747342
3.165	0.05115662328278671
3.17	0.05106422492059532
3.175	0.05097205914205409
3.1799999999999997	0.050880124953862835
3.185	0.050788421368227685
3.19	0.05069694740282173
3.195	0.05060570208074615
3.2	0.05051468443049227
3.205	0.050423893485902885
3.21	0.05033332828613522
3.215	0.05024298787562296
3.2199999999999998	0.05015287130403944
3.225	0.05006297762626074
3.23	0.04997330590232926
3.235	0.04988385519741773
3.24	0.04979462458179255
3.245	0.04970561313077925
3.25	0.04961681992472656
3.255	0.049528244048971354
3.26	0.04943988459380434
3.265	0.04935174065443545
3.27	0.04926381133095965
3.275	0.049176095728323106
3.28	0.04908859295628949
3.285	0.04900130212940702
3.29	0.04891422236697487
3.295	0.04882735279301157
3.3	0.048740692536220404
3.3049999999999997	0.04865424072995952
3.31	0.04856799651220857
3.315	0.048481959025537154
3.32	0.048396127417073935
3.325	0.04831050083847466
3.33	0.048225078445892015
3.335	0.04813985939994431
3.34	0.048054842865685295
3.3449999999999998	0.04797002801257406
3.35	0.047885414014445106
3.355	0.04780100004947793
3.36	0.04771678530016868
3.365	0.04763276895330009
3.37	0.047548950199913
3.375	0.04746532823527707
3.38	0.04738190225886231
3.385	0.04729867147431147
3.39	0.04721563508941118
3.395	0.04713279231606416
3.4	0.047050142370262074
3.405	0.04696768447205737
3.41	0.04688541784553695
3.415	0.046803341718794536
3.42	0.04672145532390379
3.425	0.046639757896892516
3.4299999999999997	0.04655824867771534
3.435	0.046476926910228485
3.44	0.04639579184216295
3.445	0.04631484272509945
3.45	0.04623407881444242
3.455	0.046153499369395064
3.46	0.046073103652933774
3.465	0.04599289093178386
3.4699999999999998	0.0459128604763936
3.475	0.045833011560911144
3.48	0.04575334346315926
3.485	0.04567385546461084
3.49	0.045594546850365965
3.495	0.045515416909127415
3.5	0.045436464933176976
3.505	0.045357690218352106
3.51	0.04527909206402303
3.515	0.04520066977306914
3.52	0.045122422651856495
3.525	0.0450443500102143
3.53	0.0449664511614139
3.535	0.044888725422144775
3.54	0.04481117211249294
3.545	0.04473379055591962
3.55	0.044656580079237784
3.5549999999999997	0.04457954001259214
3.56	0.04450266968943656
3.565	0.04442596844651276
3.5700000000000003	0.04434943562382918
3.575	0.04427307056464058
3.58	0.04419687261542571
3.585	0.04412084112586813
3.59	0.044044975448834775
3.5949999999999998	0.04396927494035534
3.5999999999999996	0.0438937389596025
3.605	0.04381836686887126
3.61	0.0437431580335604
3.615	0.04366811182214989
3.62	0.04359322760618426
3.625	0.04351850476025109
3.63	0.04344394266196224
3.635	0.04336954069193431
3.6399999999999997	0.043295298233770436
3.645	0.04322121467404011
3.65	0.043147289402261466
3.6550000000000002	0.04307352181088127
3.66	0.0429999112952578
3.665	0.042926457253641845
3.67	0.0428531590871583
3.675	0.042780016199787746
3.6799999999999997	0.04270702799834905
3.685	0.04263419389248152
3.69	0.042561513294626686
3.6950000000000003	0.04248898562001084
3.7	0.04241661028662773
3.705	0.04234438671522092
3.71	0.04227231432926715
3.715	0.04220039255495802
3.7199999999999998	0.04212862082118455
3.7249999999999996	0.04205699855951929
3.73	0.041985525204199584
3.735	0.041914200192111756
3.74	0.04184302296277371
3.745	0.041771992958318536
3.75	0.041701109623479636
3.755	0.04163037240557267
3.76	0.04155978075448086
3.7649999999999997	0.04148933412263826
3.77	0.04141903196501512
3.775	0.041348873739100254
3.7800000000000002	0.04127885890488751
3.785	0.04120898692485914
3.79	0.04113925726397041
3.795	0.04106966938963548
3.8	0.04100022277171056
3.8049999999999997	0.04093091688248002
3.81	0.04086175119664152
3.815	0.040792725191290485
3.8200000000000003	0.040723838345905775
3.825	0.04065509014233557
3.83	0.04058648006478136
3.835	0.04051800759978577
3.84	0.04044967223621617
3.8449999999999998	0.0403814734652512
3.8499999999999996	0.04031341078036757
3.855	0.04024548367732416
3.86	0.040177691654150166
3.865	0.040110034211129846
3.87	0.04004251085078906
3.875	0.03997512107788233
3.88	0.03990786439937838
3.885	0.03984074032444726
3.8899999999999997	0.03977374836444697
3.895	0.03970688803290997
3.9	0.0396401588455304
3.9050000000000002	0.03957356032015005
3.91	0.03950709197674677
3.915	0.03944075333742069
3.92	0.03937454392638169
3.925	0.039308463269936006
3.9299999999999997	0.039242510896474896
3.935	0.03917668633646077
3.94	0.0391109891224162
3.9450000000000003	0.039045418788909644
3.95	0.03897997487254461
3.955	0.03891465691194685
3.96	0.03884946444775307
3.965	0.038784397022597006
3.9699999999999998	0.03871945418109951
3.9749999999999996	0.03865463546985551
3.98	0.03858994043742234
3.985	0.038525368634308645
3.99	0.038460919612961726
3.995	0.038396592927756275
4.	0.038332388134983984
4.005	0.0382683047928405
4.01	0.03820434246141486
4.015	0.03814050070267814
4.02	0.03807677908047263
4.025	0.038013177160499796
4.03	0.03794969451031057
4.035	0.037886330699292814
4.04	0.037823085298661435
4.045	0.037759957881447516
4.05	0.03769694802248719
4.055	0.03763405529841109
4.0600000000000005	0.03757127928763382
4.0649999999999995	0.03750861957034314
4.07	0.037446075728489965
4.075	0.03738364734577746
4.08	0.0373213340076508
4.085	0.0372591353012874
4.09	0.037197050815585504
4.095	0.03713508014115554
4.1	0.0370732228703089
4.105	0.03701147859704817
4.109999999999999	0.03694984691705808
4.115	0.036888327427693664
4.12	0.036826919727972585
4.125	0.03676562341856395
4.13	0.036704438101779285
4.135	0.036643363381562266
4.14	0.0365823988634801
4.145	0.03652154415471249
4.15	0.036460798864044734
4.155	0.036400162601854795
4.16	0.036339634980106776
4.165	0.03627921561234098
4.17	0.03621890411366402
4.175	0.03615870010074032
4.18	0.03609860319178209
4.1850000000000005	0.0360386130065421
4.1899999999999995	0.0359787291663018
4.195	0.035918951293865825
4.2	0.03585927901355068
4.205	0.035799711951175595
4.21	0.035740249734056546
4.215	0.03568089199099418
4.22	0.035621638352267275
4.225	0.035562488449624265
4.23	0.035503441916272596
4.234999999999999	0.03544449838687151
4.24	0.03538565749752574
4.245	0.03532691888577234
4.25	0.03526828219057688
4.255	0.035209747052321876
4.26	0.035151313112801
4.265	0.035092980015209045
4.27	0.035034747404134904
4.275	0.03497661492555213
4.28	0.034918582226813384
4.285	0.03486064895663922
4.29	0.034802814765112794
4.295	0.034745079303670455
4.3	0.034687442225094
4.305	0.03462990318350345
4.3100000000000005	0.034572461834349415
4.3149999999999995	0.034515117834403655
4.32	0.034457870841753876
4.325	0.03440072051579444
4.33	0.03434366651721872
4.335	0.034286708508012555
4.34	0.03422984615144611
4.345	0.03417307911206634
4.35	0.034116407055689746
4.355	0.034059829649395
4.359999999999999	0.03400334656151503
4.365	0.03394695746163173
4.37	0.03389066202056584
4.375	0.03383445991037145
4.38	0.03377835080432882
4.385	0.033722334376937
4.39	0.03366641030390608
4.395	0.03361057826215163
4.4	0.03355483792978592
4.405	0.033499188986112136
4.41	0.033443631111618084
4.415	0.03338816398796684
4.42	0.03333278729799278
4.425	0.03327750072569181
4.43	0.033222303956217995
4.4350000000000005	0.033167196675874165
4.4399999999999995	0.03311217857210553
4.445	0.03305724933349475
4.45	0.033002408649753553
4.455	0.03294765621171527
4.46	0.032892991711332864
4.465	0.03283841484166658
4.47	0.03278392529688058
4.475	0.03272952277223719
4.48	0.032675206964088134
4.484999999999999	0.032620977569869807
4.49	0.03256683428809705
4.495	0.03251277681835516
4.5	0.032458804861295314
4.505	0.03240491811862813
4.51	0.03235111629311628
4.515	0.0322973990885691
4.52	0.032243766209837404
4.525	0.0321902173628054
4.53	0.03213675225438596
4.535	0.03208337059251401
4.54	0.03203007208614137
4.545	0.03197685644522927
4.55	0.03192372338074382
4.555	0.03187067260464923
4.5600000000000005	0.031817703829902115
4.5649999999999995	0.03176481677044574
4.57	0.03171201114120447
4.575	0.031659286658077296
4.58	0.03160664303793241
4.585	0.031554079998601325
4.59	0.031501597258873665
4.595000000000001	0.03144919453849077
4.6	0.03139687155814059
4.605	0.03134462803945158
4.609999999999999	0.031292463704987214
4.615	0.03124037827824081
4.62	0.031188371483629497
4.625	0.03113644304648907
4.63	0.031084592693068368
4.635	0.031032820150522958
4.640000000000001	0.030981125146911235
4.645	0.030929507411188176
4.65	0.030877966673199992
4.654999999999999	0.03082650266367806
4.66	0.03077511511423529
4.665	0.03072380375735941
4.67	0.03067256832640814
4.675	0.03062140855560352
4.68	0.0305703241800273
4.6850000000000005	0.030519314935615494
4.6899999999999995	0.030468380559152755
4.695	0.03041752078826853
4.7	0.030366735361429652
4.705	0.0303160240179372
4.71	0.030265386497921046
4.715	0.030214822542333663
4.720000000000001	0.030164331892946733
4.725	0.030113914292344356
4.73	0.030063569483919545
4.734999999999999	0.03001329721186847
4.74	0.02996309722118533
4.745	0.02991296925765825
4.75	0.02986291306786363
4.755	0.02981292839916111
4.76	0.029763014999689773
4.765000000000001	0.02971317261836137
4.77	0.02966340100485761
4.775	0.02961369990962489
4.779999999999999	0.029564069083867012
4.785	0.02951450827954404
4.79	0.029465017249365313
4.795	0.029415595746785376
4.8	0.029366243525999078
4.805	0.029316960341937363
4.8100000000000005	0.029267745950261038
4.8149999999999995	0.02921860010735865
4.82	0.02916952257033895
4.825	0.029120513097029687
4.83	0.029071571445968513
4.835	0.02902269737640326
4.84	0.02897389064828386
4.845000000000001	0.028925151022259284
4.85	0.0288764782596728
4.855	0.02882787212255659
4.859999999999999	0.028779332373628817
4.865	0.028730858776288427
4.87	0.028682451094609318
4.875	0.02863410909333926
4.88	0.028585832537891258
4.885	0.028537621194341622
4.890000000000001	0.028489474829426646
4.895	0.02844139321053481
4.9	0.028393376105705137
4.904999999999999	0.028345423283622263
4.91	0.028297534513611087
4.915	0.0282497095656337
4.92	0.028201948210284832
4.925	0.02815425021878619
4.93	0.028106615362984543
4.9350000000000005	0.028059043415344813
4.9399999999999995	0.028011534148948972
4.945	0.027964087337487228
4.95	0.027916702755259513
4.955	0.027869380177166215
4.96	0.02782211937870624
4.965	0.02777492013597456
4.970000000000001	0.02772778222565344
4.975	0.02768070542501262
4.98	0.027633689511902475
4.984999999999999	0.027586734264751656
4.99	0.02753983946256177
4.995	0.027493004884903537
5.	0.027446230311913063
5.005	0.027399515524287387
5.01	0.02735286030327989
5.015000000000001	0.027306264430697835
5.02	0.02725972768889694
5.025	0.02721324986077688
5.029999999999999	0.027166830729778806
5.035	0.02712047007988039
5.04	0.027074167695591896
5.045	0.027027923361952078
5.05	0.026981736864523966
5.055	0.026935607989392513
5.0600000000000005	0.026889536523157554
5.0649999999999995	0.026843522252932923
5.07	0.026797564966341267
5.075	0.026751664451508242
5.08	0.0267058204970623
5.085	0.026660032892127063
5.09	0.026614301426320604
5.095000000000001	0.026568625889748936
5.1	0.026523006073003886
5.105	0.02647744176715749
5.109999999999999	0.026431932763759786
5.115	0.02638647885483461
5.12	0.026341079832874245
5.125	0.026295735490836424
5.13	0.02625044562214284
5.135	0.026205210020669677
5.14	0.02616002848075038
5.145	0.026114900797165986
5.15	0.026069826765145937
5.155	0.026024806180360297
5.16	0.025979838838919217
5.165	0.025934924537367135
5.17	0.025890063072678923
5.175	0.025845254242257754
5.18	0.025800497843929508
5.185	0.025755793675938804
5.19	0.025711141536947806
5.195	0.02566654122602921
5.2	0.025621992542664503
5.205	0.025577495286739287
5.21	0.025533049258539213
5.215	0.025488654258748446
5.22	0.025444310088441616
5.225	0.025400016549084792
5.23	0.025355773442527953
5.235	0.025311580571003828
5.24	0.02526743773712307
5.245	0.02522334474386891
5.25	0.025179301394596783
5.255	0.02513530749302772
5.26	0.025091362843246
5.265	0.025047467249694408
5.27	0.025003620517171872
5.275	0.024959822450828683
5.28	0.024916072856162447
5.285	0.024872371539014268
5.29	0.024828718305568077
5.295	0.024785112962341715
5.3	0.024741555316186506
5.305	0.02469804517428361
5.31	0.024654582344138677
5.315	0.024611166633579065
5.32	0.024567797850750105
5.325	0.024524475804110425
5.33	0.02448120030242956
5.335	0.024437971154784348
5.34	0.02439478817055277
5.345	0.024351651159412267
5.35	0.024308559931335502
5.355	0.02426551429658698
5.36	0.024222514065718685
5.365	0.02417955904956638
5.37	0.024136649059245747
5.375	0.024093783906149344
5.38	0.02405096340194192
5.385	0.024008187358556185
5.39	0.02396545558819176
5.395	0.023922767903307787
5.4	0.02388012411662177
5.405	0.02383752404110424
5.41	0.023794967489975342
5.415	0.02375245427670165
5.42	0.023709984214992645
5.425	0.02366755711879383
5.43	0.02362517280228775
5.435	0.023582831079886034
5.44	0.023540531766227495
5.445	0.02349827467617384
5.45	0.023456059624807245
5.455	0.023413886427422106
5.46	0.023371754899527364
5.465	0.023329664856838017
5.47	0.02328761611527287
5.475	0.023245608490950295
5.48	0.02320364180018545
5.485	0.023161715859482724
5.49	0.023119830485538236
5.495	0.023077985495229988
5.5	0.023036180705616503
5.505	0.022994415933931853
5.51	0.022952690997583663
5.515	0.02291100571414712
5.52	0.022869359901361973
5.525	0.022827753377127617
5.53	0.022786185959500282
5.535	0.02274465746668911
5.54	0.022703167717050315
5.545	0.022661716529084937
5.55	0.022620303721434316
5.555	0.022578929112875252
5.56	0.022537592522317795
5.565	0.022496293768798612
5.57	0.02245503267147982
5.575	0.022413809049641284
5.58	0.02237262272267984
5.585	0.022331473510104054
5.59	0.022290361231529405
5.595	0.022249285706673286
5.6	0.02220824675535385
5.605	0.022167244197483713
5.61	0.022126277853064657
5.615	0.022085347542186124
5.62	0.022044453085019202
5.625	0.0220035943018127
5.63	0.021962771012888738
5.635	0.021921983038638546
5.64	0.02188123019951839
5.645	0.021840512316045183
5.65	0.021799829208791185
5.655	0.021759180698381286
5.66	0.021718566605486798
5.665	0.02167798675082247
5.67	0.021637440955141876
5.675	0.02159692903923139
5.68	0.02155645082390769
5.6850000000000005	0.02151600613001173
5.69	0.02147559477840619
5.695	0.021435216589967724
5.7	0.02139487138558597
5.705	0.021354558986156257
5.71	0.021314279212575574
5.715	0.021274031885739765
5.72	0.02123381682653554
5.725	0.02119363385583878
5.73	0.02115348279450877
5.735	0.021113363463381173
5.74	0.021073275683268063
5.745	0.021033219274948993
5.75	0.020993194059167483
5.755	0.020953199856626536
5.76	0.020913236487982847
5.765	0.020873303773842885
5.77	0.020833401534757268
5.775	0.02079352959121619
5.78	0.020753687763643894
5.785	0.0207138758723932
5.79	0.020674093737742805
5.795	0.02063434117988878
5.8	0.02059461801894179
5.805	0.020554924074920926
5.8100000000000005	0.02051525916774828
5.815	0.020475623117245607
5.82	0.020436015743125646
5.825	0.0203964368649907
5.83	0.020356886302322633
5.835	0.020317363874482526
5.84	0.02027786940070164
5.845	0.020238402700076624
5.85	0.020198963591565474
5.855	0.02015955189398001
5.86	0.020120167425981432
5.865	0.02008081000607472
5.87	0.020041479452601745
5.875	0.020002175583738
5.88	0.019962898217483056
5.885	0.019923647171658055
5.89	0.01988442226389844
5.895	0.01984522331164847
5.9	0.019806050132155213
5.905	0.019766902542461693
5.91	0.019727780359401457
5.915	0.019688683399592788
5.92	0.019649611479432973
5.925	0.01961056441508955
5.93	0.01957154202249743
5.9350000000000005	0.019532544117349872
5.94	0.01949357051509425
5.945	0.019454621030923748
5.95	0.019415695479772333
5.955	0.019376793676306316
5.96	0.019337915434921037
5.965	0.01929906056973057
5.97	0.019260228894562862
5.975	0.01922142022295395
5.98	0.019182634368138145
5.985	0.019143871143043164
5.99	0.019105130360285046
5.995	0.019066411832155777
6.	0.01902771537062136
6.005	0.018989040787312974
6.01	0.018950387893517086
6.015	0.018911756500173425
6.02	0.018873146417862682
6.025	0.01883455745680181
6.03	0.01879598942683582
6.035	0.018757442137430008
6.04	0.018718915397662534
6.045	0.018680409016216502
6.05	0.018641922801372463
6.055	0.018603456560999536
6.0600000000000005	0.01856501010254979
6.065	0.018526583233046158
6.07	0.01848817575907999
6.075	0.0184497874867969
6.08	0.018411418221892146
6.085	0.018373067769600796
6.09	0.018334735934691485
6.095	0.018296422521453096
6.1	0.018258127333691702
6.105	0.01821985017471806
6.11	0.01818159084734013
6.115	0.018143349153853447
6.12	0.01810512489603273
6.125	0.018066917875123947
6.13	0.01802872789183151
6.135	0.01799055474631235
6.140000000000001	0.017952398238164895
6.145	0.017914258166420005
6.15	0.017876134329531113
6.155	0.017838026525364963
6.16	0.01779993455119027
6.165	0.017761858203669264
6.17	0.017723797278848055
6.175	0.017685751572143714
6.18	0.01764772087833673
6.1850000000000005	0.0176097049915593
6.1899999999999995	0.0175717037052844
6.195	0.017533716812316698
6.2	0.017495744104779193
6.205	0.017457785374104206
6.21	0.01741984041102254
6.215	0.017381909005550283
6.22	0.017343990946979398
6.225	0.01730608602386475
6.23	0.017268194024012543
6.235	0.01723031473447104
6.24	0.01719244794151565
6.245	0.017154593430637303
6.25	0.017116750986530614
6.255	0.017078920393082828
6.26	0.017041101433359667
6.265000000000001	0.017003293889592156
6.27	0.016965497543166064
6.275	0.016927712174605498
6.28	0.016889937563563127
6.285	0.01685217348880479
6.29	0.016814419728196396
6.295	0.016776676058692003
6.3	0.016738942256312794
6.305	0.016701218096144912
6.3100000000000005	0.016663503352314032
6.3149999999999995	0.01662579779797756
6.32	0.016588101205306984
6.325	0.01655041334547451
6.33	0.016512733988636074
6.335	0.016475062903918383
6.34	0.016437399859402457
6.345	0.016399744622106884
6.35	0.016362096957973016
6.355	0.01632445663185084
6.36	0.016286823407476336
6.365	0.016249197047462836
6.37	0.016211577313278974
6.375	0.0161739639652317
6.38	0.016136356762452352
6.385	0.016098755462875806
6.390000000000001	0.01606115982322453
6.395	0.01602356959898972
6.4	0.01598598454441238
6.405	0.015948404412467178
6.41	0.015910828954840032
6.415	0.01587325792191303
6.42	0.015835691062740475
6.425	0.01579812812503302
6.43	0.015760568855136475
6.4350000000000005	0.01572301299801002
6.4399999999999995	0.015685460297208093
6.445	0.015647910494858086
6.45	0.015610363331637397
6.455	0.015572818546756542
6.46	0.015535275877932445
6.465	0.01549773506136964
6.47	0.015460195831735019
6.475	0.015422657922136835
6.48	0.015385121064102301
6.485	0.015347584987549847
6.49	0.015310049420769285
6.495	0.01527251409039589
6.5	0.015234978721386077
6.505	0.015197443036991219
6.51	0.015159906758732564
6.515000000000001	0.015122369606376451
6.52	0.01508483129790611
6.525	0.015047291549496364
6.53	0.015009750075485013
6.535	0.014972206588345948
6.54	0.014934660798661802
6.545	0.014897112415093486
6.55	0.014859561144352875
6.555	0.0148220066911714
6.5600000000000005	0.014784448758272284
6.5649999999999995	0.014746887046337812
6.57	0.01470932125398027
6.575	0.014671751077708219
6.58	0.01463417621189611
6.585	0.014596596348750138
6.59	0.014559011178277665
6.595	0.014521420388249728
6.6	0.014483823664168845
6.605	0.014446220689234011
6.61	0.014408611144304698
6.615	0.014370994707864975
6.62	0.014333371055985747
6.625	0.014295739862288305
6.63	0.01425810079790524
6.635	0.014220453531442096
6.640000000000001	0.014182797728938344
6.645	0.01414513305382568
6.65	0.014107459166888913
6.655	0.014069775726222557
6.66	0.014032082387188546
6.665	0.013994378802374323
6.67	0.013956664621546763
6.675	0.01391893949160938
6.68	0.013881203056554879
6.6850000000000005	0.013843454957419572
6.6899999999999995	0.013805694832235513
6.695	0.013767922315982492
6.7	0.013730137040538659
6.705	0.013692338634629184
6.71	0.013654526723777758
6.715	0.013616700930251363
6.72	0.013578860873009998
6.725	0.013541006167650546
6.73	0.013503136426352121
6.735	0.01346525125781944
6.74	0.013427350267227292
6.745	0.013389433056159316
6.75	0.013351499222549475
6.755	0.01331354836062263
6.76	0.01327558006082946
6.765000000000001	0.013237593909785732
6.77	0.01319958949020638
6.775	0.013161566380840456
6.78	0.013123524156403126
6.785	0.013085462387506772
6.79	0.013047380640591601
6.795	0.013009278477854689
6.8	0.012971155457175228
6.805	0.012933011132042043
6.8100000000000005	0.012894845051475527
6.8149999999999995	0.01285665675995228
6.82	0.012818445797323086
6.825	0.012780211698734594
6.83	0.0127419539945439
6.835	0.012703672210237124
6.84	0.012665365866339783
6.845	0.012627034478331493
6.85	0.012588677556553981
6.855	0.012550294606119037
6.86	0.012511885126815697
6.865	0.012473448613012996
6.87	0.01243498455356141
6.875	0.01239649243169283
6.88	0.012357971724917666
6.885	0.012319421904919385
6.890000000000001	0.012280842437447599
6.895	0.012242232782207117
6.9	0.012203592392746546
6.905	0.01216492071634229
6.91	0.012126217193880755
6.915	0.01208748125973869
6.92	0.012048712341659126
6.925	0.012009909860624878
6.93	0.01197107323073027
6.9350000000000005	0.011932201859047767
6.9399999999999995	0.011893295145493211
6.945	0.011854352482686405
6.95	0.01181537325580986
6.955	0.011776356842461809
6.96	0.011737302612509002
6.965	0.011698209927932886
6.97	0.011659078142671498
6.975	0.011619906602462322
6.98	0.011580694644674833
6.985	0.011541441598143128
6.99	0.01150214678299294
6.995	0.011462809510464349
7.	0.011423429082729598
7.005	0.011384004792706941
7.01	0.011344535923868814
7.015000000000001	0.011305021750046254
7.02	0.01126546153522651
7.025	0.011225854533347115
7.03	0.011186199988083005
7.035	0.011146497132628667
7.04	0.011106745189475149
7.045	0.01106694337017878
7.05	0.011027090875126279
7.055	0.010987186893292117
7.0600000000000005	0.01094723060198872
7.0649999999999995	0.010907221166611544
7.07	0.010867157740374864
7.075	0.01082703946404154
7.08	0.010786865465644824
7.085	0.010746634860203687
7.09	0.010706346749425878
7.095	0.010666000221407694
7.1	0.010625594350322065
7.105	0.010585128196097452
7.11	0.010544600804088452
7.115	0.010504011204736508
7.12	0.010463358413220714
7.125	0.010422641429096343
7.13	0.010381859235925868
7.135	0.010341010800895889
7.140000000000001	0.010300095074423643
7.145	0.010259110989751625
7.15	0.010218057462529146
7.155	0.010176933390381148
7.16	0.010135737652463863
7.165	0.01009446910900523
7.17	0.010053126600832997
7.175	0.010011708948885324
7.18	0.009970214953707025
7.1850000000000005	0.00992864339492917
7.1899999999999995	0.009886993030732287
7.195	0.009845262597290187
7.2	0.009803450808197627
7.205	0.00976155635387759
7.21	0.00971957790096813
7.215	0.009677514091690159
7.220000000000001	0.009635363543192138
7.225	0.009593124846873219
7.23	0.009550796567682204
7.234999999999999	0.009508377243392692
7.24	0.009465865383852252
7.245	0.009423259470205276
7.25	0.009380557954088134
7.255	0.009337759256794828
7.26	0.009294861768413628
7.265000000000001	0.009251863846929683
7.27	0.009208763817298257
7.275	0.00916555997047953
7.28	0.009122250562440037
7.285	0.009078833813115045
7.29	0.009035307905332173
7.295	0.008991670983692584
7.300000000000001	0.008947921153409717
7.305	0.008904056479102591
7.3100000000000005	0.008860074983541412
7.3149999999999995	0.008815974646341622
7.32	0.008771753402609323
7.325	0.008727409141527883
7.33	0.008682939704888844
7.335	0.008638342885562415
7.34	0.008593616425903667
7.345000000000001	0.008548758016090877
7.35	0.008503765292396112
7.355	0.0084586358353792
7.359999999999999	0.008413367168005257
7.365	0.008367956753678431
7.37	0.008322401994191824
7.375	0.008276700227583584
7.38	0.008230848725899048
7.385	0.008184844692847774
7.390000000000001	0.008138685261358698
7.395	0.008092367491016335
7.4	0.00804588836538123
7.405	0.00799924478918402
7.41	0.007952433585380041
7.415	0.007905451492069454
7.42	0.007858295159262224
7.425000000000001	0.0078109611454854665
7.43	0.007763445914219183
7.4350000000000005	0.0077157458301582715
7.4399999999999995	0.007667857155276586
7.445	0.007619776044693255
7.45	0.007571498542323822
7.455	0.0075230205762973155
7.46	0.007474337954134481
7.465	0.007425446357660788
7.470000000000001	0.007376341337647264
7.475	0.007327018308146032
7.48	0.0072774725405214385
7.484999999999999	0.007227699157128911
7.49	0.007177693124641615
7.495	0.00712744924698405
7.5	0.007076962157849458
7.505	0.007026226312774092
7.51	0.006975235980729924
7.515000000000001	0.006923985235198935
7.52	0.00687246794469865
7.525	0.0068206777627090745
7.53	0.0067686081169538986
7.535	0.006716252197989758
7.54	0.006663602947043534
7.545	0.006610653043040845
7.550000000000001	0.006557394888752175
7.555	0.006503820595993638
7.5600000000000005	0.006449921969786913
7.5649999999999995	0.006395690491404439
7.57	0.006341117300186057
7.575	0.006286193174032706
7.58	0.006230908508441681
7.585	0.006175253293967858
7.59	0.006119217091934733
7.595000000000001	0.006062789008265929
7.6	0.006005957665214784
7.605	0.00594871117081573
7.609999999999999	0.005891037085812441
7.615	0.005832922387801518
7.62	0.005774353432310045
7.625	0.00571531591047879
7.63	0.005655794802972764
7.635	0.0055957743297125615
7.640000000000001	0.005535237894943477
7.645	0.005474168027112826
7.65	0.005412546312939407
7.655	0.005350353324973269
7.66	0.0052875685418391745
7.665	0.005224170260258248
7.67	0.005160135497762973
7.675000000000001	0.005095439884903052
7.68	0.005030057545486116
7.685	0.0049639609632357775
7.6899999999999995	0.004897120832883727
7.694999999999999	0.004829505893468204
7.699999999999999	0.004761082741142998
7.704999999999999	0.004691815618324957
7.71	0.00462166617546251
7.715	0.0045505932009008475
7.72	0.004478552313515288
7.725	0.004405495611610324
7.7299999999999995	0.004331371270245123
7.734999999999999	0.004256123077434828
7.739999999999999	0.004179689897475111
7.744999999999999	0.0041020050469101
7.75	0.004022995565107132
7.755	0.003942581356859955
7.76	0.003860674178473014
7.765	0.0037771764309330142
7.77	0.003691979713332699
7.7749999999999995	0.003604963075722649
7.779999999999999	0.0035159908912949685
7.784999999999999	0.0034249102414452186
7.79	0.003331547670155666
7.795	0.0032357051111949393
7.8	0.0031371547150901903
7.805	0.0030356321893488967
7.81	0.002930828093956786
7.8149999999999995	0.002822376268504972
7.819999999999999	0.0027098381439858805
7.824999999999999	0.002592680996044172
7.829999999999999	0.0024702470094809365
7.835	0.002341707911747539
7.84	0.0022059959840379623
7.845	0.0020616944190548344
7.85	0.001906853250523825
7.8549999999999995	0.00173865787426308
7.859999999999999	0.0015527736923977126
7.864999999999999	0.0013418683787249546
7.869999999999999	0.0010915317909943934
7.875	0.0007639342209105482
7.88	0.
7.885	0.
7.89	0.
7.895	0.
7.8999999999999995	0.
7.904999999999999	0.
7.909999999999999	0.
7.915	0.
7.92	0.
7.925	0.
7.93	0.
7.935	0.
7.9399999999999995	0.
7.944999999999999	0.
7.949999999999999	0.
7.955	0.
7.96	0.
7.965	0.
7.97	0.
7.975	0.
7.9799999999999995	0.
7.984999999999999	0.
7.989999999999999	0.
7.994999999999999	0.
8.	0.
8.004999999999999	0.
8.01	0.
8.014999999999999	0.
8.02	0.
8.025	0.
8.03	0.
8.035	0.
8.04	0.
8.045	0.
8.049999999999999	0.
8.055	0.
8.059999999999999	0.
8.065	0.
8.07	0.
8.075	0.
8.08	0.
8.084999999999999	0.
8.09	0.
8.094999999999999	0.
8.1	0.
8.105	0.
8.11	0.
8.115	0.
8.12	0.
8.125	0.
8.129999999999999	0.
8.135	0.
8.139999999999999	0.
8.145	0.
8.15	0.
8.155	0.
8.16	0.
8.165	0.
8.17	0.
8.174999999999999	0.
8.18	0.
8.184999999999999	0.
8.19	0.
8.195	0.
8.2	0.
8.205	0.
8.209999999999999	0.
8.215	0.
8.219999999999999	0.
8.225	0.
8.23	0.
8.235	0.
8.24	0.
8.245	0.
8.25	0.
8.254999999999999	0.
8.26	0.
8.264999999999999	0.
8.27	0.
8.275	0.
8.28	0.
8.285	0.
8.29	0.
8.295	0.
8.299999999999999	0.
8.305	0.
8.309999999999999	0.
8.315	0.
8.32	0.
8.325	0.
8.33	0.
8.334999999999999	0.
8.34	0.
8.344999999999999	0.
8.35	0.
8.355	0.
8.36	0.
8.365	0.
8.37	0.
8.375	0.
8.379999999999999	0.
8.385	0.
8.389999999999999	0.
8.395	0.
8.4	0.
8.405	0.
8.41	0.
8.415	0.
8.42	0.
8.424999999999999	0.
8.43	0.
8.434999999999999	0.
8.44	0.
8.445	0.
8.45	0.
8.455	0.
8.459999999999999	0.
8.465	0.
8.469999999999999	0.
8.475	0.
8.48	0.
8.485	0.
8.49	0.
8.495	0.
8.5	0.
8.504999999999999	0.
8.51	0.
8.515	0.
8.52	0.
8.525	0.
8.53	0.
8.535	0.
8.54	0.
8.545	0.
8.549999999999999	0.
8.555	0.
8.559999999999999	0.
8.565	0.
8.57	0.
8.575	0.
8.58	0.
8.584999999999999	0.
8.59	0.
8.594999999999999	0.
8.6	0.
8.605	0.
8.61	0.
8.615	0.
8.62	0.
8.625	0.
8.629999999999999	0.
8.635	0.
8.64	0.
8.645	0.
8.65	0.
8.655	0.
8.66	0.
8.665	0.
8.67	0.
8.674999999999999	0.
8.68	0.
8.684999999999999	0.
8.69	0.
8.695	0.
8.7	0.
8.705	0.
8.709999999999999	0.
8.715	0.
8.719999999999999	0.
8.725	0.
8.73	0.
8.735	0.
8.74	0.
8.745	0.
8.75	0.
8.754999999999999	0.
8.76	0.
8.765	0.
8.77	0.
8.775	0.
8.78	0.
8.785	0.
8.79	0.
8.795	0.
8.799999999999999	0.
8.805	0.
8.809999999999999	0.
8.815	0.
8.82	0.
8.825	0.
8.83	0.
8.834999999999999	0.
8.84	0.
8.844999999999999	0.
8.85	0.
8.855	0.
8.86	0.
8.865	0.
8.87	0.
8.875	0.
8.879999999999999	0.
8.885	0.
8.89	0.
8.895	0.
8.9	0.
8.905	0.
8.91	0.
8.915	0.
8.92	0.
8.924999999999999	0.
8.93	0.
8.934999999999999	0.
8.94	0.
8.945	0.
8.95	0.
8.955	0.
8.959999999999999	0.
8.965	0.
8.969999999999999	0.
8.975	0.
8.98	0.
8.985	0.
8.99	0.
8.995	0.
9.	0.
9.004999999999999	0.
9.01	0.
9.015	0.
9.02	0.
9.025	0.
9.03	0.
9.035	0.
9.04	0.
9.045	0.
9.049999999999999	0.
9.055	0.
9.059999999999999	0.
9.065	0.
9.07	0.
9.075	0.
9.08	0.
9.084999999999999	0.
9.09	0.
9.094999999999999	0.
9.1	0.
9.105	0.
9.11	0.
9.115	0.
9.12	0.
9.125	0.
9.129999999999999	0.
9.135	0.
9.14	0.
9.145	0.
9.15	0.
9.155	0.
9.16	0.
9.165	0.
9.17	0.
9.174999999999999	0.
9.18	0.
9.184999999999999	0.
9.19	0.
9.195	0.
9.2	0.
9.205	0.
9.209999999999999	0.
9.215	0.
9.219999999999999	0.
9.225	0.
9.23	0.
9.235	0.
9.24	0.
9.245	0.
9.25	0.
9.254999999999999	0.
9.26	0.
9.265	0.
9.27	0.
9.275	0.
9.28	0.
9.285	0.
9.29	0.
9.295	0.
9.299999999999999	0.
9.305	0.
9.309999999999999	0.
9.315	0.
9.32	0.
9.325	0.
9.33	0.
9.334999999999999	0.
9.34	0.
9.344999999999999	0.
9.35	0.
9.355	0.
9.36	0.
9.365	0.
9.37	0.
9.375	0.
9.379999999999999	0.
9.385	0.
9.39	0.
9.395	0.
9.4	0.
9.405	0.
9.41	0.
9.415	0.
9.42	0.
9.424999999999999	0.
9.43	0.
9.434999999999999	0.
9.44	0.
9.445	0.
9.45	0.
9.455	0.
9.459999999999999	0.
9.465	0.
9.469999999999999	0.
9.475	0.
9.48	0.
9.485	0.
9.49	0.
9.495	0.
9.5	0.
9.504999999999999	0.
9.51	0.
9.515	0.
9.52	0.
9.525	0.
9.53	0.
9.535	0.
9.54	0.
9.545	0.
9.549999999999999	0.
9.555	0.
9.559999999999999	0.
9.565	0.
9.57	0.
9.575	0.
9.58	0.
9.584999999999999	0.
9.59	0.
9.594999999999999	0.
9.6	0.
9.605	0.
9.61	0.
9.615	0.
9.62	0.
9.625	0.
9.629999999999999	0.
9.635	0.
9.64	0.
9.645	0.
9.65	0.
9.655	0.
9.66	0.
9.665	0.
9.67	0.
9.674999999999999	0.
9.68	0.
9.684999999999999	0.
9.69	0.
9.695	0.
9.7	0.
9.705	0.
9.709999999999999	0.
9.715	0.
9.719999999999999	0.
9.725	0.
9.73	0.
9.735	0.
9.74	0.
9.745	0.
9.75	0.
9.754999999999999	0.
9.76	0.
9.765	0.
9.77	0.
9.774999999999999	0.
9.78	0.
9.785	0.
9.79	0.
9.795	0.
9.8	0.
9.805	0.
9.809999999999999	0.
9.815	0.
9.82	0.
9.825	0.
9.83	0.
9.834999999999999	0.
9.84	0.
9.844999999999999	0.
9.85	0.
9.855	0.
9.86	0.
9.865	0.
9.87	0.
9.875	0.
9.879999999999999	0.
9.885	0.
9.89	0.
9.895	0.
9.899999999999999	0.
9.905	0.
9.91	0.
9.915	0.
9.92	0.
9.925	0.
9.93	0.
9.934999999999999	0.
9.94	0.
9.945	0.
9.95	0.
9.955	0.
9.959999999999999	0.
9.965	0.
9.969999999999999	0.
9.975	0.
9.98	0.
9.985	0.
9.99	0.
9.995	0.
10.	0.
10.004999999999999	0.
10.01	0.
10.015	0.
10.02	0.
10.024999999999999	0.
10.03	0.
10.035	0.
10.04	0.
10.045	0.
10.05	0.
10.055	0.
10.059999999999999	0.
10.065	0.
10.07	0.
10.075	0.
10.08	0.
10.084999999999999	0.
10.09	0.
10.094999999999999	0.
10.1	0.
10.105	0.
10.11	0.
10.115	0.
10.12	0.
10.125	0.
10.129999999999999	0.
10.135	0.
10.14	0.
10.145	0.
10.149999999999999	0.
10.155	0.
10.16	0.
10.165	0.
10.17	0.
10.175	0.
10.18	0.
10.184999999999999	0.
10.19	0.
10.195	0.
10.2	0.
10.205	0.
10.209999999999999	0.
10.215	0.
10.219999999999999	0.
10.225	0.
10.23	0.
10.235	0.
10.24	0.
10.245000000000001	0.
10.250000000000002	0.
10.255	0.
10.260000000000002	0.
10.265	0.
10.270000000000001	0.
10.275	0.
10.280000000000001	0.
10.285	0.
10.290000000000001	0.
10.295000000000002	0.
10.3	0.
10.305000000000001	0.
10.31	0.
10.315000000000001	0.
10.32	0.
10.325000000000001	0.
10.330000000000002	0.
10.335	0.
10.340000000000002	0.
10.345	0.
10.350000000000001	0.
10.355	0.
10.360000000000001	0.
10.365	0.
10.370000000000001	0.
10.375000000000002	0.
10.38	0.
10.385000000000002	0.
10.39	0.
10.395000000000001	0.
10.4	0.
10.405000000000001	0.
10.41	0.
10.415000000000001	0.
10.420000000000002	0.
10.425	0.
10.430000000000001	0.
10.435	0.
10.440000000000001	0.
10.445	0.
10.450000000000001	0.
10.455000000000002	0.
10.46	0.
10.465000000000002	0.
10.47	0.
10.475000000000001	0.
10.48	0.
10.485000000000001	0.
10.49	0.
10.495000000000001	0.
10.500000000000002	0.
10.505	0.
10.510000000000002	0.
10.515	0.
10.520000000000001	0.
10.525	0.
10.530000000000001	0.
10.535	0.
10.540000000000001	0.
10.545000000000002	0.
10.55	0.
10.555000000000001	0.
10.56	0.
10.565000000000001	0.
10.57	0.
10.575000000000001	0.
10.580000000000002	0.
10.585	0.
10.590000000000002	0.
10.595	0.
10.600000000000001	0.
10.605	0.
10.610000000000001	0.
10.615	0.
10.620000000000001	0.
10.625000000000002	0.
10.63	0.
10.635000000000002	0.
10.64	0.
10.645000000000001	0.
10.65	0.
10.655000000000001	0.
10.66	0.
10.665000000000001	0.
10.670000000000002	0.
10.675	0.
10.680000000000001	0.
10.685	0.
10.690000000000001	0.
10.695	0.
10.700000000000001	0.
10.705000000000002	0.
10.71	0.
10.715000000000002	0.
10.72	0.
10.725000000000001	0.
10.73	0.
10.735000000000001	0.
10.74	0.
10.745000000000001	0.
10.750000000000002	0.
10.755	0.
10.760000000000002	0.
10.765	0.
10.770000000000001	0.
10.775	0.
10.780000000000001	0.
10.785	0.
10.790000000000001	0.
10.795000000000002	0.
10.8	0.
10.805000000000001	0.
10.81	0.
10.815000000000001	0.
10.82	0.
10.825000000000001	0.
10.830000000000002	0.
10.835	0.
10.840000000000002	0.
10.845	0.
10.850000000000001	0.
10.855	0.
10.860000000000001	0.
10.865	0.
10.870000000000001	0.
10.875000000000002	0.
10.88	0.
10.885000000000002	0.
10.89	0.
10.895000000000001	0.
10.9	0.
10.905000000000001	0.
10.91	0.
10.915000000000001	0.
10.920000000000002	0.
10.925	0.
10.930000000000001	0.
10.935	0.
10.940000000000001	0.
10.945	0.
10.950000000000001	0.
10.955000000000002	0.
10.96	0.
10.965000000000002	0.
10.97	0.
10.975000000000001	0.
10.98	0.
10.985000000000001	0.
10.99	0.
10.995000000000001	0.
11.000000000000002	0.
11.005	0.
11.010000000000002	0.
11.015	0.
11.020000000000001	0.
11.025	0.
11.030000000000001	0.
11.035	0.
11.040000000000001	0.
11.045000000000002	0.
11.05	0.
11.055000000000001	0.
11.06	0.
11.065000000000001	0.
11.07	0.
11.075000000000001	0.
11.080000000000002	0.
11.085	0.
11.090000000000002	0.
11.095	0.
11.100000000000001	0.
11.105	0.
11.110000000000001	0.
11.115	0.
11.120000000000001	0.
11.125000000000002	0.
11.13	0.
11.135000000000002	0.
11.14	0.
11.145000000000001	0.
11.15	0.
11.155000000000001	0.
11.16	0.
11.165000000000001	0.
11.170000000000002	0.
11.175	0.
11.180000000000001	0.
11.185	0.
11.190000000000001	0.
11.195	0.
11.200000000000001	0.
11.205000000000002	0.
11.21	0.
11.215000000000002	0.
11.22	0.
11.225000000000001	0.
11.23	0.
11.235000000000001	0.
11.24	0.
11.245000000000001	0.
11.250000000000002	0.
11.255	0.
11.260000000000002	0.
11.265	0.
11.270000000000001	0.
11.275	0.
11.280000000000001	0.
11.285	0.
11.290000000000001	0.
11.295000000000002	0.
11.3	0.
11.305000000000001	0.
11.31	0.
11.315000000000001	0.
11.32	0.
11.325000000000001	0.
11.330000000000002	0.
11.335	0.
11.340000000000002	0.
11.345	0.
11.350000000000001	0.
11.355	0.
11.360000000000001	0.
11.365000000000002	0.
11.370000000000001	0.
11.375000000000002	0.
11.38	0.
11.385000000000002	0.
11.39	0.
11.395000000000001	0.
11.4	0.
11.405000000000001	0.
11.41	0.
11.415000000000001	0.
11.420000000000002	0.
11.425	0.
11.430000000000001	0.
11.435	0.
11.440000000000001	0.
11.445	0.
11.450000000000001	0.
11.455000000000002	0.
11.46	0.
11.465000000000002	0.
11.47	0.
11.475000000000001	0.
11.48	0.
11.485000000000001	0.
11.490000000000002	0.
11.495000000000001	0.
11.500000000000002	0.
11.505	0.
11.510000000000002	0.
11.515	0.
11.520000000000001	0.
11.525	0.
11.530000000000001	0.
11.535	0.
11.540000000000001	0.
11.545000000000002	0.
11.55	0.
11.555000000000001	0.
11.56	0.
11.565000000000001	0.
11.57	0.
11.575000000000001	0.
11.580000000000002	0.
11.585	0.
11.590000000000002	0.
11.595	0.
11.600000000000001	0.
11.605	0.
11.610000000000001	0.
11.615000000000002	0.
11.620000000000001	0.
11.625000000000002	0.
11.63	0.
11.635000000000002	0.
11.64	0.
11.645000000000001	0.
11.65	0.
11.655000000000001	0.
11.66	0.
11.665000000000001	0.
11.670000000000002	0.
11.675	0.
11.680000000000001	0.
11.685	0.
11.690000000000001	0.
11.695	0.
11.700000000000001	0.
11.705000000000002	0.
11.71	0.
11.715000000000002	0.
11.72	0.
11.725000000000001	0.
11.73	0.
11.735000000000001	0.
11.740000000000002	0.
11.745000000000001	0.
11.750000000000002	0.
11.755	0.
11.760000000000002	0.
11.765	0.
11.770000000000001	0.
11.775	0.
11.780000000000001	0.
11.785	0.
11.790000000000001	0.
11.795000000000002	0.
11.8	0.
11.805000000000001	0.
11.81	0.
11.815000000000001	0.
11.82	0.
11.825000000000001	0.
11.830000000000002	0.
11.835	0.
11.840000000000002	0.
11.845	0.
11.850000000000001	0.
11.855	0.
11.860000000000001	0.
11.865000000000002	0.
11.870000000000001	0.
11.875000000000002	0.
11.88	0.
11.885000000000002	0.
11.89	0.
11.895000000000001	0.
11.9	0.
11.905000000000001	0.
11.91	0.
11.915000000000001	0.
11.920000000000002	0.
11.925	0.
11.930000000000001	0.
11.935	0.
11.940000000000001	0.
11.945	0.
11.950000000000001	0.
11.955000000000002	0.
11.96	0.
11.965000000000002	0.
11.97	0.
11.975000000000001	0.
11.98	0.
11.985000000000001	0.
11.990000000000002	0.
11.995000000000001	0.
12.000000000000002	0.
12.005	0.
12.010000000000002	0.
12.015	0.
12.020000000000001	0.
12.025	0.
12.030000000000001	0.
12.035	0.
12.040000000000001	0.
12.045000000000002	0.
12.05	0.
12.055000000000001	0.
12.06	0.
12.065000000000001	0.
12.07	0.
12.075000000000001	0.
12.080000000000002	0.
12.085	0.
12.090000000000002	0.
12.095	0.
12.100000000000001	0.
12.105	0.
12.110000000000001	0.
12.115000000000002	0.
12.120000000000001	0.
12.125000000000002	0.
12.13	0.
12.135000000000002	0.
12.14	0.
12.145000000000001	0.
12.15	0.
12.155000000000001	0.
12.16	0.
12.165000000000001	0.
12.170000000000002	0.
12.175	0.
12.180000000000001	0.
12.185	0.
12.190000000000001	0.
12.195	0.
12.200000000000001	0.
12.205000000000002	0.
12.21	0.
12.215000000000002	0.
12.22	0.
12.225000000000001	0.
12.23	0.
12.235000000000001	0.
12.240000000000002	0.
12.245000000000001	0.
12.25	0.
12.255	0.
12.260000000000002	0.
12.265	0.
12.270000000000001	0.
12.275000000000002	0.
12.280000000000001	0.
12.285	0.
12.290000000000001	0.
12.295000000000002	0.
12.3	0.
12.305000000000001	0.
12.31	0.
12.315000000000001	0.
12.32	0.
12.325000000000001	0.
12.330000000000002	0.
12.335	0.
12.340000000000002	0.
12.345	0.
12.350000000000001	0.
12.355	0.
12.360000000000001	0.
12.365000000000002	0.
12.370000000000001	0.
12.375	0.
12.38	0.
12.385000000000002	0.
12.39	0.
12.395000000000001	0.
12.400000000000002	0.
12.405000000000001	0.
12.41	0.
12.415000000000001	0.
12.420000000000002	0.
12.425	0.
12.430000000000001	0.
12.435	0.
12.440000000000001	0.
12.445	0.
12.450000000000001	0.
12.455000000000002	0.
12.46	0.
12.465000000000002	0.
12.47	0.
12.475000000000001	0.
12.48	0.
12.485000000000001	0.
12.490000000000002	0.
12.495000000000001	0.
12.5	0.
12.505	0.
12.510000000000002	0.
12.515	0.
12.520000000000001	0.
12.525000000000002	0.
12.530000000000001	0.
12.535	0.
12.540000000000001	0.
12.545000000000002	0.
12.55	0.
12.555000000000001	0.
12.56	0.
12.565000000000001	0.
12.57	0.
12.575000000000001	0.
12.580000000000002	0.
12.585	0.
12.590000000000002	0.
12.595	0.
12.600000000000001	0.
12.605	0.
12.610000000000001	0.
12.615000000000002	0.
12.620000000000001	0.
12.625	0.
12.63	0.
12.635000000000002	0.
12.64	0.
12.645000000000001	0.
12.650000000000002	0.
12.655000000000001	0.
12.66	0.
12.665000000000001	0.
12.670000000000002	0.
12.675	0.
12.680000000000001	0.
12.685	0.
12.690000000000001	0.
12.695	0.
12.700000000000001	0.
12.705000000000002	0.
12.71	0.
12.715000000000002	0.
12.72	0.
12.725000000000001	0.
12.73	0.
12.735000000000001	0.
12.740000000000002	0.
12.745000000000001	0.
12.75	0.
12.755	0.
12.760000000000002	0.
12.765	0.
12.770000000000001	0.
12.775000000000002	0.
12.780000000000001	0.
12.785	0.
12.790000000000001	0.
12.795000000000002	0.
12.8	0.
12.805000000000001	0.
12.810000000000002	0.
12.815000000000001	0.
12.820000000000002	0.
12.825000000000001	0.
12.830000000000002	0.
12.835	0.
12.840000000000002	0.
12.845	0.
12.850000000000001	0.
12.855000000000002	0.
12.860000000000001	0.
12.865000000000002	0.
12.870000000000001	0.
12.875000000000002	0.
12.88	0.
12.885000000000002	0.
12.890000000000002	0.
12.895000000000001	0.
12.900000000000002	0.
12.905000000000001	0.
12.910000000000002	0.
12.915000000000001	0.
12.920000000000002	0.
12.925	0.
12.930000000000001	0.
12.935000000000002	0.
12.940000000000001	0.
12.945000000000002	0.
12.950000000000001	0.
12.955000000000002	0.
12.96	0.
12.965000000000002	0.
12.97	0.
12.975000000000001	0.
12.980000000000002	0.
12.985000000000001	0.
12.990000000000002	0.
12.995000000000001	0.
13.000000000000002	0.
13.005	0.
13.010000000000002	0.
13.015000000000002	0.
13.020000000000001	0.
13.025000000000002	0.
13.030000000000001	0.
13.035000000000002	0.
13.040000000000001	0.
13.045000000000002	0.
13.05	0.
13.055000000000001	0.
13.060000000000002	0.
13.065000000000001	0.
13.070000000000002	0.
13.075000000000001	0.
13.080000000000002	0.
13.085	0.
13.090000000000002	0.
13.095	0.
13.100000000000001	0.
13.105000000000002	0.
13.110000000000001	0.
13.115000000000002	0.
13.120000000000001	0.
13.125000000000002	0.
13.13	0.
13.135000000000002	0.
13.140000000000002	0.
13.145000000000001	0.
13.150000000000002	0.
13.155000000000001	0.
13.160000000000002	0.
13.165000000000001	0.
13.170000000000002	0.
13.175	0.
13.180000000000001	0.
13.185000000000002	0.
13.190000000000001	0.
13.195000000000002	0.
13.200000000000001	0.
13.205000000000002	0.
13.21	0.
13.215000000000002	0.
13.220000000000002	0.
13.225000000000001	0.
13.230000000000002	0.
13.235000000000001	0.
13.240000000000002	0.
13.245000000000001	0.
13.250000000000002	0.
13.255	0.
13.260000000000002	0.
13.265000000000002	0.
13.270000000000001	0.
13.275000000000002	0.
13.280000000000001	0.
13.285000000000002	0.
13.290000000000001	0.
13.295000000000002	0.
13.3	0.
13.305000000000001	0.
13.310000000000002	0.
13.315000000000001	0.
13.320000000000002	0.
13.325000000000001	0.
13.330000000000002	0.
13.335	0.
13.340000000000002	0.
13.345000000000002	0.
13.350000000000001	0.
13.355000000000002	0.
13.360000000000001	0.
13.365000000000002	0.
13.370000000000001	0.
13.375000000000002	0.
13.38	0.
13.385000000000002	0.
13.39	0.
13.395000000000001	0.
13.400000000000002	0.
13.405000000000001	0.
13.410000000000002	0.
13.415000000000001	0.
13.420000000000002	0.
13.425	0.
13.430000000000001	0.
13.435000000000002	0.
13.440000000000001	0.
13.445000000000002	0.
13.450000000000001	0.
13.455000000000002	0.
13.46	0.
13.465000000000002	0.
13.470000000000002	0.
13.475000000000001	0.
13.480000000000002	0.
13.485000000000001	0.
13.490000000000002	0.
13.495000000000001	0.
13.500000000000002	0.
13.505	0.
13.510000000000002	0.
13.515	0.
13.520000000000001	0.
13.525000000000002	0.
13.530000000000001	0.
13.535000000000002	0.
13.540000000000001	0.
13.545000000000002	0.
13.55	0.
13.555000000000001	0.
13.560000000000002	0.
13.565000000000001	0.
13.570000000000002	0.
13.575000000000001	0.
13.580000000000002	0.
13.585	0.
13.590000000000002	0.
13.595000000000002	0.
13.600000000000001	0.
13.605000000000002	0.
13.610000000000001	0.
13.615000000000002	0.
13.620000000000001	0.
13.625000000000002	0.
13.63	0.
13.635000000000002	0.
13.64	0.
13.645000000000001	0.
13.650000000000002	0.
13.655000000000001	0.
13.660000000000002	0.
13.665000000000001	0.
13.670000000000002	0.
13.675	0.
13.680000000000001	0.
13.685000000000002	0.
13.690000000000001	0.
13.695000000000002	0.
13.700000000000001	0.
13.705000000000002	0.
13.71	0.
13.715000000000002	0.
13.720000000000002	0.
13.725000000000001	0.
13.730000000000002	0.
13.735000000000001	0.
13.740000000000002	0.
13.745000000000001	0.
13.750000000000002	0.
13.755	0.
13.760000000000002	0.
13.765	0.
13.770000000000001	0.
13.775000000000002	0.
13.780000000000001	0.
13.785000000000002	0.
13.790000000000001	0.
13.795000000000002	0.
13.8	0.
13.805000000000001	0.
13.810000000000002	0.
13.815000000000001	0.
13.820000000000002	0.
13.825000000000001	0.
13.830000000000002	0.
13.835	0.
13.840000000000002	0.
13.845000000000002	0.
13.850000000000001	0.
13.855000000000002	0.
13.860000000000001	0.
13.865000000000002	0.
13.870000000000001	0.
13.875000000000002	0.
13.88	0.
13.885000000000002	0.
13.89	0.
13.895000000000001	0.
13.900000000000002	0.
13.905000000000001	0.
13.910000000000002	0.
13.915000000000001	0.
13.920000000000002	0.
13.925	0.
13.930000000000001	0.
13.935000000000002	0.
13.940000000000001	0.
13.945000000000002	0.
13.950000000000001	0.
13.955000000000002	0.
13.96	0.
13.965000000000002	0.
13.970000000000002	0.
13.975000000000001	0.
13.980000000000002	0.
13.985000000000001	0.
13.990000000000002	0.
13.995000000000001	0.
14.	0.