0.005	0.
0.01	0.
0.015	0.
0.02	0.
0.025	0.
0.030000000000000002	0.
0.034999999999999996	0.
0.04	0.
0.045	0.
0.049999999999999996	0.
0.055	0.
0.06	0.
0.065	0.
0.07	0.
0.07500000000000001	0.
0.08	0.
0.085	0.
0.09000000000000001	0.
0.095	0.
0.1	0.
0.10500000000000001	0.
0.11	0.
0.115	0.
0.12000000000000001	0.
0.125	0.
0.13	0.
0.135	0.
0.14	0.
0.14500000000000002	0.
0.15	0.
0.155	0.
0.16	0.
0.165	0.03980946117906002
0.17	0.08903343479920021
0.17500000000000002	0.11635379936934405
0.18000000000000002	0.1360489869255707
0.185	0.15138735159457703
0.19	0.1638034997435917
0.195	0.17409061056441588
0.2	0.18274607618559116
0.20500000000000002	0.19010771974945603
0.21000000000000002	0.19641796398710598
0.215	0.20185788866208887
0.22	0.2065669316194347
0.225	0.2106550536187829
0.23	0.21421064431257217
0.23500000000000001	0.21730587650894184
0.24000000000000002	0.2200004570889538
0.245	0.22234432994944828
0.25	0.22437967083554333
0.255	0.22614238995380143
0.26	0.22766328397186444
0.265	0.22896893290458703
0.27	0.23008240787982984
0.275	0.23102383637702187
0.28	0.23181085846811433
0.28500000000000003	0.2324589986044177
0.29000000000000004	0.23298197119207106
0.295	0.23339193370420827
0.3	0.2336996978210917
0.305	0.23391490669585682
0.31	0.23404618466133478
0.315	0.23410126435061715
0.32	0.2340870951811649
0.325	0.23400993636525289
0.33	0.23387543699827462
0.335	0.23368870529765964
0.34	0.2334543686870155
0.34500000000000003	0.23317662611933007
0.35000000000000003	0.2328592937920767
0.35500000000000004	0.23250584521275222
0.36	0.23211944641574556
0.365	0.23170298700279882
0.37	0.2312591075738255
0.375	0.230790224027843
0.38	0.23029854914172268
0.385	0.2297861117744833
0.39	0.22925477399472763
0.395	0.22870624638677248
0.4	0.2281421017556053
0.405	0.22756378742080643
0.41000000000000003	0.22697263626423808
0.41500000000000004	0.22636987667460304
0.42000000000000004	0.2257566415135541
0.425	0.22513397621220407
0.43	0.22450284609329987
0.435	0.22386414300262733
0.44	0.22321869132312916
0.445	0.22256725343641595
0.45	0.22191053468883526
0.455	0.22124918791260487
0.46	0.22058381754677295
0.465	0.21991498339775564
0.47000000000000003	0.21924320407477524
0.47500000000000003	0.21856896013167812
0.48000000000000004	0.21789269694320124
0.485	0.21721482734077732
0.49	0.21653573403031875
0.495	0.21585577181211096
0.5	0.2151752696208479
0.505	0.21449453240205074
0.51	0.21381384283944893
0.515	0.21313346294649566
0.52	0.21245363553386054
0.525	0.21177458556364026
0.53	0.21109652139993731
0.535	0.2104196359646452
0.54	0.20974410780631086
0.545	0.20907010208934884
0.55	0.20839777151012417
0.555	0.20772725714589008
0.56	0.20705868924196033
0.5650000000000001	0.20639218794208425
0.5700000000000001	0.20572786396653617
0.5750000000000001	0.20506581924197598
0.5800000000000001	0.20440614748690517
0.585	0.20374893475609077
0.59	0.203094259947124
0.595	0.20244219527199683
0.6	0.201792806696305
0.605	0.20114615434852628
0.61	0.20050229290156482
0.615	0.19986127192863867
0.62	0.19922313623532156
0.625	0.19858792616954823
0.63	0.19795567791109267
0.635	0.19732642374203435
0.64	0.19670019229954053
0.645	0.19607700881220247
0.65	0.1954568953210988
0.655	0.194839870886622
0.66	0.19422595178207014
0.665	0.19361515167488363
0.67	0.19300748179640642
0.675	0.19240295110090172
0.68	0.1918015664146028
0.685	0.19120333257538843
0.6900000000000001	0.1906082525637787
0.6950000000000001	0.1900163276257735
0.7000000000000001	0.18942755738811437
0.7050000000000001	0.18884193996639792
0.71	0.1882594720665781
0.715	0.18768014908023686
0.72	0.18710396517401662
0.725	0.18653091337365216
0.73	0.18596098564285302
0.735	0.18539417295741364
0.74	0.18483046537488082
0.745	0.18426985209996918
0.75	0.1837123215460826
0.755	0.18315786139309734
0.76	0.18260645864172698
0.765	0.18205809966457018
0.77	0.1815127702541932
0.775	0.1809704556682233
0.78	0.18043114067187166
0.785	0.1798948095778119
0.79	0.17936144628375877
0.795	0.1788310343077577
0.8	0.17830355682137822
0.805	0.17777899668097616
0.81	0.17725733645698233
0.8150000000000001	0.17673855846155678
0.8200000000000001	0.1762226447745154
0.8250000000000001	0.17570957726772124
0.8300000000000001	0.1751993376280638
0.8350000000000001	0.1746919073789067
0.84	0.17418726790046782
0.845	0.173685400448767
0.85	0.17318628617350407
0.855	0.17268990613489552
0.86	0.17219624131942413
0.865	0.17170527265457444
0.87	0.1712169810228154
0.875	0.17073134727458728
0.88	0.17024835224048876
0.885	0.16976797674279653
0.89	0.16929020160612768
0.895	0.16881500766755037
0.9	0.1683423757859683
0.905	0.1678722868509074
0.91	0.1674047217907986
0.915	0.16693966158061488
0.92	0.16647708724910235
0.925	0.16601697988544437
0.93	0.16555932064551507
0.935	0.16510409075777685
0.9400000000000001	0.16465127152855788
0.9450000000000001	0.16420084434719753
0.9500000000000001	0.1637527906906864
0.9550000000000001	0.1633070921279702
0.9600000000000001	0.16286373032403847
0.965	0.1624226870435363
0.97	0.16198394415426517
0.975	0.16154748363028834
0.98	0.16111328755482648
0.985	0.16068133812302404
0.99	0.16025161764413778
0.995	0.15982410854432522
1.	0.1593987933704528
1.005	0.15897565478533135
1.01	0.15855467556414318
1.015	0.15813583863289674
1.02	0.15771912702168822
1.025	0.15730452389036545
1.0299999999999998	0.15689201252646898
1.035	0.15648157634537332
1.0399999999999998	0.15607319889134114
1.045	0.15566686383717487
1.0499999999999998	0.15526255498616218
1.055	0.15486025627138644
1.0599999999999998	0.1544599517563661
1.065	0.1540616256355122
1.0699999999999998	0.15366526223403254
1.075	0.15327084600808508
1.0799999999999998	0.15287836154475395
1.085	0.15248779356191008
1.0899999999999999	0.15209912690813462
1.095	0.1517123465624803
1.0999999999999999	0.15132743763414994
1.105	0.15094438536212668
1.1099999999999999	0.15056317511490536
1.115	0.15018379239007934
1.1199999999999999	0.14980622281359032
1.125	0.14943045213951076
1.13	0.14905646624933913
1.135	0.1486842511512879
1.14	0.148313792979986
1.145	0.14794507799546172
1.15	0.14757809258255866
1.155	0.14721282325029286
1.16	0.14684925663096357
1.1649999999999998	0.14648737947954102
1.17	0.14612717867268915
1.1749999999999998	0.1457686412081097
1.18	0.1454117542035998
1.1849999999999998	0.14505650489620664
1.19	0.14470288064147757
1.1949999999999998	0.1443508689124341
1.2	0.14400045729873126
1.2049999999999998	0.1436516335058236
1.21	0.14330438535390178
1.2149999999999999	0.1429587007771592
1.22	0.14261456782267487
1.2249999999999999	0.14227197464963726
1.23	0.14193090952828794
1.2349999999999999	0.14159136083902824
1.24	0.14125331707143543
1.2449999999999999	0.1409167668233656
1.25	0.14058169879995455
1.255	0.1402481018126255
1.26	0.13991596477820306
1.265	0.1395852767179406
1.27	0.1392560267564811
1.275	0.13892820412098744
1.28	0.1386017981401603
1.285	0.1382767982432252
1.2899999999999998	0.1379531939590867
1.295	0.13763097491527676
1.2999999999999998	0.13731013083704238
1.305	0.13699065154641188
1.3099999999999998	0.136672526961236
1.315	0.13635574709425763
1.3199999999999998	0.13604030205218248
1.325	0.13572618203470294
1.3299999999999998	0.13541337733367645
1.335	0.1351018783320789
1.3399999999999999	0.13479167550320795
1.345	0.1344827594096778
1.3499999999999999	0.13417512070258908
1.355	0.13386875012058308
1.3599999999999999	0.1335636384889701
1.365	0.13325977671886474
1.3699999999999999	0.1329571558062669
1.375	0.1326557668312228
1.38	0.13235560095694066
1.385	0.13205664942894957
1.39	0.1317589035742268
1.395	0.1314623548003715
1.4	0.1311669945947758
1.405	0.13087281452374414
1.41	0.13057980623173734
1.4149999999999998	0.13028796144050928
1.42	0.12999727194833086
1.4249999999999998	0.1297077296291318
1.43	0.1294193264317905
1.4349999999999998	0.12913205437927783
1.44	0.1288459055679095
1.4449999999999998	0.12856087216657205
1.45	0.12827694641592693
1.4549999999999998	0.1279941206277077
1.46	0.12771238718392589
1.4649999999999999	0.12743173853615516
1.47	0.12715216720475447
1.4749999999999999	0.12687366577823211
1.48	0.12659622691236372
1.4849999999999999	0.12631984332966836
1.49	0.1260445078185805
1.4949999999999999	0.12577021323276358
1.5	0.12549695249047318
1.505	0.12522471857380493
1.51	0.12495350452805294
1.515	0.1246833034610665
1.52	0.12441410854251304
1.525	0.12414591300330505
1.53	0.12387871013488835
1.535	0.12361249328863912
1.54	0.12334725587517964
1.545	0.12308299136384161
1.5499999999999998	0.12281969328192822
1.555	0.12255735521421732
1.5599999999999998	0.12229597080223438
1.565	0.12203553374376223
1.5699999999999998	0.12177603779216474
1.575	0.12151747675584756
1.5799999999999998	0.12125984449765856
1.585	0.1210031349343033
1.5899999999999999	0.12074734203580764
1.595	0.12049245982491079
1.5999999999999999	0.12023848237654781
1.605	0.11998540381729912
1.6099999999999999	0.11973321832481364
1.615	0.11948192012728891
1.6199999999999999	0.11923150350295621
1.625	0.11898196277955378
1.63	0.11873329233376878
1.635	0.11848548659076344
1.64	0.1182385400236621
1.645	0.11799244715303288
1.65	0.11774720254639716
1.655	0.11750280081775272
1.66	0.11725923662707902
1.665	0.11701650467984423
1.67	0.11677459972656035
1.6749999999999998	0.11653351656230686
1.68	0.1162932500262286
1.6849999999999998	0.11605379500113333
1.69	0.11581514641301958
1.6949999999999998	0.11557729923059665
1.7	0.11534024846491205
1.7049999999999998	0.11510398916884966
1.71	0.11486851643670233
1.7149999999999999	0.11463382540381475
1.72	0.11439991124605599
1.7249999999999999	0.11416676917949832
1.73	0.11393439445993582
1.7349999999999999	0.1137027823825133
1.74	0.11347192828131678
1.7449999999999999	0.11324182752896243
1.75	0.11301247553622142
1.755	0.11278386775160823
1.76	0.112555999661019
1.765	0.11232886678734114
1.77	0.11210246469006473
1.775	0.11187678896493232
1.78	0.11165183524355889
1.785	0.11142759919307257
1.79	0.11120407651573479
1.795	0.11098126294863826
1.7999999999999998	0.11075915426329405
1.805	0.1105377462653349
1.8099999999999998	0.1103170347941264
1.815	0.1100970157224589
1.8199999999999998	0.10987768495622796
1.825	0.10965903843404098
1.8299999999999998	0.10944107212695152
1.835	0.10922378203811034
1.8399999999999999	0.10900716420245132
1.845	0.10879121468635757
1.8499999999999999	0.10857592958737407
1.855	0.10836130503388294
1.8599999999999999	0.1081473371848047
1.865	0.10793402222927771
1.8699999999999999	0.10772135638639296
1.875	0.10750933590487449
1.88	0.10729795706278235
1.885	0.10708721616724101
1.89	0.10687710955415285
1.895	0.10666763358790209
1.9	0.1064587846610846
1.905	0.10625055919422756
1.91	0.10604295363553204
1.915	0.1058359644605742
1.92	0.10562958817206147
1.9249999999999998	0.10542382129957543
1.93	0.10521866039928232
1.9349999999999998	0.10501410205369728
1.94	0.10481014287141693
1.9449999999999998	0.1046067794868918
1.95	0.10440400856013346
1.9549999999999998	0.10420182677651606
1.96	0.10400023084648741
1.9649999999999999	0.10379921750538225
1.97	0.10359878351311708
1.9749999999999999	0.10339892565402015
1.98	0.10319964073654025
1.9849999999999999	0.10300092559307229
1.99	0.10280277707968018
1.9949999999999999	0.10260519207590317
2.	0.10240816748450751
2.005	0.10221170023130684
2.01	0.1020157872648939
2.015	0.10182042555645782
2.02	0.10162561209956482
2.025	0.10143134390994918
2.03	0.1012376180252707
2.035	0.1010444315049852
2.04	0.10085178143006411
2.045	0.10065966490281786
2.05	0.10046807904671462
2.0549999999999997	0.10027702100616605
2.06	0.10008648794632227
2.065	0.09989647705290793
2.07	0.09970698553201121
2.0749999999999997	0.09951801060988817
2.08	0.09932954953279369
2.085	0.09914159956678319
2.09	0.09895415799754066
2.0949999999999998	0.09876722213019871
2.1	0.09858078928913538
2.105	0.09839485681781913
2.11	0.09820942207864786
2.1149999999999998	0.09802448245274328
2.12	0.09784003533978525
2.125	0.09765607815786458
2.13	0.09747260834330083
2.135	0.09728962335047778
2.14	0.09710712065165436
2.145	0.09692509773686611
2.15	0.0967435521136963
2.155	0.09656248130715056
2.16	0.09638188285949403
2.165	0.09620175433010374
2.17	0.09602209329530259
2.175	0.0958428973482056
2.18	0.0956641640985772
2.185	0.09548589117268623
2.19	0.09530807621314004
2.195	0.09513071687876605
2.1999999999999997	0.09495381084442783
2.205	0.09477735580092954
2.21	0.09460134945483699
2.215	0.09442578952835036
2.2199999999999998	0.09425067375916878
2.225	0.09407599990035255
2.23	0.0939017657201882
2.235	0.09372796900202959
2.2399999999999998	0.09355460754421817
2.245	0.09338167915989622
2.25	0.09320918167691182
2.255	0.09303711293767632
2.26	0.09286547079903255
2.265	0.09269425313213651
2.27	0.09252345782234161
2.275	0.0923530827690506
2.28	0.09218312588561625
2.285	0.09201358509920339
2.29	0.09184445835067195
2.295	0.09167574359448163
2.3	0.0915074387985371
2.305	0.09133954194409373
2.31	0.09117205102563855
2.315	0.09100496405078509
2.32	0.09083827904014116
2.3249999999999997	0.09067199402721146
2.33	0.09050610705827992
2.335	0.09034061619230438
2.34	0.09017551950081511
2.3449999999999998	0.09001081506778946
2.35	0.08984650098956616
2.355	0.08968257537472467
2.36	0.08951903634397376
2.3649999999999998	0.08935588203008203
2.37	0.08919311057774781
2.375	0.08903072014350495
2.38	0.08886870889561255
2.385	0.08870707501398407
2.39	0.08854581669006115
2.395	0.08838493212672588
2.4	0.08822441953821171
2.405	0.08806427715000133
2.41	0.08790450319872097
2.415	0.08774509593208421
2.42	0.08758605360875012
2.425	0.08742737449827362
2.43	0.08726905688098276
2.435	0.08711109904791654
2.44	0.08695349930071775
2.445	0.08679625595154519
2.4499999999999997	0.08663936732300369
2.455	0.08648283174803698
2.46	0.0863266475698478
2.465	0.08617081314182606
2.4699999999999998	0.08601532682745171
2.475	0.08586018700021252
2.48	0.08570539204352512
2.485	0.08555094035065255
2.4899999999999998	0.0853968303246244
2.495	0.08524306037815876
2.5	0.08508962893357935
2.505	0.08493653442273114
2.51	0.08478377528692238
2.515	0.08463134997682208
2.52	0.08447925695240979
2.525	0.0843274946828723
2.53	0.08417606164655543
2.535	0.08402495633086907
2.54	0.08387417723223378
2.545	0.08372372285598466
2.55	0.08357359171632249
2.555	0.08342378233621808
2.56	0.08327429324736836
2.565	0.08312512299010358
2.57	0.08297627011333464
2.5749999999999997	0.0828277331744668
2.58	0.08267951073935301
2.585	0.08253160138220313
2.59	0.08238400368554262
2.5949999999999998	0.08223671624011863
2.6	0.08208973764485657
2.605	0.08194306650678289
2.61	0.08179670144096993
2.6149999999999998	0.08165064107045718
2.62	0.08150488402620447
2.625	0.08135942894702082
2.63	0.08121427447949921
2.635	0.08106941927796661
2.64	0.08092486200440968
2.645	0.08078060132842119
2.65	0.08063663592714293
2.655	0.08049296448519443
2.66	0.08034958569463155
2.665	0.08020649825486985
2.67	0.080063700872643
2.675	0.07992119226193245
2.68	0.0797789711439207
2.685	0.07963703624692937
2.69	0.07949538630635854
2.695	0.0793540200646461
2.7	0.07921293627119896
2.705	0.07907213368234427
2.71	0.07893161106128421
2.715	0.07879136717801666
2.7199999999999998	0.07865140080931371
2.725	0.07851171073864542
2.73	0.07837229575614968
2.735	0.07823315465855396
2.7399999999999998	0.07809428624914572
2.745	0.077955689337713
2.75	0.07781736274049846
2.755	0.07767930528014365
2.76	0.07754151578564074
2.765	0.07740399309229422
2.77	0.07726673604165483
2.775	0.07712974348148502
2.78	0.07699301426570462
2.785	0.07685654725434858
2.79	0.0767203413135179
2.795	0.07658439531532457
2.8	0.07644870813786121
2.8049999999999997	0.076313278665149
2.81	0.07617810578708507
2.815	0.07604318839940306
2.82	0.07590852540363811
2.825	0.07577411570706052
2.83	0.07563995822265641
2.835	0.07550605186906723
2.84	0.07537239557055402
2.8449999999999998	0.07523898825695055
2.85	0.07510582886362406
2.855	0.07497291633144058
2.86	0.07484024960670355
2.8649999999999998	0.07470782764113038
2.87	0.07457564939180497
2.875	0.07444371382113599
2.88	0.07431201989682225
2.885	0.07418056659180255
2.89	0.07404935288422548
2.895	0.07391837775740633
2.9	0.07378764019979052
2.905	0.07365713920490556
2.91	0.07352687377134062
2.915	0.07339684290268755
2.92	0.07326704560752034
2.925	0.07313748089934666
2.9299999999999997	0.07300814779657636
2.935	0.07287904532248564
2.94	0.07275017250516928
2.945	0.07262152837752311
2.95	0.07249311197719022
2.955	0.07236492234653787
2.96	0.07223695853261211
2.965	0.072109219587111
2.9699999999999998	0.07198170456634695
2.975	0.0718544125312091
2.98	0.07172734254713117
2.985	0.07160049368405888
2.9899999999999998	0.07147386501641377
2.995	0.07134745562306355
3.	0.0712212645872815
3.005	0.07109529099672111
3.01	0.07096953394337803
3.015	0.07084399252356222
3.02	0.07071866583786224
3.025	0.07059355299111356
3.03	0.07046865309236608
3.035	0.07034396525485574
3.04	0.07021948859597252
3.045	0.07009522223722543
3.05	0.06997116530421466
3.0549999999999997	0.069847316926604
3.06	0.06972367623808376
3.065	0.06960024237634585
3.07	0.0694770144830518
3.075	0.06935399170380296
3.08	0.06923117318811259
3.085	0.06910855808937412
3.09	0.06898614556483543
3.0949999999999998	0.06886393477556522
3.1	0.06874192488642991
3.105	0.06862011506606115
3.11	0.0684985044868307
3.115	0.06837709232481727
3.12	0.06825587775978645
3.125	0.06813485997515531
3.13	0.06801403815796989
3.135	0.06789341149887965
3.14	0.06777297919209994
3.145	0.06765274043540248
3.15	0.06753269443006978
3.155	0.06741284038088313
3.16	0.06729317749609183
3.165	0.06717370498738125
3.17	0.06705442206985734
3.175	0.06693532796201154
3.1799999999999997	0.06681642188570314
3.185	0.06669770306612649
3.19	0.06657917073179138
3.195	0.06646082411449648
3.2	0.06634266244930259
3.205	0.06622468497450942
3.21	0.06610689093163326
3.215	0.06598927956537717
3.2199999999999998	0.06587185012361327
3.225	0.06575460185735363
3.23	0.06563753402072846
3.235	0.0655206458709623
3.24	0.06540393666835179
3.245	0.06528740567623934
3.25	0.0651710521609914
3.255	0.06505487539197603
3.26	0.0649388746415404
3.265	0.06482304918498485
3.27	0.06470739830054366
3.275	0.0645919212693611
3.28	0.06447661737546909
3.285	0.06436148590576449
3.29	0.06424652614998837
3.295	0.06413173740070477
3.3	0.06401711895327365
3.3049999999999997	0.06390267010583635
3.31	0.06378839015928976
3.315	0.06367427841726572
3.32	0.06356033418611064
3.325	0.06344655677486179
3.33	0.06333294549523136
3.335	0.06321949966157903
3.34	0.06310621859089612
3.3449999999999998	0.0629931016027838
3.35	0.06288014801943202
3.355	0.06276735716559793
3.36	0.06265472836858872
3.365	0.06254226095823928
3.37	0.06242995426689062
3.375	0.06231780762937494
3.38	0.062205820382990634
3.385	0.06209399186748532
3.39	0.06198232142503649
3.395	0.06187080840022899
3.4	0.06175945214004154
3.405	0.0616482519938194
3.41	0.061537207313262746
3.415	0.061426317452403255
3.42	0.061315581767586926
3.425	0.06120499961745406
3.4299999999999997	0.06109457036292243
3.435	0.060984293367164565
3.44	0.06087416799559602
3.445	0.06076419361584919
3.45	0.06065436959776078
3.455	0.0605446953133517
3.46	0.06043517013680585
3.465	0.06032579344445861
3.4699999999999998	0.060216564614772455
3.475	0.06010748302832167
3.48	0.05999854806777703
3.485	0.05988975911788219
3.49	0.05978111556544207
3.495	0.05967261679930132
3.5	0.0595642622103295
3.505	0.059456051191400426
3.51	0.05934798313737927
3.515	0.05924005744509946
3.52	0.05913227351335484
3.525	0.059024630742870475
3.53	0.05891712853629605
3.535	0.05880976629818271
3.54	0.058702543434969785
3.545	0.05859545935496576
3.55	0.058488513468333586
3.5549999999999997	0.058381705187071156
3.56	0.058275033924997534
3.565	0.05816849909773777
3.5700000000000003	0.0580621001226986
3.575	0.05795583641906252
3.58	0.057849707407766314
3.585	0.05774371251148201
3.59	0.057637851154608934
3.5949999999999998	0.0575321227632455
3.5999999999999996	0.05742652676518799
3.605	0.057321062589902244
3.61	0.05721572966851307
3.615	0.05711052743378876
3.62	0.057005455320121315
3.625	0.05690051276352095
3.63	0.05679569920158315
3.635	0.056691014073491426
3.6399999999999997	0.05658645681998663
3.645	0.05648202688336312
3.65	0.05637772370744839
3.6550000000000002	0.05627354673758119
3.66	0.056169495420609616
3.665	0.05606556920486707
3.67	0.05596176754015415
3.675	0.055858089877732275
3.6799999999999997	0.05575453567030481
3.685	0.05565110437199592
3.69	0.05554779543834509
3.6950000000000003	0.055444608326288114
3.7	0.055341542494137426
3.705	0.05523859740157447
3.71	0.055135772509631746
3.715	0.055033067280676994
3.7199999999999998	0.054930481178395656
3.7249999999999996	0.05482801366778562
3.73	0.05472566421513319
3.735	0.0546234322880009
3.74	0.05452131735521462
3.745	0.05441931888684364
3.75	0.054317436354195
3.755	0.05421566922979035
3.76	0.05411401698735544
3.7649999999999997	0.054012479101806336
3.77	0.053911055049227455
3.775	0.053809744306870605
3.7800000000000002	0.053708546353127586
3.785	0.05360746066751965
3.79	0.053506486730690334
3.795	0.053405624024378415
3.8	0.053304872031407984
3.8049999999999997	0.053204230235689466
3.81	0.05310369812217199
3.815	0.053003275176864505
3.8200000000000003	0.052902960886797655
3.825	0.0528027547400165
3.83	0.0527026562255721
3.835	0.052602664833499735
3.84	0.05250278005480348
3.8449999999999998	0.05240300138144765
3.8499999999999996	0.05230332830634326
3.855	0.052203760323324674
3.86	0.05210429692714556
3.865	0.05200493761345856
3.87	0.05190568187880032
3.875	0.051806529220584235
3.88	0.05170747913707663
3.885	0.05160853112739069
3.8899999999999997	0.05150968469146889
3.895	0.05141093933006204
3.9	0.051312294544732094
3.9050000000000002	0.05121374983781993
3.91	0.051115304712435645
3.915	0.051016958672461775
3.92	0.05091871122250338
3.925	0.050820561867909946
3.9299999999999997	0.050722510114743005
3.935	0.05062455546975665
3.94	0.0505266974403981
3.9450000000000003	0.05042893553478662
3.95	0.05033126926169393
3.955	0.05023369813053926
3.96	0.050136221651365276
3.965	0.0500388393348367
3.9699999999999998	0.049941550692205336
3.9749999999999996	0.04984435523531891
3.98	0.04974725247659189
3.985	0.04965024192899487
3.99	0.049553323106035725
3.995	0.04945649552175774
4.	0.049359758690709736
4.005	0.049263112127938456
4.01	0.04916655534897728
4.015	0.049070087869823115
4.02	0.04897370920693125
4.025	0.04887741887719347
4.03	0.04878121639792436
4.035	0.04868510128684498
4.04	0.0485890730620783
4.045	0.04849313124212072
4.05	0.048397275345837036
4.055	0.04830150489243527
4.0600000000000005	0.048205819401461035
4.0649999999999995	0.04811021839277912
4.07	0.04801470138656506
4.075	0.04791926790326572
4.08	0.04782391746361784
4.085	0.04772864958861337
4.09	0.04763346379947983
4.095	0.04753835961767829
4.1	0.04744333656487894
4.105	0.04734839416295825
4.109999999999999	0.047253531933954034
4.115	0.04715874940008838
4.12	0.04706404608371922
4.125	0.046969421507351
4.13	0.046874875193593325
4.135	0.04678040666516609
4.14	0.0466860154448758
4.145	0.046591701055591024
4.15	0.04649746302024078
4.155	0.04640330086179322
4.16	0.04630921410322717
4.165	0.04621520226754306
4.17	0.04612126487771213
4.175	0.04602740145668795
4.18	0.0459336115273841
4.1850000000000005	0.04583989461263663
4.1899999999999995	0.0457462502352159
4.195	0.04565267791779579
4.2	0.04555917718293506
4.205	0.045465747553064685
4.21	0.045372388550466485
4.215	0.04527909969727062
4.22	0.04518588051540337
4.225	0.04509273052661418
4.23	0.04499964925242736
4.234999999999999	0.04490663621413076
4.24	0.04481369093277028
4.245	0.04472081292910539
4.25	0.04462800172363151
4.255	0.04453525683651572
4.26	0.044442577787612306
4.265	0.04434996409643153
4.27	0.044257415282117504
4.275	0.04416493086344874
4.28	0.04407251035878513
4.285	0.04398015328608433
4.29	0.043887859162864376
4.295	0.0437956275061768
4.3	0.04370345783261408
4.305	0.04361134965826563
4.3100000000000005	0.0435193024987042
4.3149999999999995	0.04342731586896944
4.32	0.04333538928355226
4.325	0.04324352225636763
4.33	0.04315171430072501
4.335	0.04305996492933019
4.34	0.0429682736542608
4.345	0.04287663998691522
4.35	0.04278506343803251
4.355	0.042693543517645344
4.359999999999999	0.04260207973507203
4.365	0.042510671598884255
4.37	0.04241931861688767
4.375	0.04232802029611665
4.38	0.04223677614278477
4.385	0.042145585662277184
4.39	0.042054448359139324
4.395	0.04196336373702987
4.4	0.041872331298717286
4.405	0.04178135054604445
4.41	0.04169042097990401
4.415	0.04159954210024653
4.42	0.041508713406001034
4.425	0.0414179343951017
4.43	0.0413272045644372
4.4350000000000005	0.041236523409825455
4.4399999999999995	0.04114589042601111
4.445	0.041055305106611484
4.45	0.04096476694411154
4.455	0.04087427542982858
4.46	0.04078383005388921
4.465	0.04069343030522073
4.47	0.040603075671482164
4.475	0.040512765639078456
4.48	0.040422499693121346
4.484999999999999	0.04033227731739074
4.49	0.0402420979943219
4.495	0.04015196120497053
4.5	0.040061866428993356
4.505	0.0399718131446004
4.51	0.039881800828545685
4.515	0.03979182895609818
4.52	0.03970189700098951
4.525	0.03961200443542207
4.53	0.03952215072999978
4.535	0.03943233535371459
4.54	0.039342557773940655
4.545	0.03925281745634763
4.55	0.03916311386492763
4.555	0.03907344646192229
4.5600000000000005	0.038983814707806375
4.5649999999999995	0.03889421806126242
4.57	0.038804655979132
4.575	0.0387151279164015
4.58	0.038625633326137034
4.585	0.03853617165948862
4.59	0.038446742365640045
4.595000000000001	0.0383573448917418
4.6	0.03826797868294338
4.605	0.038178643182294955
4.609999999999999	0.03808933783073959
4.615	0.03800006206707888
4.62	0.03791081532792191
4.625	0.03782159704766408
4.63	0.03773240665841913
4.635	0.03764324359002834
4.640000000000001	0.03755410726996883
4.645	0.037464997123344876
4.65	0.03737591257286153
4.654999999999999	0.03728685303873193
4.66	0.03719781793868642
4.665	0.03710880668790898
4.67	0.037019818698997405
4.675	0.03693085338190808
4.68	0.036841910143943654
4.6850000000000005	0.03675298838967421
4.6899999999999995	0.036664087520921464
4.695	0.03657520693667507
4.7	0.036486346033098575
4.705	0.036397504203440255
4.71	0.03630868083798765
4.715	0.03621987532406062
4.720000000000001	0.03613108704590223
4.725	0.03604231538468563
4.73	0.035953559718417245
4.734999999999999	0.0358648194219217
4.74	0.035776093866758146
4.745	0.035687382421199836
4.75	0.035598684450166
4.755	0.03550999931514716
4.76	0.035421326374181605
4.765000000000001	0.03533266498178873
4.77	0.03524401448890609
4.775	0.03515537424284435
4.779999999999999	0.03506674358720624
4.785	0.034978121861852896
4.79	0.0348895084028319
4.795	0.03480090254230749
4.8	0.03471230360851751
4.805	0.03462371092569229
4.8100000000000005	0.03453512381399984
4.8149999999999995	0.0344465415894791
4.82	0.0343579635639697
4.825	0.034269389045060196
4.83	0.034180817335982695
4.835	0.03409224773558922
4.84	0.034003679538254464
4.845000000000001	0.03391511203380199
4.85	0.03382654450744116
4.855	0.03373797623969499
4.859999999999999	0.03364940650631104
4.865	0.033560834578191215
4.87	0.03347225972132472
4.875	0.033383681196687415
4.88	0.03329509826018519
4.885	0.03320651016253389
4.890000000000001	0.033117916149231895
4.895	0.033029315460420254
4.9	0.03294070733083062
4.904999999999999	0.03285209098968461
4.91	0.03276346566059497
4.915	0.03267483056150043
4.92	0.03258618490454553
4.925	0.03249752789599772
4.93	0.03240885873616004
4.9350000000000005	0.032320176619250504
4.9399999999999995	0.032231480733330556
4.945	0.032142770260179934
4.95	0.032054044375209235
4.955	0.03196530224732723
4.96	0.03187654303887473
4.965	0.0317877659054954
4.970000000000001	0.03169896999601278
4.975	0.03161015445233052
4.98	0.03152131840931429
4.984999999999999	0.03143246099467214
4.99	0.031343581328840076
4.995	0.03125467852485825
5.	0.031165751688237615
5.005	0.0310767999168405
5.01	0.030987822300751956
5.015000000000001	0.030898817922141244
5.02	0.030809785855139347
5.025	0.03072072516569152
5.029999999999999	0.030631634911421592
5.035	0.030542514141482208
5.04	0.030453361896415926
5.045	0.03036417720801358
5.05	0.030274959099142476
5.055	0.030185706583622726
5.0600000000000005	0.030096418666030092
5.0649999999999995	0.030007094341567123
5.07	0.029917732595891828
5.075	0.029828332404935425
5.08	0.029738892734753344
5.085	0.029649412541326182
5.09	0.029559890770405106
5.095000000000001	0.02947032635731372
5.1	0.029380718226773166
5.105	0.029291065292699748
5.109999999999999	0.02920136645801533
5.115	0.029111620614463835
5.12	0.02902182664237143
5.125	0.02893198341050233
5.13	0.028842089775773554
5.135	0.028752144583089306
5.14	0.02866214666511314
5.145	0.02857209484201442
5.15	0.02848198792128045
5.155	0.0283918246974366
5.16	0.028301603951839324
5.165	0.028211324452414612
5.17	0.02812098495340383
5.175	0.028030584195108794
5.18	0.027940120903628716
5.185	0.027849593790584447
5.19	0.027759001552851225
5.195	0.027668342872271698
5.2	0.027577616415361026
5.205	0.027486820833014052
5.21	0.027395954760196264
5.215	0.02730501681565192
5.22	0.027214005601564097
5.225	0.027122919703229446
5.23	0.027031757688747944
5.235	0.026940518108646085
5.24	0.026849199495554244
5.245	0.026757800363830523
5.25	0.026666319209208977
5.255	0.026574754508400883
5.26	0.02648310471871894
5.265	0.026391368277691007
5.27	0.02629954360262469
5.275	0.026207629090225854
5.28	0.02611562311614299
5.285	0.02602352403452454
5.29	0.025931330177609187
5.295	0.025839039855211535
5.3	0.025746651354270313
5.305	0.025654162938377956
5.31	0.02556157284725078
5.315	0.025468879296221818
5.32	0.025376080475741167
5.325	0.025283174550788583
5.33	0.025190159660348405
5.335	0.02509703391683344
5.34	0.025003795405489235
5.345	0.024910442183784395
5.35	0.02481697228080987
5.355	0.024723383696623746
5.36	0.024629674401589346
5.365	0.024535842335718986
5.37	0.024441885407965047
5.375	0.024347801495503068
5.38	0.024253588443005007
5.385	0.024159244061861596
5.39	0.024064766129439374
5.395	0.02397015238823159
5.4	0.023875400545074022
5.405	0.023780508270256306
5.41	0.02368547319666607
5.415	0.02359029291887197
5.42	0.023494964992204104
5.425	0.02339948693177722
5.43	0.023303856211510567
5.435	0.023208070263097985
5.44	0.02311212647495394
5.445	0.023016022191134314
5.45	0.022919754710194716
5.455	0.022823321284046714
5.46	0.02272671911675581
5.465	0.022629945363295028
5.47	0.022532997128290724
5.475	0.02243587146467753
5.48	0.022338565372347487
5.485	0.022241075796737217
5.49	0.022143399627370018
5.495	0.022045533696353738
5.5	0.02194747477680591
5.505	0.021849219581256477
5.51	0.02175076475997413
5.515	0.02165210689922285
5.52	0.021553242519490055
5.525	0.02145416807361934
5.53	0.021354879944895225
5.535	0.021255374445046448
5.54	0.02115564781218151
5.545	0.021055696208649003
5.55	0.02095551571881428
5.555	0.02085510234675717
5.56	0.020754452013873992
5.565	0.02065356055639713
5.57	0.02055242372281801
5.575	0.020451037171199074
5.58	0.020349396466396788
5.585	0.02024749707715914
5.59	0.02014533437311477
5.595	0.020042903621642433
5.6	0.019940199984612012
5.605	0.019837218514987102
5.61	0.019733954153286933
5.615	0.01963040172391833
5.62	0.01952655593132001
5.625	0.01942241135597438
5.63	0.019317962450226715
5.635	0.019213203533938145
5.64	0.019108128789937184
5.645	0.01900273225927408
5.65	0.01889700783626643
5.655	0.018790949263311787
5.66	0.01868455012547624
5.665	0.018577803844827843
5.67	0.01847070367450133
5.675	0.018363242692496805
5.68	0.018255413795173606
5.6850000000000005	0.01814720969042937
5.69	0.018038622890566663
5.695	0.017929645704788416
5.7	0.017820270231332674
5.705	0.017710488349212284
5.71	0.017600291709539667
5.715	0.017489671726397562
5.72	0.017378619567245297
5.725	0.017267126142817887
5.73	0.01715518209649787
5.735	0.017042777793101427
5.74	0.016929903307072235
5.745	0.0168165484100199
5.75	0.016702702557560758
5.755	0.016588354875425114
5.76	0.016473494144771016
5.765	0.01635810878664822
5.77	0.01624218684555417
5.775	0.016125715972014835
5.78	0.016008683404125288
5.785	0.01589107594796076
5.79	0.01577287995678244
5.795	0.015654081308946226
5.8	0.01553466538440666
5.805	0.015414617039714263
5.8100000000000005	0.015293920581379884
5.815	0.015172559737482355
5.82	0.015050517627357362
5.825	0.014927776729241369
5.83	0.014804318845655544
5.835	0.014680125066371173
5.84	0.014555175728726805
5.845	0.014429450375072018
5.85	0.014302927707067963
5.855	0.014175585536574309
5.86	0.014047400732788142
5.865	0.01391834916528873
5.87	0.013788405642600228
5.875	0.013657543845814602
5.88	0.013525736256802376
5.885	0.013392954080453594
5.89	0.013259167160323052
5.895	0.013124343887006165
5.9	0.012988451098429747
5.905	0.012851453971220778
5.91	0.012713315902104116
5.915	0.012573998378212204
5.92	0.012433460835047604
5.925	0.012291660500552937
5.93	0.012148552223688743
5.9350000000000005	0.012004088285491928
5.94	0.01185821819049301
5.945	0.011710888435818832
5.95	0.011562042255127039
5.955	0.011411619333799765
5.96	0.011259555491455587
5.965	0.011105782327071887
5.97	0.010950226821127345
5.975	0.01079281088830885
5.98	0.010633450873015565
5.985	0.010472056978525488
5.99	0.01030853261875688
5.995	0.01014277367948578
6.	0.009974667673034667
6.005	0.00980409276714475
6.01	0.009630916664149674
6.015	0.009454995301523076
6.02	0.009276171337617175
6.025	0.009094272377538756
6.03	0.008909108882588244
6.035	0.008720471691443554
6.04	0.008528129061205496
6.045	0.008331823109469585
6.05	0.008131265502539186
6.055	0.007926132184752906
6.0600000000000005	0.007716056874837526
6.065	0.007500622957537327
6.07	0.007279353258652768
6.075	0.007051696986436787
6.08	0.006817012816640989
6.085	0.006574546631480936
6.09	0.006323401690442172
6.095	0.006062497830331793
6.1	0.005790514320765714
6.105	0.005505807583718468
6.11	0.005206288783583892
6.115	0.004889234420094922
6.12	0.004550978799245813
6.125	0.004186383563693985
6.13	0.003787847833104398
6.135	0.003343252868802423
6.140000000000001	0.0028309774176180635
6.145	0.002204325664581245
6.15	0.0013081190847829204
6.155	0.
6.16	0.
6.165	0.
6.17	0.
6.175	0.
6.18	0.
6.1850000000000005	0.
6.1899999999999995	0.
6.195	0.
6.2	0.
6.205	0.
6.21	0.
6.215	0.
6.22	0.
6.225	0.
6.23	0.
6.235	0.
6.24	0.
6.245	0.
6.25	0.
6.255	0.
6.26	0.
6.265000000000001	0.
6.27	0.
6.275	0.
6.28	0.
6.285	0.
6.29	0.
6.295	0.
6.3	0.
6.305	0.
6.3100000000000005	0.
6.3149999999999995	0.
6.32	0.
6.325	0.
6.33	0.
6.335	0.
6.34	0.
6.345	0.
6.35	0.
6.355	0.
6.36	0.
6.365	0.
6.37	0.
6.375	0.
6.38	0.
6.385	0.
6.390000000000001	0.
6.395	0.
6.4	0.
6.405	0.
6.41	0.
6.415	0.
6.42	0.
6.425	0.
6.43	0.
6.4350000000000005	0.
6.4399999999999995	0.
6.445	0.
6.45	0.
6.455	0.
6.46	0.
6.465	0.
6.47	0.
6.475	0.
6.48	0.
6.485	0.
6.49	0.
6.495	0.
6.5	0.
6.505	0.
6.51	0.
6.515000000000001	0.
6.52	0.
6.525	0.
6.53	0.
6.535	0.
6.54	0.
6.545	0.
6.55	0.
6.555	0.
6.5600000000000005	0.
6.5649999999999995	0.
6.57	0.
6.575	0.
6.58	0.
6.585	0.
6.59	0.
6.595	0.
6.6	0.
6.605	0.
6.61	0.
6.615	0.
6.62	0.
6.625	0.
6.63	0.
6.635	0.
6.640000000000001	0.
6.645	0.
6.65	0.
6.655	0.
6.66	0.
6.665	0.
6.67	0.
6.675	0.
6.68	0.
6.6850000000000005	0.
6.6899999999999995	0.
6.695	0.
6.7	0.
6.705	0.
6.71	0.
6.715	0.
6.72	0.
6.725	0.
6.73	0.
6.735	0.
6.74	0.
6.745	0.
6.75	0.
6.755	0.
6.76	0.
6.765000000000001	0.
6.77	0.
6.775	0.
6.78	0.
6.785	0.
6.79	0.
6.795	0.
6.8	0.
6.805	0.
6.8100000000000005	0.
6.8149999999999995	0.
6.82	0.
6.825	0.
6.83	0.
6.835	0.
6.84	0.
6.845	0.
6.85	0.
6.855	0.
6.86	0.
6.865	0.
6.87	0.
6.875	0.
6.88	0.
6.885	0.
6.890000000000001	0.
6.895	0.
6.9	0.
6.905	0.
6.91	0.
6.915	0.
6.92	0.
6.925	0.
6.93	0.
6.9350000000000005	0.
6.9399999999999995	0.
6.945	0.
6.95	0.
6.955	0.
6.96	0.
6.965	0.
6.97	0.
6.975	0.
6.98	0.
6.985	0.
6.99	0.
6.995	0.
7.	0.
7.005	0.
7.01	0.
7.015000000000001	0.
7.02	0.
7.025	0.
7.03	0.
7.035	0.
7.04	0.
7.045	0.
7.05	0.
7.055	0.
7.0600000000000005	0.
7.0649999999999995	0.
7.07	0.
7.075	0.
7.08	0.
7.085	0.
7.09	0.
7.095	0.
7.1	0.
7.105	0.
7.11	0.
7.115	0.
7.12	0.
7.125	0.
7.13	0.
7.135	0.
7.140000000000001	0.
7.145	0.
7.15	0.
7.155	0.
7.16	0.
7.165	0.
7.17	0.
7.175	0.
7.18	0.
7.1850000000000005	0.
7.1899999999999995	0.
7.195	0.
7.2	0.
7.205	0.
7.21	0.
7.215	0.
7.220000000000001	0.
7.225	0.
7.23	0.
7.234999999999999	0.
7.24	0.
7.245	0.
7.25	0.
7.255	0.
7.26	0.
7.265000000000001	0.
7.27	0.
7.275	0.
7.28	0.
7.285	0.
7.29	0.
7.295	0.
7.300000000000001	0.
7.305	0.
7.3100000000000005	0.
7.3149999999999995	0.
7.32	0.
7.325	0.
7.33	0.
7.335	0.
7.34	0.
7.345000000000001	0.
7.35	0.
7.355	0.
7.359999999999999	0.
7.365	0.
7.37	0.
7.375	0.
7.38	0.
7.385	0.
7.390000000000001	0.
7.395	0.
7.4	0.
7.405	0.
7.41	0.
7.415	0.
7.42	0.
7.425000000000001	0.
7.43	0.
7.4350000000000005	0.
7.4399999999999995	0.
7.445	0.
7.45	0.
7.455	0.
7.46	0.
7.465	0.
7.470000000000001	0.
7.475	0.
7.48	0.
7.484999999999999	0.
7.49	0.
7.495	0.
7.5	0.
7.505	0.
7.51	0.
7.515000000000001	0.
7.52	0.
7.525	0.
7.53	0.
7.535	0.
7.54	0.
7.545	0.
7.550000000000001	0.
7.555	0.
7.5600000000000005	0.
7.5649999999999995	0.
7.57	0.
7.575	0.
7.58	0.
7.585	0.
7.59	0.
7.595000000000001	0.
7.6	0.
7.605	0.
7.609999999999999	0.
7.615	0.
7.62	0.
7.625	0.
7.63	0.
7.635	0.
7.640000000000001	0.
7.645	0.
7.65	0.
7.655	0.
7.66	0.
7.665	0.
7.67	0.
7.675000000000001	0.
7.68	0.
7.685	0.
7.6899999999999995	0.
7.694999999999999	0.
7.699999999999999	0.
7.704999999999999	0.
7.71	0.
7.715	0.
7.72	0.
7.725	0.
7.7299999999999995	0.
7.734999999999999	0.
7.739999999999999	0.
7.744999999999999	0.
7.75	0.
7.755	0.
7.76	0.
7.765	0.
7.77	0.
7.7749999999999995	0.
7.779999999999999	0.
7.784999999999999	0.
7.79	0.
7.795	0.
7.8	0.
7.805	0.
7.81	0.
7.8149999999999995	0.
7.819999999999999	0.
7.824999999999999	0.
7.829999999999999	0.
7.835	0.
7.84	0.
7.845	0.
7.85	0.
7.8549999999999995	0.
7.859999999999999	0.
7.864999999999999	0.
7.869999999999999	0.
7.875	0.
7.88	0.
7.885	0.
7.89	0.
7.895	0.
7.8999999999999995	0.
7.904999999999999	0.
7.909999999999999	0.
7.915	0.
7.92	0.
7.925	0.
7.93	0.
7.935	0.
7.9399999999999995	0.
7.944999999999999	0.
7.949999999999999	0.
7.955	0.
7.96	0.
7.965	0.
7.97	0.
7.975	0.
7.9799999999999995	0.
7.984999999999999	0.
7.989999999999999	0.
7.994999999999999	0.
8.	0.
8.004999999999999	0.
8.01	0.
8.014999999999999	0.
8.02	0.
8.025	0.
8.03	0.
8.035	0.
8.04	0.
8.045	0.
8.049999999999999	0.
8.055	0.
8.059999999999999	0.
8.065	0.
8.07	0.
8.075	0.
8.08	0.
8.084999999999999	0.
8.09	0.
8.094999999999999	0.
8.1	0.
8.105	0.
8.11	0.
8.115	0.
8.12	0.
8.125	0.
8.129999999999999	0.
8.135	0.
8.139999999999999	0.
8.145	0.
8.15	0.
8.155	0.
8.16	0.
8.165	0.
8.17	0.
8.174999999999999	0.
8.18	0.
8.184999999999999	0.
8.19	0.
8.195	0.
8.2	0.
8.205	0.
8.209999999999999	0.
8.215	0.
8.219999999999999	0.
8.225	0.
8.23	0.
8.235	0.
8.24	0.
8.245	0.
8.25	0.
8.254999999999999	0.
8.26	0.
8.264999999999999	0.
8.27	0.
8.275	0.
8.28	0.
8.285	0.
8.29	0.
8.295	0.
8.299999999999999	0.
8.305	0.
8.309999999999999	0.
8.315	0.
8.32	0.
8.325	0.
8.33	0.
8.334999999999999	0.
8.34	0.
8.344999999999999	0.
8.35	0.
8.355	0.
8.36	0.
8.365	0.
8.37	0.
8.375	0.
8.379999999999999	0.
8.385	0.
8.389999999999999	0.
8.395	0.
8.4	0.
8.405	0.
8.41	0.
8.415	0.
8.42	0.
8.424999999999999	0.
8.43	0.
8.434999999999999	0.
8.44	0.
8.445	0.
8.45	0.
8.455	0.
8.459999999999999	0.
8.465	0.
8.469999999999999	0.
8.475	0.
8.48	0.
8.485	0.
8.49	0.
8.495	0.
8.5	0.
8.504999999999999	0.
8.51	0.
8.515	0.
8.52	0.
8.525	0.
8.53	0.
8.535	0.
8.54	0.
8.545	0.
8.549999999999999	0.
8.555	0.
8.559999999999999	0.
8.565	0.
8.57	0.
8.575	0.
8.58	0.
8.584999999999999	0.
8.59	0.
8.594999999999999	0.
8.6	0.
8.605	0.
8.61	0.
8.615	0.
8.62	0.
8.625	0.
8.629999999999999	0.
8.635	0.
8.64	0.
8.645	0.
8.65	0.
8.655	0.
8.66	0.
8.665	0.
8.67	0.
8.674999999999999	0.
8.68	0.
8.684999999999999	0.
8.69	0.
8.695	0.
8.7	0.
8.705	0.
8.709999999999999	0.
8.715	0.
8.719999999999999	0.
8.725	0.
8.73	0.
8.735	0.
8.74	0.
8.745	0.
8.75	0.
8.754999999999999	0.
8.76	0.
8.765	0.
8.77	0.
8.775	0.
8.78	0.
8.785	0.
8.79	0.
8.795	0.
8.799999999999999	0.
8.805	0.
8.809999999999999	0.
8.815	0.
8.82	0.
8.825	0.
8.83	0.
8.834999999999999	0.
8.84	0.
8.844999999999999	0.
8.85	0.
8.855	0.
8.86	0.
8.865	0.
8.87	0.
8.875	0.
8.879999999999999	0.
8.885	0.
8.89	0.
8.895	0.
8.9	0.
8.905	0.
8.91	0.
8.915	0.
8.92	0.
8.924999999999999	0.
8.93	0.
8.934999999999999	0.
8.94	0.
8.945	0.
8.95	0.
8.955	0.
8.959999999999999	0.
8.965	0.
8.969999999999999	0.
8.975	0.
8.98	0.
8.985	0.
8.99	0.
8.995	0.
9.	0.
9.004999999999999	0.
9.01	0.
9.015	0.
9.02	0.
9.025	0.
9.03	0.
9.035	0.
9.04	0.
9.045	0.
9.049999999999999	0.
9.055	0.
9.059999999999999	0.
9.065	0.
9.07	0.
9.075	0.
9.08	0.
9.084999999999999	0.
9.09	0.
9.094999999999999	0.
9.1	0.
9.105	0.
9.11	0.
9.115	0.
9.12	0.
9.125	0.
9.129999999999999	0.
9.135	0.
9.14	0.
9.145	0.
9.15	0.
9.155	0.
9.16	0.
9.165	0.
9.17	0.
9.174999999999999	0.
9.18	0.
9.184999999999999	0.
9.19	0.
9.195	0.
9.2	0.
9.205	0.
9.209999999999999	0.
9.215	0.
9.219999999999999	0.
9.225	0.
9.23	0.
9.235	0.
9.24	0.
9.245	0.
9.25	0.
9.254999999999999	0.
9.26	0.
9.265	0.
9.27	0.
9.275	0.
9.28	0.
9.285	0.
9.29	0.
9.295	0.
9.299999999999999	0.
9.305	0.
9.309999999999999	0.
9.315	0.
9.32	0.
9.325	0.
9.33	0.
9.334999999999999	0.
9.34	0.
9.344999999999999	0.
9.35	0.
9.355	0.
9.36	0.
9.365	0.
9.37	0.
9.375	0.
9.379999999999999	0.
9.385	0.
9.39	0.
9.395	0.
9.4	0.
9.405	0.
9.41	0.
9.415	0.
9.42	0.
9.424999999999999	0.
9.43	0.
9.434999999999999	0.
9.44	0.
9.445	0.
9.45	0.
9.455	0.
9.459999999999999	0.
9.465	0.
9.469999999999999	0.
9.475	0.
9.48	0.
9.485	0.
9.49	0.
9.495	0.
9.5	0.
9.504999999999999	0.
9.51	0.
9.515	0.
9.52	0.
9.525	0.
9.53	0.
9.535	0.
9.54	0.
9.545	0.
9.549999999999999	0.
9.555	0.
9.559999999999999	0.
9.565	0.
9.57	0.
9.575	0.
9.58	0.
9.584999999999999	0.
9.59	0.
9.594999999999999	0.
9.6	0.
9.605	0.
9.61	0.
9.615	0.
9.62	0.
9.625	0.
9.629999999999999	0.
9.635	0.
9.64	0.
9.645	0.
9.65	0.
9.655	0.
9.66	0.
9.665	0.
9.67	0.
9.674999999999999	0.
9.68	0.
9.684999999999999	0.
9.69	0.
9.695	0.
9.7	0.
9.705	0.
9.709999999999999	0.
9.715	0.
9.719999999999999	0.
9.725	0.
9.73	0.
9.735	0.
9.74	0.
9.745	0.
9.75	0.
9.754999999999999	0.
9.76	0.
9.765	0.
9.77	0.
9.774999999999999	0.
9.78	0.
9.785	0.
9.79	0.
9.795	0.
9.8	0.
9.805	0.
9.809999999999999	0.
9.815	0.
9.82	0.
9.825	0.
9.83	0.
9.834999999999999	0.
9.84	0.
9.844999999999999	0.
9.85	0.
9.855	0.
9.86	0.
9.865	0.
9.87	0.
9.875	0.
9.879999999999999	0.
9.885	0.
9.89	0.
9.895	0.
9.899999999999999	0.
9.905	0.
9.91	0.
9.915	0.
9.92	0.
9.925	0.
9.93	0.
9.934999999999999	0.
9.94	0.
9.945	0.
9.95	0.
9.955	0.
9.959999999999999	0.
9.965	0.
9.969999999999999	0.
9.975	0.
9.98	0.
9.985	0.
9.99	0.
9.995	0.
10.	0.
10.004999999999999	0.
10.01	0.
10.015	0.
10.02	0.
10.024999999999999	0.
10.03	0.
10.035	0.
10.04	0.
10.045	0.
10.05	0.
10.055	0.
10.059999999999999	0.
10.065	0.
10.07	0.
10.075	0.
10.08	0.
10.084999999999999	0.
10.09	0.
10.094999999999999	0.
10.1	0.
10.105	0.
10.11	0.
10.115	0.
10.12	0.
10.125	0.
10.129999999999999	0.
10.135	0.
10.14	0.
10.145	0.
10.149999999999999	0.
10.155	0.
10.16	0.
10.165	0.
10.17	0.
10.175	0.
10.18	0.
10.184999999999999	0.
10.19	0.
10.195	0.
10.2	0.
10.205	0.
10.209999999999999	0.
10.215	0.
10.219999999999999	0.
10.225	0.
10.23	0.
10.235	0.
10.24	0.
10.245000000000001	0.
10.250000000000002	0.
10.255	0.
10.260000000000002	0.
10.265	0.
10.270000000000001	0.
10.275	0.
10.280000000000001	0.
10.285	0.
10.290000000000001	0.
10.295000000000002	0.
10.3	0.
10.305000000000001	0.
10.31	0.
10.315000000000001	0.
10.32	0.
10.325000000000001	0.
10.330000000000002	0.
10.335	0.
10.340000000000002	0.
10.345	0.
10.350000000000001	0.
10.355	0.
10.360000000000001	0.
10.365	0.
10.370000000000001	0.
10.375000000000002	0.
10.38	0.
10.385000000000002	0.
10.39	0.
10.395000000000001	0.
10.4	0.
10.405000000000001	0.
10.41	0.
10.415000000000001	0.
10.420000000000002	0.
10.425	0.
10.430000000000001	0.
10.435	0.
10.440000000000001	0.
10.445	0.
10.450000000000001	0.
10.455000000000002	0.
10.46	0.
10.465000000000002	0.
10.47	0.
10.475000000000001	0.
10.48	0.
10.485000000000001	0.
10.49	0.
10.495000000000001	0.
10.500000000000002	0.
10.505	0.
10.510000000000002	0.
10.515	0.
10.520000000000001	0.
10.525	0.
10.530000000000001	0.
10.535	0.
10.540000000000001	0.
10.545000000000002	0.
10.55	0.
10.555000000000001	0.
10.56	0.
10.565000000000001	0.
10.57	0.
10.575000000000001	0.
10.580000000000002	0.
10.585	0.
10.590000000000002	0.
10.595	0.
10.600000000000001	0.
10.605	0.
10.610000000000001	0.
10.615	0.
10.620000000000001	0.
10.625000000000002	0.
10.63	0.
10.635000000000002	0.
10.64	0.
10.645000000000001	0.
10.65	0.
10.655000000000001	0.
10.66	0.
10.665000000000001	0.
10.670000000000002	0.
10.675	0.
10.680000000000001	0.
10.685	0.
10.690000000000001	0.
10.695	0.
10.700000000000001	0.
10.705000000000002	0.
10.71	0.
10.715000000000002	0.
10.72	0.
10.725000000000001	0.
10.73	0.
10.735000000000001	0.
10.74	0.
10.745000000000001	0.
10.750000000000002	0.
10.755	0.
10.760000000000002	0.
10.765	0.
10.770000000000001	0.
10.775	0.
10.780000000000001	0.
10.785	0.
10.790000000000001	0.
10.795000000000002	0.
10.8	0.
10.805000000000001	0.
10.81	0.
10.815000000000001	0.
10.82	0.
10.825000000000001	0.
10.830000000000002	0.
10.835	0.
10.840000000000002	0.
10.845	0.
10.850000000000001	0.
10.855	0.
10.860000000000001	0.
10.865	0.
10.870000000000001	0.
10.875000000000002	0.
10.88	0.
10.885000000000002	0.
10.89	0.
10.895000000000001	0.
10.9	0.
10.905000000000001	0.
10.91	0.
10.915000000000001	0.
10.920000000000002	0.
10.925	0.
10.930000000000001	0.
10.935	0.
10.940000000000001	0.
10.945	0.
10.950000000000001	0.
10.955000000000002	0.
10.96	0.
10.965000000000002	0.
10.97	0.
10.975000000000001	0.
10.98	0.
10.985000000000001	0.
10.99	0.
10.995000000000001	0.
11.000000000000002	0.
11.005	0.
11.010000000000002	0.
11.015	0.
11.020000000000001	0.
11.025	0.
11.030000000000001	0.
11.035	0.
11.040000000000001	0.
11.045000000000002	0.
11.05	0.
11.055000000000001	0.
11.06	0.
11.065000000000001	0.
11.07	0.
11.075000000000001	0.
11.080000000000002	0.
11.085	0.
11.090000000000002	0.
11.095	0.
11.100000000000001	0.
11.105	0.
11.110000000000001	0.
11.115	0.
11.120000000000001	0.
11.125000000000002	0.
11.13	0.
11.135000000000002	0.
11.14	0.
11.145000000000001	0.
11.15	0.
11.155000000000001	0.
11.16	0.
11.165000000000001	0.
11.170000000000002	0.
11.175	0.
11.180000000000001	0.
11.185	0.
11.190000000000001	0.
11.195	0.
11.200000000000001	0.
11.205000000000002	0.
11.21	0.
11.215000000000002	0.
11.22	0.
11.225000000000001	0.
11.23	0.
11.235000000000001	0.
11.24	0.
11.245000000000001	0.
11.250000000000002	0.
11.255	0.
11.260000000000002	0.
11.265	0.
11.270000000000001	0.
11.275	0.
11.280000000000001	0.
11.285	0.
11.290000000000001	0.
11.295000000000002	0.
11.3	0.
11.305000000000001	0.
11.31	0.
11.315000000000001	0.
11.32	0.
11.325000000000001	0.
11.330000000000002	0.
11.335	0.
11.340000000000002	0.
11.345	0.
11.350000000000001	0.
11.355	0.
11.360000000000001	0.
11.365000000000002	0.
11.370000000000001	0.
11.375000000000002	0.
11.38	0.
11.385000000000002	0.
11.39	0.
11.395000000000001	0.
11.4	0.
11.405000000000001	0.
11.41	0.
11.415000000000001	0.
11.420000000000002	0.
11.425	0.
11.430000000000001	0.
11.435	0.
11.440000000000001	0.
11.445	0.
11.450000000000001	0.
11.455000000000002	0.
11.46	0.
11.465000000000002	0.
11.47	0.
11.475000000000001	0.
11.48	0.
11.485000000000001	0.
11.490000000000002	0.
11.495000000000001	0.
11.500000000000002	0.
11.505	0.
11.510000000000002	0.
11.515	0.
11.520000000000001	0.
11.525	0.
11.530000000000001	0.
11.535	0.
11.540000000000001	0.
11.545000000000002	0.
11.55	0.
11.555000000000001	0.
11.56	0.
11.565000000000001	0.
11.57	0.
11.575000000000001	0.
11.580000000000002	0.
11.585	0.
11.590000000000002	0.
11.595	0.
11.600000000000001	0.
11.605	0.
11.610000000000001	0.
11.615000000000002	0.
11.620000000000001	0.
11.625000000000002	0.
11.63	0.
11.635000000000002	0.
11.64	0.
11.645000000000001	0.
11.65	0.
11.655000000000001	0.
11.66	0.
11.665000000000001	0.
11.670000000000002	0.
11.675	0.
11.680000000000001	0.
11.685	0.
11.690000000000001	0.
11.695	0.
11.700000000000001	0.
11.705000000000002	0.
11.71	0.
11.715000000000002	0.
11.72	0.
11.725000000000001	0.
11.73	0.
11.735000000000001	0.
11.740000000000002	0.
11.745000000000001	0.
11.750000000000002	0.
11.755	0.
11.760000000000002	0.
11.765	0.
11.770000000000001	0.
11.775	0.
11.780000000000001	0.
11.785	0.
11.790000000000001	0.
11.795000000000002	0.
11.8	0.
11.805000000000001	0.
11.81	0.
11.815000000000001	0.
11.82	0.
11.825000000000001	0.
11.830000000000002	0.
11.835	0.
11.840000000000002	0.
11.845	0.
11.850000000000001	0.
11.855	0.
11.860000000000001	0.
11.865000000000002	0.
11.870000000000001	0.
11.875000000000002	0.
11.88	0.
11.885000000000002	0.
11.89	0.
11.895000000000001	0.
11.9	0.
11.905000000000001	0.
11.91	0.
11.915000000000001	0.
11.920000000000002	0.
11.925	0.
11.930000000000001	0.
11.935	0.
11.940000000000001	0.
11.945	0.
11.950000000000001	0.
11.955000000000002	0.
11.96	0.
11.965000000000002	0.
11.97	0.
11.975000000000001	0.
11.98	0.
11.985000000000001	0.
11.990000000000002	0.
11.995000000000001	0.
12.000000000000002	0.
12.005	0.
12.010000000000002	0.
12.015	0.
12.020000000000001	0.
12.025	0.
12.030000000000001	0.
12.035	0.
12.040000000000001	0.
12.045000000000002	0.
12.05	0.
12.055000000000001	0.
12.06	0.
12.065000000000001	0.
12.07	0.
12.075000000000001	0.
12.080000000000002	0.
12.085	0.
12.090000000000002	0.
12.095	0.
12.100000000000001	0.
12.105	0.
12.110000000000001	0.
12.115000000000002	0.
12.120000000000001	0.
12.125000000000002	0.
12.13	0.
12.135000000000002	0.
12.14	0.
12.145000000000001	0.
12.15	0.
12.155000000000001	0.
12.16	0.
12.165000000000001	0.
12.170000000000002	0.
12.175	0.
12.180000000000001	0.
12.185	0.
12.190000000000001	0.
12.195	0.
12.200000000000001	0.
12.205000000000002	0.
12.21	0.
12.215000000000002	0.
12.22	0.
12.225000000000001	0.
12.23	0.
12.235000000000001	0.
12.240000000000002	0.
12.245000000000001	0.
12.25	0.
12.255	0.
12.260000000000002	0.
12.265	0.
12.270000000000001	0.
12.275000000000002	0.
12.280000000000001	0.
12.285	0.
12.290000000000001	0.
12.295000000000002	0.
12.3	0.
12.305000000000001	0.
12.31	0.
12.315000000000001	0.
12.32	0.
12.325000000000001	0.
12.330000000000002	0.
12.335	0.
12.340000000000002	0.
12.345	0.
12.350000000000001	0.
12.355	0.
12.360000000000001	0.
12.365000000000002	0.
12.370000000000001	0.
12.375	0.
12.38	0.
12.385000000000002	0.
12.39	0.
12.395000000000001	0.
12.400000000000002	0.
12.405000000000001	0.
12.41	0.
12.415000000000001	0.
12.420000000000002	0.
12.425	0.
12.430000000000001	0.
12.435	0.
12.440000000000001	0.
12.445	0.
12.450000000000001	0.
12.455000000000002	0.
12.46	0.
12.465000000000002	0.
12.47	0.
12.475000000000001	0.
12.48	0.
12.485000000000001	0.
12.490000000000002	0.
12.495000000000001	0.
12.5	0.
12.505	0.
12.510000000000002	0.
12.515	0.
12.520000000000001	0.
12.525000000000002	0.
12.530000000000001	0.
12.535	0.
12.540000000000001	0.
12.545000000000002	0.
12.55	0.
12.555000000000001	0.
12.56	0.
12.565000000000001	0.
12.57	0.
12.575000000000001	0.
12.580000000000002	0.
12.585	0.
12.590000000000002	0.
12.595	0.
12.600000000000001	0.
12.605	0.
12.610000000000001	0.
12.615000000000002	0.
12.620000000000001	0.
12.625	0.
12.63	0.
12.635000000000002	0.
12.64	0.
12.645000000000001	0.
12.650000000000002	0.
12.655000000000001	0.
12.66	0.
12.665000000000001	0.
12.670000000000002	0.
12.675	0.
12.680000000000001	0.
12.685	0.
12.690000000000001	0.
12.695	0.
12.700000000000001	0.
12.705000000000002	0.
12.71	0.
12.715000000000002	0.
12.72	0.
12.725000000000001	0.
12.73	0.
12.735000000000001	0.
12.740000000000002	0.
12.745000000000001	0.
12.75	0.
12.755	0.
12.760000000000002	0.
12.765	0.
12.770000000000001	0.
12.775000000000002	0.
12.780000000000001	0.
12.785	0.
12.790000000000001	0.
12.795000000000002	0.
12.8	0.
12.805000000000001	0.
12.810000000000002	0.
12.815000000000001	0.
12.820000000000002	0.
12.825000000000001	0.
12.830000000000002	0.
12.835	0.
12.840000000000002	0.
12.845	0.
12.850000000000001	0.
12.855000000000002	0.
12.860000000000001	0.
12.865000000000002	0.
12.870000000000001	0.
12.875000000000002	0.
12.88	0.
12.885000000000002	0.
12.890000000000002	0.
12.895000000000001	0.
12.900000000000002	0.
12.905000000000001	0.
12.910000000000002	0.
12.915000000000001	0.
12.920000000000002	0.
12.925	0.
12.930000000000001	0.
12.935000000000002	0.
12.940000000000001	0.
12.945000000000002	0.
12.950000000000001	0.
12.955000000000002	0.
12.96	0.
12.965000000000002	0.
12.97	0.
12.975000000000001	0.
12.980000000000002	0.
12.985000000000001	0.
12.990000000000002	0.
12.995000000000001	0.
13.000000000000002	0.
13.005	0.
13.010000000000002	0.
13.015000000000002	0.
13.020000000000001	0.
13.025000000000002	0.
13.030000000000001	0.
13.035000000000002	0.
13.040000000000001	0.
13.045000000000002	0.
13.05	0.
13.055000000000001	0.
13.060000000000002	0.
13.065000000000001	0.
13.070000000000002	0.
13.075000000000001	0.
13.080000000000002	0.
13.085	0.
13.090000000000002	0.
13.095	0.
13.100000000000001	0.
13.105000000000002	0.
13.110000000000001	0.
13.115000000000002	0.
13.120000000000001	0.
13.125000000000002	0.
13.13	0.
13.135000000000002	0.
13.140000000000002	0.
13.145000000000001	0.
13.150000000000002	0.
13.155000000000001	0.
13.160000000000002	0.
13.165000000000001	0.
13.170000000000002	0.
13.175	0.
13.180000000000001	0.
13.185000000000002	0.
13.190000000000001	0.
13.195000000000002	0.
13.200000000000001	0.
13.205000000000002	0.
13.21	0.
13.215000000000002	0.
13.220000000000002	0.
13.225000000000001	0.
13.230000000000002	0.
13.235000000000001	0.
13.240000000000002	0.
13.245000000000001	0.
13.250000000000002	0.
13.255	0.
13.260000000000002	0.
13.265000000000002	0.
13.270000000000001	0.
13.275000000000002	0.
13.280000000000001	0.
13.285000000000002	0.
13.290000000000001	0.
13.295000000000002	0.
13.3	0.
13.305000000000001	0.
13.310000000000002	0.
13.315000000000001	0.
13.320000000000002	0.
13.325000000000001	0.
13.330000000000002	0.
13.335	0.
13.340000000000002	0.
13.345000000000002	0.
13.350000000000001	0.
13.355000000000002	0.
13.360000000000001	0.
13.365000000000002	0.
13.370000000000001	0.
13.375000000000002	0.
13.38	0.
13.385000000000002	0.
13.39	0.
13.395000000000001	0.
13.400000000000002	0.
13.405000000000001	0.
13.410000000000002	0.
13.415000000000001	0.
13.420000000000002	0.
13.425	0.
13.430000000000001	0.
13.435000000000002	0.
13.440000000000001	0.
13.445000000000002	0.
13.450000000000001	0.
13.455000000000002	0.
13.46	0.
13.465000000000002	0.
13.470000000000002	0.
13.475000000000001	0.
13.480000000000002	0.
13.485000000000001	0.
13.490000000000002	0.
13.495000000000001	0.
13.500000000000002	0.
13.505	0.
13.510000000000002	0.
13.515	0.
13.520000000000001	0.
13.525000000000002	0.
13.530000000000001	0.
13.535000000000002	0.
13.540000000000001	0.
13.545000000000002	0.
13.55	0.
13.555000000000001	0.
13.560000000000002	0.
13.565000000000001	0.
13.570000000000002	0.
13.575000000000001	0.
13.580000000000002	0.
13.585	0.
13.590000000000002	0.
13.595000000000002	0.
13.600000000000001	0.
13.605000000000002	0.
13.610000000000001	0.
13.615000000000002	0.
13.620000000000001	0.
13.625000000000002	0.
13.63	0.
13.635000000000002	0.
13.64	0.
13.645000000000001	0.
13.650000000000002	0.
13.655000000000001	0.
13.660000000000002	0.
13.665000000000001	0.
13.670000000000002	0.
13.675	0.
13.680000000000001	0.
13.685000000000002	0.
13.690000000000001	0.
13.695000000000002	0.
13.700000000000001	0.
13.705000000000002	0.
13.71	0.
13.715000000000002	0.
13.720000000000002	0.
13.725000000000001	0.
13.730000000000002	0.
13.735000000000001	0.
13.740000000000002	0.
13.745000000000001	0.
13.750000000000002	0.
13.755	0.
13.760000000000002	0.
13.765	0.
13.770000000000001	0.
13.775000000000002	0.
13.780000000000001	0.
13.785000000000002	0.
13.790000000000001	0.
13.795000000000002	0.
13.8	0.
13.805000000000001	0.
13.810000000000002	0.
13.815000000000001	0.
13.820000000000002	0.
13.825000000000001	0.
13.830000000000002	0.
13.835	0.
13.840000000000002	0.
13.845000000000002	0.
13.850000000000001	0.
13.855000000000002	0.
13.860000000000001	0.
13.865000000000002	0.
13.870000000000001	0.
13.875000000000002	0.
13.88	0.
13.885000000000002	0.
13.89	0.
13.895000000000001	0.
13.900000000000002	0.
13.905000000000001	0.
13.910000000000002	0.
13.915000000000001	0.
13.920000000000002	0.
13.925	0.
13.930000000000001	0.
13.935000000000002	0.
13.940000000000001	0.
13.945000000000002	0.
13.950000000000001	0.
13.955000000000002	0.
13.96	0.
13.965000000000002	0.
13.970000000000002	0.
13.975000000000001	0.
13.980000000000002	0.
13.985000000000001	0.
13.990000000000002	0.
13.995000000000001	0.
14.	0.