0.005	0.
0.01	0.
0.015	0.
0.02	0.
0.025	0.
0.030000000000000002	0.
0.034999999999999996	0.
0.04	0.
0.045	0.
0.049999999999999996	0.
0.055	0.
0.06	0.
0.065	0.
0.07	0.
0.07500000000000001	0.
0.08	0.
0.085	0.
0.09000000000000001	0.
0.095	0.
0.1	0.
0.10500000000000001	0.
0.11	0.
0.115	0.
0.12000000000000001	0.
0.125	0.
0.13	0.
0.135	0.
0.14	0.059411843066689354
0.14500000000000002	0.11601302084522049
0.15	0.14844011415523944
0.155	0.17161597303637371
0.16	0.18940783294784794
0.165	0.20357211987971102
0.17	0.21509687140063355
0.17500000000000002	0.22460762283320188
0.18000000000000002	0.23253134332830921
0.185	0.239175002721436
0.19	0.24476782087561363
0.195	0.2494859616457246
0.2	0.253467907289359
0.20500000000000002	0.256824516319999
0.21000000000000002	0.2596458702425671
0.215	0.262006088738647
0.22	0.2639668092395321
0.225	0.2655797596057001
0.23	0.26688869785622393
0.23500000000000001	0.26793089957094196
0.24000000000000002	0.26873831533823556
0.245	0.2693384831486698
0.25	0.2697552558811595
0.255	0.27000938728870927
0.26	0.2701190083318224
0.265	0.27010001757536534
0.27	0.2699664035460988
0.275	0.26973051272110915
0.28	0.26940327370393335
0.28500000000000003	0.26899438582280766
0.29000000000000004	0.2685124786331744
0.295	0.2679652474702955
0.3	0.2673595691688932
0.305	0.2667016012672306
0.31	0.265996867386693
0.315	0.2652503309833846
0.32	0.2644664592749457
0.325	0.2636492788309707
0.33	0.2628024240616958
0.335	0.26192917963411866
0.34	0.26103251767715324
0.34500000000000003	0.2601151305002624
0.35000000000000003	0.2591794594370639
0.35500000000000004	0.25822772033201535
0.36	0.25726192611074544
0.365	0.256283906809884
0.37	0.25529532738813177
0.375	0.254297703594764
0.38	0.2532924161334019
0.385	0.2522807233264046
0.39	0.25126377245765663
0.395	0.25024260994806397
0.4	0.2492181904979915
0.405	0.24819138531373966
0.41000000000000003	0.24716298952037202
0.41500000000000004	0.24613372885054616
0.42000000000000004	0.2451042656879909
0.425	0.24407520453485537
0.43	0.24304709696387222
0.435	0.24202044610915796
0.44	0.24099571074326165
0.445	0.23997330898262093
0.45	0.2389536216588244
0.455	0.23793699538896088
0.46	0.23692374537463382
0.465	0.23591415795604495
0.47000000000000003	0.23490849294469318
0.47500000000000003	0.23390698575575658
0.48000000000000004	0.23290984935902748
0.485	0.23191727606526477
0.49	0.2309294391631941
0.495	0.2299464944207385
0.5	0.2289685814627767
0.505	0.22799582503648558
0.51	0.22702833617420426
0.515	0.22606621326286538
0.52	0.22510954302809347
0.525	0.2241584014403357
0.53	0.22321285454972029
0.535	0.2222729592556362
0.54	0.22133876401657693
0.545	0.2204103095051816
0.55	0.21948762921303455
0.555	0.21857075000933593
0.56	0.21765969265718837
0.5650000000000001	0.2167544722909525
0.5700000000000001	0.21585509885774434
0.5750000000000001	0.214961577525984
0.5800000000000001	0.21407390906355664
0.585	0.2131920901879898
0.59	0.2123161138908197
0.595	0.2114459697381468
0.6	0.21058164414921807
0.605	0.20972312065469287
0.61	0.20887038013616357
0.615	0.20802340104832512
0.62	0.2071821596250855
0.625	0.20634663007085768
0.63	0.20551678473806828
0.635	0.20469259429195405
0.64	0.20387402786354547
0.645	0.20306105319170406
0.65	0.2022536367550318
0.655	0.20145174389433743
0.66	0.20065533892636886
0.665	0.19986438524945307
0.67	0.199078845441571
0.675	0.19829868135141465
0.68	0.1975238541829949
0.685	0.19675432457412947
0.6900000000000001	0.19599005266931432
0.6950000000000001	0.19523099818740358
0.7000000000000001	0.19447712048437113
0.7050000000000001	0.1937283786114964
0.71	0.19298473136944064
0.715	0.19224613735830295
0.72	0.1915125550239977
0.725	0.1907839427012661
0.73	0.1900602586535278
0.735	0.18934146110967262
0.74	0.1886275082981734
0.745	0.1879183584785906
0.75	0.18721396997066347
0.755	0.18651430118113743
0.76	0.1858193106286346
0.765	0.1851289569560861
0.77	0.18444319900369094
0.775	0.1837619957238826
0.78	0.18308530630338196
0.785	0.18241309012794613
0.79	0.18174530680659193
0.795	0.18108191618577246
0.8	0.18042287836184628
0.805	0.17976815369200644
0.81	0.1791177028046457
0.8150000000000001	0.1784714866086697
0.8200000000000001	0.17782946630173396
0.8250000000000001	0.17719160337772163
0.8300000000000001	0.176557859633481
0.8350000000000001	0.17592819717477257
0.84	0.17530257842153277
0.845	0.17468096611246586
0.85	0.17406332330914423
0.855	0.17344961339947434
0.86	0.17283980010058114
0.865	0.17223384746139894
0.87	0.17163171986459053
0.875	0.17103338202825238
0.88	0.17043879900710485
0.885	0.1698479361933338
0.89	0.16926075931717025
0.895	0.16867723444706298
0.9	0.16809732798964952
0.905	0.16752100668943884
0.91	0.16694823762816136
0.915	0.16637898822402658
0.92	0.16581322623070513
0.925	0.16525091973606668
0.93	0.16469203716082753
0.935	0.16413654725698368
0.9400000000000001	0.16358441910607177
0.9450000000000001	0.16303562211737824
0.9500000000000001	0.1624901260259125
0.9550000000000001	0.16194790089031863
0.9600000000000001	0.1614089170906951
0.965	0.16087314532626892
0.97	0.1603405566130206
0.975	0.1598111222812228
0.98	0.15928481397288363
0.985	0.1587616036391589
0.99	0.15824146353767016
0.995	0.1577243662298046
1.	0.1572102845779449
1.005	0.15669919174268704
1.01	0.15619106117996712
1.015	0.15568586663825348
1.02	0.15518358215559327
1.025	0.1546841820567304
1.0299999999999998	0.15418764095019394
1.035	0.15369393372532492
1.0399999999999998	0.15320303554932302
1.045	0.15271492186431834
1.0499999999999998	0.1522295683843683
1.055	0.15174695109253028
1.0599999999999998	0.15126704623785436
1.065	0.1507898303324576
1.0699999999999998	0.15031528014855064
1.075	0.14984337271551998
1.0799999999999998	0.14937408531694218
1.085	0.14890739548770074
1.0899999999999999	0.1484432810110635
1.095	0.1479817199157767
1.0999999999999999	0.1475226904731882
1.105	0.14706617119438586
1.1099999999999999	0.146612140827358
1.115	0.14616057835415586
1.1199999999999999	0.1457114629880974
1.125	0.145264774170976
1.13	0.14482049157031707
1.135	0.14437859507660544
1.14	0.14393906480061577
1.145	0.14350188107067763
1.15	0.1430670244300413
1.155	0.14263447563422746
1.16	0.14220421564839797
1.1649999999999998	0.1417762256447915
1.17	0.14135048700014236
1.1749999999999998	0.14092698129314746
1.18	0.14050569030196336
1.1849999999999998	0.14008659600171697
1.19	0.13966968056205187
1.1949999999999998	0.13925492634469813
1.2	0.138842315901081
1.2049999999999998	0.13843183196992753
1.21	0.13802345747493838
1.2149999999999999	0.13761717552246594
1.22	0.1372129693992122
1.2249999999999999	0.13681082256997537
1.23	0.1364107186754085
1.2349999999999999	0.13601264152980969
1.24	0.13561657511894037
1.2449999999999999	0.13522250359786783
1.25	0.13483041128884238
1.255	0.13444028267918412
1.26	0.13405210241921522
1.265	0.13366585532021336
1.27	0.13328152635238052
1.275	0.13289910064284904
1.28	0.13251856347371416
1.285	0.13213990028008
1.2899999999999998	0.1317630966481504
1.295	0.13138813831332213
1.2999999999999998	0.13101501115832653
1.305	0.13064370121137234
1.3099999999999998	0.13027419464433282
1.315	0.12990647777094505
1.3199999999999998	0.12954053704503793
1.325	0.1291763590587839
1.3299999999999998	0.12881393054097137
1.335	0.12845323835530673
1.3399999999999999	0.12809426949873165
1.345	0.1277370110997619
1.3499999999999999	0.12738145041685914
1.355	0.12702757483681928
1.3599999999999999	0.12667537187318306
1.365	0.1263248291646535
1.3699999999999999	0.12597593447356917
1.375	0.12562867568436614
1.38	0.1252830408020743
1.385	0.12493901795083581
1.39	0.12459659537243671
1.395	0.12425576142486673
1.4	0.12391650458088839
1.405	0.1235788134266456
1.41	0.12324267666026316
1.4149999999999998	0.1229080830904868
1.42	0.12257502163533904
1.4249999999999998	0.12224348132078461
1.43	0.1219134512794229
1.4349999999999998	0.1215849207491942
1.44	0.12125787907210137
1.4449999999999998	0.12093231569296499
1.45	0.12060822015816611
1.4549999999999998	0.12028558211443424
1.46	0.11996439130763979
1.4649999999999999	0.1196446375816072
1.47	0.11932631087693121
1.4749999999999999	0.11900940122983271
1.48	0.11869389877100933
1.4849999999999999	0.11837979372451483
1.49	0.11806707640664932
1.4949999999999999	0.11775573722485652
1.5	0.11744576667665942
1.505	0.11713715534857919
1.51	0.11682989391509584
1.515	0.11652397313760952
1.52	0.11621938386341997
1.525	0.11591611702471305
1.53	0.11561416363757805
1.535	0.11531351480101644
1.54	0.11501416169597846
1.545	0.11471609558441336
1.5499999999999998	0.11441930780832704
1.555	0.11412378978885462
1.5599999999999998	0.11382953302533676
1.565	0.11353652909442742
1.5699999999999998	0.11324476964920312
1.575	0.11295424641827126
1.5799999999999998	0.1126649512049275
1.585	0.11237687588627317
1.5899999999999999	0.11209001241239408
1.595	0.11180435280551261
1.5999999999999999	0.11151988915918082
1.605	0.1112366136374581
1.6099999999999999	0.11095451847412258
1.615	0.1106735959718723
1.6199999999999999	0.11039383850156413
1.625	0.11011523850142353
1.63	0.10983778847630897
1.635	0.10956148099695281
1.64	0.1092863086992286
1.645	0.1090122642834231
1.65	0.10873934051352063
1.655	0.10846753021649093
1.66	0.10819682628159387
1.665	0.10792722165968861
1.67	0.10765870936255566
1.6749999999999998	0.1073912824622242
1.68	0.10712493409030825
1.6849999999999998	0.10685965743735205
1.69	0.10659544575219146
1.6949999999999998	0.1063322923413138
1.7	0.10607019056821979
1.7049999999999998	0.10580913385282281
1.71	0.10554911567081846
1.7149999999999999	0.10529012955308978
1.72	0.10503216908510953
1.7249999999999999	0.10477522790635553
1.73	0.10451929970971786
1.7349999999999999	0.10426437824093775
1.74	0.10401045729803404
1.7449999999999999	0.10375753073074963
1.75	0.10350559243999863
1.755	0.1032546363773162
1.76	0.10300465654432835
1.765	0.10275564699221632
1.77	0.1025076018211979
1.775	0.10226051518000785
1.78	0.10201438126538032
1.785	0.1017691943215579
1.79	0.10152494863978016
1.795	0.10128163855780731
1.7999999999999998	0.10103925845941739
1.805	0.10079780277394504
1.8099999999999998	0.10055726597579315
1.815	0.10031764258397478
1.8199999999999998	0.10007892716164776
1.825	0.09984111431566323
1.8299999999999998	0.09960419869611087
1.835	0.09936817499587881
1.8399999999999999	0.09913303795020949
1.845	0.09889878233627482
1.8499999999999999	0.0986654029727392
1.855	0.09843289471934259
1.8599999999999999	0.09820125247648205
1.865	0.09797047118479649
1.8699999999999999	0.09774054582476775
1.875	0.09751147141630417
1.88	0.097283243018359
1.885	0.0970558557285265
1.89	0.09682930468266197
1.895	0.09660358505449093
1.9	0.09637869205523919
1.905	0.0961546209332518
1.91	0.09593136697363294
1.915	0.0957089254978704
1.92	0.09548729186348053
1.9249999999999998	0.09526646146365836
1.93	0.0950464297269143
1.9349999999999998	0.09482719211673228
1.94	0.09460874413123185
1.9449999999999998	0.09439108130281745
1.95	0.09417419919785286
1.9549999999999998	0.09395809341632722
1.96	0.09374275959152437
1.9649999999999999	0.09352819338970461
1.97	0.09331439050978269
1.9749999999999999	0.0931013466830118
1.98	0.09288905767267312
1.9849999999999999	0.09267751927376379
1.99	0.09246672731269676
1.9949999999999999	0.0922566776469978
2.	0.09204736616500786
2.005	0.09183878878558593
2.01	0.09163094145782497
2.015	0.09142382016075638
2.02	0.09121742090307301
2.025	0.09101173972284475
2.03	0.09080677268724165
2.035	0.09060251589226055
2.04	0.09039896546245081
2.045	0.09019611755064912
2.05	0.08999396833771689
2.0549999999999997	0.08979251403227265
2.06	0.0895917508704338
2.065	0.08939167511556576
2.07	0.0891922830580253
2.0749999999999997	0.08899357101490964
2.08	0.08879553532981004
2.085	0.08859817237256683
2.09	0.0884014785390295
2.0949999999999998	0.0882054502508146
2.1	0.08801008395506872
2.105	0.0878153761242414
2.11	0.08762132325584654
2.1149999999999998	0.0874279218722349
2.12	0.0872351685203721
2.125	0.0870430597716114
2.13	0.08685159222147375
2.135	0.08666076248943073
2.14	0.08647056721868572
2.145	0.08628100307595928
2.15	0.08609206675128327
2.155	0.08590375495778578
2.16	0.08571606443148884
2.165	0.08552899193109853
2.17	0.0853425342378076
2.175	0.0851566881550937
2.18	0.08497145050852144
2.185	0.08478681814554395
2.19	0.08460278793531423
2.195	0.08441935676849048
2.1999999999999997	0.08423652155704643
2.205	0.08405427923408473
2.21	0.08387262675365137
2.215	0.08369156109055101
2.2199999999999998	0.08351107924016839
2.225	0.08333117821828494
2.23	0.08315185506090585
2.235	0.08297310682407721
2.2399999999999998	0.08279493058372175
2.245	0.0826173234354557
2.25	0.08244028249443
2.255	0.0822638048951532
2.26	0.08208788779132646
2.265	0.08191252835568293
2.27	0.08173772377982147
2.275	0.08156347127404255
2.28	0.08138976806719427
2.285	0.08121661140651022
2.29	0.08104399855745398
2.295	0.08087192680356195
2.3	0.08070039344629895
2.305	0.08052939580489474
2.31	0.08035893121619983
2.315	0.08018899703453838
2.32	0.08001959063156025
2.3249999999999997	0.07985070939609179
2.33	0.07968235073399564
2.335	0.0795145120680276
2.34	0.07934719083769652
2.3449999999999998	0.07918038449912157
2.35	0.0790140905248959
2.355	0.07884830640395137
2.36	0.07868302964141977
2.3649999999999998	0.07851825775850303
2.37	0.07835398829233485
2.375	0.07819021879585535
2.38	0.0780269468376769
2.385	0.0778641700019583
2.39	0.07770188588827322
2.395	0.0775400921114903
2.4	0.07737878630164113
2.405	0.07721796610380223
2.41	0.07705762917797074
2.415	0.07689777319894164
2.42	0.07673839585618834
2.425	0.07657949485374939
2.43	0.07642106791010005
2.435	0.07626311275804623
2.44	0.07610562714460123
2.445	0.07594860883087877
2.4499999999999997	0.07579205559197381
2.455	0.07563596521685353
2.46	0.07548033550824579
2.465	0.07532516428252921
2.4699999999999998	0.07517044936962589
2.475	0.07501618861289035
2.48	0.07486237986900819
2.485	0.07470902100788286
2.4899999999999998	0.0745561099125397
2.495	0.07440364447901585
2.5	0.07425162261625971
2.505	0.07410004224603196
2.51	0.0739489013028003
2.515	0.07379819773364292
2.52	0.07364792949814855
2.525	0.07349809456831978
2.53	0.07334869092847479
2.535	0.0731997165751529
2.54	0.07305116951701814
2.545	0.07290304777476453
2.55	0.07275534938102794
2.555	0.07260807238028578
2.56	0.07246121482877188
2.565	0.07231477479438232
2.57	0.07216875035658847
2.5749999999999997	0.07202313960634546
2.58	0.0718779406460058
2.585	0.07173315158923
2.59	0.07158877056090394
2.5949999999999998	0.07144479569704865
2.6	0.07130122514473844
2.605	0.07115805706201639
2.61	0.07101528961780959
2.6149999999999998	0.07087292099184854
2.62	0.07073094937458359
2.625	0.07058937296710603
2.63	0.07044818998106503
2.635	0.07030739863859031
2.64	0.07016699717221282
2.645	0.07002698382478535
2.65	0.0698873568494077
2.655	0.06974811450934722
2.66	0.06960925507796437
2.665	0.06947077683863698
2.67	0.06933267808468614
2.675	0.06919495711930079
2.68	0.06905761225546696
2.685	0.06892064181589243
2.69	0.06878404413293597
2.695	0.06864781754853665
2.7	0.0685119604141423
2.705	0.06837647109063807
2.71	0.06824134794828104
2.715	0.06810658936662743
2.7199999999999998	0.06797219373446556
2.725	0.06783815944974923
2.73	0.06770448491952927
2.735	0.06757116855988858
2.7399999999999998	0.06743820879587495
2.745	0.06730560406143635
2.75	0.06717335279935695
2.755	0.06704145346119164
2.76	0.06690990450720319
2.765	0.06677870440629984
2.77	0.06664785163597144
2.775	0.0665173446822294
2.78	0.06638718203954254
2.785	0.06625736221077988
2.79	0.06612788370714773
2.795	0.06599874504812961
2.8	0.06586994476142961
2.8049999999999997	0.06574148138291137
2.81	0.06561335345653962
2.815	0.06548555953432393
2.82	0.06535809817626174
2.825	0.06523096795027879
2.83	0.06510416743217577
2.835	0.06497769520557184
2.84	0.06485154986184745
2.8449999999999998	0.06472573000009255
2.85	0.06460023422704932
2.855	0.06447506115706012
2.86	0.0643502094120134
2.8649999999999998	0.06422567762129049
2.87	0.06410146442171312
2.875	0.06397756845749146
2.88	0.06385398838017235
2.885	0.06373072284858804
2.89	0.06360777052880552
2.895	0.06348513009407535
2.9	0.06336280022478294
2.905	0.06324077960839779
2.91	0.06311906693942515
2.915	0.06299766091935659
2.92	0.0628765602566224
2.925	0.06275576366654305
2.9299999999999997	0.06263526987128208
2.935	0.06251507759979848
2.94	0.06239518558779966
2.945	0.06227559257769673
2.95	0.062156297318556424
2.955	0.06203729856605661
2.96	0.06191859508244063
2.965	0.061800185636473076
2.9699999999999998	0.06168206900339376
2.975	0.06156424396487604
2.98	0.06144670930898016
2.985	0.06132946383011172
2.9899999999999998	0.06121250632897858
2.995	0.061095835612546695
3.	0.060979450493998756
3.005	0.06086334979269245
3.01	0.060747532334118164
3.015	0.060631996949857735
3.02	0.060516742477542684
3.025	0.06040176776081517
3.03	0.06028707164928584
3.035	0.06017265299849507
3.04	0.06005851066987228
3.045	0.059944643530696826
3.05	0.059831050454059315
3.0549999999999997	0.05971773031882195
3.06	0.05960468200958089
3.065	0.05949190441662698
3.07	0.05937939643590893
3.075	0.05926715696899491
3.08	0.059155184923036126
3.085	0.05904347921072881
3.09	0.058932038750277686
3.0949999999999998	0.058820862465360266
3.1	0.05870994928509007
3.105	0.05859929814398064
3.11	0.05848890798191006
3.115	0.0583787777440866
3.12	0.05826890638101167
3.125	0.05815929284844678
3.13	0.05804993610737821
3.135	0.057940835123983694
3.14	0.05783198886959655
3.145	0.057723396320674046
3.15	0.057615056458762776
3.155	0.057506968270465926
3.16	0.05739913074740976
3.165	0.05729154288621126
3.17	0.05718420368844673
3.175	0.057077112160617206
3.1799999999999997	0.05697026731411863
3.185	0.056863668165209096
3.19	0.056757313734978464
3.195	0.05665120304931499
3.2	0.056545335138876905
3.205	0.05643970903905977
3.21	0.05633432378996653
3.215	0.056229178436378
3.2199999999999998	0.05612427202772116
3.225	0.05601960361804078
3.23	0.05591517226596927
3.235	0.05581097703469656
3.24	0.055707016991942714
3.245	0.05560329120992657
3.25	0.055499798765339114
3.255	0.055396538739314036
3.26	0.05529351021739865
3.265	0.05519071228952773
3.27	0.055088144049993265
3.275	0.054985804597419
3.28	0.054883693034730986
3.285	0.05478180846913139
3.29	0.05468015001207128
3.295	0.054578716779223595
3.3	0.054477507890456266
3.3049999999999997	0.054376522469805996
3.31	0.05427575964545147
3.315	0.054175218549688445
3.32	0.05407489831890156
3.325	0.05397479809354082
3.33	0.05387491701809561
3.335	0.05377525424106801
3.34	0.05367580891494848
3.3449999999999998	0.05357658019619133
3.35	0.05347756724518943
3.355	0.0533787692262485
3.36	0.05328018530756489
3.365	0.05318181466119951
3.37	0.05308365646305389
3.375	0.052985709892847024
3.38	0.05288797413409052
3.385	0.05279044837406608
3.39	0.05269313180380115
3.395	0.05259602361804625
3.4	0.05249912301525142
3.405	0.05240242919754346
3.41	0.052305941370702914
3.415	0.052209658744141664
3.42	0.05211358053088076
3.425	0.052017705947527124
3.4299999999999997	0.051922034214252864
3.435	0.05182656455477121
3.44	0.051731296196317014
3.445	0.05163622836962264
3.45	0.051541360308898644
3.455	0.05144669125181118
3.46	0.05135222043946008
3.465	0.051257947116359406
3.4699999999999998	0.051163870530415184
3.475	0.05106998993290531
3.48	0.050976304578458545
3.485	0.050882813725034136
3.49	0.05078951663390055
3.495	0.05069641256961674
3.5	0.050603500800011005
3.505	0.050510780596161015
3.51	0.050418251232375165
3.515	0.05032591198617
3.52	0.05023376213825492
3.525	0.05014180097250753
3.53	0.05005002777595977
3.535	0.04995844183877446
3.54	0.049867042454228364
3.545	0.04977582891869275
3.55	0.04968480053161399
3.5549999999999997	0.04959395659549693
3.56	0.04950329641588289
3.565	0.049412819301335204
3.5700000000000003	0.04932252456341717
3.575	0.049232411516676566
3.58	0.04914247947862647
3.585	0.049052727769727585
3.59	0.048963155713369774
3.5949999999999998	0.048873762635855786
3.5999999999999996	0.048784547866381464
3.605	0.04869551073702037
3.61	0.04860665058270572
3.615	0.048517966741212115
3.62	0.04842945855314001
3.625	0.048341125361898205
3.63	0.04825296651368513
3.635	0.04816498135747581
3.6399999999999997	0.04807716924500042
3.645	0.0479895295307329
3.65	0.04790206157186884
3.6550000000000002	0.047814764728313995
3.66	0.047727638362665394
3.665	0.047640681840196
3.67	0.04755389452883755
3.675	0.047467275799166944
3.6799999999999997	0.04738082502438727
3.685	0.04729454158031508
3.69	0.047208424845362196
3.6950000000000003	0.047122474200522305
3.7	0.047036689029352506
3.705	0.04695106871796235
3.71	0.046865612654993984
3.715	0.04678032023161021
3.7199999999999998	0.04669519084147776
3.7249999999999996	0.046610223880752526
3.73	0.04652541874806611
3.735	0.046440774844508495
3.74	0.04635629157361484
3.745	0.04627196834135092
3.75	0.046187804556098326
3.755	0.046103799628640196
3.76	0.04601995297214594
3.7649999999999997	0.0459362640021587
3.77	0.04585273213657922
3.775	0.04576935679565349
3.7800000000000002	0.04568613740195716
3.785	0.0456030733803832
3.79	0.04552016415812617
3.795	0.04543740916467088
3.8	0.04535480783177564
3.8049999999999997	0.045272359593462604
3.81	0.04519006388599985
3.815	0.045107920147891487
3.8200000000000003	0.04502592781986257
3.825	0.044944086344845945
3.83	0.044862395167968826
3.835	0.04478085373654238
3.84	0.0446994615000435
3.8449999999999998	0.04461821791010686
3.8499999999999996	0.0445371224205086
3.855	0.04445617448715605
3.86	0.044375373568073494
3.865	0.044294719123389364
3.87	0.04421421061532363
3.875	0.04413384750817741
3.88	0.0440536292683176
3.885	0.04397355536416549
3.8899999999999997	0.04389362526618572
3.895	0.043813838446872276
3.9	0.04373419438073792
3.9050000000000002	0.0436546925443005
3.91	0.0435753324160706
3.915	0.04349611347654336
3.92	0.04341703520818303
3.925	0.04333809709540914
3.9299999999999997	0.04325929862459163
3.935	0.04318063928403273
3.94	0.04310211856395813
3.9450000000000003	0.04302373595650524
3.95	0.042945490955711575
3.955	0.04286738305750181
3.96	0.04278941175968025
3.965	0.04271157656191485
3.9699999999999998	0.0426338769657284
3.9749999999999996	0.042556312474488205
3.98	0.042478882593393066
3.985	0.04240158682946307
3.99	0.04232442469152776
3.995	0.04224739569021668
4.	0.04217049933794815
4.005	0.042093735148916685
4.01	0.04201710263908304
4.015	0.04194060132616652
4.02	0.04186423072962924
4.025	0.04178799037066837
4.03	0.04171187977220643
4.035	0.041635898458878294
4.04	0.04156004595702251
4.045	0.04148432179466953
4.05	0.04140872550153311
4.055	0.04133325660899931
4.0600000000000005	0.041257914650115635
4.0649999999999995	0.041182699159579866
4.07	0.04110760967373432
4.075	0.04103264573055085
4.08	0.040957806869621985
4.085	0.040883092632153735
4.09	0.04080850256095244
4.095	0.040734036200415547
4.1	0.04065969309652302
4.105	0.04058547279682794
4.109999999999999	0.04051137485044227
4.115	0.04043739880803431
4.12	0.04036354422181343
4.125	0.0402898106455215
4.13	0.0402161976344259
4.135	0.04014270474530655
4.14	0.04006933153645033
4.145	0.03999607756763588
4.15	0.03992294240013223
4.155	0.039849925596682025
4.16	0.039777026721495023
4.165	0.0397042453402403
4.17	0.03963158102003742
4.175	0.03955903332944053
4.18	0.03948660183844003
4.1850000000000005	0.03941428611844438
4.1899999999999995	0.03934208574227496
4.195	0.039270000284157745
4.2	0.039198029319711954
4.205	0.03912617242594255
4.21	0.03905442918123259
4.215	0.03898279916533072
4.22	0.038911281959345984
4.225	0.03883987714573737
4.23	0.03876858430830541
4.234999999999999	0.03869740303218297
4.24	0.03862633290382887
4.245	0.03855537351101321
4.25	0.03848452444281827
4.255	0.0384137852896214
4.26	0.03834315564309043
4.265	0.038272635096173985
4.27	0.038202223243095905
4.275	0.038131919679342235
4.28	0.03806172400165626
4.285	0.03799163580802602
4.29	0.037921654697685436
4.295	0.037851780271093115
4.3	0.03778201212993299
4.305	0.0377123498771053
4.3100000000000005	0.037642793116713626
4.3149999999999995	0.03757334145406177
4.32	0.03750399449564396
4.325	0.03743475184913506
4.33	0.0373656131233846
4.335	0.03729657792840782
4.34	0.037227645875379675
4.345	0.03715881657662179
4.35	0.037090089645600184
4.355	0.03702146469691422
4.359999999999999	0.036952941346289646
4.365	0.03688451921056846
4.37	0.03681619790770639
4.375	0.03674797705675976
4.38	0.03667985627787969
4.385	0.03661183519230364
4.39	0.03654391342235001
4.395	0.03647609059140778
4.4	0.036408366323930075
4.405	0.03634074024542368
4.41	0.03627321198244821
4.415	0.03620578116260133
4.42	0.03613844741451347
4.425	0.0360712103678416
4.43	0.03600406965326132
4.4350000000000005	0.03593702490245766
4.4399999999999995	0.03587007574811782
4.445	0.03580322182392813
4.45	0.0357364627645576
4.455	0.035669798205658985
4.46	0.03560322778385923
4.465	0.0355367511367475
4.47	0.03547036790287439
4.475	0.03540407772173774
4.48	0.03533788023378317
4.484999999999999	0.03527177508038876
4.49	0.035205761903862355
4.495	0.035139840347434524
4.5	0.03507401005524979
4.505	0.03500827067235708
4.51	0.03494262184470729
4.515	0.034877063219143564
4.52	0.034811594443392484
4.525	0.03474621516606042
4.53	0.03468092503662315
4.535	0.03461572370542023
4.54	0.03455061082364837
4.545	0.034485586043350065
4.55	0.03442064901741448
4.555	0.03435579939956325
4.5600000000000005	0.03429103684434451
4.5649999999999995	0.034226361007128205
4.57	0.034161771544099474
4.575	0.03409726811224584
4.58	0.03403285036935663
4.585	0.03396851797401351
4.59	0.03390427058558226
4.595000000000001	0.03384010786420636
4.6	0.033776029470801376
4.605	0.03371203506704732
4.609999999999999	0.03364812431537934
4.615	0.03358429687898225
4.62	0.03352055242178615
4.625	0.03345689060845636
4.63	0.033393311104384274
4.635	0.03332981357568673
4.640000000000001	0.033266397689193115
4.645	0.03320306311244024
4.65	0.03313980951366908
4.654999999999999	0.03307663656181254
4.66	0.03301354392648881
4.665	0.03295053127799827
4.67	0.032887598287313566
4.675	0.032824744626074494
4.68	0.03276196996657731
4.6850000000000005	0.032699273981771915
4.6899999999999995	0.0326366563452551
4.695	0.03257411673125873
4.7	0.03251165481464919
4.705	0.03244927027091292
4.71	0.03238696277615815
4.715	0.03232473200710156
4.720000000000001	0.0322625776410613
4.725	0.03220049935595626
4.73	0.03213849683029194
4.734999999999999	0.032076569743157354
4.74	0.032014717774216224
4.745	0.03195294060370156
4.75	0.031891237912409116
4.755	0.03182960938168593
4.76	0.03176805469343175
4.765000000000001	0.03170657353008283
4.77	0.03164516557461145
4.775	0.031583830510516296
4.779999999999999	0.03152256802181597
4.785	0.031461377793039105
4.79	0.031400259509224974
4.795	0.03133921285590725
4.8	0.031278237519114814
4.805	0.03121733318535707
4.8100000000000005	0.03115649954162617
4.8149999999999995	0.031095736275380273
4.82	0.03103504307454281
4.825	0.030974419627494972
4.83	0.03091386562306344
4.835	0.030853380750522214
4.84	0.03079296469957723
4.845000000000001	0.030732617160361735
4.85	0.03067233782343204
4.855	0.030612126379757385
4.859999999999999	0.030551982520713488
4.865	0.03049190593807411
4.87	0.030431896324006887
4.875	0.030371953371063645
4.88	0.030312076772175258
4.885	0.030252266220639642
4.890000000000001	0.030192521410122047
4.895	0.030132842034640363
4.9	0.03007322778856362
4.904999999999999	0.03001367836659886
4.91	0.029954193463791867
4.915	0.029894772775510243
4.92	0.029835415997443993
4.925	0.029776122825590425
4.93	0.0297168929562593
4.9350000000000005	0.02965772608604771
4.9399999999999995	0.029598621911850597
4.945	0.02953958013083933
4.95	0.029480600440461496
4.955	0.029421682538430634
4.96	0.029362826122721033
4.965	0.02930403089155751
4.970000000000001	0.02924529654340929
4.975	0.029186622776982803
4.98	0.029128009291211298
4.984999999999999	0.029069455785250345
4.99	0.0290109619584663
4.995	0.028952527510435398
5.	0.028894152140928286
5.005	0.02883583554990555
5.01	0.028777577437509548
5.015000000000001	0.028719377504057945
5.02	0.028661235450031082
5.025	0.028603150976073525
5.029999999999999	0.028545123782973424
5.035	0.028487153571663242
5.04	0.02842924004321052
5.045	0.028371382898805194
5.05	0.028313581839757667
5.055	0.028255836567486755
5.0600000000000005	0.028198146783512727
5.0649999999999995	0.02814051218944639
5.07	0.02808293248698451
5.075	0.028025407377900536
5.08	0.027967936564033454
5.085	0.027910519747282297
5.09	0.027853156629596917
5.095000000000001	0.027795846912968096
5.1	0.02773859029942104
5.105	0.027681386491002984
5.109999999999999	0.027624235189780296
5.115	0.027567136097825115
5.12	0.027510088917205845
5.125	0.02745309334998249
5.13	0.027396149098195603
5.135	0.027339255863854477
5.14	0.02728241334893436
5.145	0.027225621255359322
5.15	0.02716887928500212
5.155	0.02711218713966648
5.16	0.02705554452108289
5.165	0.026998951130899645
5.17	0.02694240667066715
5.175	0.026885910841838105
5.18	0.026829463345749944
5.185	0.02677306388361727
5.19	0.026716712156526327
5.195	0.02666040786541699
5.2	0.026604150711083803
5.205	0.02654794039415333
5.21	0.02649177661508726
5.215	0.026435659074160588
5.22	0.026379587471459718
5.225	0.026323561506870215
5.23	0.026267580880062247
5.235	0.0262116452904858
5.24	0.02615575443735939
5.245	0.026099908019654144
5.25	0.026044105736091377
5.255	0.02598834728512513
5.26	0.025932632364933664
5.265	0.02587696067341136
5.27	0.025821331908151737
5.275	0.025765745766442943
5.28	0.025710201945250023
5.285	0.0256547001412101
5.29	0.02559924005061655
5.295	0.025543821369408536
5.3	0.025488443793160044
5.305	0.025433107017068742
5.31	0.025377810735943095
5.315	0.02532255464418814
5.32	0.02526733843580163
5.325	0.02521216180435053
5.33	0.02515702444296734
5.335	0.025101926044335143
5.34	0.025046866300674604
5.345	0.024991844903731773
5.35	0.02493686154476455
5.355	0.024881915914533318
5.36	0.02482700770328299
5.365	0.024772136600732332
5.37	0.024717302296061165
5.375	0.024662504477896332
5.38	0.02460774283429838
5.385	0.024553017052750373
5.39	0.024498326820137556
5.395	0.02444367182273814
5.4	0.024389051746214002
5.405	0.024334466275584762
5.41	0.024279915095222277
5.415	0.024225397888835876
5.42	0.024170914339450397
5.425	0.02411646412940103
5.43	0.024062046940313615
5.435	0.024007662453085877
5.44	0.023953310347880036
5.445	0.023898990304101288
5.45	0.023844702000383355
5.455	0.023790445114574666
5.46	0.02373621932371984
5.465	0.023682024304046232
5.47	0.02362785973094385
5.475	0.023573725278953215
5.48	0.023519620621743727
5.485	0.023465545432101033
5.49	0.02341149938190826
5.495	0.023357482142125296
5.5	0.023303493382778245
5.505	0.0232495327729371
5.51	0.023195599980694172
5.515	0.023141694673155862
5.52	0.023087816516414283
5.525	0.02303396517553362
5.53	0.022980140314532667
5.535	0.022926341596359097
5.54	0.02287256868287843
5.545	0.022818821234845153
5.55	0.02276509891189394
5.555	0.022711401372509772
5.56	0.02265772827401141
5.565	0.022604079272531004
5.57	0.022550454022993542
5.575	0.022496852179093123
5.58	0.022443273393275554
5.585	0.022389717316711612
5.59	0.02233618359928002
5.595	0.022282671889541143
5.6	0.02222918183471589
5.605	0.02217571308066403
5.61	0.022122265271857986
5.615	0.022068838051362834
5.62	0.022015431060807805
5.625	0.02196204394036709
5.63	0.021908676328733206
5.635	0.021855327863088643
5.64	0.021801998179086637
5.645	0.021748686910820422
5.65	0.02169539369080466
5.655	0.021642118149936197
5.66	0.021588859917478387
5.665	0.021535618621035063
5.67	0.021482393886509545
5.675	0.021429185338093907
5.68	0.021375992598228144
5.6850000000000005	0.02132281528757633
5.69	0.021269653024998596
5.695	0.02121650542751853
5.7	0.021163372110292327
5.705	0.021110252686585118
5.71	0.021057146767732023
5.715	0.021004053963111655
5.72	0.02095097388011056
5.725	0.020897906124093944
5.73	0.020844850298374008
5.735	0.02079180600417037
5.74	0.020738772840583012
5.745	0.02068575040455251
5.75	0.02063273829083067
5.755	0.020579736091937712
5.76	0.020526743398134054
5.765	0.020473759797377047
5.77	0.02042078487528837
5.775	0.020367818215113836
5.78	0.02031485939768412
5.785	0.02026190800137903
5.79	0.0202089636020842
5.795	0.020156025773152297
5.8	0.0201030940853633
5.805	0.02005016810688041
5.8100000000000005	0.01999724740320842
5.815	0.01994433153714997
5.82	0.0198914200687661
5.825	0.019838512555323443
5.83	0.019785608551257113
5.835	0.019732707608118842
5.84	0.01967980927453316
5.845	0.01962691309614857
5.85	0.01957401861558938
5.855	0.01952112537240734
5.86	0.019468232903027623
5.865	0.019415340740702475
5.87	0.0193624484154563
5.875	0.019309555454033064
5.88	0.019256661379844026
5.885	0.019203765712909576
5.89	0.019150867969808912
5.895	0.019097967663616315
5.9	0.019045064303849144
5.905	0.01899215739640588
5.91	0.01893924644350595
5.915	0.01888633094363051
5.92	0.01883341039145986
5.925	0.018780484277807933
5.93	0.018727552089561415
5.9350000000000005	0.018674613309607846
5.94	0.018621667416776486
5.945	0.01856871388576559
5.95	0.018515752187070925
5.955	0.01846278178691991
5.96	0.018409802147195446
5.965	0.01835681272536394
5.97	0.018303812974399074
5.975	0.01825080234270831
5.98	0.01819778027404941
5.985	0.018144746207457037
5.99	0.018091699577155364
5.995	0.018038639812482632
6.	0.017985566337799318
6.005	0.017932478572405996
6.01	0.01787937593045599
6.015	0.017826257820862657
6.02	0.017773123647212386
6.025	0.017719972807667076
6.03	0.01766680469487126
6.035	0.017613618695854236
6.04	0.017560414191930454
6.045	0.017507190558598115
6.05	0.017453947165439156
6.055	0.017400683376007198
6.0600000000000005	0.017347398547724432
6.065	0.017294092031772255
6.07	0.017240763172975525
6.075	0.01718741130968828
6.08	0.01713403577367704
6.085	0.017080635890004862
6.09	0.017027210976899555
6.095	0.016973760345637124
6.1	0.016920283300408952
6.105	0.016866779138193698
6.11	0.016813247148621327
6.115	0.016759686613839298
6.12	0.01670609680836653
6.125	0.016652476998958086
6.13	0.016598826444455483
6.135	0.016545144395636827
6.140000000000001	0.016491430095062612
6.145	0.016437682776920495
6.15	0.01638390166686886
6.155	0.01633008598186568
6.16	0.01627623493000404
6.165	0.01622234771034256
6.17	0.01616842351272511
6.175	0.01611446151760567
6.18	0.016060460895859014
6.1850000000000005	0.016006420808596836
6.1899999999999995	0.01595234040696938
6.195	0.01589821883197062
6.2	0.01584405521423333
6.205	0.015789848673824915
6.21	0.01573559832002657
6.215	0.01568130325112403
6.22	0.015626962554176848
6.225	0.015572575304790514
6.23	0.015518140566882629
6.235	0.015463657392438912
6.24	0.015409124821268931
6.245	0.015354541880746045
6.25	0.01529990758555389
6.255	0.015245220937413102
6.26	0.015190480924810472
6.265000000000001	0.015135686522713823
6.27	0.015080836692285913
6.275	0.015025930380586203
6.28	0.014970966520263243
6.285	0.014915944029246227
6.29	0.014860861810417618
6.295	0.014805718751286374
6.3	0.01475051372364735
6.305	0.014695245583231088
6.3100000000000005	0.01463991316934266
6.3149999999999995	0.014584515304498977
6.32	0.0145290507940419
6.325	0.014473518425750946
6.33	0.014417916969444302
6.335	0.0143622451765605
6.34	0.014306501779736
6.345	0.014250685492367328
6.35	0.014194795008160739
6.355	0.014138829000667543
6.36	0.014082786122806494
6.365	0.014026665006373187
6.37	0.013970464261531177
6.375	0.01391418247629054
6.38	0.013857818215970026
6.385	0.013801370022641158
6.390000000000001	0.013744836414557505
6.395	0.013688215885564282
6.4	0.013631506904487703
6.405	0.01357470791450995
6.41	0.013517817332521189
6.415	0.013460833548448516
6.42	0.013403754924566707
6.425	0.013346579794787308
6.43	0.013289306463919523
6.4350000000000005	0.013231933206910625
6.4399999999999995	0.013174458268061793
6.445	0.013116879860212503
6.45	0.013059196163902994
6.455	0.013001405326505134
6.46	0.012943505461324348
6.465	0.012885494646670216
6.47	0.012827370924894112
6.475	0.012769132301395005
6.48	0.012710776743587575
6.485	0.01265230217983498
6.49	0.012593706498342915
6.495	0.01253498754601313
6.5	0.012476143127257169
6.505	0.012417171002761941
6.51	0.012358068888214025
6.515000000000001	0.012298834452974434
6.52	0.012239465318702503
6.525	0.012179959057928513
6.53	0.012120313192570663
6.535	0.012060525192395324
6.54	0.012000592473417383
6.545	0.011940512396235253
6.55	0.011880282264304268
6.555	0.011819899322135093
6.5600000000000005	0.01175936075342394
6.5649999999999995	0.011698663679104231
6.57	0.01163780515531805
6.575	0.011576782171304183
6.58	0.011515591647196463
6.585	0.01145423043172988
6.59	0.01139269529984809
6.595	0.011330982950207397
6.6	0.011269090002572538
6.605	0.011207012995098206
6.61	0.011144748381487966
6.615	0.011082292528028663
6.62	0.011019641710487612
6.625	0.010956792110869782
6.63	0.010893739814023822
6.635	0.010830480804090733
6.640000000000001	0.010767010960783445
6.645	0.010703326055489943
6.65	0.010639421747188543
6.655	0.010575293578164953
6.66	0.010510936969515982
6.665	0.010446347216431796
6.67	0.0103815194832403
6.675	0.010316448798197844
6.68	0.010251130048013823
6.6850000000000005	0.010185557972088734
6.6899999999999995	0.010119727156449555
6.695	0.010053632027359892
6.7	0.009987266844592012
6.705	0.009920625694319242
6.71	0.009853702481631347
6.715	0.009786490922620059
6.72	0.009718984536018285
6.725	0.009651176634365512
6.73	0.009583060314653178
6.735	0.009514628448426304
6.74	0.009445873671290149
6.745	0.009376788371783573
6.75	0.009307364679577056
6.755	0.009237594452931286
6.76	0.009167469265373516
6.765000000000001	0.009096980391517556
6.77	0.009026118791969977
6.775	0.0089548750972478
6.78	0.008883239590622111
6.785	0.0088112021898019
6.79	0.008738752427362344
6.795	0.00866587942980977
6.8	0.008592571895166504
6.805	0.00851881806893983
6.8100000000000005	0.00844460571834431
6.8149999999999995	0.008369922104600287
6.82	0.008294753953151148
6.825	0.008219087421586673
6.83	0.008142908065070365
6.835	0.008066200799013032
6.84	0.007988949858733559
6.845	0.007911138755793887
6.85	0.00783275023067253
6.855	0.007753766201403887
6.86	0.007674167707732784
6.865	0.0075939348503137995
6.87	0.00751304672440592
6.875	0.007431481347442399
6.88	0.007349215579756601
6.885	0.007266225037680895
6.890000000000001	0.007182483998081222
6.895	0.007097965293285329
6.9	0.007012640195196963
6.905	0.0069264782872012045
6.91	0.006839447322258322
6.915	0.006751513065302504
6.92	0.006662639117817447
6.925	0.006572786722014412
6.93	0.006481914541660107
6.9350000000000005	0.006389978416077051
6.9399999999999995	0.006296931083158334
6.945	0.006202721866537465
6.95	0.006107296321037427
6.955	0.006010595829415146
6.96	0.0059125571419791625
6.965	0.005813111848870495
6.97	0.005712185772562861
6.975	0.005609698265329166
6.98	0.00550556139289724
6.985	0.00539967898091067
6.99	0.005291945494919749
6.995	0.005182244716967398
7.	0.005070448171804858
7.005	0.004956413242204578
7.01	0.004839980895045239
7.015000000000001	0.004720972915067862
7.02	0.004599188509581486
7.025	0.004474400099981706
7.03	0.0043463480486801995
7.035	0.004214733972755047
7.04	0.004079212152065892
7.045	0.0039393783230560996
7.05	0.0037947548154840904
7.055	0.003644770458736927
7.0600000000000005	0.003488732816183471
7.0649999999999995	0.0033257888330296983
7.07	0.0031548673783373072
7.075	0.0029745923263519054
7.08	0.0027831453057540105
7.085	0.002578037138408602
7.09	0.0023557005482101635
7.095	0.0021106963444268646
7.1	0.0018339601895098615
7.105	0.001508121475860356
7.11	0.0010899967290576382
7.115	0.00032309446758975045
7.12	0.
7.125	0.
7.13	0.
7.135	0.
7.140000000000001	0.
7.145	0.
7.15	0.
7.155	0.
7.16	0.
7.165	0.
7.17	0.
7.175	0.
7.18	0.
7.1850000000000005	0.
7.1899999999999995	0.
7.195	0.
7.2	0.
7.205	0.
7.21	0.
7.215	0.
7.220000000000001	0.
7.225	0.
7.23	0.
7.234999999999999	0.
7.24	0.
7.245	0.
7.25	0.
7.255	0.
7.26	0.
7.265000000000001	0.
7.27	0.
7.275	0.
7.28	0.
7.285	0.
7.29	0.
7.295	0.
7.300000000000001	0.
7.305	0.
7.3100000000000005	0.
7.3149999999999995	0.
7.32	0.
7.325	0.
7.33	0.
7.335	0.
7.34	0.
7.345000000000001	0.
7.35	0.
7.355	0.
7.359999999999999	0.
7.365	0.
7.37	0.
7.375	0.
7.38	0.
7.385	0.
7.390000000000001	0.
7.395	0.
7.4	0.
7.405	0.
7.41	0.
7.415	0.
7.42	0.
7.425000000000001	0.
7.43	0.
7.4350000000000005	0.
7.4399999999999995	0.
7.445	0.
7.45	0.
7.455	0.
7.46	0.
7.465	0.
7.470000000000001	0.
7.475	0.
7.48	0.
7.484999999999999	0.
7.49	0.
7.495	0.
7.5	0.
7.505	0.
7.51	0.
7.515000000000001	0.
7.52	0.
7.525	0.
7.53	0.
7.535	0.
7.54	0.
7.545	0.
7.550000000000001	0.
7.555	0.
7.5600000000000005	0.
7.5649999999999995	0.
7.57	0.
7.575	0.
7.58	0.
7.585	0.
7.59	0.
7.595000000000001	0.
7.6	0.
7.605	0.
7.609999999999999	0.
7.615	0.
7.62	0.
7.625	0.
7.63	0.
7.635	0.
7.640000000000001	0.
7.645	0.
7.65	0.
7.655	0.
7.66	0.
7.665	0.
7.67	0.
7.675000000000001	0.
7.68	0.
7.685	0.
7.6899999999999995	0.
7.694999999999999	0.
7.699999999999999	0.
7.704999999999999	0.
7.71	0.
7.715	0.
7.72	0.
7.725	0.
7.7299999999999995	0.
7.734999999999999	0.
7.739999999999999	0.
7.744999999999999	0.
7.75	0.
7.755	0.
7.76	0.
7.765	0.
7.77	0.
7.7749999999999995	0.
7.779999999999999	0.
7.784999999999999	0.
7.79	0.
7.795	0.
7.8	0.
7.805	0.
7.81	0.
7.8149999999999995	0.
7.819999999999999	0.
7.824999999999999	0.
7.829999999999999	0.
7.835	0.
7.84	0.
7.845	0.
7.85	0.
7.8549999999999995	0.
7.859999999999999	0.
7.864999999999999	0.
7.869999999999999	0.
7.875	0.
7.88	0.
7.885	0.
7.89	0.
7.895	0.
7.8999999999999995	0.
7.904999999999999	0.
7.909999999999999	0.
7.915	0.
7.92	0.
7.925	0.
7.93	0.
7.935	0.
7.9399999999999995	0.
7.944999999999999	0.
7.949999999999999	0.
7.955	0.
7.96	0.
7.965	0.
7.97	0.
7.975	0.
7.9799999999999995	0.
7.984999999999999	0.
7.989999999999999	0.
7.994999999999999	0.
8.	0.
8.004999999999999	0.
8.01	0.
8.014999999999999	0.
8.02	0.
8.025	0.
8.03	0.
8.035	0.
8.04	0.
8.045	0.
8.049999999999999	0.
8.055	0.
8.059999999999999	0.
8.065	0.
8.07	0.
8.075	0.
8.08	0.
8.084999999999999	0.
8.09	0.
8.094999999999999	0.
8.1	0.
8.105	0.
8.11	0.
8.115	0.
8.12	0.
8.125	0.
8.129999999999999	0.
8.135	0.
8.139999999999999	0.
8.145	0.
8.15	0.
8.155	0.
8.16	0.
8.165	0.
8.17	0.
8.174999999999999	0.
8.18	0.
8.184999999999999	0.
8.19	0.
8.195	0.
8.2	0.
8.205	0.
8.209999999999999	0.
8.215	0.
8.219999999999999	0.
8.225	0.
8.23	0.
8.235	0.
8.24	0.
8.245	0.
8.25	0.
8.254999999999999	0.
8.26	0.
8.264999999999999	0.
8.27	0.
8.275	0.
8.28	0.
8.285	0.
8.29	0.
8.295	0.
8.299999999999999	0.
8.305	0.
8.309999999999999	0.
8.315	0.
8.32	0.
8.325	0.
8.33	0.
8.334999999999999	0.
8.34	0.
8.344999999999999	0.
8.35	0.
8.355	0.
8.36	0.
8.365	0.
8.37	0.
8.375	0.
8.379999999999999	0.
8.385	0.
8.389999999999999	0.
8.395	0.
8.4	0.
8.405	0.
8.41	0.
8.415	0.
8.42	0.
8.424999999999999	0.
8.43	0.
8.434999999999999	0.
8.44	0.
8.445	0.
8.45	0.
8.455	0.
8.459999999999999	0.
8.465	0.
8.469999999999999	0.
8.475	0.
8.48	0.
8.485	0.
8.49	0.
8.495	0.
8.5	0.
8.504999999999999	0.
8.51	0.
8.515	0.
8.52	0.
8.525	0.
8.53	0.
8.535	0.
8.54	0.
8.545	0.
8.549999999999999	0.
8.555	0.
8.559999999999999	0.
8.565	0.
8.57	0.
8.575	0.
8.58	0.
8.584999999999999	0.
8.59	0.
8.594999999999999	0.
8.6	0.
8.605	0.
8.61	0.
8.615	0.
8.62	0.
8.625	0.
8.629999999999999	0.
8.635	0.
8.64	0.
8.645	0.
8.65	0.
8.655	0.
8.66	0.
8.665	0.
8.67	0.
8.674999999999999	0.
8.68	0.
8.684999999999999	0.
8.69	0.
8.695	0.
8.7	0.
8.705	0.
8.709999999999999	0.
8.715	0.
8.719999999999999	0.
8.725	0.
8.73	0.
8.735	0.
8.74	0.
8.745	0.
8.75	0.
8.754999999999999	0.
8.76	0.
8.765	0.
8.77	0.
8.775	0.
8.78	0.
8.785	0.
8.79	0.
8.795	0.
8.799999999999999	0.
8.805	0.
8.809999999999999	0.
8.815	0.
8.82	0.
8.825	0.
8.83	0.
8.834999999999999	0.
8.84	0.
8.844999999999999	0.
8.85	0.
8.855	0.
8.86	0.
8.865	0.
8.87	0.
8.875	0.
8.879999999999999	0.
8.885	0.
8.89	0.
8.895	0.
8.9	0.
8.905	0.
8.91	0.
8.915	0.
8.92	0.
8.924999999999999	0.
8.93	0.
8.934999999999999	0.
8.94	0.
8.945	0.
8.95	0.
8.955	0.
8.959999999999999	0.
8.965	0.
8.969999999999999	0.
8.975	0.
8.98	0.
8.985	0.
8.99	0.
8.995	0.
9.	0.
9.004999999999999	0.
9.01	0.
9.015	0.
9.02	0.
9.025	0.
9.03	0.
9.035	0.
9.04	0.
9.045	0.
9.049999999999999	0.
9.055	0.
9.059999999999999	0.
9.065	0.
9.07	0.
9.075	0.
9.08	0.
9.084999999999999	0.
9.09	0.
9.094999999999999	0.
9.1	0.
9.105	0.
9.11	0.
9.115	0.
9.12	0.
9.125	0.
9.129999999999999	0.
9.135	0.
9.14	0.
9.145	0.
9.15	0.
9.155	0.
9.16	0.
9.165	0.
9.17	0.
9.174999999999999	0.
9.18	0.
9.184999999999999	0.
9.19	0.
9.195	0.
9.2	0.
9.205	0.
9.209999999999999	0.
9.215	0.
9.219999999999999	0.
9.225	0.
9.23	0.
9.235	0.
9.24	0.
9.245	0.
9.25	0.
9.254999999999999	0.
9.26	0.
9.265	0.
9.27	0.
9.275	0.
9.28	0.
9.285	0.
9.29	0.
9.295	0.
9.299999999999999	0.
9.305	0.
9.309999999999999	0.
9.315	0.
9.32	0.
9.325	0.
9.33	0.
9.334999999999999	0.
9.34	0.
9.344999999999999	0.
9.35	0.
9.355	0.
9.36	0.
9.365	0.
9.37	0.
9.375	0.
9.379999999999999	0.
9.385	0.
9.39	0.
9.395	0.
9.4	0.
9.405	0.
9.41	0.
9.415	0.
9.42	0.
9.424999999999999	0.
9.43	0.
9.434999999999999	0.
9.44	0.
9.445	0.
9.45	0.
9.455	0.
9.459999999999999	0.
9.465	0.
9.469999999999999	0.
9.475	0.
9.48	0.
9.485	0.
9.49	0.
9.495	0.
9.5	0.
9.504999999999999	0.
9.51	0.
9.515	0.
9.52	0.
9.525	0.
9.53	0.
9.535	0.
9.54	0.
9.545	0.
9.549999999999999	0.
9.555	0.
9.559999999999999	0.
9.565	0.
9.57	0.
9.575	0.
9.58	0.
9.584999999999999	0.
9.59	0.
9.594999999999999	0.
9.6	0.
9.605	0.
9.61	0.
9.615	0.
9.62	0.
9.625	0.
9.629999999999999	0.
9.635	0.
9.64	0.
9.645	0.
9.65	0.
9.655	0.
9.66	0.
9.665	0.
9.67	0.
9.674999999999999	0.
9.68	0.
9.684999999999999	0.
9.69	0.
9.695	0.
9.7	0.
9.705	0.
9.709999999999999	0.
9.715	0.
9.719999999999999	0.
9.725	0.
9.73	0.
9.735	0.
9.74	0.
9.745	0.
9.75	0.
9.754999999999999	0.
9.76	0.
9.765	0.
9.77	0.
9.774999999999999	0.
9.78	0.
9.785	0.
9.79	0.
9.795	0.
9.8	0.
9.805	0.
9.809999999999999	0.
9.815	0.
9.82	0.
9.825	0.
9.83	0.
9.834999999999999	0.
9.84	0.
9.844999999999999	0.
9.85	0.
9.855	0.
9.86	0.
9.865	0.
9.87	0.
9.875	0.
9.879999999999999	0.
9.885	0.
9.89	0.
9.895	0.
9.899999999999999	0.
9.905	0.
9.91	0.
9.915	0.
9.92	0.
9.925	0.
9.93	0.
9.934999999999999	0.
9.94	0.
9.945	0.
9.95	0.
9.955	0.
9.959999999999999	0.
9.965	0.
9.969999999999999	0.
9.975	0.
9.98	0.
9.985	0.
9.99	0.
9.995	0.
10.	0.
10.004999999999999	0.
10.01	0.
10.015	0.
10.02	0.
10.024999999999999	0.
10.03	0.
10.035	0.
10.04	0.
10.045	0.
10.05	0.
10.055	0.
10.059999999999999	0.
10.065	0.
10.07	0.
10.075	0.
10.08	0.
10.084999999999999	0.
10.09	0.
10.094999999999999	0.
10.1	0.
10.105	0.
10.11	0.
10.115	0.
10.12	0.
10.125	0.
10.129999999999999	0.
10.135	0.
10.14	0.
10.145	0.
10.149999999999999	0.
10.155	0.
10.16	0.
10.165	0.
10.17	0.
10.175	0.
10.18	0.
10.184999999999999	0.
10.19	0.
10.195	0.
10.2	0.
10.205	0.
10.209999999999999	0.
10.215	0.
10.219999999999999	0.
10.225	0.
10.23	0.
10.235	0.
10.24	0.
10.245000000000001	0.
10.250000000000002	0.
10.255	0.
10.260000000000002	0.
10.265	0.
10.270000000000001	0.
10.275	0.
10.280000000000001	0.
10.285	0.
10.290000000000001	0.
10.295000000000002	0.
10.3	0.
10.305000000000001	0.
10.31	0.
10.315000000000001	0.
10.32	0.
10.325000000000001	0.
10.330000000000002	0.
10.335	0.
10.340000000000002	0.
10.345	0.
10.350000000000001	0.
10.355	0.
10.360000000000001	0.
10.365	0.
10.370000000000001	0.
10.375000000000002	0.
10.38	0.
10.385000000000002	0.
10.39	0.
10.395000000000001	0.
10.4	0.
10.405000000000001	0.
10.41	0.
10.415000000000001	0.
10.420000000000002	0.
10.425	0.
10.430000000000001	0.
10.435	0.
10.440000000000001	0.
10.445	0.
10.450000000000001	0.
10.455000000000002	0.
10.46	0.
10.465000000000002	0.
10.47	0.
10.475000000000001	0.
10.48	0.
10.485000000000001	0.
10.49	0.
10.495000000000001	0.
10.500000000000002	0.
10.505	0.
10.510000000000002	0.
10.515	0.
10.520000000000001	0.
10.525	0.
10.530000000000001	0.
10.535	0.
10.540000000000001	0.
10.545000000000002	0.
10.55	0.
10.555000000000001	0.
10.56	0.
10.565000000000001	0.
10.57	0.
10.575000000000001	0.
10.580000000000002	0.
10.585	0.
10.590000000000002	0.
10.595	0.
10.600000000000001	0.
10.605	0.
10.610000000000001	0.
10.615	0.
10.620000000000001	0.
10.625000000000002	0.
10.63	0.
10.635000000000002	0.
10.64	0.
10.645000000000001	0.
10.65	0.
10.655000000000001	0.
10.66	0.
10.665000000000001	0.
10.670000000000002	0.
10.675	0.
10.680000000000001	0.
10.685	0.
10.690000000000001	0.
10.695	0.
10.700000000000001	0.
10.705000000000002	0.
10.71	0.
10.715000000000002	0.
10.72	0.
10.725000000000001	0.
10.73	0.
10.735000000000001	0.
10.74	0.
10.745000000000001	0.
10.750000000000002	0.
10.755	0.
10.760000000000002	0.
10.765	0.
10.770000000000001	0.
10.775	0.
10.780000000000001	0.
10.785	0.
10.790000000000001	0.
10.795000000000002	0.
10.8	0.
10.805000000000001	0.
10.81	0.
10.815000000000001	0.
10.82	0.
10.825000000000001	0.
10.830000000000002	0.
10.835	0.
10.840000000000002	0.
10.845	0.
10.850000000000001	0.
10.855	0.
10.860000000000001	0.
10.865	0.
10.870000000000001	0.
10.875000000000002	0.
10.88	0.
10.885000000000002	0.
10.89	0.
10.895000000000001	0.
10.9	0.
10.905000000000001	0.
10.91	0.
10.915000000000001	0.
10.920000000000002	0.
10.925	0.
10.930000000000001	0.
10.935	0.
10.940000000000001	0.
10.945	0.
10.950000000000001	0.
10.955000000000002	0.
10.96	0.
10.965000000000002	0.
10.97	0.
10.975000000000001	0.
10.98	0.
10.985000000000001	0.
10.99	0.
10.995000000000001	0.
11.000000000000002	0.
11.005	0.
11.010000000000002	0.
11.015	0.
11.020000000000001	0.
11.025	0.
11.030000000000001	0.
11.035	0.
11.040000000000001	0.
11.045000000000002	0.
11.05	0.
11.055000000000001	0.
11.06	0.
11.065000000000001	0.
11.07	0.
11.075000000000001	0.
11.080000000000002	0.
11.085	0.
11.090000000000002	0.
11.095	0.
11.100000000000001	0.
11.105	0.
11.110000000000001	0.
11.115	0.
11.120000000000001	0.
11.125000000000002	0.
11.13	0.
11.135000000000002	0.
11.14	0.
11.145000000000001	0.
11.15	0.
11.155000000000001	0.
11.16	0.
11.165000000000001	0.
11.170000000000002	0.
11.175	0.
11.180000000000001	0.
11.185	0.
11.190000000000001	0.
11.195	0.
11.200000000000001	0.
11.205000000000002	0.
11.21	0.
11.215000000000002	0.
11.22	0.
11.225000000000001	0.
11.23	0.
11.235000000000001	0.
11.24	0.
11.245000000000001	0.
11.250000000000002	0.
11.255	0.
11.260000000000002	0.
11.265	0.
11.270000000000001	0.
11.275	0.
11.280000000000001	0.
11.285	0.
11.290000000000001	0.
11.295000000000002	0.
11.3	0.
11.305000000000001	0.
11.31	0.
11.315000000000001	0.
11.32	0.
11.325000000000001	0.
11.330000000000002	0.
11.335	0.
11.340000000000002	0.
11.345	0.
11.350000000000001	0.
11.355	0.
11.360000000000001	0.
11.365000000000002	0.
11.370000000000001	0.
11.375000000000002	0.
11.38	0.
11.385000000000002	0.
11.39	0.
11.395000000000001	0.
11.4	0.
11.405000000000001	0.
11.41	0.
11.415000000000001	0.
11.420000000000002	0.
11.425	0.
11.430000000000001	0.
11.435	0.
11.440000000000001	0.
11.445	0.
11.450000000000001	0.
11.455000000000002	0.
11.46	0.
11.465000000000002	0.
11.47	0.
11.475000000000001	0.
11.48	0.
11.485000000000001	0.
11.490000000000002	0.
11.495000000000001	0.
11.500000000000002	0.
11.505	0.
11.510000000000002	0.
11.515	0.
11.520000000000001	0.
11.525	0.
11.530000000000001	0.
11.535	0.
11.540000000000001	0.
11.545000000000002	0.
11.55	0.
11.555000000000001	0.
11.56	0.
11.565000000000001	0.
11.57	0.
11.575000000000001	0.
11.580000000000002	0.
11.585	0.
11.590000000000002	0.
11.595	0.
11.600000000000001	0.
11.605	0.
11.610000000000001	0.
11.615000000000002	0.
11.620000000000001	0.
11.625000000000002	0.
11.63	0.
11.635000000000002	0.
11.64	0.
11.645000000000001	0.
11.65	0.
11.655000000000001	0.
11.66	0.
11.665000000000001	0.
11.670000000000002	0.
11.675	0.
11.680000000000001	0.
11.685	0.
11.690000000000001	0.
11.695	0.
11.700000000000001	0.
11.705000000000002	0.
11.71	0.
11.715000000000002	0.
11.72	0.
11.725000000000001	0.
11.73	0.
11.735000000000001	0.
11.740000000000002	0.
11.745000000000001	0.
11.750000000000002	0.
11.755	0.
11.760000000000002	0.
11.765	0.
11.770000000000001	0.
11.775	0.
11.780000000000001	0.
11.785	0.
11.790000000000001	0.
11.795000000000002	0.
11.8	0.
11.805000000000001	0.
11.81	0.
11.815000000000001	0.
11.82	0.
11.825000000000001	0.
11.830000000000002	0.
11.835	0.
11.840000000000002	0.
11.845	0.
11.850000000000001	0.
11.855	0.
11.860000000000001	0.
11.865000000000002	0.
11.870000000000001	0.
11.875000000000002	0.
11.88	0.
11.885000000000002	0.
11.89	0.
11.895000000000001	0.
11.9	0.
11.905000000000001	0.
11.91	0.
11.915000000000001	0.
11.920000000000002	0.
11.925	0.
11.930000000000001	0.
11.935	0.
11.940000000000001	0.
11.945	0.
11.950000000000001	0.
11.955000000000002	0.
11.96	0.
11.965000000000002	0.
11.97	0.
11.975000000000001	0.
11.98	0.
11.985000000000001	0.
11.990000000000002	0.
11.995000000000001	0.
12.000000000000002	0.
12.005	0.
12.010000000000002	0.
12.015	0.
12.020000000000001	0.
12.025	0.
12.030000000000001	0.
12.035	0.
12.040000000000001	0.
12.045000000000002	0.
12.05	0.
12.055000000000001	0.
12.06	0.
12.065000000000001	0.
12.07	0.
12.075000000000001	0.
12.080000000000002	0.
12.085	0.
12.090000000000002	0.
12.095	0.
12.100000000000001	0.
12.105	0.
12.110000000000001	0.
12.115000000000002	0.
12.120000000000001	0.
12.125000000000002	0.
12.13	0.
12.135000000000002	0.
12.14	0.
12.145000000000001	0.
12.15	0.
12.155000000000001	0.
12.16	0.
12.165000000000001	0.
12.170000000000002	0.
12.175	0.
12.180000000000001	0.
12.185	0.
12.190000000000001	0.
12.195	0.
12.200000000000001	0.
12.205000000000002	0.
12.21	0.
12.215000000000002	0.
12.22	0.
12.225000000000001	0.
12.23	0.
12.235000000000001	0.
12.240000000000002	0.
12.245000000000001	0.
12.25	0.
12.255	0.
12.260000000000002	0.
12.265	0.
12.270000000000001	0.
12.275000000000002	0.
12.280000000000001	0.
12.285	0.
12.290000000000001	0.
12.295000000000002	0.
12.3	0.
12.305000000000001	0.
12.31	0.
12.315000000000001	0.
12.32	0.
12.325000000000001	0.
12.330000000000002	0.
12.335	0.
12.340000000000002	0.
12.345	0.
12.350000000000001	0.
12.355	0.
12.360000000000001	0.
12.365000000000002	0.
12.370000000000001	0.
12.375	0.
12.38	0.
12.385000000000002	0.
12.39	0.
12.395000000000001	0.
12.400000000000002	0.
12.405000000000001	0.
12.41	0.
12.415000000000001	0.
12.420000000000002	0.
12.425	0.
12.430000000000001	0.
12.435	0.
12.440000000000001	0.
12.445	0.
12.450000000000001	0.
12.455000000000002	0.
12.46	0.
12.465000000000002	0.
12.47	0.
12.475000000000001	0.
12.48	0.
12.485000000000001	0.
12.490000000000002	0.
12.495000000000001	0.
12.5	0.
12.505	0.
12.510000000000002	0.
12.515	0.
12.520000000000001	0.
12.525000000000002	0.
12.530000000000001	0.
12.535	0.
12.540000000000001	0.
12.545000000000002	0.
12.55	0.
12.555000000000001	0.
12.56	0.
12.565000000000001	0.
12.57	0.
12.575000000000001	0.
12.580000000000002	0.
12.585	0.
12.590000000000002	0.
12.595	0.
12.600000000000001	0.
12.605	0.
12.610000000000001	0.
12.615000000000002	0.
12.620000000000001	0.
12.625	0.
12.63	0.
12.635000000000002	0.
12.64	0.
12.645000000000001	0.
12.650000000000002	0.
12.655000000000001	0.
12.66	0.
12.665000000000001	0.
12.670000000000002	0.
12.675	0.
12.680000000000001	0.
12.685	0.
12.690000000000001	0.
12.695	0.
12.700000000000001	0.
12.705000000000002	0.
12.71	0.
12.715000000000002	0.
12.72	0.
12.725000000000001	0.
12.73	0.
12.735000000000001	0.
12.740000000000002	0.
12.745000000000001	0.
12.75	0.
12.755	0.
12.760000000000002	0.
12.765	0.
12.770000000000001	0.
12.775000000000002	0.
12.780000000000001	0.
12.785	0.
12.790000000000001	0.
12.795000000000002	0.
12.8	0.
12.805000000000001	0.
12.810000000000002	0.
12.815000000000001	0.
12.820000000000002	0.
12.825000000000001	0.
12.830000000000002	0.
12.835	0.
12.840000000000002	0.
12.845	0.
12.850000000000001	0.
12.855000000000002	0.
12.860000000000001	0.
12.865000000000002	0.
12.870000000000001	0.
12.875000000000002	0.
12.88	0.
12.885000000000002	0.
12.890000000000002	0.
12.895000000000001	0.
12.900000000000002	0.
12.905000000000001	0.
12.910000000000002	0.
12.915000000000001	0.
12.920000000000002	0.
12.925	0.
12.930000000000001	0.
12.935000000000002	0.
12.940000000000001	0.
12.945000000000002	0.
12.950000000000001	0.
12.955000000000002	0.
12.96	0.
12.965000000000002	0.
12.97	0.
12.975000000000001	0.
12.980000000000002	0.
12.985000000000001	0.
12.990000000000002	0.
12.995000000000001	0.
13.000000000000002	0.
13.005	0.
13.010000000000002	0.
13.015000000000002	0.
13.020000000000001	0.
13.025000000000002	0.
13.030000000000001	0.
13.035000000000002	0.
13.040000000000001	0.
13.045000000000002	0.
13.05	0.
13.055000000000001	0.
13.060000000000002	0.
13.065000000000001	0.
13.070000000000002	0.
13.075000000000001	0.
13.080000000000002	0.
13.085	0.
13.090000000000002	0.
13.095	0.
13.100000000000001	0.
13.105000000000002	0.
13.110000000000001	0.
13.115000000000002	0.
13.120000000000001	0.
13.125000000000002	0.
13.13	0.
13.135000000000002	0.
13.140000000000002	0.
13.145000000000001	0.
13.150000000000002	0.
13.155000000000001	0.
13.160000000000002	0.
13.165000000000001	0.
13.170000000000002	0.
13.175	0.
13.180000000000001	0.
13.185000000000002	0.
13.190000000000001	0.
13.195000000000002	0.
13.200000000000001	0.
13.205000000000002	0.
13.21	0.
13.215000000000002	0.
13.220000000000002	0.
13.225000000000001	0.
13.230000000000002	0.
13.235000000000001	0.
13.240000000000002	0.
13.245000000000001	0.
13.250000000000002	0.
13.255	0.
13.260000000000002	0.
13.265000000000002	0.
13.270000000000001	0.
13.275000000000002	0.
13.280000000000001	0.
13.285000000000002	0.
13.290000000000001	0.
13.295000000000002	0.
13.3	0.
13.305000000000001	0.
13.310000000000002	0.
13.315000000000001	0.
13.320000000000002	0.
13.325000000000001	0.
13.330000000000002	0.
13.335	0.
13.340000000000002	0.
13.345000000000002	0.
13.350000000000001	0.
13.355000000000002	0.
13.360000000000001	0.
13.365000000000002	0.
13.370000000000001	0.
13.375000000000002	0.
13.38	0.
13.385000000000002	0.
13.39	0.
13.395000000000001	0.
13.400000000000002	0.
13.405000000000001	0.
13.410000000000002	0.
13.415000000000001	0.
13.420000000000002	0.
13.425	0.
13.430000000000001	0.
13.435000000000002	0.
13.440000000000001	0.
13.445000000000002	0.
13.450000000000001	0.
13.455000000000002	0.
13.46	0.
13.465000000000002	0.
13.470000000000002	0.
13.475000000000001	0.
13.480000000000002	0.
13.485000000000001	0.
13.490000000000002	0.
13.495000000000001	0.
13.500000000000002	0.
13.505	0.
13.510000000000002	0.
13.515	0.
13.520000000000001	0.
13.525000000000002	0.
13.530000000000001	0.
13.535000000000002	0.
13.540000000000001	0.
13.545000000000002	0.
13.55	0.
13.555000000000001	0.
13.560000000000002	0.
13.565000000000001	0.
13.570000000000002	0.
13.575000000000001	0.
13.580000000000002	0.
13.585	0.
13.590000000000002	0.
13.595000000000002	0.
13.600000000000001	0.
13.605000000000002	0.
13.610000000000001	0.
13.615000000000002	0.
13.620000000000001	0.
13.625000000000002	0.
13.63	0.
13.635000000000002	0.
13.64	0.
13.645000000000001	0.
13.650000000000002	0.
13.655000000000001	0.
13.660000000000002	0.
13.665000000000001	0.
13.670000000000002	0.
13.675	0.
13.680000000000001	0.
13.685000000000002	0.
13.690000000000001	0.
13.695000000000002	0.
13.700000000000001	0.
13.705000000000002	0.
13.71	0.
13.715000000000002	0.
13.720000000000002	0.
13.725000000000001	0.
13.730000000000002	0.
13.735000000000001	0.
13.740000000000002	0.
13.745000000000001	0.
13.750000000000002	0.
13.755	0.
13.760000000000002	0.
13.765	0.
13.770000000000001	0.
13.775000000000002	0.
13.780000000000001	0.
13.785000000000002	0.
13.790000000000001	0.
13.795000000000002	0.
13.8	0.
13.805000000000001	0.
13.810000000000002	0.
13.815000000000001	0.
13.820000000000002	0.
13.825000000000001	0.
13.830000000000002	0.
13.835	0.
13.840000000000002	0.
13.845000000000002	0.
13.850000000000001	0.
13.855000000000002	0.
13.860000000000001	0.
13.865000000000002	0.
13.870000000000001	0.
13.875000000000002	0.
13.88	0.
13.885000000000002	0.
13.89	0.
13.895000000000001	0.
13.900000000000002	0.
13.905000000000001	0.
13.910000000000002	0.
13.915000000000001	0.
13.920000000000002	0.
13.925	0.
13.930000000000001	0.
13.935000000000002	0.
13.940000000000001	0.
13.945000000000002	0.
13.950000000000001	0.
13.955000000000002	0.
13.96	0.
13.965000000000002	0.
13.970000000000002	0.
13.975000000000001	0.
13.980000000000002	0.
13.985000000000001	0.
13.990000000000002	0.
13.995000000000001	0.
14.	0.