0.005	0.
0.01	0.
0.015	0.
0.02	0.
0.025	0.
0.030000000000000002	0.
0.034999999999999996	0.
0.04	0.
0.045	0.
0.049999999999999996	0.
0.055	0.
0.06	0.
0.065	0.
0.07	0.
0.07500000000000001	0.
0.08	0.
0.085	0.
0.09000000000000001	0.
0.095	0.
0.1	0.
0.10500000000000001	0.
0.11	0.
0.115	0.
0.12000000000000001	0.
0.125	0.
0.13	0.
0.135	0.
0.14	0.
0.14500000000000002	0.
0.15	0.
0.155	0.
0.16	0.
0.165	0.
0.17	0.039761655371982924
0.17500000000000002	0.08610571678074891
0.18000000000000002	0.11222689712745665
0.185	0.13115584899053834
0.19	0.1459554858135245
0.195	0.15797774934136002
0.2	0.16797206509058935
0.20500000000000002	0.17640915674999175
0.21000000000000002	0.1836091377003364
0.215	0.18980197906497503
0.22	0.19515964473394315
0.225	0.19981469591551382
0.23	0.20387178545911228
0.23500000000000001	0.20741513118847443
0.24000000000000002	0.2105135788739196
0.245	0.21322415017426158
0.25	0.21559460009398515
0.255	0.21766530505398762
0.26	0.2194706855886461
0.265	0.2210402975024823
0.27	0.22239968175320823
0.275	0.22357103544237428
0.28	0.22457374795925653
0.28500000000000003	0.22542483397635357
0.29000000000000004	0.2261392865011997
0.295	0.2267303672337151
0.3	0.2272098472298602
0.305	0.2275882077940006
0.31	0.22787480925979622
0.315	0.22807803363481477
0.32	0.22820540581466234
0.325	0.22826369710543126
0.33	0.22825901404913876
0.335	0.22819687496885524
0.34	0.2280822761973618
0.34500000000000003	0.2279197495955786
0.35000000000000003	0.22771341268235176
0.35500000000000004	0.22746701246922374
0.36	0.22718396390982165
0.365	0.22686738372428217
0.37	0.2265201202373232
0.375	0.22614477976857128
0.38	0.22574375003136574
0.385	0.22531922092790393
0.39	0.22487320307172576
0.395	0.2244075443209764
0.4	0.22392394456599463
0.405	0.22342396898108882
0.41000000000000003	0.22290905992195306
0.41500000000000004	0.2223805476260084
0.42000000000000004	0.22183965985238022
0.425	0.22128753058068165
0.43	0.2207252078726953
0.435	0.22015366098811584
0.44	0.21957378683440035
0.445	0.2189864158210673
0.45	0.21839231718054544
0.455	0.21779220381033648
0.46	0.2171867366850309
0.465	0.21657652888111906
0.47000000000000003	0.21596214925287202
0.47500000000000003	0.2153441257932089
0.48000000000000004	0.21472294870986558
0.485	0.2140990732439083
0.49	0.21347292225475534
0.495	0.2128448885933435
0.5	0.21221533728287195
0.505	0.21158460752451827
0.51	0.21095301454384371
0.515	0.21032085129195457
0.52	0.20968839001415954
0.525	0.20905588369762898
0.53	0.20842356740838527
0.535	0.20779165952707507
0.54	0.20716036289196793
0.545	0.20652986585694932
0.55	0.2059003432714855
0.555	0.2052719573889242
0.56	0.20464485870893456
0.5650000000000001	0.20401918675934091
0.5700000000000001	0.20339507082218153
0.5750000000000001	0.2027726306083532
0.5800000000000001	0.2021519768848646
0.585	0.20153321205834682
0.59	0.20091643071817722
0.595	0.20030172014227435
0.6	0.19968916076838714
0.605	0.19907882663344786
0.61	0.1984707857833429
0.615	0.197865100655296
0.62	0.19726182843484807
0.625	0.19666102138927485
0.63	0.19606272717912304
0.635	0.1954669891494351
0.64	0.1948738466021204
0.645	0.19428333505073384
0.65	0.19369548645895857
0.655	0.19311032946387316
0.66	0.19252788958507958
0.665	0.19194818942063321
0.67	0.1913712488306787
0.675	0.190797085109628
0.68	0.19022571314764136
0.685	0.18965714558212413
0.6900000000000001	0.18909139293987295
0.6950000000000001	0.1885284637705487
0.7000000000000001	0.18796836477197795
0.7050000000000001	0.18741110090783708
0.71	0.18685667551821897
0.715	0.18630509042353283
0.72	0.18575634602215566
0.725	0.185210441382231
0.73	0.18466737432801592
0.735	0.18412714152102536
0.74	0.18358973853645935
0.745	0.18305515993503318
0.75	0.18252339933059075
0.755	0.18199444945376617
0.76	0.18146830221189353
0.765	0.18094494874537267
0.77	0.1804243794808111
0.775	0.17990658418101108
0.78	0.1793915519920891
0.785	0.17887927148779548
0.79	0.17836973071133794
0.795	0.17786291721472713
0.8	0.17735881809584644
0.805	0.17685742003339022
0.81	0.17635870931980693
0.8150000000000001	0.17586267189228189
0.8200000000000001	0.175369293361957
0.8250000000000001	0.17487855904146374
0.8300000000000001	0.17439045397088204
0.8350000000000001	0.17390496294213592
0.84	0.17342207052204536
0.845	0.17294176107399695
0.85	0.1724640187783837
0.855	0.1719888276518354
0.86	0.17151617156535431
0.865	0.17104603426135007
0.87	0.17057839936973224
0.875	0.17011325042301825
0.88	0.16965057087055058
0.885	0.16919034409192005
0.89	0.1687325534095372
0.895	0.16827718210051645
0.9	0.16782421340775128
0.905	0.16737363055044602
0.91	0.16692541673392128
0.915	0.16647955515888715
0.92	0.1660360290300709
0.925	0.16559482156435323
0.93	0.16515591599852306
0.935	0.16471929559622855
0.9400000000000001	0.16428494365491783
0.9450000000000001	0.16385284351194157
0.9500000000000001	0.1634229785504622
0.9550000000000001	0.16299533220510917
0.9600000000000001	0.16256988796679403
0.965	0.16214662938788732
0.97	0.16172554008637965
0.975	0.16130660375018652
0.98	0.16088980414102075
0.985	0.16047512509800418
0.99	0.16006255054096327
0.995	0.15965206447351424
1.	0.15924365098606894
1.005	0.15883729425831417
1.01	0.15843297856175104
1.015	0.1580306882619561
1.02	0.15763040782087223
1.025	0.15723212179813534
1.0299999999999998	0.15683581484286027
1.035	0.1564414717446224
1.0399999999999998	0.15604907734106666
1.045	0.15565861660374355
1.0499999999999998	0.15527007460996262
1.055	0.15488343653677614
1.0599999999999998	0.15449868767071823
1.065	0.1541158134047676
1.0699999999999998	0.15373479924223293
1.075	0.15335563079447212
1.0799999999999998	0.15297829378276848
1.085	0.15260277403869085
1.0899999999999999	0.152229057504108
1.095	0.1518571302318083
1.0999999999999999	0.15148697838520322
1.105	0.15111858823888003
1.1099999999999999	0.1507519461784008
1.115	0.15038703870041942
1.1199999999999999	0.15002385241242347
1.125	0.14966237403292404
1.13	0.14930259039095842
1.135	0.14894448842600777
1.14	0.14858805518779175
1.145	0.14823327783583112
1.15	0.14788014363913837
1.155	0.14752863997584156
1.16	0.14717875433275732
1.1649999999999998	0.14683047430498392
1.17	0.14648378759531133
1.1749999999999998	0.14613868201375688
1.18	0.14579514547707398
1.1849999999999998	0.14545316600809857
1.19	0.14511273173529404
1.1949999999999998	0.1447738308919125
1.2	0.14443645181566875
1.2049999999999998	0.1441005829478497
1.21	0.1437662128327458
1.2149999999999999	0.14343333011701412
1.22	0.1431019235489007
1.2249999999999999	0.14277198197756202
1.23	0.14244349435245177
1.2349999999999999	0.14211644972243584
1.24	0.14179083723515712
1.2449999999999999	0.14146664613620527
1.25	0.14114386576851637
1.255	0.14082248557150634
1.26	0.1405024950802371
1.265	0.1401838839248101
1.27	0.13986664182949304
1.275	0.13955075861197533
1.28	0.13923622418248896
1.285	0.13892302854322952
1.2899999999999998	0.1386111617873507
1.295	0.1383006140983167
1.2999999999999998	0.13799137574906215
1.305	0.1376834371012032
1.3099999999999998	0.13737678860424646
1.315	0.13707142079483645
1.3199999999999998	0.1367673242959053
1.325	0.13646448981592044
1.3299999999999998	0.13616290814813486
1.335	0.13586257016975262
1.3399999999999999	0.1355634668411321
1.345	0.13526558920506626
1.3499999999999999	0.13496892838597319
1.355	0.13467347558913997
1.3599999999999999	0.13437922209991304
1.365	0.13408615928297768
1.3699999999999999	0.1337942785815721
1.375	0.13350357151674253
1.38	0.13321402968659443
1.385	0.13292564476549704
1.39	0.13263840850340158
1.395	0.13235231272506134
1.4	0.13206734932930048
1.405	0.13178351028826646
1.41	0.13150078764677334
1.4149999999999998	0.13121917352151133
1.42	0.13093866010031574
1.4249999999999998	0.1306592396415427
1.43	0.130380904473272
1.4349999999999998	0.13010364699270374
1.44	0.1298274596653448
1.4449999999999998	0.12955233502442434
1.45	0.12927826567016282
1.4549999999999998	0.12900524426908377
1.46	0.12873326355340206
1.4649999999999999	0.1284623163202798
1.47	0.12819239543122943
1.4749999999999999	0.12792349381141613
1.48	0.1276556044490116
1.4849999999999999	0.12738872039460952
1.49	0.12712283476051747
1.4949999999999999	0.12685794072016626
1.5	0.12659403150744564
1.505	0.12633110041616188
1.51	0.1260691407993385
1.515	0.12580814606865154
1.52	0.12554810969383623
1.525	0.12528902520205937
1.53	0.12503088617735358
1.535	0.12477368626003006
1.54	0.12451741914611257
1.545	0.12426207858670864
1.5499999999999998	0.12400765838752038
1.555	0.12375415240824425
1.5599999999999998	0.12350155456199728
1.565	0.12324985881481496
1.5699999999999998	0.12299905918505424
1.575	0.1227491497429028
1.5799999999999998	0.12250012460981678
1.585	0.12225197795800234
1.5899999999999999	0.12200470400989617
1.595	0.12175829703765771
1.5999999999999999	0.12151275136262316
1.605	0.12126806135483309
1.6099999999999999	0.12102422143253659
1.615	0.12078122606168398
1.6199999999999999	0.12053906975541284
1.625	0.12029774707359747
1.63	0.12005725262239203
1.635	0.11981758105366928
1.64	0.11957872706466502
1.645	0.1193406853974227
1.65	0.11910345083835766
1.655	0.11886701821784565
1.66	0.11863138240972312
1.665	0.11839653833089155
1.67	0.11816248094080913
1.6749999999999998	0.11792920524112004
1.68	0.11769670627520507
1.6849999999999998	0.11746497912775637
1.69	0.11723401892433391
1.6949999999999998	0.11700382083099942
1.7	0.1167743800538511
1.7049999999999998	0.11654569183867435
1.71	0.11631775147047826
1.7149999999999999	0.11609055427315829
1.72	0.11586409560903768
1.7249999999999999	0.11563837087856327
1.73	0.11541337551982947
1.7349999999999999	0.1151891050082599
1.74	0.11496555485621977
1.7449999999999999	0.11474272061263603
1.75	0.11452059786260953
1.755	0.11429918222710242
1.76	0.11407846936254257
1.765	0.11385845496046525
1.77	0.113639134747175
1.775	0.11342050448339154
1.78	0.11320255996393068
1.785	0.11298529701730968
1.79	0.1127687115054799
1.795	0.11255279932341496
1.7999999999999998	0.11233755639887721
1.805	0.11212297869200193
1.8099999999999998	0.11190906219504196
1.815	0.11169580293198476
1.8199999999999998	0.1114831969583286
1.825	0.11127124036067162
1.8299999999999998	0.11105992925649721
1.835	0.11084925979378112
1.8399999999999999	0.11063922815077074
1.845	0.11042983053563273
1.8499999999999999	0.11022106318617667
1.855	0.11001292236957884
1.8599999999999999	0.10980540438209434
1.865	0.10959850554871822
1.8699999999999999	0.10939222222299093
1.875	0.10918655078664166
1.88	0.10898148764938641
1.885	0.10877702924857087
1.89	0.1085731720489993
1.895	0.10836991254257367
1.9	0.10816724724811241
1.905	0.1079651727110166
1.91	0.107763685503075
1.915	0.10756278222218224
1.92	0.1073624594920771
1.9249999999999998	0.10716271396211155
1.93	0.10696354230700693
1.9349999999999998	0.10676494122657727
1.94	0.10656690744555385
1.9449999999999998	0.106369437713266
1.95	0.1061725288034744
1.9549999999999998	0.10597617751409985
1.96	0.10578038066700034
1.9649999999999999	0.10558513510776668
1.97	0.10539043770544379
1.9749999999999999	0.10519628535238076
1.98	0.10500267496392594
1.9849999999999999	0.10480960347830758
1.99	0.10461706785631265
1.9949999999999999	0.10442506508116133
2.	0.10423359215824872
2.005	0.10404264611494585
2.01	0.10385222400039264
2.015	0.10366232288531195
2.02	0.1034729398617698
2.025	0.10328407204301171
2.03	0.10309571656324228
2.035	0.10290787057747156
2.04	0.10272053126123108
2.045	0.10253369581048978
2.05	0.10234736144139121
2.0549999999999997	0.10216152539009514
2.06	0.10197618491257866
2.065	0.10179133728448338
2.07	0.10160697980089599
2.0749999999999997	0.10142310977619372
2.08	0.10123972454383252
2.085	0.10105682145624344
2.09	0.10087439788458682
2.0949999999999998	0.10069245121859194
2.1	0.10051097886642169
2.105	0.10032997825449293
2.11	0.10014944682727667
2.1149999999999998	0.0999693820471754
2.12	0.0997897813943326
2.125	0.09961064236649064
2.13	0.09943196247881643
2.135	0.09925373926375969
2.14	0.09907597027085474
2.145	0.0988986530666507
2.15	0.09872178523445552
2.155	0.09854536437426052
2.16	0.09836938810256127
2.165	0.09819385405221452
2.17	0.09801875987228165
2.175	0.0978441032278892
2.18	0.09766988180010984
2.185	0.09749609328577231
2.19	0.09732273539735757
2.195	0.09714980586284659
2.1999999999999997	0.09697730242559922
2.205	0.09680522284417255
2.21	0.09663356489224482
2.215	0.09646232635843413
2.2199999999999998	0.09629150504620614
2.225	0.09612109877369086
2.23	0.09595110537362558
2.235	0.09578152269315336
2.2399999999999998	0.09561234859374083
2.245	0.0954435809510338
2.25	0.09527521765475405
2.255	0.0951072566085546
2.26	0.09493969572989863
2.265	0.09477253294994366
2.27	0.09460576621343962
2.275	0.0944393934785877
2.28	0.09427341271691422
2.285	0.09410782191320557
2.29	0.09394261906532339
2.295	0.09377780218414028
2.3	0.09361336929342909
2.305	0.09344931842972509
2.31	0.09328564764220713
2.315	0.09312235499264011
2.32	0.09295943855522074
2.3249999999999997	0.09279689641649458
2.33	0.0926347266752293
2.335	0.09247292744231693
2.34	0.09231149684069931
2.3449999999999998	0.09215043300522782
2.35	0.09198973408256413
2.355	0.09182939823111075
2.36	0.09166942362087249
2.3649999999999998	0.09150980843339113
2.37	0.09135055086161861
2.375	0.09119164910984698
2.38	0.09103310139359581
2.385	0.0908749059395125
2.39	0.09071706098530033
2.395	0.09055956477960415
2.4	0.09040241558193057
2.405	0.09024561166254046
2.41	0.09008915130238952
2.415	0.08993303279300731
2.42	0.08977725443641037
2.425	0.0896218145450491
2.43	0.08946671144167893
2.435	0.08931194345929436
2.44	0.08915750894104041
2.445	0.08900340624013327
2.4499999999999997	0.08884963371976341
2.455	0.08869618975303104
2.46	0.08854307272283789
2.465	0.08839028102184626
2.4699999999999998	0.08823781305235236
2.475	0.0880856672262269
2.48	0.08793384196485976
2.485	0.08778233569903124
2.4899999999999998	0.08763114686887956
2.495	0.08748027392379638
2.5	0.08732971532237237
2.505	0.08717946953229976
2.51	0.08702953503031145
2.515	0.08687991030209884
2.52	0.0867305938422559
2.525	0.08658158415417408
2.53	0.08643287975000338
2.535	0.08628447915056993
2.54	0.08613638088528604
2.545	0.08598858349211347
2.55	0.08584108551747015
2.555	0.08569388551616317
2.56	0.08554698205134047
2.565	0.08540037369438591
2.57	0.08525405902490377
2.5749999999999997	0.08510803663059864
2.58	0.08496230510724875
2.585	0.08481686305861665
2.59	0.0846717090964091
2.5949999999999998	0.08452684184019
2.6	0.08438225991731951
2.605	0.08423796196291332
2.61	0.08409394661975368
2.6149999999999998	0.08395021253823409
2.62	0.08380675837631787
2.625	0.08366358279945542
2.63	0.08352068448052169
2.635	0.08337806209978661
2.64	0.08323571434481082
2.645	0.0830936399104359
2.65	0.08295183749868267
2.655	0.08281030581872417
2.66	0.08266904358682176
2.665	0.08252804952625648
2.67	0.082387322367284
2.675	0.08224686084707371
2.68	0.08210666370966416
2.685	0.0819667297058965
2.69	0.08182705759336399
2.695	0.0816876461363607
2.7	0.08154849410583306
2.705	0.0814096002793084
2.71	0.08127096344086363
2.715	0.08113258238106669
2.7199999999999998	0.08099445589692437
2.725	0.08085658279182142
2.73	0.0807189618754937
2.735	0.08058159196395076
2.7399999999999998	0.08044447187945436
2.745	0.08030760045043651
2.75	0.08017097651148392
2.755	0.0800345989032677
2.76	0.07989846647250376
2.765	0.07976257807190094
2.77	0.07962693256012221
2.775	0.0794915288017259
2.78	0.0793563656671288
2.785	0.07922144203255982
2.79	0.07908675678000256
2.795	0.07895230879716811
2.8	0.07881809697743758
2.8049999999999997	0.07868412021982248
2.81	0.07855037742891939
2.815	0.07841686751485913
2.82	0.0782835893932779
2.825	0.07815054198527317
2.83	0.07801772421733523
2.835	0.07788513502133469
2.84	0.07775277333447674
2.8449999999999998	0.07762063809924001
2.85	0.07748872826335203
2.855	0.07735704277975002
2.86	0.07722558060651842
2.8649999999999998	0.07709434070688306
2.87	0.07696332204913721
2.875	0.0768325236066226
2.88	0.07670194435768415
2.885	0.07657158328563163
2.89	0.07644143937869449
2.895	0.07631151162999578
2.9	0.0761817990375032
2.905	0.07605230060399147
2.91	0.07592301533701609
2.915	0.07579394224886116
2.92	0.07566508035651227
2.925	0.07553642868161714
2.9299999999999997	0.07540798625044508
2.935	0.07527975209385712
2.94	0.07515172524726779
2.945	0.07502390475060704
2.95	0.07489628964828804
2.955	0.0747688789891685
2.96	0.07464167182651885
2.965	0.07451466721799205
2.9699999999999998	0.07438786422557489
2.975	0.07426126191556842
2.98	0.07413485935854942
2.985	0.07400865562932957
2.9899999999999998	0.07388264980693798
2.995	0.0737568409745705
3.	0.07363122821957027
3.005	0.07350581063338585
3.01	0.07338058731154214
3.015	0.07325555735361697
3.02	0.07313071986319343
3.025	0.07300607394783465
3.03	0.0728816187190603
3.035	0.07275735329230135
3.04	0.07263327678687899
3.045	0.07250938832597466
3.05	0.0723856870365918
3.0549999999999997	0.07226217204952731
3.06	0.07213884249934639
3.065	0.07201569752435277
3.07	0.0718927362665507
3.075	0.07176995787161891
3.08	0.07164736148889098
3.085	0.07152494627130915
3.09	0.07140271137541339
3.0949999999999998	0.0712806559612937
3.1	0.07115877919257707
3.105	0.0710370802363939
3.11	0.07091555826334776
3.115	0.0707942124474866
3.12	0.07067304196628123
3.125	0.07055204600058927
3.13	0.07043122373463713
3.135	0.07031057435598435
3.14	0.07019009705549996
3.145	0.07006979102733767
3.15	0.06994965546890206
3.155	0.06982968958083115
3.16	0.06970989256696491
3.165	0.06959026363431633
3.17	0.06947080199305326
3.175	0.06935150685646572
3.1799999999999997	0.06923237744093913
3.185	0.06911341296593855
3.19	0.06899461265397007
3.195	0.06887597573056446
3.2	0.06875750142424997
3.205	0.06863918896652574
3.21	0.06852103759183859
3.215	0.06840304653755719
3.2199999999999998	0.06828521504394834
3.225	0.0681675423541517
3.23	0.0680500277141571
3.235	0.0679326703727775
3.24	0.06781546958162911
3.245	0.0676984245951023
3.25	0.06758153467034295
3.255	0.06746479906722654
3.26	0.06734821704833374
3.265	0.0672317878789276
3.27	0.06711551082693241
3.275	0.06699938516290929
3.28	0.06688341016003044
3.285	0.0667675850940616
3.29	0.06665190924333403
3.295	0.06653638188872744
3.3	0.0664210023136416
3.3049999999999997	0.0663057698039775
3.31	0.06619068364811526
3.315	0.06607574313689143
3.32	0.06596094756357558
3.325	0.06584629622384991
3.33	0.06573178841578645
3.335	0.06561742343982666
3.34	0.06550320059875926
3.3449999999999998	0.065389119197698
3.35	0.06527517854406105
3.355	0.06516137794754838
3.36	0.06504771672012317
3.365	0.06493419417598881
3.37	0.06482080963156697
3.375	0.06470756240547956
3.38	0.06459445181852543
3.385	0.06448147719366143
3.39	0.06436863785597888
3.395	0.06425593313268609
3.4	0.06414336235308732
3.405	0.06403092484856256
3.41	0.06391861995254433
3.415	0.06380644700050025
3.42	0.06369440532991374
3.425	0.06358249428026128
3.4299999999999997	0.0634707131929939
3.435	0.06335906141151684
3.44	0.06324753828117129
3.445	0.06313614314921125
3.45	0.06302487536478793
3.455	0.06291373427892692
3.46	0.06280271924451014
3.465	0.06269182961625694
3.4699999999999998	0.06258106475070112
3.475	0.06247042400617723
3.48	0.06235990674279716
3.485	0.062249512322433316
3.49	0.062139240108696286
3.495	0.062029089466919075
3.5	0.06191905976413525
3.505	0.06180915036906453
3.51	0.0616993606520874
3.515	0.06158968998523231
3.52	0.0614801377421522
3.525	0.06137070329810942
3.53	0.06126138602995389
3.535	0.06115218531610715
3.54	0.06104310053654039
3.545	0.06093413107276106
3.55	0.06082527630778633
3.5549999999999997	0.0607165356261365
3.56	0.06060790841380341
3.565	0.060499394058242
3.5700000000000003	0.06039099194834512
3.575	0.060282701474429885
3.58	0.06017452202821787
3.585	0.060066453002817745
3.59	0.05995849379270083
3.5949999999999998	0.0598506437936949
3.5999999999999996	0.059742902402958056
3.605	0.05963526901895336
3.61	0.05952774304145105
3.615	0.059420323871490426
3.62	0.059313010911374704
3.625	0.05920580356464147
3.63	0.05909870123606184
3.635	0.0589917033316016
3.6399999999999997	0.058884809258418574
3.645	0.058778018424838235
3.65	0.05867133024034229
3.6550000000000002	0.05856474411553732
3.66	0.05845825946215007
3.665	0.05835187569300616
3.67	0.058245592222007654
3.675	0.058139408464120475
3.6799999999999997	0.05803332383535077
3.685	0.057927337752736674
3.69	0.05782144963432077
3.6950000000000003	0.05771565889913287
3.7	0.05760996496718321
3.705	0.05750436725942852
3.71	0.05739886519776843
3.715	0.05729345820501851
3.7199999999999998	0.05718814570489219
3.7249999999999996	0.057082927121992054
3.73	0.05697780188178473
3.735	0.0568727694105823
3.74	0.05676782913552507
3.745	0.056662980484564716
3.75	0.05655822288645406
3.755	0.05645355577071439
3.76	0.05634897856762428
3.7649999999999997	0.05624449070820831
3.77	0.0561400916242031
3.775	0.05603578074806085
3.7800000000000002	0.05593155751290954
3.785	0.05582742135254945
3.79	0.05572337170143423
3.795	0.05561940799463802
3.8	0.05551552966785784
3.8049999999999997	0.055411736157384234
3.81	0.055308026900083865
3.815	0.055204401333379186
3.8200000000000003	0.055100858895234625
3.825	0.054997399024143134
3.83	0.05489402115908899
3.835	0.05479072473955642
3.84	0.05468750920548542
3.8449999999999998	0.05458437399726633
3.8499999999999996	0.05448131855572034
3.855	0.05437834232208423
3.86	0.05427544473798035
3.865	0.0541726252454103
3.87	0.054069883286727106
3.875	0.05396721830462115
3.88	0.053864629742103064
3.885	0.053762117042480545
3.8899999999999997	0.05365967964934011
3.895	0.053557317006522824
3.9	0.053455028558125256
3.9050000000000002	0.05335281374845267
3.91	0.053250672022018816
3.915	0.053148602823523246
3.92	0.053046605597827035
3.925	0.052944679789932246
3.9299999999999997	0.052842824844974975
3.935	0.05274104020818818
3.94	0.05263932532489334
3.9450000000000003	0.05253767964047998
3.95	0.052436102600378946
3.955	0.05233459365005006
3.96	0.052233152234964164
3.965	0.05213177780056781
3.9699999999999998	0.052030469792276164
3.9749999999999996	0.05192922765545321
3.98	0.051828050835377316
3.985	0.05172693877724827
3.99	0.05162589092613142
3.995	0.051524906726958385
4.	0.05142398562451531
4.005	0.05132312706339115
4.01	0.051222330487980486
4.015	0.051121595342457186
4.02	0.05102092107074733
4.025	0.050920307116524725
4.03	0.050819752923155194
4.035	0.05071925793370692
4.04	0.05061882159093013
4.045	0.05051844333719352
4.05	0.050418122614514456
4.055	0.05031785886450855
4.0600000000000005	0.05021765152836201
4.0649999999999995	0.050117500046826455
4.07	0.050017403860189456
4.075	0.04991736240823629
4.08	0.04981737513026642
4.085	0.04971744146501882
4.09	0.049617560850684354
4.095	0.049517732724878
4.1	0.049417956524598475
4.105	0.04931823168622132
4.109999999999999	0.04921855764546659
4.115	0.0491189338373721
4.12	0.049019359696277014
4.125	0.04891983465579039
4.13	0.04882035814877425
4.135	0.04872092960730526
4.14	0.04862154846266309
4.145	0.048522214145290406
4.15	0.04842292608478785
4.155	0.04832368370986682
4.16	0.04822448644832367
4.165	0.04812533372704252
4.17	0.04802622497194263
4.175	0.04792715960793077
4.18	0.04782813705893828
4.1850000000000005	0.047729156747830626
4.1899999999999995	0.04763021809640735
4.195	0.04753132052538218
4.2	0.047432463454333613
4.205	0.04733364630169052
4.21	0.04723486848469767
4.215	0.047136129419393984
4.22	0.04703742852057041
4.225	0.0469387652017618
4.23	0.04684013887518889
4.234999999999999	0.04674154895175583
4.24	0.046642994840988876
4.245	0.046544475951044155
4.25	0.046445991688650615
4.255	0.046347541459083604
4.26	0.046249124666124075
4.265	0.046150740712050074
4.27	0.046052388997581295
4.275	0.045954068921876486
4.28	0.04585577988245656
4.285	0.04575752127519746
4.29	0.04565929249430843
4.295	0.04556109293227839
4.3	0.04546292197983231
4.305	0.04536477902594015
4.3100000000000005	0.04526666345771505
4.3149999999999995	0.045168574660451294
4.32	0.045070512017531365
4.325	0.044972474910411696
4.33	0.04487446271858526
4.335	0.04477647481955937
4.34	0.044678510588770703
4.345	0.04458056939960209
4.35	0.04448265062333152
4.355	0.044384753629043386
4.359999999999999	0.04428687778366745
4.365	0.04418902245186338
4.37	0.04409118699604902
4.375	0.04399337077630872
4.38	0.043895573150373006
4.385	0.043797793473574785
4.39	0.04370003109880367
4.395	0.04360228537646447
4.4	0.043504555654435555
4.405	0.04340684127801872
4.41	0.043309141589909
4.415	0.04321145593013266
4.42	0.04311378363601005
4.425	0.04301612404209681
4.43	0.042918476480161484
4.4350000000000005	0.04282084027911804
4.4399999999999995	0.04272321476498173
4.445	0.04262559926082771
4.45	0.042527993086729526
4.455	0.042430395559706485
4.46	0.04233280599369779
4.465	0.042235223699488476
4.47	0.042137647984652304
4.475	0.04204007815353488
4.48	0.04194251350713305
4.484999999999999	0.04184495334311576
4.49	0.041747396955722424
4.495	0.04164984363571161
4.5	0.041552292670332024
4.505	0.041454743343218206
4.51	0.041357194934371504
4.515	0.04125964672007767
4.52	0.04116209797287474
4.525	0.041064547961454215
4.53	0.04096699595062246
4.535	0.04086944120123193
4.54	0.040771882970122734
4.545	0.04067432051005173
4.55	0.04057675306961517
4.555	0.04047917989322206
4.5600000000000005	0.04038160022097366
4.5649999999999995	0.04028401328862438
4.57	0.040186418327519444
4.575	0.04008881456450791
4.58	0.039991201221858536
4.585	0.03989357751722028
4.59	0.03979594266352226
4.595000000000001	0.039698295868909036
4.6	0.03960063633666302
4.605	0.03950296326511008
4.609999999999999	0.03940527584756809
4.615	0.03930757327225076
4.62	0.03920985472218161
4.625	0.03911211937511632
4.63	0.03901436640347561
4.635	0.03891659497421051
4.640000000000001	0.0388188042487796
4.645	0.038720993383003
4.65	0.03862316152700545
4.654999999999999	0.03852530782513494
4.66	0.038427431415795
4.665	0.03832953143147175
4.67	0.038231606998526006
4.675	0.03813365723715417
4.68	0.03803568126126687
4.6850000000000005	0.037937678178407395
4.6899999999999995	0.03783964708962138
4.695	0.037741587089364335
4.7	0.03764349726541121
4.705	0.03754537669870743
4.71	0.03744722446331052
4.715	0.03734903962623223
4.720000000000001	0.03725082124732837
4.725	0.03715256837922657
4.73	0.0370542800671444
4.734999999999999	0.03695595534882113
4.74	0.036857593254358306
4.745	0.036759192806095756
4.75	0.036660753018535025
4.755	0.036562272898128426
4.76	0.036463751443210186
4.765000000000001	0.03636518764383163
4.77	0.036266580481633136
4.775	0.03616792892969629
4.779999999999999	0.03606923195239966
4.785	0.03597048850529003
4.79	0.03587169753492916
4.795	0.03577285797871596
4.8	0.0356739687647625
4.805	0.03557502881172696
4.8100000000000005	0.035476037028653415
4.8149999999999995	0.0353769923147907
4.82	0.03527789355947017
4.825	0.035178739641880376
4.83	0.03507952943093512
4.835	0.034980261785081714
4.84	0.034880935552122676
4.845000000000001	0.03478154956901631
4.85	0.034682102661710484
4.855	0.03458259364494562
4.859999999999999	0.03448302132205461
4.865	0.034383384484759874
4.87	0.034283681912973124
4.875	0.03418391237458748
4.88	0.03408407462526104
4.885	0.033984167408221105
4.890000000000001	0.033884189454009644
4.895	0.0337841394802741
4.9	0.03368401619153703
4.904999999999999	0.03358381827896067
4.91	0.03348354442008555
4.915	0.03338319327863337
4.92	0.0332827635041967
4.925	0.03318225373200485
4.93	0.03308166258268156
4.9350000000000005	0.032980988661941595
4.9399999999999995	0.03288023056034794
4.945	0.03277938685299302
4.95	0.03267845609926483
4.955	0.03257743684247904
4.96	0.03247632760965384
4.965	0.03237512691116037
4.970000000000001	0.03227383324040177
4.975	0.032172445073539016
4.98	0.03207096086908648
4.984999999999999	0.03196937906763693
4.99	0.03186769809150074
4.995	0.03176591634434531
5.	0.03166403221084363
5.005	0.03156204405627732
5.01	0.03145995022617024
5.015000000000001	0.03135774904594249
5.02	0.031255438820445146
5.025	0.031153017833615994
5.029999999999999	0.031050484347981466
5.035	0.030947836604303502
5.04	0.030845072821139585
5.045	0.030742191194325304
5.05	0.03063918989658111
5.055	0.03053606707700453
5.0600000000000005	0.0304328208606041
5.0649999999999995	0.030329449347781087
5.07	0.030225950613855336
5.075	0.03012232270850125
5.08	0.030018563655226614
5.085	0.02991467145084894
5.09	0.02981064406487832
5.095000000000001	0.029706479438981158
5.1	0.029602175486381388
5.105	0.029497730091200592
5.109999999999999	0.02939314110789209
5.115	0.02928840636057346
5.12	0.029183523642332638
5.125	0.02907849071460217
5.13	0.02897330530641042
5.135	0.0288679651136871
5.14	0.02876246779854034
5.145	0.02865681098843472
5.15	0.02855099227547916
5.155	0.028445009215587326
5.16	0.028338859327641405
5.165	0.028232540092671385
5.17	0.028126048952960777
5.175	0.02801938331113086
5.18	0.027912540529245296
5.185	0.02780551792781309
5.19	0.027698312784848057
5.195	0.027590922334831968
5.2	0.02748334376765751
5.205	0.027375574227565553
5.21	0.027267610812043635
5.215	0.02715945057067087
5.22	0.027051090503924322
5.225	0.026942527561997203
5.23	0.02683375864349789
5.235	0.02672478059420062
5.24	0.0266155902056842
5.245	0.026506184213941908
5.25	0.026396559297976505
5.255	0.026286712078332816
5.26	0.026176639115542383
5.265	0.026066336908609312
5.27	0.025955801893324075
5.275	0.025845030440640945
5.28	0.025734018854904544
5.285	0.02562276337207986
5.29	0.025511260157890323
5.295	0.025399505305884387
5.3	0.025287494835459706
5.305	0.025175224689812474
5.31	0.025062690733797886
5.315	0.024949888751714454
5.32	0.024836814445039754
5.325	0.02472346343003111
5.33	0.024609831235293443
5.335	0.024495913299225253
5.34	0.02438170496736354
5.345	0.024267201489653528
5.35	0.024152398017602182
5.355	0.024037289601308538
5.36	0.023921871186412477
5.365	0.02380613761091041
5.37	0.02369008360178847
5.375	0.023573703771661177
5.38	0.02345699261510264
5.385	0.023339944504996164
5.39	0.023222553688590268
5.395	0.023104814283506938
5.4	0.022986720273506525
5.405	0.022868265504123193
5.41	0.022749443678087133
5.415	0.02263024835057452
5.42	0.022510672924234643
5.425	0.022390710644007075
5.43	0.02227035459172611
5.435	0.022149597680460993
5.44	0.02202843264862273
5.445	0.021906852053799206
5.45	0.02178484826630682
5.455	0.021662413462440282
5.46	0.021539539617434374
5.465	0.02141621849805002
5.47	0.02129244165486358
5.475	0.021168200414125905
5.48	0.021043485869283517
5.485	0.020918288872042032
5.49	0.0207926000230074
5.495	0.020666409661854977
5.5	0.02053970785700113
5.505	0.020412484394731163
5.51	0.020284728767786465
5.515	0.02015643016334114
5.52	0.020027577450341158
5.525	0.019898159166164116
5.53	0.01976816350255015
5.535	0.019637578290778668
5.54	0.019506390985991738
5.545	0.01937458865065261
5.55	0.019242157937059086
5.555	0.019109085068841673
5.56	0.018975355821378048
5.565	0.01884095550104999
5.57	0.018705868923259455
5.575	0.01857008038908709
5.58	0.018433573660528575
5.585	0.018296331934177373
5.59	0.018158337813233193
5.595	0.018019573277707455
5.6	0.017880019652689916
5.605	0.01773965757451338
5.61	0.017598466954638202
5.615	0.017456426941073744
5.62	0.017313515877132753
5.625	0.017169711257279625
5.63	0.01702498967981647
5.635	0.01687932679615415
5.64	0.01673269725630738
5.645	0.016585074650337157
5.65	0.01643643144529602
5.655	0.016286738917291026
5.66	0.016135967078192044
5.665	0.01598408459643579
5.67	0.01583105871136204
5.675	0.0156768551403979
5.68	0.01552143797838388
5.6850000000000005	0.015364769588172572
5.69	0.015206810481601645
5.695	0.015047519189709072
5.7	0.014886852121116678
5.705	0.014724763407082835
5.71	0.014561204731746496
5.715	0.014396125145789055
5.72	0.014229470861501494
5.725	0.014061185026875497
5.73	0.013891207476096009
5.735	0.013719474453376899
5.74	0.01354591830647348
5.745	0.013370467145821283
5.75	0.013193044464370916
5.755	0.013013568712542613
5.76	0.012831952821547603
5.765	0.012648103667243265
5.77	0.012461921465303654
5.775	0.012273299086410405
5.78	0.012082121278442909
5.785	0.011888263779474743
5.79	0.011691592302450376
5.795	0.011491961368074724
5.8	0.011289212957157659
5.805	0.011083174947117486
5.8100000000000005	0.01087365928892988
5.815	0.010660459869810084
5.82	0.01044334999259656
5.825	0.010222079384906544
5.83	0.009996370625579584
5.835	0.00976591484383549
5.84	0.009530366501689657
5.845	0.009289337008729755
5.85	0.009042386833411745
5.855	0.00878901565434391
5.86	0.008528649921404998
5.865	0.008260626942557345
5.87	0.007984174231697994
5.875	0.007698382269681371
5.88	0.0074021679145056165
5.885	0.007094224210763129
5.89	0.006772949858984617
5.895	0.006436347263254162
5.9	0.006081870145240983
5.905	0.005706186413275123
5.91	0.005304790420089175
5.915	0.004871328066888001
5.92	0.00439632224408803
5.925	0.0038644814106367944
5.93	0.0032480021333797485
5.9350000000000005	0.002484659337436091
5.94	0.0013439635519395675
5.945	0.
5.95	0.
5.955	0.
5.96	0.
5.965	0.
5.97	0.
5.975	0.
5.98	0.
5.985	0.
5.99	0.
5.995	0.
6.	0.
6.005	0.
6.01	0.
6.015	0.
6.02	0.
6.025	0.
6.03	0.
6.035	0.
6.04	0.
6.045	0.
6.05	0.
6.055	0.
6.0600000000000005	0.
6.065	0.
6.07	0.
6.075	0.
6.08	0.
6.085	0.
6.09	0.
6.095	0.
6.1	0.
6.105	0.
6.11	0.
6.115	0.
6.12	0.
6.125	0.
6.13	0.
6.135	0.
6.140000000000001	0.
6.145	0.
6.15	0.
6.155	0.
6.16	0.
6.165	0.
6.17	0.
6.175	0.
6.18	0.
6.1850000000000005	0.
6.1899999999999995	0.
6.195	0.
6.2	0.
6.205	0.
6.21	0.
6.215	0.
6.22	0.
6.225	0.
6.23	0.
6.235	0.
6.24	0.
6.245	0.
6.25	0.
6.255	0.
6.26	0.
6.265000000000001	0.
6.27	0.
6.275	0.
6.28	0.
6.285	0.
6.29	0.
6.295	0.
6.3	0.
6.305	0.
6.3100000000000005	0.
6.3149999999999995	0.
6.32	0.
6.325	0.
6.33	0.
6.335	0.
6.34	0.
6.345	0.
6.35	0.
6.355	0.
6.36	0.
6.365	0.
6.37	0.
6.375	0.
6.38	0.
6.385	0.
6.390000000000001	0.
6.395	0.
6.4	0.
6.405	0.
6.41	0.
6.415	0.
6.42	0.
6.425	0.
6.43	0.
6.4350000000000005	0.
6.4399999999999995	0.
6.445	0.
6.45	0.
6.455	0.
6.46	0.
6.465	0.
6.47	0.
6.475	0.
6.48	0.
6.485	0.
6.49	0.
6.495	0.
6.5	0.
6.505	0.
6.51	0.
6.515000000000001	0.
6.52	0.
6.525	0.
6.53	0.
6.535	0.
6.54	0.
6.545	0.
6.55	0.
6.555	0.
6.5600000000000005	0.
6.5649999999999995	0.
6.57	0.
6.575	0.
6.58	0.
6.585	0.
6.59	0.
6.595	0.
6.6	0.
6.605	0.
6.61	0.
6.615	0.
6.62	0.
6.625	0.
6.63	0.
6.635	0.
6.640000000000001	0.
6.645	0.
6.65	0.
6.655	0.
6.66	0.
6.665	0.
6.67	0.
6.675	0.
6.68	0.
6.6850000000000005	0.
6.6899999999999995	0.
6.695	0.
6.7	0.
6.705	0.
6.71	0.
6.715	0.
6.72	0.
6.725	0.
6.73	0.
6.735	0.
6.74	0.
6.745	0.
6.75	0.
6.755	0.
6.76	0.
6.765000000000001	0.
6.77	0.
6.775	0.
6.78	0.
6.785	0.
6.79	0.
6.795	0.
6.8	0.
6.805	0.
6.8100000000000005	0.
6.8149999999999995	0.
6.82	0.
6.825	0.
6.83	0.
6.835	0.
6.84	0.
6.845	0.
6.85	0.
6.855	0.
6.86	0.
6.865	0.
6.87	0.
6.875	0.
6.88	0.
6.885	0.
6.890000000000001	0.
6.895	0.
6.9	0.
6.905	0.
6.91	0.
6.915	0.
6.92	0.
6.925	0.
6.93	0.
6.9350000000000005	0.
6.9399999999999995	0.
6.945	0.
6.95	0.
6.955	0.
6.96	0.
6.965	0.
6.97	0.
6.975	0.
6.98	0.
6.985	0.
6.99	0.
6.995	0.
7.	0.
7.005	0.
7.01	0.
7.015000000000001	0.
7.02	0.
7.025	0.
7.03	0.
7.035	0.
7.04	0.
7.045	0.
7.05	0.
7.055	0.
7.0600000000000005	0.
7.0649999999999995	0.
7.07	0.
7.075	0.
7.08	0.
7.085	0.
7.09	0.
7.095	0.
7.1	0.
7.105	0.
7.11	0.
7.115	0.
7.12	0.
7.125	0.
7.13	0.
7.135	0.
7.140000000000001	0.
7.145	0.
7.15	0.
7.155	0.
7.16	0.
7.165	0.
7.17	0.
7.175	0.
7.18	0.
7.1850000000000005	0.
7.1899999999999995	0.
7.195	0.
7.2	0.
7.205	0.
7.21	0.
7.215	0.
7.220000000000001	0.
7.225	0.
7.23	0.
7.234999999999999	0.
7.24	0.
7.245	0.
7.25	0.
7.255	0.
7.26	0.
7.265000000000001	0.
7.27	0.
7.275	0.
7.28	0.
7.285	0.
7.29	0.
7.295	0.
7.300000000000001	0.
7.305	0.
7.3100000000000005	0.
7.3149999999999995	0.
7.32	0.
7.325	0.
7.33	0.
7.335	0.
7.34	0.
7.345000000000001	0.
7.35	0.
7.355	0.
7.359999999999999	0.
7.365	0.
7.37	0.
7.375	0.
7.38	0.
7.385	0.
7.390000000000001	0.
7.395	0.
7.4	0.
7.405	0.
7.41	0.
7.415	0.
7.42	0.
7.425000000000001	0.
7.43	0.
7.4350000000000005	0.
7.4399999999999995	0.
7.445	0.
7.45	0.
7.455	0.
7.46	0.
7.465	0.
7.470000000000001	0.
7.475	0.
7.48	0.
7.484999999999999	0.
7.49	0.
7.495	0.
7.5	0.
7.505	0.
7.51	0.
7.515000000000001	0.
7.52	0.
7.525	0.
7.53	0.
7.535	0.
7.54	0.
7.545	0.
7.550000000000001	0.
7.555	0.
7.5600000000000005	0.
7.5649999999999995	0.
7.57	0.
7.575	0.
7.58	0.
7.585	0.
7.59	0.
7.595000000000001	0.
7.6	0.
7.605	0.
7.609999999999999	0.
7.615	0.
7.62	0.
7.625	0.
7.63	0.
7.635	0.
7.640000000000001	0.
7.645	0.
7.65	0.
7.655	0.
7.66	0.
7.665	0.
7.67	0.
7.675000000000001	0.
7.68	0.
7.685	0.
7.6899999999999995	0.
7.694999999999999	0.
7.699999999999999	0.
7.704999999999999	0.
7.71	0.
7.715	0.
7.72	0.
7.725	0.
7.7299999999999995	0.
7.734999999999999	0.
7.739999999999999	0.
7.744999999999999	0.
7.75	0.
7.755	0.
7.76	0.
7.765	0.
7.77	0.
7.7749999999999995	0.
7.779999999999999	0.
7.784999999999999	0.
7.79	0.
7.795	0.
7.8	0.
7.805	0.
7.81	0.
7.8149999999999995	0.
7.819999999999999	0.
7.824999999999999	0.
7.829999999999999	0.
7.835	0.
7.84	0.
7.845	0.
7.85	0.
7.8549999999999995	0.
7.859999999999999	0.
7.864999999999999	0.
7.869999999999999	0.
7.875	0.
7.88	0.
7.885	0.
7.89	0.
7.895	0.
7.8999999999999995	0.
7.904999999999999	0.
7.909999999999999	0.
7.915	0.
7.92	0.
7.925	0.
7.93	0.
7.935	0.
7.9399999999999995	0.
7.944999999999999	0.
7.949999999999999	0.
7.955	0.
7.96	0.
7.965	0.
7.97	0.
7.975	0.
7.9799999999999995	0.
7.984999999999999	0.
7.989999999999999	0.
7.994999999999999	0.
8.	0.
8.004999999999999	0.
8.01	0.
8.014999999999999	0.
8.02	0.
8.025	0.
8.03	0.
8.035	0.
8.04	0.
8.045	0.
8.049999999999999	0.
8.055	0.
8.059999999999999	0.
8.065	0.
8.07	0.
8.075	0.
8.08	0.
8.084999999999999	0.
8.09	0.
8.094999999999999	0.
8.1	0.
8.105	0.
8.11	0.
8.115	0.
8.12	0.
8.125	0.
8.129999999999999	0.
8.135	0.
8.139999999999999	0.
8.145	0.
8.15	0.
8.155	0.
8.16	0.
8.165	0.
8.17	0.
8.174999999999999	0.
8.18	0.
8.184999999999999	0.
8.19	0.
8.195	0.
8.2	0.
8.205	0.
8.209999999999999	0.
8.215	0.
8.219999999999999	0.
8.225	0.
8.23	0.
8.235	0.
8.24	0.
8.245	0.
8.25	0.
8.254999999999999	0.
8.26	0.
8.264999999999999	0.
8.27	0.
8.275	0.
8.28	0.
8.285	0.
8.29	0.
8.295	0.
8.299999999999999	0.
8.305	0.
8.309999999999999	0.
8.315	0.
8.32	0.
8.325	0.
8.33	0.
8.334999999999999	0.
8.34	0.
8.344999999999999	0.
8.35	0.
8.355	0.
8.36	0.
8.365	0.
8.37	0.
8.375	0.
8.379999999999999	0.
8.385	0.
8.389999999999999	0.
8.395	0.
8.4	0.
8.405	0.
8.41	0.
8.415	0.
8.42	0.
8.424999999999999	0.
8.43	0.
8.434999999999999	0.
8.44	0.
8.445	0.
8.45	0.
8.455	0.
8.459999999999999	0.
8.465	0.
8.469999999999999	0.
8.475	0.
8.48	0.
8.485	0.
8.49	0.
8.495	0.
8.5	0.
8.504999999999999	0.
8.51	0.
8.515	0.
8.52	0.
8.525	0.
8.53	0.
8.535	0.
8.54	0.
8.545	0.
8.549999999999999	0.
8.555	0.
8.559999999999999	0.
8.565	0.
8.57	0.
8.575	0.
8.58	0.
8.584999999999999	0.
8.59	0.
8.594999999999999	0.
8.6	0.
8.605	0.
8.61	0.
8.615	0.
8.62	0.
8.625	0.
8.629999999999999	0.
8.635	0.
8.64	0.
8.645	0.
8.65	0.
8.655	0.
8.66	0.
8.665	0.
8.67	0.
8.674999999999999	0.
8.68	0.
8.684999999999999	0.
8.69	0.
8.695	0.
8.7	0.
8.705	0.
8.709999999999999	0.
8.715	0.
8.719999999999999	0.
8.725	0.
8.73	0.
8.735	0.
8.74	0.
8.745	0.
8.75	0.
8.754999999999999	0.
8.76	0.
8.765	0.
8.77	0.
8.775	0.
8.78	0.
8.785	0.
8.79	0.
8.795	0.
8.799999999999999	0.
8.805	0.
8.809999999999999	0.
8.815	0.
8.82	0.
8.825	0.
8.83	0.
8.834999999999999	0.
8.84	0.
8.844999999999999	0.
8.85	0.
8.855	0.
8.86	0.
8.865	0.
8.87	0.
8.875	0.
8.879999999999999	0.
8.885	0.
8.89	0.
8.895	0.
8.9	0.
8.905	0.
8.91	0.
8.915	0.
8.92	0.
8.924999999999999	0.
8.93	0.
8.934999999999999	0.
8.94	0.
8.945	0.
8.95	0.
8.955	0.
8.959999999999999	0.
8.965	0.
8.969999999999999	0.
8.975	0.
8.98	0.
8.985	0.
8.99	0.
8.995	0.
9.	0.
9.004999999999999	0.
9.01	0.
9.015	0.
9.02	0.
9.025	0.
9.03	0.
9.035	0.
9.04	0.
9.045	0.
9.049999999999999	0.
9.055	0.
9.059999999999999	0.
9.065	0.
9.07	0.
9.075	0.
9.08	0.
9.084999999999999	0.
9.09	0.
9.094999999999999	0.
9.1	0.
9.105	0.
9.11	0.
9.115	0.
9.12	0.
9.125	0.
9.129999999999999	0.
9.135	0.
9.14	0.
9.145	0.
9.15	0.
9.155	0.
9.16	0.
9.165	0.
9.17	0.
9.174999999999999	0.
9.18	0.
9.184999999999999	0.
9.19	0.
9.195	0.
9.2	0.
9.205	0.
9.209999999999999	0.
9.215	0.
9.219999999999999	0.
9.225	0.
9.23	0.
9.235	0.
9.24	0.
9.245	0.
9.25	0.
9.254999999999999	0.
9.26	0.
9.265	0.
9.27	0.
9.275	0.
9.28	0.
9.285	0.
9.29	0.
9.295	0.
9.299999999999999	0.
9.305	0.
9.309999999999999	0.
9.315	0.
9.32	0.
9.325	0.
9.33	0.
9.334999999999999	0.
9.34	0.
9.344999999999999	0.
9.35	0.
9.355	0.
9.36	0.
9.365	0.
9.37	0.
9.375	0.
9.379999999999999	0.
9.385	0.
9.39	0.
9.395	0.
9.4	0.
9.405	0.
9.41	0.
9.415	0.
9.42	0.
9.424999999999999	0.
9.43	0.
9.434999999999999	0.
9.44	0.
9.445	0.
9.45	0.
9.455	0.
9.459999999999999	0.
9.465	0.
9.469999999999999	0.
9.475	0.
9.48	0.
9.485	0.
9.49	0.
9.495	0.
9.5	0.
9.504999999999999	0.
9.51	0.
9.515	0.
9.52	0.
9.525	0.
9.53	0.
9.535	0.
9.54	0.
9.545	0.
9.549999999999999	0.
9.555	0.
9.559999999999999	0.
9.565	0.
9.57	0.
9.575	0.
9.58	0.
9.584999999999999	0.
9.59	0.
9.594999999999999	0.
9.6	0.
9.605	0.
9.61	0.
9.615	0.
9.62	0.
9.625	0.
9.629999999999999	0.
9.635	0.
9.64	0.
9.645	0.
9.65	0.
9.655	0.
9.66	0.
9.665	0.
9.67	0.
9.674999999999999	0.
9.68	0.
9.684999999999999	0.
9.69	0.
9.695	0.
9.7	0.
9.705	0.
9.709999999999999	0.
9.715	0.
9.719999999999999	0.
9.725	0.
9.73	0.
9.735	0.
9.74	0.
9.745	0.
9.75	0.
9.754999999999999	0.
9.76	0.
9.765	0.
9.77	0.
9.774999999999999	0.
9.78	0.
9.785	0.
9.79	0.
9.795	0.
9.8	0.
9.805	0.
9.809999999999999	0.
9.815	0.
9.82	0.
9.825	0.
9.83	0.
9.834999999999999	0.
9.84	0.
9.844999999999999	0.
9.85	0.
9.855	0.
9.86	0.
9.865	0.
9.87	0.
9.875	0.
9.879999999999999	0.
9.885	0.
9.89	0.
9.895	0.
9.899999999999999	0.
9.905	0.
9.91	0.
9.915	0.
9.92	0.
9.925	0.
9.93	0.
9.934999999999999	0.
9.94	0.
9.945	0.
9.95	0.
9.955	0.
9.959999999999999	0.
9.965	0.
9.969999999999999	0.
9.975	0.
9.98	0.
9.985	0.
9.99	0.
9.995	0.
10.	0.
10.004999999999999	0.
10.01	0.
10.015	0.
10.02	0.
10.024999999999999	0.
10.03	0.
10.035	0.
10.04	0.
10.045	0.
10.05	0.
10.055	0.
10.059999999999999	0.
10.065	0.
10.07	0.
10.075	0.
10.08	0.
10.084999999999999	0.
10.09	0.
10.094999999999999	0.
10.1	0.
10.105	0.
10.11	0.
10.115	0.
10.12	0.
10.125	0.
10.129999999999999	0.
10.135	0.
10.14	0.
10.145	0.
10.149999999999999	0.
10.155	0.
10.16	0.
10.165	0.
10.17	0.
10.175	0.
10.18	0.
10.184999999999999	0.
10.19	0.
10.195	0.
10.2	0.
10.205	0.
10.209999999999999	0.
10.215	0.
10.219999999999999	0.
10.225	0.
10.23	0.
10.235	0.
10.24	0.
10.245000000000001	0.
10.250000000000002	0.
10.255	0.
10.260000000000002	0.
10.265	0.
10.270000000000001	0.
10.275	0.
10.280000000000001	0.
10.285	0.
10.290000000000001	0.
10.295000000000002	0.
10.3	0.
10.305000000000001	0.
10.31	0.
10.315000000000001	0.
10.32	0.
10.325000000000001	0.
10.330000000000002	0.
10.335	0.
10.340000000000002	0.
10.345	0.
10.350000000000001	0.
10.355	0.
10.360000000000001	0.
10.365	0.
10.370000000000001	0.
10.375000000000002	0.
10.38	0.
10.385000000000002	0.
10.39	0.
10.395000000000001	0.
10.4	0.
10.405000000000001	0.
10.41	0.
10.415000000000001	0.
10.420000000000002	0.
10.425	0.
10.430000000000001	0.
10.435	0.
10.440000000000001	0.
10.445	0.
10.450000000000001	0.
10.455000000000002	0.
10.46	0.
10.465000000000002	0.
10.47	0.
10.475000000000001	0.
10.48	0.
10.485000000000001	0.
10.49	0.
10.495000000000001	0.
10.500000000000002	0.
10.505	0.
10.510000000000002	0.
10.515	0.
10.520000000000001	0.
10.525	0.
10.530000000000001	0.
10.535	0.
10.540000000000001	0.
10.545000000000002	0.
10.55	0.
10.555000000000001	0.
10.56	0.
10.565000000000001	0.
10.57	0.
10.575000000000001	0.
10.580000000000002	0.
10.585	0.
10.590000000000002	0.
10.595	0.
10.600000000000001	0.
10.605	0.
10.610000000000001	0.
10.615	0.
10.620000000000001	0.
10.625000000000002	0.
10.63	0.
10.635000000000002	0.
10.64	0.
10.645000000000001	0.
10.65	0.
10.655000000000001	0.
10.66	0.
10.665000000000001	0.
10.670000000000002	0.
10.675	0.
10.680000000000001	0.
10.685	0.
10.690000000000001	0.
10.695	0.
10.700000000000001	0.
10.705000000000002	0.
10.71	0.
10.715000000000002	0.
10.72	0.
10.725000000000001	0.
10.73	0.
10.735000000000001	0.
10.74	0.
10.745000000000001	0.
10.750000000000002	0.
10.755	0.
10.760000000000002	0.
10.765	0.
10.770000000000001	0.
10.775	0.
10.780000000000001	0.
10.785	0.
10.790000000000001	0.
10.795000000000002	0.
10.8	0.
10.805000000000001	0.
10.81	0.
10.815000000000001	0.
10.82	0.
10.825000000000001	0.
10.830000000000002	0.
10.835	0.
10.840000000000002	0.
10.845	0.
10.850000000000001	0.
10.855	0.
10.860000000000001	0.
10.865	0.
10.870000000000001	0.
10.875000000000002	0.
10.88	0.
10.885000000000002	0.
10.89	0.
10.895000000000001	0.
10.9	0.
10.905000000000001	0.
10.91	0.
10.915000000000001	0.
10.920000000000002	0.
10.925	0.
10.930000000000001	0.
10.935	0.
10.940000000000001	0.
10.945	0.
10.950000000000001	0.
10.955000000000002	0.
10.96	0.
10.965000000000002	0.
10.97	0.
10.975000000000001	0.
10.98	0.
10.985000000000001	0.
10.99	0.
10.995000000000001	0.
11.000000000000002	0.
11.005	0.
11.010000000000002	0.
11.015	0.
11.020000000000001	0.
11.025	0.
11.030000000000001	0.
11.035	0.
11.040000000000001	0.
11.045000000000002	0.
11.05	0.
11.055000000000001	0.
11.06	0.
11.065000000000001	0.
11.07	0.
11.075000000000001	0.
11.080000000000002	0.
11.085	0.
11.090000000000002	0.
11.095	0.
11.100000000000001	0.
11.105	0.
11.110000000000001	0.
11.115	0.
11.120000000000001	0.
11.125000000000002	0.
11.13	0.
11.135000000000002	0.
11.14	0.
11.145000000000001	0.
11.15	0.
11.155000000000001	0.
11.16	0.
11.165000000000001	0.
11.170000000000002	0.
11.175	0.
11.180000000000001	0.
11.185	0.
11.190000000000001	0.
11.195	0.
11.200000000000001	0.
11.205000000000002	0.
11.21	0.
11.215000000000002	0.
11.22	0.
11.225000000000001	0.
11.23	0.
11.235000000000001	0.
11.24	0.
11.245000000000001	0.
11.250000000000002	0.
11.255	0.
11.260000000000002	0.
11.265	0.
11.270000000000001	0.
11.275	0.
11.280000000000001	0.
11.285	0.
11.290000000000001	0.
11.295000000000002	0.
11.3	0.
11.305000000000001	0.
11.31	0.
11.315000000000001	0.
11.32	0.
11.325000000000001	0.
11.330000000000002	0.
11.335	0.
11.340000000000002	0.
11.345	0.
11.350000000000001	0.
11.355	0.
11.360000000000001	0.
11.365000000000002	0.
11.370000000000001	0.
11.375000000000002	0.
11.38	0.
11.385000000000002	0.
11.39	0.
11.395000000000001	0.
11.4	0.
11.405000000000001	0.
11.41	0.
11.415000000000001	0.
11.420000000000002	0.
11.425	0.
11.430000000000001	0.
11.435	0.
11.440000000000001	0.
11.445	0.
11.450000000000001	0.
11.455000000000002	0.
11.46	0.
11.465000000000002	0.
11.47	0.
11.475000000000001	0.
11.48	0.
11.485000000000001	0.
11.490000000000002	0.
11.495000000000001	0.
11.500000000000002	0.
11.505	0.
11.510000000000002	0.
11.515	0.
11.520000000000001	0.
11.525	0.
11.530000000000001	0.
11.535	0.
11.540000000000001	0.
11.545000000000002	0.
11.55	0.
11.555000000000001	0.
11.56	0.
11.565000000000001	0.
11.57	0.
11.575000000000001	0.
11.580000000000002	0.
11.585	0.
11.590000000000002	0.
11.595	0.
11.600000000000001	0.
11.605	0.
11.610000000000001	0.
11.615000000000002	0.
11.620000000000001	0.
11.625000000000002	0.
11.63	0.
11.635000000000002	0.
11.64	0.
11.645000000000001	0.
11.65	0.
11.655000000000001	0.
11.66	0.
11.665000000000001	0.
11.670000000000002	0.
11.675	0.
11.680000000000001	0.
11.685	0.
11.690000000000001	0.
11.695	0.
11.700000000000001	0.
11.705000000000002	0.
11.71	0.
11.715000000000002	0.
11.72	0.
11.725000000000001	0.
11.73	0.
11.735000000000001	0.
11.740000000000002	0.
11.745000000000001	0.
11.750000000000002	0.
11.755	0.
11.760000000000002	0.
11.765	0.
11.770000000000001	0.
11.775	0.
11.780000000000001	0.
11.785	0.
11.790000000000001	0.
11.795000000000002	0.
11.8	0.
11.805000000000001	0.
11.81	0.
11.815000000000001	0.
11.82	0.
11.825000000000001	0.
11.830000000000002	0.
11.835	0.
11.840000000000002	0.
11.845	0.
11.850000000000001	0.
11.855	0.
11.860000000000001	0.
11.865000000000002	0.
11.870000000000001	0.
11.875000000000002	0.
11.88	0.
11.885000000000002	0.
11.89	0.
11.895000000000001	0.
11.9	0.
11.905000000000001	0.
11.91	0.
11.915000000000001	0.
11.920000000000002	0.
11.925	0.
11.930000000000001	0.
11.935	0.
11.940000000000001	0.
11.945	0.
11.950000000000001	0.
11.955000000000002	0.
11.96	0.
11.965000000000002	0.
11.97	0.
11.975000000000001	0.
11.98	0.
11.985000000000001	0.
11.990000000000002	0.
11.995000000000001	0.
12.000000000000002	0.
12.005	0.
12.010000000000002	0.
12.015	0.
12.020000000000001	0.
12.025	0.
12.030000000000001	0.
12.035	0.
12.040000000000001	0.
12.045000000000002	0.
12.05	0.
12.055000000000001	0.
12.06	0.
12.065000000000001	0.
12.07	0.
12.075000000000001	0.
12.080000000000002	0.
12.085	0.
12.090000000000002	0.
12.095	0.
12.100000000000001	0.
12.105	0.
12.110000000000001	0.
12.115000000000002	0.
12.120000000000001	0.
12.125000000000002	0.
12.13	0.
12.135000000000002	0.
12.14	0.
12.145000000000001	0.
12.15	0.
12.155000000000001	0.
12.16	0.
12.165000000000001	0.
12.170000000000002	0.
12.175	0.
12.180000000000001	0.
12.185	0.
12.190000000000001	0.
12.195	0.
12.200000000000001	0.
12.205000000000002	0.
12.21	0.
12.215000000000002	0.
12.22	0.
12.225000000000001	0.
12.23	0.
12.235000000000001	0.
12.240000000000002	0.
12.245000000000001	0.
12.25	0.
12.255	0.
12.260000000000002	0.
12.265	0.
12.270000000000001	0.
12.275000000000002	0.
12.280000000000001	0.
12.285	0.
12.290000000000001	0.
12.295000000000002	0.
12.3	0.
12.305000000000001	0.
12.31	0.
12.315000000000001	0.
12.32	0.
12.325000000000001	0.
12.330000000000002	0.
12.335	0.
12.340000000000002	0.
12.345	0.
12.350000000000001	0.
12.355	0.
12.360000000000001	0.
12.365000000000002	0.
12.370000000000001	0.
12.375	0.
12.38	0.
12.385000000000002	0.
12.39	0.
12.395000000000001	0.
12.400000000000002	0.
12.405000000000001	0.
12.41	0.
12.415000000000001	0.
12.420000000000002	0.
12.425	0.
12.430000000000001	0.
12.435	0.
12.440000000000001	0.
12.445	0.
12.450000000000001	0.
12.455000000000002	0.
12.46	0.
12.465000000000002	0.
12.47	0.
12.475000000000001	0.
12.48	0.
12.485000000000001	0.
12.490000000000002	0.
12.495000000000001	0.
12.5	0.
12.505	0.
12.510000000000002	0.
12.515	0.
12.520000000000001	0.
12.525000000000002	0.
12.530000000000001	0.
12.535	0.
12.540000000000001	0.
12.545000000000002	0.
12.55	0.
12.555000000000001	0.
12.56	0.
12.565000000000001	0.
12.57	0.
12.575000000000001	0.
12.580000000000002	0.
12.585	0.
12.590000000000002	0.
12.595	0.
12.600000000000001	0.
12.605	0.
12.610000000000001	0.
12.615000000000002	0.
12.620000000000001	0.
12.625	0.
12.63	0.
12.635000000000002	0.
12.64	0.
12.645000000000001	0.
12.650000000000002	0.
12.655000000000001	0.
12.66	0.
12.665000000000001	0.
12.670000000000002	0.
12.675	0.
12.680000000000001	0.
12.685	0.
12.690000000000001	0.
12.695	0.
12.700000000000001	0.
12.705000000000002	0.
12.71	0.
12.715000000000002	0.
12.72	0.
12.725000000000001	0.
12.73	0.
12.735000000000001	0.
12.740000000000002	0.
12.745000000000001	0.
12.75	0.
12.755	0.
12.760000000000002	0.
12.765	0.
12.770000000000001	0.
12.775000000000002	0.
12.780000000000001	0.
12.785	0.
12.790000000000001	0.
12.795000000000002	0.
12.8	0.
12.805000000000001	0.
12.810000000000002	0.
12.815000000000001	0.
12.820000000000002	0.
12.825000000000001	0.
12.830000000000002	0.
12.835	0.
12.840000000000002	0.
12.845	0.
12.850000000000001	0.
12.855000000000002	0.
12.860000000000001	0.
12.865000000000002	0.
12.870000000000001	0.
12.875000000000002	0.
12.88	0.
12.885000000000002	0.
12.890000000000002	0.
12.895000000000001	0.
12.900000000000002	0.
12.905000000000001	0.
12.910000000000002	0.
12.915000000000001	0.
12.920000000000002	0.
12.925	0.
12.930000000000001	0.
12.935000000000002	0.
12.940000000000001	0.
12.945000000000002	0.
12.950000000000001	0.
12.955000000000002	0.
12.96	0.
12.965000000000002	0.
12.97	0.
12.975000000000001	0.
12.980000000000002	0.
12.985000000000001	0.
12.990000000000002	0.
12.995000000000001	0.
13.000000000000002	0.
13.005	0.
13.010000000000002	0.
13.015000000000002	0.
13.020000000000001	0.
13.025000000000002	0.
13.030000000000001	0.
13.035000000000002	0.
13.040000000000001	0.
13.045000000000002	0.
13.05	0.
13.055000000000001	0.
13.060000000000002	0.
13.065000000000001	0.
13.070000000000002	0.
13.075000000000001	0.
13.080000000000002	0.
13.085	0.
13.090000000000002	0.
13.095	0.
13.100000000000001	0.
13.105000000000002	0.
13.110000000000001	0.
13.115000000000002	0.
13.120000000000001	0.
13.125000000000002	0.
13.13	0.
13.135000000000002	0.
13.140000000000002	0.
13.145000000000001	0.
13.150000000000002	0.
13.155000000000001	0.
13.160000000000002	0.
13.165000000000001	0.
13.170000000000002	0.
13.175	0.
13.180000000000001	0.
13.185000000000002	0.
13.190000000000001	0.
13.195000000000002	0.
13.200000000000001	0.
13.205000000000002	0.
13.21	0.
13.215000000000002	0.
13.220000000000002	0.
13.225000000000001	0.
13.230000000000002	0.
13.235000000000001	0.
13.240000000000002	0.
13.245000000000001	0.
13.250000000000002	0.
13.255	0.
13.260000000000002	0.
13.265000000000002	0.
13.270000000000001	0.
13.275000000000002	0.
13.280000000000001	0.
13.285000000000002	0.
13.290000000000001	0.
13.295000000000002	0.
13.3	0.
13.305000000000001	0.
13.310000000000002	0.
13.315000000000001	0.
13.320000000000002	0.
13.325000000000001	0.
13.330000000000002	0.
13.335	0.
13.340000000000002	0.
13.345000000000002	0.
13.350000000000001	0.
13.355000000000002	0.
13.360000000000001	0.
13.365000000000002	0.
13.370000000000001	0.
13.375000000000002	0.
13.38	0.
13.385000000000002	0.
13.39	0.
13.395000000000001	0.
13.400000000000002	0.
13.405000000000001	0.
13.410000000000002	0.
13.415000000000001	0.
13.420000000000002	0.
13.425	0.
13.430000000000001	0.
13.435000000000002	0.
13.440000000000001	0.
13.445000000000002	0.
13.450000000000001	0.
13.455000000000002	0.
13.46	0.
13.465000000000002	0.
13.470000000000002	0.
13.475000000000001	0.
13.480000000000002	0.
13.485000000000001	0.
13.490000000000002	0.
13.495000000000001	0.
13.500000000000002	0.
13.505	0.
13.510000000000002	0.
13.515	0.
13.520000000000001	0.
13.525000000000002	0.
13.530000000000001	0.
13.535000000000002	0.
13.540000000000001	0.
13.545000000000002	0.
13.55	0.
13.555000000000001	0.
13.560000000000002	0.
13.565000000000001	0.
13.570000000000002	0.
13.575000000000001	0.
13.580000000000002	0.
13.585	0.
13.590000000000002	0.
13.595000000000002	0.
13.600000000000001	0.
13.605000000000002	0.
13.610000000000001	0.
13.615000000000002	0.
13.620000000000001	0.
13.625000000000002	0.
13.63	0.
13.635000000000002	0.
13.64	0.
13.645000000000001	0.
13.650000000000002	0.
13.655000000000001	0.
13.660000000000002	0.
13.665000000000001	0.
13.670000000000002	0.
13.675	0.
13.680000000000001	0.
13.685000000000002	0.
13.690000000000001	0.
13.695000000000002	0.
13.700000000000001	0.
13.705000000000002	0.
13.71	0.
13.715000000000002	0.
13.720000000000002	0.
13.725000000000001	0.
13.730000000000002	0.
13.735000000000001	0.
13.740000000000002	0.
13.745000000000001	0.
13.750000000000002	0.
13.755	0.
13.760000000000002	0.
13.765	0.
13.770000000000001	0.
13.775000000000002	0.
13.780000000000001	0.
13.785000000000002	0.
13.790000000000001	0.
13.795000000000002	0.
13.8	0.
13.805000000000001	0.
13.810000000000002	0.
13.815000000000001	0.
13.820000000000002	0.
13.825000000000001	0.
13.830000000000002	0.
13.835	0.
13.840000000000002	0.
13.845000000000002	0.
13.850000000000001	0.
13.855000000000002	0.
13.860000000000001	0.
13.865000000000002	0.
13.870000000000001	0.
13.875000000000002	0.
13.88	0.
13.885000000000002	0.
13.89	0.
13.895000000000001	0.
13.900000000000002	0.
13.905000000000001	0.
13.910000000000002	0.
13.915000000000001	0.
13.920000000000002	0.
13.925	0.
13.930000000000001	0.
13.935000000000002	0.
13.940000000000001	0.
13.945000000000002	0.
13.950000000000001	0.
13.955000000000002	0.
13.96	0.
13.965000000000002	0.
13.970000000000002	0.
13.975000000000001	0.
13.980000000000002	0.
13.985000000000001	0.
13.990000000000002	0.
13.995000000000001	0.
14.	0.