0.005	0.
0.01	0.
0.015	0.
0.02	0.
0.025	0.
0.030000000000000002	0.
0.034999999999999996	0.
0.04	0.
0.045	0.
0.049999999999999996	0.
0.055	0.
0.06	0.
0.065	0.
0.07	0.
0.07500000000000001	0.
0.08	0.
0.085	0.
0.09000000000000001	0.
0.095	0.
0.1	0.
0.10500000000000001	0.
0.11	0.
0.115	0.
0.12000000000000001	0.
0.125	0.
0.13	0.
0.135	0.10070755753540694
0.14	0.14421163372644263
0.14500000000000002	0.1729825189485693
0.15	0.1942930971821577
0.155	0.21087485004920187
0.16	0.22413630748114288
0.165	0.23492481089085765
0.17	0.24379937646328395
0.17500000000000002	0.2511521413292314
0.18000000000000002	0.2572704440004646
0.185	0.26237179003693556
0.19	0.26662501388052107
0.195	0.2701638160491605
0.2	0.2730958118181256
0.20500000000000002	0.27550879895899494
0.21000000000000002	0.2774752287326982
0.215	0.2790554747336695
0.22	0.2803002733011304
0.225	0.28125257843347495
0.23	0.2819489937763608
0.23500000000000001	0.2824208932540137
0.24000000000000002	0.28269530862328845
0.245	0.2827956399551135
0.25	0.2827422298119867
0.255	0.2825528312622517
0.26	0.2822429923266215
0.265	0.2818263740099683
0.27	0.2813150150888779
0.275	0.28071955387290004
0.28	0.28004941494222335
0.28500000000000003	0.2793129671841851
0.29000000000000004	0.27851765816366153
0.295	0.2776701288668329
0.3	0.2767763120813766
0.305	0.2758415170657237
0.31	0.2748705026765939
0.315	0.27386754073852726
0.32	0.2728364711297448
0.325	0.27178074980887734
0.33	0.2707034908042913
0.335	0.2696075030221587
0.34	0.26849532259363573
0.34500000000000003	0.2673692413695391
0.35000000000000003	0.26623133207827043
0.35500000000000004	0.26508347058566095
0.36	0.2639273556311076
0.365	0.2627645263604802
0.37	0.26159637793097346
0.375	0.2604241754248271
0.38	0.2592490662764685
0.385	0.25807209139015486
0.39	0.25689419510175987
0.395	0.25571623411836014
0.4	0.2545389855521361
0.405	0.2533631541503873
0.41000000000000003	0.25218937881080883
0.41500000000000004	0.2510182384602164
0.42000000000000004	0.24985025736546937
0.425	0.24868590993713519
0.43	0.2475256250793138
0.435	0.24636979013280413
0.44	0.24521875445345992
0.445	0.24407283266275565
0.45	0.24293230760349496
0.455	0.24179743302995488
0.46	0.2406684360585518
0.465	0.23954551940226873
0.47000000000000003	0.23842886340969247
0.47500000000000003	0.23731862792720484
0.48000000000000004	0.23621495400101253
0.485	0.2351179654339633
0.49	0.23402777021053572
0.495	0.23294446180208803
0.5	0.23186812036323026
0.505	0.23079881382905978
0.51	0.22973659892212547
0.515	0.22868152207707174
0.52	0.2276336202901683
0.525	0.22659292190023855
0.53	0.22555944730689376
0.535	0.2245332096314233
0.54	0.22351421532520513
0.545	0.22250246473003454
0.55	0.22149795259438235
0.555	0.2205006685492563
0.56	0.21951059754693897
0.5650000000000001	0.21852772026568762
0.5700000000000001	0.21755201348310974
0.5750000000000001	0.21658345042076552
0.5800000000000001	0.2156220010622669
0.585	0.21466763244704365
0.59	0.21372030894160857
0.595	0.21277999249016707
0.6	0.2118466428461195
0.605	0.2109202177860308
0.61	0.21000067330727762
0.615	0.20908796381079978
0.62	0.2081820422699127
0.625	0.2072828603864051
0.63	0.2063903687347538
0.635	0.20550451689544352
0.64	0.20462525357810962
0.645	0.20375252673541408
0.65	0.2028862836681558
0.655	0.20202647112237782
0.66	0.20117303537909362
0.665	0.20032592233700552
0.67	0.19948507758905354
0.675	0.1986504464927164
0.68	0.197821974235164
0.685	0.19699960589304383
0.6900000000000001	0.1961832864877149
0.6950000000000001	0.19537296103611215
0.7000000000000001	0.19456857459675356
0.7050000000000001	0.19377007231477134
0.71	0.1929773994580856
0.715	0.1921905014564435
0.72	0.1914093239333247
0.725	0.1906338127362085
0.73	0.1898639139647201
0.735	0.18909957399575084
0.74	0.18834073950638977
0.745	0.18758735749517064
0.75	0.18683937530084943
0.755	0.18609674061977505
0.76	0.18535940152136346
0.765	0.1846273064620927
0.77	0.18390040429804705
0.775	0.1831786442961408
0.78	0.18246197614405057
0.785	0.18175034995901335
0.79	0.18104371629554347
0.795	0.18034202615220774
0.8	0.17964523097737597
0.805	0.1789532826742017
0.81	0.17826613360476645
0.8150000000000001	0.17758373659349752
0.8200000000000001	0.1769060449299472
0.8250000000000001	0.17623301237083888
0.8300000000000001	0.17556459314163234
0.8350000000000001	0.17490074193753208
0.84	0.174241413923907
0.845	0.1735865647364008
0.85	0.17293615048048772
0.855	0.17229012773070232
0.86	0.17164845352949798
0.865	0.1710110853857519
0.87	0.17037798127300965
0.875	0.16974909962741727
0.88	0.16912439934540902
0.885	0.16850383978113798
0.89	0.16788738074374218
0.895	0.16727498249437606
0.9	0.16666660574307518
0.905	0.16606221164546686
0.91	0.1654617617993314
0.915	0.16486521824102734
0.92	0.16427254344181827
0.925	0.16368370030407117
0.93	0.16309865215736755
0.935	0.1625173627545531
0.9400000000000001	0.16193979626767516
0.9450000000000001	0.1613659172839053
0.9500000000000001	0.16079569080136857
0.9550000000000001	0.16022908222492446
0.9600000000000001	0.1596660573619659
0.965	0.15910658241809023
0.97	0.1585506239928513
0.975	0.1579981490753918
0.98	0.15744912504014388
0.985	0.1569035196424673
0.99	0.15636130101430532
0.995	0.15582243765983317
1.	0.15528689845112392
1.005	0.1547546526238052
1.01	0.1542256697727356
1.015	0.15369991984769785
1.02	0.15317737314910107
1.025	0.15265800032370913
1.0299999999999998	0.15214177236040033
1.035	0.15162866058593227
1.0399999999999998	0.15111863666074743
1.045	0.15061167257480795
1.0499999999999998	0.1501077406434548
1.055	0.1496068135033015
1.0599999999999998	0.14910886410816218
1.065	0.14861386572501356
1.0699999999999998	0.14812179192999786
1.075	0.14763261660445412
1.0799999999999998	0.1471463139309861
1.085	0.1466628583895954
1.0899999999999999	0.14618222475380332
1.095	0.14570438808687763
1.0999999999999999	0.14522932373802525
1.105	0.1447570073387007
1.1099999999999999	0.1442874147989029
1.115	0.14382052230353526
1.1199999999999999	0.14335630630880797
1.125	0.14289474353867146
1.13	0.14243581098130703
1.135	0.14197948588565173
1.14	0.14152574575796306
1.145	0.14107456835842525
1.15	0.14062593169781362
1.155	0.1401798140341849
1.16	0.13973619386960556
1.1649999999999998	0.13929504994694836
1.17	0.13885636124669976
1.1749999999999998	0.13842010698382684
1.18	0.13798626660467886
1.1849999999999998	0.13755481978394388
1.19	0.13712574642162148
1.1949999999999998	0.1366990266400522
1.2	0.13627464078099502
1.2049999999999998	0.1358525694027207
1.21	0.13543279327716365
1.2149999999999999	0.13501529338711474
1.22	0.1346000509234358
1.2249999999999999	0.1341870472823244
1.23	0.1337762640626223
1.2349999999999999	0.13336768306315136
1.24	0.13296128628007917
1.2449999999999999	0.13255705590435388
1.25	0.13215497431912904
1.255	0.13175502409727474
1.26	0.13135718799887405
1.265	0.13096144896880282
1.27	0.13056779013430403
1.275	0.1301761948026232
1.28	0.12978664645866028
1.285	0.12939912876267354
1.2899999999999998	0.1290136255480009
1.295	0.12863012081880992
1.2999999999999998	0.12824859874791047
1.305	0.12786904367455335
1.3099999999999998	0.1274914401023045
1.315	0.12711577269691646
1.3199999999999998	0.12674202628425585
1.325	0.1263701858482409
1.3299999999999998	0.12600023652881787
1.335	0.1256321636199754
1.3399999999999999	0.12526595256776343
1.345	0.12490158896836756
1.3499999999999999	0.12453905856619565
1.355	0.1241783472519922
1.3599999999999999	0.12381944106098583
1.365	0.12346232617106896
1.3699999999999999	0.12310698890098237
1.375	0.12275341570854396
1.38	0.12240159318891047
1.385	0.12205150807283668
1.39	0.12170314722498489
1.395	0.12135649764224798
1.4	0.12101154645209673
1.405	0.12066828091095613
1.41	0.12032668840259463
1.4149999999999998	0.11998675643655438
1.42	0.11964847264658358
1.4249999999999998	0.11931182478910553
1.43	0.11897680074170042
1.4349999999999998	0.1186433885016255
1.44	0.11831157618432686
1.4449999999999998	0.11798135202200702
1.45	0.1176527043621828
1.4549999999999998	0.11732562166628896
1.46	0.1170000925082812
1.4649999999999999	0.11667610557326934
1.47	0.11635364965617656
1.4749999999999999	0.1160327136603954
1.48	0.11571328659648855
1.4849999999999999	0.11539535758089442
1.49	0.11507891583464944
1.4949999999999999	0.11476395068213639
1.5	0.1144504515498438
1.505	0.11413840796514507
1.51	0.11382780955509623
1.515	0.1135186460452532
1.52	0.1132109072584914
1.525	0.11290458311386238
1.53	0.11259966362545595
1.535	0.11229613890126805
1.54	0.1119939991421104
1.545	0.1116932346405069
1.5499999999999998	0.11139383577962973
1.555	0.11109579303222802
1.5599999999999998	0.11079909695959272
1.565	0.11050373821051528
1.5699999999999998	0.11020970752028043
1.575	0.10991699570965822
1.5799999999999998	0.10962559368391683
1.585	0.10933549243184496
1.5899999999999999	0.10904668302479323
1.595	0.10875915661572216
1.5999999999999999	0.10847290443826695
1.605	0.1081879178058175
1.6099999999999999	0.10790418811060831
1.615	0.10762170682281141
1.6199999999999999	0.10734046548966203
1.625	0.10706045573457708
1.63	0.10678166925629987
1.635	0.106504097828042
1.64	0.10622773329664954
1.645	0.10595256758177445
1.65	0.10567859267505743
1.655	0.10540580063932364
1.66	0.10513418360778372
1.665	0.10486373378326026
1.67	0.1045944434373958
1.6749999999999998	0.10432630490991188
1.68	0.10405931060783752
1.6849999999999998	0.10379345300477227
1.69	0.10352872464015654
1.6949999999999998	0.10326511811854348
1.7	0.10300262610888467
1.7049999999999998	0.10274124134382728
1.71	0.1024809566190156
1.7149999999999999	0.10222176479241026
1.72	0.10196365878360356
1.7249999999999999	0.1017066315731554
1.73	0.10145067620193196
1.7349999999999999	0.10119578577045418
1.74	0.10094195343825449
1.7449999999999999	0.1006891724232468
1.75	0.10043743600108919
1.755	0.10018673750457718
1.76	0.09993707032302634
1.765	0.09968842790167583
1.77	0.09944080374108484
1.775	0.09919419139655093
1.78	0.09894858447753224
1.785	0.09870397664707074
1.79	0.09846036162122827
1.795	0.0982177331685298
1.7999999999999998	0.09797608510941319
1.805	0.09773541131568171
1.8099999999999998	0.09749570570997154
1.815	0.09725696226521613
1.8199999999999998	0.09701917500413074
1.825	0.09678233799868705
1.8299999999999998	0.09654644536960494
1.835	0.09631149128585087
1.8399999999999999	0.09607746996413967
1.845	0.0958443756684405
1.8499999999999999	0.09561220270948868
1.855	0.09538094544431418
1.8599999999999999	0.09515059827576126
1.865	0.09492115565202212
1.8699999999999999	0.09469261206617623
1.875	0.09446496205573066
1.88	0.09423820020217484
1.885	0.09401232113052851
1.89	0.09378731950890769
1.895	0.09356319004808554
1.9	0.09333992750106429
1.905	0.09311752666265591
1.91	0.09289598236905368
1.915	0.09267528949742893
1.92	0.09245544296551303
1.9249999999999998	0.0922364377312012
1.93	0.09201826879214552
1.9349999999999998	0.09180093118536826
1.94	0.0915844199868659
1.9449999999999998	0.09136873031122944
1.95	0.09115385731125927
1.9549999999999998	0.09093979617759301
1.96	0.09072654213833074
1.9649999999999999	0.09051409045867337
1.97	0.09030243644055426
1.9749999999999999	0.09009157542228009
1.98	0.08988150277818589
1.9849999999999999	0.08967221391827448
1.99	0.08946370428787483
1.9949999999999999	0.08925596936730137
2.	0.08904900467151496
2.005	0.08884280574978803
2.01	0.08863736818537536
2.015	0.08843268759518697
2.02	0.08822875962946976
2.025	0.08802557997148179
2.03	0.08782314433718048
2.035	0.08762144847491513
2.04	0.0874204881651136
2.045	0.08722025921997899
2.05	0.08702075748318955
2.0549999999999997	0.08682197882960295
2.06	0.08662391916495964
2.065	0.08642657442559301
2.07	0.0862299405781419
2.0749999999999997	0.08603401361926785
2.08	0.08583878957537135
2.085	0.08564426450231578
2.09	0.08545043448515445
2.0949999999999998	0.08525729563785611
2.1	0.08506484410303726
2.105	0.08487307605169798
2.11	0.0846819876829577
2.1149999999999998	0.08449157522379626
2.12	0.08430183492879811
2.125	0.0841127630798974
2.13	0.08392435598612573
2.135	0.08373660998336806
2.14	0.08354952143411085
2.145	0.08336308672720695
2.15	0.08317730227762692
2.155	0.08299216452622883
2.16	0.08280766993951925
2.165	0.08262381500942294
2.17	0.08244059625305036
2.175	0.0822580102124742
2.18	0.08207605345450104
2.185	0.08189472257045123
2.19	0.08171401417593632
2.195	0.08153392491064618
2.1999999999999997	0.08135445143812768
2.205	0.08117559044557651
2.21	0.08099733864362384
2.215	0.0808196927661297
2.2199999999999998	0.08064264956997572
2.225	0.08046620583486142
2.23	0.0802903583631015
2.235	0.08011510397942885
2.2399999999999998	0.0799404395307937
2.245	0.07976636188617035
2.25	0.07959286793636476
2.255	0.07941995459381819
2.26	0.07924761879242498
2.265	0.07907585748733827
2.27	0.07890466765479316
2.275	0.07873404629191316
2.28	0.07856399041653651
2.285	0.07839449706703211
2.29	0.07822556330212668
2.295	0.07805718620072184
2.3	0.07788936286172819
2.305	0.07772209040388577
2.31	0.07755536596559809
2.315	0.07738918670476265
2.32	0.0772235497986024
2.3249999999999997	0.07705845244350333
2.33	0.07689389185484767
2.335	0.07672986526685373
2.34	0.0765663699324181
2.3449999999999998	0.07640340312295191
2.35	0.07624096212822733
2.355	0.07607904425622217
2.36	0.07591764683296535
2.3649999999999998	0.07575676720238536
2.37	0.07559640272615722
2.375	0.07543655078355778
2.38	0.0752772087713146
2.385	0.07511837410346013
2.39	0.07496004421118874
2.395	0.0748022165427115
2.4	0.07464488856311663
2.405	0.07448805775422711
2.41	0.07433172161446264
2.415	0.07417587765870247
2.42	0.0740205234181473
2.425	0.0738656564401879
2.43	0.0737112742882676
2.435	0.07355737454175364
2.44	0.0734039547958026
2.445	0.07325101266123578
2.4499999999999997	0.0730985457644052
2.455	0.072946551747071
2.46	0.07279502826627286
2.465	0.0726439729942076
2.4699999999999998	0.0724933836181046
2.475	0.07234325784010277
2.48	0.07219359337713137
2.485	0.07204438796078985
2.4899999999999998	0.07189563933722781
2.495	0.07174734526702942
2.5	0.07159950352509609
2.505	0.07145211190053083
2.51	0.07130516819652533
2.515	0.07115867023024552
2.52	0.07101261583272137
2.525	0.07086700284873516
2.53	0.07072182913671075
2.535	0.0705770925686066
2.54	0.07043279102980708
2.545	0.07028892241901569
2.55	0.07014548464814971
2.555	0.07000247564223572
2.56	0.06985989333930641
2.565	0.0697177356902958
2.57	0.06957600065894051
2.5749999999999997	0.06943468622167624
2.58	0.06929379036753998
2.585	0.06915331109806995
2.59	0.06901324642720831
2.5949999999999998	0.06887359438120458
2.6	0.06873435299851793
2.605	0.06859552032972316
2.61	0.06845709443741689
2.6149999999999998	0.06831907339612231
2.62	0.06818145529219886
2.625	0.06804423822374861
2.63	0.06790742030052609
2.635	0.067770999643849
2.64	0.06763497438650735
2.645	0.06749934267267743
2.65	0.06736410265783163
2.655	0.0672292525086532
2.66	0.06709479040295123
2.665	0.06696071452957227
2.67	0.06682702308832023
2.675	0.06669371428986876
2.68	0.06656078635568094
2.685	0.06642823751792636
2.69	0.06629606601939957
2.695	0.06616427011343994
2.7	0.06603284806385062
2.705	0.0659017981448219
2.71	0.0657711186408497
2.715	0.06564080784665995
2.7199999999999998	0.06551086406713058
2.725	0.06538128561721517
2.73	0.0652520708218682
2.735	0.06512321801596871
2.7399999999999998	0.06499472554424726
2.745	0.06486659176121122
2.75	0.06473881503107214
2.755	0.0646113937276741
2.76	0.06448432623442094
2.765	0.06435761094420564
2.77	0.06423124625933957
2.775	0.06410523059148404
2.78	0.06397956236157831
2.785	0.06385423999977476
2.79	0.06372926194536706
2.795	0.06360462664672575
2.8	0.0634803325612291
2.8049999999999997	0.06335637815519972
2.81	0.06323276190383574
2.815	0.06310948229114752
2.82	0.06298653780989383
2.825	0.06286392696151594
2.83	0.06274164825607555
2.835	0.06261970021219213
2.84	0.06249808135697961
2.8449999999999998	0.06237679022598602
2.85	0.06225582536312997
2.855	0.06213518532064339
2.86	0.062014868659007794
2.8649999999999998	0.061894873946897404
2.87	0.0617751997611185
2.875	0.06165584468655092
2.88	0.06153680731609097
2.885	0.06141808625059213
2.89	0.061299680098809615
2.895	0.06118158747734234
2.9	0.06106380701057785
2.905	0.06094633733063576
2.91	0.06082917707731339
2.915	0.06071232489802982
2.92	0.06059577944777291
2.925	0.06047953938904495
2.9299999999999997	0.06036360339180848
2.935	0.0602479701334353
2.94	0.06013263829865155
2.945	0.06001760657948776
2.95	0.05990287367522612
2.955	0.05978843829234975
2.96	0.05967429914449146
2.965	0.05956045495238423
2.9699999999999998	0.05944690444381018
2.975	0.05933364635355289
2.98	0.059220679423345864
2.985	0.059108002401825815
2.9899999999999998	0.05899561404448407
2.995	0.0588835131136181
3.	0.05877169837828393
3.005	0.05866016861425013
3.01	0.05854892260395011
3.015	0.05843795913643658
3.02	0.05832727700733464
3.025	0.05821687501879714
3.03	0.05810675197945909
3.035	0.057996906704392934
3.04	0.05788733801506424
3.045	0.05777804473928669
3.05	0.05766902571118058
3.0549999999999997	0.05756027977112649
3.06	0.0574518057657251
3.065	0.057343602547751955
3.07	0.05723566897611709
3.075	0.05712800391582246
3.08	0.057020606237919866
3.085	0.05691347481947014
3.09	0.05680660854350148
3.0949999999999998	0.05670000629897023
3.1	0.05659366698071882
3.105	0.05648758948943683
3.11	0.05638177273162118
3.115	0.05627621561953677
3.12	0.05617091707117683
3.125	0.0560658760102249
3.13	0.05596109136601641
3.135	0.05585656207350015
3.14	0.0557522870732
3.145	0.05564826531117937
3.15	0.055544495739000825
3.155	0.05544097731369253
3.16	0.05533770899770914
3.165	0.05523468975889648
3.17	0.055131918570455164
3.175	0.05502939441090528
3.1799999999999997	0.05492711626405032
3.185	0.054825083118942027
3.19	0.05472329396984627
3.195	0.05462174781620653
3.2	0.054520443662611696
3.205	0.05441938051876038
3.21	0.05431855739942754
3.215	0.0542179733244308
3.2199999999999998	0.0541176273185972
3.225	0.05401751841173031
3.23	0.053917645638576456
3.235	0.05381800803879335
3.24	0.05371860465691693
3.245	0.05361943454232943
3.25	0.053520496749228
3.255	0.05342179033659231
3.26	0.05332331436815363
3.265	0.05322506791236383
3.27	0.0531270500423642
3.275	0.05302925983595524
3.28	0.05293169637556572
3.285	0.05283435874822275
3.29	0.052737246045521484
3.295	0.05264035736359656
3.3	0.05254369180309065
3.3049999999999997	0.05244724846912731
3.31	0.05235102647128008
3.315	0.05225502492354473
3.32	0.052159242944310624
3.325	0.05206367965633142
3.33	0.05196833418669807
3.335	0.051873205666810314
3.34	0.051778293232347755
3.3449999999999998	0.051683596023244675
3.35	0.05158911318366087
3.355	0.051494843861954596
3.36	0.051400787210656794
3.365	0.05130694238644255
3.37	0.05121330855010649
3.375	0.05111988486653502
3.38	0.0510266705046799
3.385	0.05093366463753453
3.39	0.05084086644210494
3.395	0.05074827509938677
3.4	0.050655889794338604
3.405	0.05056370971585728
3.41	0.0504717340567522
3.415	0.05037996201372138
3.42	0.05028839278732611
3.425	0.05019702558196662
3.4299999999999997	0.050105859605858
3.435	0.050014894071005254
3.44	0.04992412819318107
3.445	0.04983356119189952
3.45	0.04974319229039488
3.455	0.0496530207155969
3.46	0.04956304569810721
3.465	0.04947326647217725
3.4699999999999998	0.049383682275684834
3.475	0.04929429235011129
3.48	0.049205095940518695
3.485	0.049116092295527804
3.49	0.049027280667295704
3.495	0.04893866031149314
3.5	0.048850230487283514
3.505	0.04876199045730004
3.51	0.048673939487624614
3.515	0.048586076847766585
3.52	0.04849840181064094
3.525	0.048410913652546586
3.53	0.0483236116531464
3.535	0.04823649509544571
3.54	0.04814956326577213
3.545	0.048062815453753044
3.55	0.04797625095229813
3.5549999999999997	0.04788986905757651
3.56	0.0478036690689973
3.565	0.04771765028919104
3.5700000000000003	0.047631812023986295
3.575	0.0475461535823941
3.58	0.04746067427658538
3.585	0.04737537342187239
3.59	0.04729025033668944
3.5949999999999998	0.04720530434257314
3.5999999999999996	0.04712053476414477
3.605	0.04703594092908922
3.61	0.046951522168137624
3.615	0.0468672778150484
3.62	0.04678320720658763
3.625	0.04669930968251289
3.63	0.046615584585552684
3.635	0.04653203126138857
3.6399999999999997	0.04644864905863896
3.645	0.046365437328838424
3.65	0.04628239542642259
3.6550000000000002	0.04619952270870799
3.66	0.046116818535876035
3.665	0.04603428227095502
3.67	0.045951913279803185
3.675	0.04586971093109007
3.6799999999999997	0.045787674596282184
3.685	0.04570580364962257
3.69	0.045624097468116645
3.6950000000000003	0.04554255543151432
3.7	0.04546117692229288
3.705	0.04537996132564101
3.71	0.04529890802944348
3.715	0.04521801642426242
3.7199999999999998	0.04513728590332222
3.7249999999999996	0.045056715862494164
3.73	0.04497630570027998
3.735	0.044896054817794594
3.74	0.04481596261875243
3.745	0.044736028509450625
3.75	0.04465625189875276
3.755	0.04457663219807502
3.76	0.04449716882136929
3.7649999999999997	0.04441786118510979
3.77	0.04433870870827478
3.775	0.04425971081233391
3.7800000000000002	0.044180866921233096
3.785	0.044102176461378685
3.79	0.044023638861623506
3.795	0.043945253553250914
3.8	0.04386701996996176
3.8049999999999997	0.04378893754785951
3.81	0.04371100572543367
3.815	0.04363322394354901
3.8200000000000003	0.04355559164542876
3.825	0.04347810827664105
3.83	0.04340077328508526
3.835	0.043323586120978703
3.84	0.04324654623684017
3.8449999999999998	0.04316965308747836
3.8499999999999996	0.04309290612997904
3.855	0.04301630482368797
3.86	0.042939848630200776
3.865	0.04286353701334781
3.87	0.04278736943918033
3.875	0.042711345375959664
3.88	0.04263546429414092
3.885	0.042559725666361285
3.8899999999999997	0.042484128967428446
3.895	0.042408673674304245
3.9	0.04233335926609558
3.9050000000000002	0.04225818522403789
3.91	0.04218315103148618
3.915	0.04210825617390004
3.92	0.042033500138830615
3.925	0.04195888241590953
3.9299999999999997	0.04188440249683697
3.935	0.04181005987536689
3.94	0.041735854047297676
3.9450000000000003	0.04166178451045747
3.95	0.041587850764694
3.955	0.041514052311860894
3.96	0.04144038865580751
3.965	0.0413668593023657
3.9699999999999998	0.04129346375933719
3.9749999999999996	0.04122020153648469
3.98	0.0411470721455179
3.985	0.04107407510008214
3.99	0.0410012099157475
3.995	0.040928476109996524
4.	0.040855873202214905
4.005	0.04078340071367691
4.01	0.04071105816753545
4.015	0.040638845088813824
4.02	0.04056676100438839
4.025	0.0404948054429847
4.03	0.040422977935160025
4.035	0.04035127801329585
4.04	0.040279705211587934
4.045	0.04020825906603213
4.05	0.04013693911441571
4.055	0.04006574489630737
4.0600000000000005	0.039994675953043776
4.0649999999999995	0.03992373182772332
4.07	0.03985291206519166
4.075	0.039782216212032165
4.08	0.039711643816556515
4.085	0.039641194428795656
4.09	0.03957086760048523
4.095	0.03950066288505914
4.1	0.039430579837638015
4.105	0.039360618015019035
4.109999999999999	0.03929077697566662
4.115	0.03922105627970135
4.12	0.03915145548889081
4.125	0.03908197416663986
4.13	0.039012611877979664
4.135	0.03894336818955867
4.14	0.038874242669634594
4.145	0.03880523488806086
4.15	0.03873634441628071
4.155	0.03866757082731409
4.16	0.0385989136957531
4.165	0.03853037259774709
4.17	0.038461947110997444
4.175	0.03839363681474434
4.18	0.03832544128976328
4.1850000000000005	0.03825736011834758
4.1899999999999995	0.03818939288430724
4.195	0.03812153917295482
4.2	0.038053798571098536
4.205	0.03798617066703114
4.21	0.037918655050523525
4.215	0.03785125131281338
4.22	0.03778395904659784
4.225	0.037716777846025416
4.23	0.037649707306682906
4.234999999999999	0.03758274702559124
4.24	0.037515896601195274
4.245	0.037449155633353895
4.25	0.037382523723332665
4.255	0.03731600047379545
4.26	0.037249585488793306
4.265	0.03718327837375996
4.27	0.03711707873550058
4.275	0.03705098618218263
4.28	0.03698500032333113
4.285	0.036919120769816155
4.29	0.036853347133846956
4.295	0.036787679028962114
4.3	0.03672211607002386
4.305	0.03665665787320825
4.3100000000000005	0.036591304055994874
4.3149999999999995	0.036526054237162243
4.32	0.036460908036778705
4.325	0.03639586507619286
4.33	0.036330924978027236
4.335	0.03626608736617094
4.34	0.0362013518657679
4.345	0.03613671810321402
4.35	0.03607218570614522
4.355	0.036007754303433157
4.359999999999999	0.03594342352517305
4.365	0.0358791930026806
4.37	0.035815062368481976
4.375	0.03575103125630389
4.38	0.035687099301071966
4.385	0.03562326613889587
4.39	0.03555953140706764
4.395	0.035495894744051876
4.4	0.035432355789475976
4.405	0.0353689141841274
4.41	0.0353055695699419
4.415	0.03524232158999894
4.42	0.03517916988851221
4.425	0.035116114110824236
4.43	0.035053153903397215
4.4350000000000005	0.03499028891380635
4.4399999999999995	0.0349275187907347
4.445	0.0348648431839621
4.45	0.034802261744360255
4.455	0.034739774123885354
4.46	0.03467737997557084
4.465	0.0346150789535209
4.47	0.034552870712900606
4.475	0.0344907549099336
4.48	0.0344287312018898
4.484999999999999	0.03436679924708234
4.49	0.034304958704859924
4.495	0.03424320923559648
4.5	0.03418155050068936
4.505	0.034119982162549495
4.51	0.03405850388459259
4.515	0.03399711533123931
4.52	0.03393581616789823
4.525	0.03387460606096916
4.53	0.03381348467782896
4.535	0.033752451686828465
4.54	0.03369150675728566
4.545	0.03363064955947587
4.55	0.033569879764629634
4.555	0.03350919704492335
4.5600000000000005	0.03344860107347141
4.5649999999999995	0.03338809152432282
4.57	0.03332766807245272
4.575	0.0332673303937554
4.58	0.0332070781650388
4.585	0.033146911064018264
4.59	0.03308682876930772
4.595000000000001	0.03302683096041555
4.6	0.03296691731773784
4.605	0.032907087522550636
4.609999999999999	0.03284734125700473
4.615	0.03278767820411847
4.62	0.03272809804777216
4.625	0.03266860047270011
4.63	0.03260918516448669
4.635	0.03254985180955703
4.640000000000001	0.03249060009517372
4.645	0.03243142970942953
4.65	0.0323723403412381
4.654999999999999	0.03231333168033315
4.66	0.03225440341725606
4.665	0.0321955552433563
4.67	0.03213678685077884
4.675	0.03207809793246232
4.68	0.03201948818213124
4.6850000000000005	0.0319609572942891
4.6899999999999995	0.031902504964213416
4.695	0.031844130887949164
4.7	0.031785834762302616
4.705	0.03172761628483495
4.71	0.031669475153856874
4.715	0.03161141106842103
4.720000000000001	0.03155342372831798
4.725	0.03149551283406761
4.73	0.03143767808691581
4.734999999999999	0.03137991918882667
4.74	0.03132223584247613
4.745	0.03126462775124789
4.75	0.031207094619223864
4.755	0.031149636151183394
4.76	0.031092252052592004
4.765000000000001	0.03103494202959876
4.77	0.03097770578902774
4.775	0.030920543038375527
4.779999999999999	0.030863453485801717
4.785	0.03080643684012453
4.79	0.030749492810816164
4.795	0.030692621107993662
4.8	0.030635821442414127
4.805	0.03057909352547328
4.8100000000000005	0.030522437069190264
4.8149999999999995	0.030465851786212896
4.82	0.030409337389799854
4.825	0.0303528935938263
4.83	0.030296520112769246
4.835	0.030240216661705833
4.84	0.030183982956306837
4.845000000000001	0.030127818712830982
4.85	0.030071723648117322
4.855	0.030015697479581403
4.859999999999999	0.029959739925208038
4.865	0.029903850703547664
4.87	0.029848029533706286
4.875	0.029792276135343812
4.88	0.029736590228666617
4.885	0.02968097153441998
4.890000000000001	0.029625419773885577
4.895	0.029569934668872432
4.9	0.0295145159417138
4.904999999999999	0.02945916331525917
4.91	0.029403876512868722
4.915	0.029348655258408907
4.92	0.029293499276244403
4.925	0.029238408291235838
4.93	0.029183382028728114
4.9350000000000005	0.029128420214550647
4.9399999999999995	0.029073522575007518
4.945	0.029018688836874345
4.95	0.028963918727388658
4.955	0.028909211974248342
4.96	0.028854568305601652
4.965	0.028799987450046513
4.970000000000001	0.02874546913661813
4.975	0.02869101309478919
4.98	0.028636619054458825
4.984999999999999	0.028582286745951105
4.99	0.028528015900005692
4.995	0.028473806247775225
5.	0.02841965752081441
5.005	0.02836556945108074
5.01	0.028311541770922457
5.015000000000001	0.028257574213076304
5.02	0.028203666510660697
5.025	0.028149818397168312
5.029999999999999	0.028096029606461553
5.035	0.02804229987276684
5.04	0.027988628930668603
5.045	0.027935016515101135
5.05	0.02788146236134468
5.055	0.027827966205019507
5.0600000000000005	0.027774527782078687
5.0649999999999995	0.02772114682880357
5.07	0.027667823081794676
5.075	0.027614556277968397
5.08	0.027561346154552142
5.085	0.027508192449073706
5.09	0.027455094899359492
5.095000000000001	0.027402053243524634
5.1	0.02734906721997065
5.105	0.027296136567377012
5.109999999999999	0.027243261024693113
5.115	0.027190440331138106
5.12	0.027137674226186986
5.125	0.027084962449571606
5.13	0.027032304741267894
5.135	0.026979700841495438
5.14	0.026927150490706337
5.145	0.026874653429582555
5.15	0.026822209399026454
5.155	0.026769818140157
5.16	0.026717479394301583
5.165	0.026665192902992716
5.17	0.026612958407955148
5.175	0.026560775651106254
5.18	0.02650864437454742
5.185	0.0264565643205551
5.19	0.026404535231576407
5.195	0.02635255685022252
5.2	0.026300628919263644
5.205	0.026248751181616722
5.21	0.02619692338034647
5.215	0.026145145258652403
5.22	0.026093416559865128
5.225	0.02604173702744077
5.23	0.025990106404950756
5.235	0.025938524436076884
5.24	0.025886990864605795
5.245	0.025835505434419138
5.25	0.025784067889489372
5.255	0.025732677973872905
5.26	0.025681335431698232
5.265	0.025630040007166746
5.27	0.025578791444539072
5.275	0.025527589488132597
5.28	0.02547643388231111
5.285	0.025425324371480155
5.29	0.025374260700077266
5.295	0.025323242612566334
5.3	0.025272269853430694
5.305	0.025221342167165126
5.31	0.025170459298269738
5.315	0.025119620991239055
5.32	0.025068826990559286
5.325	0.025018077040698417
5.33	0.02496737088609611
5.335	0.024916708271163428
5.34	0.024866088940266668
5.345	0.02481551263772732
5.35	0.02476497910780652
5.355	0.02471448809470538
5.36	0.02466403934255255
5.365	0.0246136325953954
5.37	0.024563267597194776
5.375	0.02451294409181684
5.38	0.02446266182302346
5.385	0.024412420534465636
5.39	0.02436221996967458
5.395	0.024312059872051626
5.4	0.024261939984866587
5.405	0.024211860051239285
5.41	0.024161819814141356
5.415	0.024111819016381566
5.42	0.024061857400596773
5.425	0.02401193470924946
5.43	0.023962050684612896
5.435	0.02391220506876503
5.44	0.02386239760357764
5.445	0.023812628030714173
5.45	0.023762896091610624
5.455	0.023713201527474935
5.46	0.023663544079274505
5.465	0.023613923487726424
5.47	0.023564339493289833
5.475	0.023514791836157137
5.48	0.023465280256242147
5.485	0.02341580449317262
5.49	0.023366364286281104
5.495	0.02331695937459315
5.5	0.023267589496819546
5.505	0.023218254391346737
5.51	0.023168953796224804
5.515	0.02311968744916197
5.52	0.023070455087506644
5.525	0.02302125644824637
5.53	0.022972091267991875
5.535	0.022922959282968947
5.54	0.022873860229006195
5.545	0.022824793841527045
5.55	0.022775759855537335
5.555	0.022726758005616594
5.56	0.022677788025902194
5.565	0.022628849650086165
5.57	0.022579942611397882
5.575	0.022531066642595833
5.58	0.022482221475954738
5.585	0.022433406843255763
5.59	0.022384622475775474
5.595	0.02233586810427147
5.6	0.022287143458973438
5.605	0.022238448269570898
5.61	0.02218978226519838
5.615	0.022141145174428715
5.62	0.022092536725256618
5.625	0.022043956645085384
5.63	0.021995404660720936
5.635	0.02194688049835081
5.64	0.02189838388353872
5.645	0.021849914541205794
5.65	0.021801472195624144
5.655	0.021753056570393888
5.66	0.021704667388442254
5.665	0.021656304372001986
5.67	0.021607967242595116
5.675	0.021559655721029993
5.68	0.02151136952737591
5.6850000000000005	0.021463108380957805
5.69	0.021414872000337096
5.695	0.02136666010329839
5.7	0.021318472406835175
5.705	0.021270308627134728
5.71	0.02122216847956514
5.715	0.021174051678657525
5.72	0.0211259579380921
5.725	0.021077886970681328
5.73	0.021029838488358696
5.735	0.020981812202156114
5.74	0.020933807822194124
5.745	0.02088582505766201
5.75	0.020837863616803405
5.755	0.02078992320689686
5.76	0.02074200353424294
5.765	0.020694104304144444
5.77	0.02064622522088905
5.775	0.020598365987735644
5.78	0.020550526306889715
5.785	0.020502705879492083
5.79	0.020454904405597996
5.795	0.02040712158415657
5.8	0.02035935711299735
5.805	0.020311610688807595
5.8100000000000005	0.020263882007112655
5.815	0.020216170762259837
5.82	0.020168476647396034
5.825	0.020120799354450557
5.83	0.020073138574108175
5.835	0.020025493995800094
5.84	0.019977865307673516
5.845	0.019930252196572948
5.85	0.019882654348022544
5.855	0.019835071446199386
5.86	0.01978750317391657
5.865	0.01973994921259627
5.87	0.01969240924224971
5.875	0.019644882941455628
5.88	0.0195973699873345
5.885	0.019549870055525477
5.89	0.019502382820165032
5.895	0.01945490795385872
5.9	0.019407445127661252
5.905	0.019359994011047463
5.91	0.019312554271888174
5.915	0.019265125576428527
5.92	0.019217707589256176
5.925	0.01917029997327737
5.93	0.019122902389691124
5.9350000000000005	0.019075514497960525
5.94	0.01902813595578662
5.945	0.01898076641907936
5.95	0.018933405541928214
5.955	0.018886052976574964
5.96	0.018838708373385103
5.965	0.018791371380815845
5.97	0.018744041645386192
5.975	0.01869671881164778
5.98	0.018649402522152757
5.985	0.018602092417421976
5.99	0.018554788135912017
5.995	0.018507489313985673
6.	0.01846019558587396
6.005	0.018412906583646086
6.01	0.01836562193717403
6.015	0.018318341274097694
6.02	0.018271064219789065
6.025	0.018223790397315958
6.03	0.018176519427406283
6.035	0.018129250928411066
6.04	0.018081984516266445
6.045	0.018034719804452145
6.05	0.017987456403958206
6.055	0.017940193923241237
6.0600000000000005	0.017892931968182542
6.065	0.017845670142052225
6.07	0.017798408045462885
6.075	0.017751145276327887
6.08	0.017703881429820784
6.085	0.017656616098328
6.09	0.017609348871403706
6.095	0.017562079335729532
6.1	0.01751480707506079
6.105	0.017467531670184163
6.11	0.017420252698869605
6.115	0.017372969735818297
6.12	0.0173256823526162
6.125	0.01727839011768083
6.13	0.017231092596212045
6.135	0.0171837893501372
6.140000000000001	0.017136479938058828
6.145	0.01708916391520025
6.15	0.017041840833350294
6.155	0.016994510240805984
6.16	0.016947171682315118
6.165	0.01689982469901849
6.17	0.016852468828389193
6.175	0.016805103604171527
6.18	0.01675772855632105
6.1850000000000005	0.016710343210938422
6.1899999999999995	0.0166629470902085
6.195	0.01661553971232982
6.2	0.0165681205914525
6.205	0.01652068923760737
6.21	0.016473245156638013
6.215	0.016425787850126862
6.22	0.016378316815327327
6.225	0.016330831545086397
6.23	0.01628333152777091
6.235	0.016235816247189592
6.24	0.01618828518251921
6.245	0.01614073780821798
6.25	0.01609317359394843
6.255	0.016045592004493854
6.26	0.015997992499672476
6.265000000000001	0.015950374534251445
6.27	0.015902737557860487
6.275	0.015855081014896334
6.28	0.0158074043444351
6.285	0.015759706980138805
6.29	0.01571198835015589
6.295	0.015664247877026288
6.3	0.015616484977578959
6.305	0.01556869906283186
6.3100000000000005	0.015520889537884348
6.3149999999999995	0.015473055801815244
6.32	0.015425197247568297
6.325	0.015377313261845937
6.33	0.015329403224991076
6.335	0.015281466510872591
6.34	0.015233502486766996
6.345	0.015185510513235937
6.35	0.015137489944001848
6.355	0.015089440125821115
6.36	0.015041360398353548
6.365	0.014993250094029603
6.37	0.01494510853791557
6.375	0.01489693504757024
6.38	0.014848728932909342
6.385	0.01480048949605253
6.390000000000001	0.014752216031178876
6.395	0.014703907824374075
6.4	0.014655564153470944
6.405	0.01460718428789339
6.41	0.01455876748848971
6.415	0.014510313007367135
6.42	0.01446182008771669
6.425	0.014413287963641537
6.43	0.014364715859973808
6.4350000000000005	0.014316102992090766
6.4399999999999995	0.014267448565725102
6.445	0.01421875177677169
6.45	0.014170011811088281
6.455	0.014121227844291382
6.46	0.014072399041549128
6.465	0.014023524557365134
6.47	0.013974603535358123
6.475	0.013925635108038036
6.48	0.013876618396576368
6.485	0.013827552510564884
6.49	0.013778436547774836
6.495	0.013729269593907242
6.5	0.013680050722335522
6.505	0.013630778993842053
6.51	0.013581453456347667
6.515000000000001	0.013532073144636288
6.52	0.01348263708006666
6.525	0.013433144270280936
6.53	0.013383593708904563
6.535	0.013333984375234068
6.54	0.013284315233922699
6.545	0.013234585234651127
6.55	0.01318479331179185
6.555	0.01313493838406518
6.5600000000000005	0.013085019354182314
6.5649999999999995	0.013035035108480239
6.57	0.012984984516545686
6.575	0.012934866430827661
6.58	0.012884679686240848
6.585	0.012834423099753236
6.59	0.012784095469964759
6.595	0.012733695576673554
6.6	0.012683222180426322
6.605	0.012632674022058822
6.61	0.012582049822219003
6.615	0.01253134828087751
6.62	0.012480568076822594
6.625	0.012429707867139842
6.63	0.012378766286673415
6.635	0.012327741947474645
6.640000000000001	0.012276633438228754
6.645	0.012225439323665288
6.65	0.012174158143949641
6.655	0.01212278841405494
6.66	0.01207132862311225
6.665	0.012019777233741227
6.67	0.011968132681356576
6.675	0.011916393373453838
6.68	0.011864557688868828
6.6850000000000005	0.011812623977013114
6.6899999999999995	0.011760590557084307
6.695	0.011708455717246538
6.7	0.011656217713786256
6.705	0.011603874770234796
6.71	0.011551425076463529
6.715	0.011498866787743965
6.72	0.011446198023776872
6.725	0.01139341686768449
6.73	0.011340521364967384
6.735	0.011287509522422077
6.74	0.011234379307020802
6.745	0.011181128644746716
6.75	0.011127755419387644
6.755	0.011074257471284162
6.76	0.011020632596028727
6.765000000000001	0.010966878543115547
6.77	0.01091299301453865
6.775	0.010858973663333535
6.78	0.010804818092064112
6.785	0.010750523851245558
6.79	0.010696088437708215
6.795	0.010641509292891246
6.8	0.010586783801070192
6.805	0.010531909287508025
6.8100000000000005	0.010476883016532552
6.8149999999999995	0.010421702189530665
6.82	0.010366363942858151
6.825	0.010310865345662137
6.83	0.010255203397605626
6.835	0.010199375026496581
6.84	0.010143377085809965
6.845	0.01008720635210283
6.85	0.010030859522308129
6.855	0.009974333210912307
6.86	0.009917623946998
6.865	0.009860728171153424
6.87	0.009803642232236313
6.875	0.009746362383983683
6.88	0.009688884781462527
6.885	0.009631205477348472
6.890000000000001	0.00957332041801933
6.895	0.009515225439461901
6.9	0.00945691626297275
6.905	0.00939838849063897
6.91	0.009339637600595219
6.915	0.00928065894203072
6.92	0.00922144772993945
6.925	0.009161999039591957
6.93	0.009102307800711577
6.9350000000000005	0.009042368791341964
6.9399999999999995	0.00898217663137215
6.945	0.008921725775706464
6.95	0.008861010507055808
6.955	0.008800024928315314
6.96	0.008738762954506643
6.965	0.008677218304254783
6.97	0.008615384490758004
6.975	0.008553254812223094
6.98	0.008490822341720466
6.985	0.008428079916420916
6.99	0.0083650201261589
6.995	0.008301635301281318
7.	0.008237917499716722
7.005	0.008173858493209852
7.01	0.00810944975264922
7.015000000000001	0.008044682432417636
7.02	0.007979547353689723
7.025	0.00791403498656922
7.03	0.007848135430993315
7.035	0.007781838396281397
7.04	0.007715133179203098
7.045	0.007648008640461919
7.05	0.007580453179408016
7.055	0.007512454706859144
7.0600000000000005	0.007444000615826986
7.0649999999999995	0.007375077749947668
7.07	0.007305672369417614
7.075	0.007235770114159342
7.08	0.007165355963946665
7.085	0.007094414195201472
7.09	0.007022928334077373
7.095	0.006950881105454606
7.1	0.006878254377403208
7.105	0.006805029100619193
7.11	0.0067311852422248086
7.115	0.006656701713357924
7.12	0.006581556289731896
7.125	0.006505725524390111
7.13	0.006429184651655274
7.135	0.00635190748117134
7.140000000000001	0.0062738662807817
7.145	0.006195031646729039
7.15	0.00611537235952004
7.155	0.006034855223412869
7.16	0.005953444887230393
7.165	0.005871103643780508
7.17	0.005787791204643024
7.175	0.005703464446578448
7.18	0.00561807712499536
7.1850000000000005	0.005531579549189247
7.1899999999999995	0.005443918212820234
7.195	0.005355035371960344
7.2	0.005264868561254165
7.205	0.0051733500367789394
7.21	0.005080406131545273
7.215	0.004985956506279312
7.220000000000001	0.0048899132739953725
7.225	0.0047921799712791445
7.23	0.004692650342248787
7.234999999999999	0.004591206891718013
7.24	0.004487719151684319
7.245	0.004382041588567323
7.25	0.004274011055833617
7.255	0.0041634436651794785
7.26	0.0040501309055192385
7.265000000000001	0.003933834776177479
7.27	0.003814281610091634
7.275	0.003691154128598714
7.28	0.0035640810668080363
7.285	0.0034326233953869737
7.29	0.003296255666131167
7.295	0.003154340190968309
7.300000000000001	0.0030060903727928408
7.305	0.0028505170384293425
7.3100000000000005	0.002686347024029811
7.3149999999999995	0.002511894168211633
7.32	0.002324843539577839
7.325	0.0021218647523142814
7.33	0.0018978525080258254
7.335	0.0016442305333565512
7.34	0.001344341466328869
7.345000000000001	0.0009555721804046187
7.35	0.0001451928483813337
7.355	0.
7.359999999999999	0.
7.365	0.
7.37	0.
7.375	0.
7.38	0.
7.385	0.
7.390000000000001	0.
7.395	0.
7.4	0.
7.405	0.
7.41	0.
7.415	0.
7.42	0.
7.425000000000001	0.
7.43	0.
7.4350000000000005	0.
7.4399999999999995	0.
7.445	0.
7.45	0.
7.455	0.
7.46	0.
7.465	0.
7.470000000000001	0.
7.475	0.
7.48	0.
7.484999999999999	0.
7.49	0.
7.495	0.
7.5	0.
7.505	0.
7.51	0.
7.515000000000001	0.
7.52	0.
7.525	0.
7.53	0.
7.535	0.
7.54	0.
7.545	0.
7.550000000000001	0.
7.555	0.
7.5600000000000005	0.
7.5649999999999995	0.
7.57	0.
7.575	0.
7.58	0.
7.585	0.
7.59	0.
7.595000000000001	0.
7.6	0.
7.605	0.
7.609999999999999	0.
7.615	0.
7.62	0.
7.625	0.
7.63	0.
7.635	0.
7.640000000000001	0.
7.645	0.
7.65	0.
7.655	0.
7.66	0.
7.665	0.
7.67	0.
7.675000000000001	0.
7.68	0.
7.685	0.
7.6899999999999995	0.
7.694999999999999	0.
7.699999999999999	0.
7.704999999999999	0.
7.71	0.
7.715	0.
7.72	0.
7.725	0.
7.7299999999999995	0.
7.734999999999999	0.
7.739999999999999	0.
7.744999999999999	0.
7.75	0.
7.755	0.
7.76	0.
7.765	0.
7.77	0.
7.7749999999999995	0.
7.779999999999999	0.
7.784999999999999	0.
7.79	0.
7.795	0.
7.8	0.
7.805	0.
7.81	0.
7.8149999999999995	0.
7.819999999999999	0.
7.824999999999999	0.
7.829999999999999	0.
7.835	0.
7.84	0.
7.845	0.
7.85	0.
7.8549999999999995	0.
7.859999999999999	0.
7.864999999999999	0.
7.869999999999999	0.
7.875	0.
7.88	0.
7.885	0.
7.89	0.
7.895	0.
7.8999999999999995	0.
7.904999999999999	0.
7.909999999999999	0.
7.915	0.
7.92	0.
7.925	0.
7.93	0.
7.935	0.
7.9399999999999995	0.
7.944999999999999	0.
7.949999999999999	0.
7.955	0.
7.96	0.
7.965	0.
7.97	0.
7.975	0.
7.9799999999999995	0.
7.984999999999999	0.
7.989999999999999	0.
7.994999999999999	0.
8.	0.
8.004999999999999	0.
8.01	0.
8.014999999999999	0.
8.02	0.
8.025	0.
8.03	0.
8.035	0.
8.04	0.
8.045	0.
8.049999999999999	0.
8.055	0.
8.059999999999999	0.
8.065	0.
8.07	0.
8.075	0.
8.08	0.
8.084999999999999	0.
8.09	0.
8.094999999999999	0.
8.1	0.
8.105	0.
8.11	0.
8.115	0.
8.12	0.
8.125	0.
8.129999999999999	0.
8.135	0.
8.139999999999999	0.
8.145	0.
8.15	0.
8.155	0.
8.16	0.
8.165	0.
8.17	0.
8.174999999999999	0.
8.18	0.
8.184999999999999	0.
8.19	0.
8.195	0.
8.2	0.
8.205	0.
8.209999999999999	0.
8.215	0.
8.219999999999999	0.
8.225	0.
8.23	0.
8.235	0.
8.24	0.
8.245	0.
8.25	0.
8.254999999999999	0.
8.26	0.
8.264999999999999	0.
8.27	0.
8.275	0.
8.28	0.
8.285	0.
8.29	0.
8.295	0.
8.299999999999999	0.
8.305	0.
8.309999999999999	0.
8.315	0.
8.32	0.
8.325	0.
8.33	0.
8.334999999999999	0.
8.34	0.
8.344999999999999	0.
8.35	0.
8.355	0.
8.36	0.
8.365	0.
8.37	0.
8.375	0.
8.379999999999999	0.
8.385	0.
8.389999999999999	0.
8.395	0.
8.4	0.
8.405	0.
8.41	0.
8.415	0.
8.42	0.
8.424999999999999	0.
8.43	0.
8.434999999999999	0.
8.44	0.
8.445	0.
8.45	0.
8.455	0.
8.459999999999999	0.
8.465	0.
8.469999999999999	0.
8.475	0.
8.48	0.
8.485	0.
8.49	0.
8.495	0.
8.5	0.
8.504999999999999	0.
8.51	0.
8.515	0.
8.52	0.
8.525	0.
8.53	0.
8.535	0.
8.54	0.
8.545	0.
8.549999999999999	0.
8.555	0.
8.559999999999999	0.
8.565	0.
8.57	0.
8.575	0.
8.58	0.
8.584999999999999	0.
8.59	0.
8.594999999999999	0.
8.6	0.
8.605	0.
8.61	0.
8.615	0.
8.62	0.
8.625	0.
8.629999999999999	0.
8.635	0.
8.64	0.
8.645	0.
8.65	0.
8.655	0.
8.66	0.
8.665	0.
8.67	0.
8.674999999999999	0.
8.68	0.
8.684999999999999	0.
8.69	0.
8.695	0.
8.7	0.
8.705	0.
8.709999999999999	0.
8.715	0.
8.719999999999999	0.
8.725	0.
8.73	0.
8.735	0.
8.74	0.
8.745	0.
8.75	0.
8.754999999999999	0.
8.76	0.
8.765	0.
8.77	0.
8.775	0.
8.78	0.
8.785	0.
8.79	0.
8.795	0.
8.799999999999999	0.
8.805	0.
8.809999999999999	0.
8.815	0.
8.82	0.
8.825	0.
8.83	0.
8.834999999999999	0.
8.84	0.
8.844999999999999	0.
8.85	0.
8.855	0.
8.86	0.
8.865	0.
8.87	0.
8.875	0.
8.879999999999999	0.
8.885	0.
8.89	0.
8.895	0.
8.9	0.
8.905	0.
8.91	0.
8.915	0.
8.92	0.
8.924999999999999	0.
8.93	0.
8.934999999999999	0.
8.94	0.
8.945	0.
8.95	0.
8.955	0.
8.959999999999999	0.
8.965	0.
8.969999999999999	0.
8.975	0.
8.98	0.
8.985	0.
8.99	0.
8.995	0.
9.	0.
9.004999999999999	0.
9.01	0.
9.015	0.
9.02	0.
9.025	0.
9.03	0.
9.035	0.
9.04	0.
9.045	0.
9.049999999999999	0.
9.055	0.
9.059999999999999	0.
9.065	0.
9.07	0.
9.075	0.
9.08	0.
9.084999999999999	0.
9.09	0.
9.094999999999999	0.
9.1	0.
9.105	0.
9.11	0.
9.115	0.
9.12	0.
9.125	0.
9.129999999999999	0.
9.135	0.
9.14	0.
9.145	0.
9.15	0.
9.155	0.
9.16	0.
9.165	0.
9.17	0.
9.174999999999999	0.
9.18	0.
9.184999999999999	0.
9.19	0.
9.195	0.
9.2	0.
9.205	0.
9.209999999999999	0.
9.215	0.
9.219999999999999	0.
9.225	0.
9.23	0.
9.235	0.
9.24	0.
9.245	0.
9.25	0.
9.254999999999999	0.
9.26	0.
9.265	0.
9.27	0.
9.275	0.
9.28	0.
9.285	0.
9.29	0.
9.295	0.
9.299999999999999	0.
9.305	0.
9.309999999999999	0.
9.315	0.
9.32	0.
9.325	0.
9.33	0.
9.334999999999999	0.
9.34	0.
9.344999999999999	0.
9.35	0.
9.355	0.
9.36	0.
9.365	0.
9.37	0.
9.375	0.
9.379999999999999	0.
9.385	0.
9.39	0.
9.395	0.
9.4	0.
9.405	0.
9.41	0.
9.415	0.
9.42	0.
9.424999999999999	0.
9.43	0.
9.434999999999999	0.
9.44	0.
9.445	0.
9.45	0.
9.455	0.
9.459999999999999	0.
9.465	0.
9.469999999999999	0.
9.475	0.
9.48	0.
9.485	0.
9.49	0.
9.495	0.
9.5	0.
9.504999999999999	0.
9.51	0.
9.515	0.
9.52	0.
9.525	0.
9.53	0.
9.535	0.
9.54	0.
9.545	0.
9.549999999999999	0.
9.555	0.
9.559999999999999	0.
9.565	0.
9.57	0.
9.575	0.
9.58	0.
9.584999999999999	0.
9.59	0.
9.594999999999999	0.
9.6	0.
9.605	0.
9.61	0.
9.615	0.
9.62	0.
9.625	0.
9.629999999999999	0.
9.635	0.
9.64	0.
9.645	0.
9.65	0.
9.655	0.
9.66	0.
9.665	0.
9.67	0.
9.674999999999999	0.
9.68	0.
9.684999999999999	0.
9.69	0.
9.695	0.
9.7	0.
9.705	0.
9.709999999999999	0.
9.715	0.
9.719999999999999	0.
9.725	0.
9.73	0.
9.735	0.
9.74	0.
9.745	0.
9.75	0.
9.754999999999999	0.
9.76	0.
9.765	0.
9.77	0.
9.774999999999999	0.
9.78	0.
9.785	0.
9.79	0.
9.795	0.
9.8	0.
9.805	0.
9.809999999999999	0.
9.815	0.
9.82	0.
9.825	0.
9.83	0.
9.834999999999999	0.
9.84	0.
9.844999999999999	0.
9.85	0.
9.855	0.
9.86	0.
9.865	0.
9.87	0.
9.875	0.
9.879999999999999	0.
9.885	0.
9.89	0.
9.895	0.
9.899999999999999	0.
9.905	0.
9.91	0.
9.915	0.
9.92	0.
9.925	0.
9.93	0.
9.934999999999999	0.
9.94	0.
9.945	0.
9.95	0.
9.955	0.
9.959999999999999	0.
9.965	0.
9.969999999999999	0.
9.975	0.
9.98	0.
9.985	0.
9.99	0.
9.995	0.
10.	0.
10.004999999999999	0.
10.01	0.
10.015	0.
10.02	0.
10.024999999999999	0.
10.03	0.
10.035	0.
10.04	0.
10.045	0.
10.05	0.
10.055	0.
10.059999999999999	0.
10.065	0.
10.07	0.
10.075	0.
10.08	0.
10.084999999999999	0.
10.09	0.
10.094999999999999	0.
10.1	0.
10.105	0.
10.11	0.
10.115	0.
10.12	0.
10.125	0.
10.129999999999999	0.
10.135	0.
10.14	0.
10.145	0.
10.149999999999999	0.
10.155	0.
10.16	0.
10.165	0.
10.17	0.
10.175	0.
10.18	0.
10.184999999999999	0.
10.19	0.
10.195	0.
10.2	0.
10.205	0.
10.209999999999999	0.
10.215	0.
10.219999999999999	0.
10.225	0.
10.23	0.
10.235	0.
10.24	0.
10.245000000000001	0.
10.250000000000002	0.
10.255	0.
10.260000000000002	0.
10.265	0.
10.270000000000001	0.
10.275	0.
10.280000000000001	0.
10.285	0.
10.290000000000001	0.
10.295000000000002	0.
10.3	0.
10.305000000000001	0.
10.31	0.
10.315000000000001	0.
10.32	0.
10.325000000000001	0.
10.330000000000002	0.
10.335	0.
10.340000000000002	0.
10.345	0.
10.350000000000001	0.
10.355	0.
10.360000000000001	0.
10.365	0.
10.370000000000001	0.
10.375000000000002	0.
10.38	0.
10.385000000000002	0.
10.39	0.
10.395000000000001	0.
10.4	0.
10.405000000000001	0.
10.41	0.
10.415000000000001	0.
10.420000000000002	0.
10.425	0.
10.430000000000001	0.
10.435	0.
10.440000000000001	0.
10.445	0.
10.450000000000001	0.
10.455000000000002	0.
10.46	0.
10.465000000000002	0.
10.47	0.
10.475000000000001	0.
10.48	0.
10.485000000000001	0.
10.49	0.
10.495000000000001	0.
10.500000000000002	0.
10.505	0.
10.510000000000002	0.
10.515	0.
10.520000000000001	0.
10.525	0.
10.530000000000001	0.
10.535	0.
10.540000000000001	0.
10.545000000000002	0.
10.55	0.
10.555000000000001	0.
10.56	0.
10.565000000000001	0.
10.57	0.
10.575000000000001	0.
10.580000000000002	0.
10.585	0.
10.590000000000002	0.
10.595	0.
10.600000000000001	0.
10.605	0.
10.610000000000001	0.
10.615	0.
10.620000000000001	0.
10.625000000000002	0.
10.63	0.
10.635000000000002	0.
10.64	0.
10.645000000000001	0.
10.65	0.
10.655000000000001	0.
10.66	0.
10.665000000000001	0.
10.670000000000002	0.
10.675	0.
10.680000000000001	0.
10.685	0.
10.690000000000001	0.
10.695	0.
10.700000000000001	0.
10.705000000000002	0.
10.71	0.
10.715000000000002	0.
10.72	0.
10.725000000000001	0.
10.73	0.
10.735000000000001	0.
10.74	0.
10.745000000000001	0.
10.750000000000002	0.
10.755	0.
10.760000000000002	0.
10.765	0.
10.770000000000001	0.
10.775	0.
10.780000000000001	0.
10.785	0.
10.790000000000001	0.
10.795000000000002	0.
10.8	0.
10.805000000000001	0.
10.81	0.
10.815000000000001	0.
10.82	0.
10.825000000000001	0.
10.830000000000002	0.
10.835	0.
10.840000000000002	0.
10.845	0.
10.850000000000001	0.
10.855	0.
10.860000000000001	0.
10.865	0.
10.870000000000001	0.
10.875000000000002	0.
10.88	0.
10.885000000000002	0.
10.89	0.
10.895000000000001	0.
10.9	0.
10.905000000000001	0.
10.91	0.
10.915000000000001	0.
10.920000000000002	0.
10.925	0.
10.930000000000001	0.
10.935	0.
10.940000000000001	0.
10.945	0.
10.950000000000001	0.
10.955000000000002	0.
10.96	0.
10.965000000000002	0.
10.97	0.
10.975000000000001	0.
10.98	0.
10.985000000000001	0.
10.99	0.
10.995000000000001	0.
11.000000000000002	0.
11.005	0.
11.010000000000002	0.
11.015	0.
11.020000000000001	0.
11.025	0.
11.030000000000001	0.
11.035	0.
11.040000000000001	0.
11.045000000000002	0.
11.05	0.
11.055000000000001	0.
11.06	0.
11.065000000000001	0.
11.07	0.
11.075000000000001	0.
11.080000000000002	0.
11.085	0.
11.090000000000002	0.
11.095	0.
11.100000000000001	0.
11.105	0.
11.110000000000001	0.
11.115	0.
11.120000000000001	0.
11.125000000000002	0.
11.13	0.
11.135000000000002	0.
11.14	0.
11.145000000000001	0.
11.15	0.
11.155000000000001	0.
11.16	0.
11.165000000000001	0.
11.170000000000002	0.
11.175	0.
11.180000000000001	0.
11.185	0.
11.190000000000001	0.
11.195	0.
11.200000000000001	0.
11.205000000000002	0.
11.21	0.
11.215000000000002	0.
11.22	0.
11.225000000000001	0.
11.23	0.
11.235000000000001	0.
11.24	0.
11.245000000000001	0.
11.250000000000002	0.
11.255	0.
11.260000000000002	0.
11.265	0.
11.270000000000001	0.
11.275	0.
11.280000000000001	0.
11.285	0.
11.290000000000001	0.
11.295000000000002	0.
11.3	0.
11.305000000000001	0.
11.31	0.
11.315000000000001	0.
11.32	0.
11.325000000000001	0.
11.330000000000002	0.
11.335	0.
11.340000000000002	0.
11.345	0.
11.350000000000001	0.
11.355	0.
11.360000000000001	0.
11.365000000000002	0.
11.370000000000001	0.
11.375000000000002	0.
11.38	0.
11.385000000000002	0.
11.39	0.
11.395000000000001	0.
11.4	0.
11.405000000000001	0.
11.41	0.
11.415000000000001	0.
11.420000000000002	0.
11.425	0.
11.430000000000001	0.
11.435	0.
11.440000000000001	0.
11.445	0.
11.450000000000001	0.
11.455000000000002	0.
11.46	0.
11.465000000000002	0.
11.47	0.
11.475000000000001	0.
11.48	0.
11.485000000000001	0.
11.490000000000002	0.
11.495000000000001	0.
11.500000000000002	0.
11.505	0.
11.510000000000002	0.
11.515	0.
11.520000000000001	0.
11.525	0.
11.530000000000001	0.
11.535	0.
11.540000000000001	0.
11.545000000000002	0.
11.55	0.
11.555000000000001	0.
11.56	0.
11.565000000000001	0.
11.57	0.
11.575000000000001	0.
11.580000000000002	0.
11.585	0.
11.590000000000002	0.
11.595	0.
11.600000000000001	0.
11.605	0.
11.610000000000001	0.
11.615000000000002	0.
11.620000000000001	0.
11.625000000000002	0.
11.63	0.
11.635000000000002	0.
11.64	0.
11.645000000000001	0.
11.65	0.
11.655000000000001	0.
11.66	0.
11.665000000000001	0.
11.670000000000002	0.
11.675	0.
11.680000000000001	0.
11.685	0.
11.690000000000001	0.
11.695	0.
11.700000000000001	0.
11.705000000000002	0.
11.71	0.
11.715000000000002	0.
11.72	0.
11.725000000000001	0.
11.73	0.
11.735000000000001	0.
11.740000000000002	0.
11.745000000000001	0.
11.750000000000002	0.
11.755	0.
11.760000000000002	0.
11.765	0.
11.770000000000001	0.
11.775	0.
11.780000000000001	0.
11.785	0.
11.790000000000001	0.
11.795000000000002	0.
11.8	0.
11.805000000000001	0.
11.81	0.
11.815000000000001	0.
11.82	0.
11.825000000000001	0.
11.830000000000002	0.
11.835	0.
11.840000000000002	0.
11.845	0.
11.850000000000001	0.
11.855	0.
11.860000000000001	0.
11.865000000000002	0.
11.870000000000001	0.
11.875000000000002	0.
11.88	0.
11.885000000000002	0.
11.89	0.
11.895000000000001	0.
11.9	0.
11.905000000000001	0.
11.91	0.
11.915000000000001	0.
11.920000000000002	0.
11.925	0.
11.930000000000001	0.
11.935	0.
11.940000000000001	0.
11.945	0.
11.950000000000001	0.
11.955000000000002	0.
11.96	0.
11.965000000000002	0.
11.97	0.
11.975000000000001	0.
11.98	0.
11.985000000000001	0.
11.990000000000002	0.
11.995000000000001	0.
12.000000000000002	0.
12.005	0.
12.010000000000002	0.
12.015	0.
12.020000000000001	0.
12.025	0.
12.030000000000001	0.
12.035	0.
12.040000000000001	0.
12.045000000000002	0.
12.05	0.
12.055000000000001	0.
12.06	0.
12.065000000000001	0.
12.07	0.
12.075000000000001	0.
12.080000000000002	0.
12.085	0.
12.090000000000002	0.
12.095	0.
12.100000000000001	0.
12.105	0.
12.110000000000001	0.
12.115000000000002	0.
12.120000000000001	0.
12.125000000000002	0.
12.13	0.
12.135000000000002	0.
12.14	0.
12.145000000000001	0.
12.15	0.
12.155000000000001	0.
12.16	0.
12.165000000000001	0.
12.170000000000002	0.
12.175	0.
12.180000000000001	0.
12.185	0.
12.190000000000001	0.
12.195	0.
12.200000000000001	0.
12.205000000000002	0.
12.21	0.
12.215000000000002	0.
12.22	0.
12.225000000000001	0.
12.23	0.
12.235000000000001	0.
12.240000000000002	0.
12.245000000000001	0.
12.25	0.
12.255	0.
12.260000000000002	0.
12.265	0.
12.270000000000001	0.
12.275000000000002	0.
12.280000000000001	0.
12.285	0.
12.290000000000001	0.
12.295000000000002	0.
12.3	0.
12.305000000000001	0.
12.31	0.
12.315000000000001	0.
12.32	0.
12.325000000000001	0.
12.330000000000002	0.
12.335	0.
12.340000000000002	0.
12.345	0.
12.350000000000001	0.
12.355	0.
12.360000000000001	0.
12.365000000000002	0.
12.370000000000001	0.
12.375	0.
12.38	0.
12.385000000000002	0.
12.39	0.
12.395000000000001	0.
12.400000000000002	0.
12.405000000000001	0.
12.41	0.
12.415000000000001	0.
12.420000000000002	0.
12.425	0.
12.430000000000001	0.
12.435	0.
12.440000000000001	0.
12.445	0.
12.450000000000001	0.
12.455000000000002	0.
12.46	0.
12.465000000000002	0.
12.47	0.
12.475000000000001	0.
12.48	0.
12.485000000000001	0.
12.490000000000002	0.
12.495000000000001	0.
12.5	0.
12.505	0.
12.510000000000002	0.
12.515	0.
12.520000000000001	0.
12.525000000000002	0.
12.530000000000001	0.
12.535	0.
12.540000000000001	0.
12.545000000000002	0.
12.55	0.
12.555000000000001	0.
12.56	0.
12.565000000000001	0.
12.57	0.
12.575000000000001	0.
12.580000000000002	0.
12.585	0.
12.590000000000002	0.
12.595	0.
12.600000000000001	0.
12.605	0.
12.610000000000001	0.
12.615000000000002	0.
12.620000000000001	0.
12.625	0.
12.63	0.
12.635000000000002	0.
12.64	0.
12.645000000000001	0.
12.650000000000002	0.
12.655000000000001	0.
12.66	0.
12.665000000000001	0.
12.670000000000002	0.
12.675	0.
12.680000000000001	0.
12.685	0.
12.690000000000001	0.
12.695	0.
12.700000000000001	0.
12.705000000000002	0.
12.71	0.
12.715000000000002	0.
12.72	0.
12.725000000000001	0.
12.73	0.
12.735000000000001	0.
12.740000000000002	0.
12.745000000000001	0.
12.75	0.
12.755	0.
12.760000000000002	0.
12.765	0.
12.770000000000001	0.
12.775000000000002	0.
12.780000000000001	0.
12.785	0.
12.790000000000001	0.
12.795000000000002	0.
12.8	0.
12.805000000000001	0.
12.810000000000002	0.
12.815000000000001	0.
12.820000000000002	0.
12.825000000000001	0.
12.830000000000002	0.
12.835	0.
12.840000000000002	0.
12.845	0.
12.850000000000001	0.
12.855000000000002	0.
12.860000000000001	0.
12.865000000000002	0.
12.870000000000001	0.
12.875000000000002	0.
12.88	0.
12.885000000000002	0.
12.890000000000002	0.
12.895000000000001	0.
12.900000000000002	0.
12.905000000000001	0.
12.910000000000002	0.
12.915000000000001	0.
12.920000000000002	0.
12.925	0.
12.930000000000001	0.
12.935000000000002	0.
12.940000000000001	0.
12.945000000000002	0.
12.950000000000001	0.
12.955000000000002	0.
12.96	0.
12.965000000000002	0.
12.97	0.
12.975000000000001	0.
12.980000000000002	0.
12.985000000000001	0.
12.990000000000002	0.
12.995000000000001	0.
13.000000000000002	0.
13.005	0.
13.010000000000002	0.
13.015000000000002	0.
13.020000000000001	0.
13.025000000000002	0.
13.030000000000001	0.
13.035000000000002	0.
13.040000000000001	0.
13.045000000000002	0.
13.05	0.
13.055000000000001	0.
13.060000000000002	0.
13.065000000000001	0.
13.070000000000002	0.
13.075000000000001	0.
13.080000000000002	0.
13.085	0.
13.090000000000002	0.
13.095	0.
13.100000000000001	0.
13.105000000000002	0.
13.110000000000001	0.
13.115000000000002	0.
13.120000000000001	0.
13.125000000000002	0.
13.13	0.
13.135000000000002	0.
13.140000000000002	0.
13.145000000000001	0.
13.150000000000002	0.
13.155000000000001	0.
13.160000000000002	0.
13.165000000000001	0.
13.170000000000002	0.
13.175	0.
13.180000000000001	0.
13.185000000000002	0.
13.190000000000001	0.
13.195000000000002	0.
13.200000000000001	0.
13.205000000000002	0.
13.21	0.
13.215000000000002	0.
13.220000000000002	0.
13.225000000000001	0.
13.230000000000002	0.
13.235000000000001	0.
13.240000000000002	0.
13.245000000000001	0.
13.250000000000002	0.
13.255	0.
13.260000000000002	0.
13.265000000000002	0.
13.270000000000001	0.
13.275000000000002	0.
13.280000000000001	0.
13.285000000000002	0.
13.290000000000001	0.
13.295000000000002	0.
13.3	0.
13.305000000000001	0.
13.310000000000002	0.
13.315000000000001	0.
13.320000000000002	0.
13.325000000000001	0.
13.330000000000002	0.
13.335	0.
13.340000000000002	0.
13.345000000000002	0.
13.350000000000001	0.
13.355000000000002	0.
13.360000000000001	0.
13.365000000000002	0.
13.370000000000001	0.
13.375000000000002	0.
13.38	0.
13.385000000000002	0.
13.39	0.
13.395000000000001	0.
13.400000000000002	0.
13.405000000000001	0.
13.410000000000002	0.
13.415000000000001	0.
13.420000000000002	0.
13.425	0.
13.430000000000001	0.
13.435000000000002	0.
13.440000000000001	0.
13.445000000000002	0.
13.450000000000001	0.
13.455000000000002	0.
13.46	0.
13.465000000000002	0.
13.470000000000002	0.
13.475000000000001	0.
13.480000000000002	0.
13.485000000000001	0.
13.490000000000002	0.
13.495000000000001	0.
13.500000000000002	0.
13.505	0.
13.510000000000002	0.
13.515	0.
13.520000000000001	0.
13.525000000000002	0.
13.530000000000001	0.
13.535000000000002	0.
13.540000000000001	0.
13.545000000000002	0.
13.55	0.
13.555000000000001	0.
13.560000000000002	0.
13.565000000000001	0.
13.570000000000002	0.
13.575000000000001	0.
13.580000000000002	0.
13.585	0.
13.590000000000002	0.
13.595000000000002	0.
13.600000000000001	0.
13.605000000000002	0.
13.610000000000001	0.
13.615000000000002	0.
13.620000000000001	0.
13.625000000000002	0.
13.63	0.
13.635000000000002	0.
13.64	0.
13.645000000000001	0.
13.650000000000002	0.
13.655000000000001	0.
13.660000000000002	0.
13.665000000000001	0.
13.670000000000002	0.
13.675	0.
13.680000000000001	0.
13.685000000000002	0.
13.690000000000001	0.
13.695000000000002	0.
13.700000000000001	0.
13.705000000000002	0.
13.71	0.
13.715000000000002	0.
13.720000000000002	0.
13.725000000000001	0.
13.730000000000002	0.
13.735000000000001	0.
13.740000000000002	0.
13.745000000000001	0.
13.750000000000002	0.
13.755	0.
13.760000000000002	0.
13.765	0.
13.770000000000001	0.
13.775000000000002	0.
13.780000000000001	0.
13.785000000000002	0.
13.790000000000001	0.
13.795000000000002	0.
13.8	0.
13.805000000000001	0.
13.810000000000002	0.
13.815000000000001	0.
13.820000000000002	0.
13.825000000000001	0.
13.830000000000002	0.
13.835	0.
13.840000000000002	0.
13.845000000000002	0.
13.850000000000001	0.
13.855000000000002	0.
13.860000000000001	0.
13.865000000000002	0.
13.870000000000001	0.
13.875000000000002	0.
13.88	0.
13.885000000000002	0.
13.89	0.
13.895000000000001	0.
13.900000000000002	0.
13.905000000000001	0.
13.910000000000002	0.
13.915000000000001	0.
13.920000000000002	0.
13.925	0.
13.930000000000001	0.
13.935000000000002	0.
13.940000000000001	0.
13.945000000000002	0.
13.950000000000001	0.
13.955000000000002	0.
13.96	0.
13.965000000000002	0.
13.970000000000002	0.
13.975000000000001	0.
13.980000000000002	0.
13.985000000000001	0.
13.990000000000002	0.
13.995000000000001	0.
14.	0.