0.005	0.
0.01	0.
0.015	0.
0.02	0.
0.025	0.
0.030000000000000002	0.
0.034999999999999996	0.
0.04	0.
0.045	0.
0.049999999999999996	0.
0.055	0.
0.06	0.
0.065	0.
0.07	0.
0.07500000000000001	0.
0.08	0.
0.085	0.
0.09000000000000001	0.
0.095	0.
0.1	0.
0.10500000000000001	0.
0.11	0.
0.115	0.
0.12000000000000001	0.
0.125	0.
0.13	0.
0.135	0.
0.14	0.
0.14500000000000002	0.
0.15	0.
0.155	0.
0.16	0.
0.165	0.
0.17	0.07248779226237258
0.17500000000000002	0.10468750689108453
0.18000000000000002	0.12656658368409562
0.185	0.14321871204377362
0.19	0.15653856292646925
0.195	0.16749761908502686
0.2	0.17667890075258233
0.20500000000000002	0.18446717517186748
0.21000000000000002	0.19113304969179543
0.215	0.19687569030831206
0.22	0.201846747915003
0.225	0.20616477000490452
0.23	0.20992438453352855
0.23500000000000001	0.21320242126489236
0.24000000000000002	0.2160621440359773
0.245	0.2185562671785351
0.25	0.22072916105761725
0.255	0.22261850021727317
0.26	0.2242565183069488
0.265	0.2256709792924927
0.27	0.2268859398915214
0.275	0.22792235569093383
0.28	0.22879856840963492
0.28500000000000003	0.22953070154277427
0.29000000000000004	0.2301329845081695
0.295	0.2306180203746922
0.3	0.2309970086228015
0.305	0.23127993173502004
0.31	0.23147571244963663
0.315	0.2315923470377964
0.32	0.23163701884693827
0.325	0.23161619549742032
0.33	0.2315357124566806
0.335	0.23140084519819643
0.34	0.2312163717453877
0.34500000000000003	0.23098662707773934
0.35000000000000003	0.2307155506184433
0.35500000000000004	0.23040672781536423
0.36	0.23006342665921606
0.365	0.22968862984611532
0.37	0.2292850631797642
0.375	0.2288552207164103
0.38	0.22840138707957428
0.385	0.22792565730827077
0.39	0.22742995454964873
0.395	0.22691604586273456
0.4	0.2263855563627756
0.405	0.22583998190422938
0.41000000000000003	0.22528070047386617
0.41500000000000004	0.2247089824427769
0.42000000000000004	0.22412599980681458
0.425	0.22353283452844888
0.43	0.22293048607886054
0.435	0.22231987826691357
0.44	0.22170186543110215
0.445	0.22107723806147517
0.45	0.22044672791067346
0.455	0.2198110126463066
0.46	0.21917072009096375
0.465	0.21852643209091177
0.47000000000000003	0.21787868804998328
0.47500000000000003	0.21722798816111855
0.48000000000000004	0.21657479636456448
0.485	0.2159195430585905
0.49	0.2152626275858699
0.495	0.21460442051626993
0.5	0.2139452657446511
0.505	0.21328548242038456
0.51	0.21262536672362714
0.515	0.21196519350191095
0.52	0.2113052177792181
0.525	0.21064567614862367
0.53	0.20998678805843493
0.535	0.209328757000878
0.54	0.20867177161149347
0.545	0.20801600668666825
0.55	0.20736162412603734
0.555	0.2067087738058709
0.56	0.20605759438903623
0.5650000000000001	0.20540821407658447
0.5700000000000001	0.20476075130561963
0.5750000000000001	0.20411531539763816
0.5800000000000001	0.20347200716121985
0.585	0.20283091945259232
0.59	0.20219213769728261
0.595	0.20155574037582139
0.6	0.20092179947619052
0.605	0.2002903809155415
0.61	0.19966154493338575
0.615	0.19903534645843882
0.62	0.19841183545097585
0.625	0.1977910572225088
0.63	0.19717305273438912
0.635	0.19655785887686097
0.64	0.19594550872994212
0.645	0.19533603180740633
0.65	0.194729454285038
0.655	0.19412579921426937
0.66	0.19352508672221289
0.665	0.19292733419897162
0.67	0.1923325564731435
0.675	0.19174076597632111
0.68	0.19115197289723457
0.685	0.1905661853263768
0.6900000000000001	0.18998340939160144
0.6950000000000001	0.18940364938536228
0.7000000000000001	0.1888269078841526
0.7050000000000001	0.18825318586056933
0.71	0.18768248278858915
0.715	0.18711479674240789
0.72	0.1865501244892911
0.725	0.18598846157681975
0.73	0.18542980241487167
0.735	0.18487414035265282
0.74	0.18432146775117914
0.745	0.1837717760513339
0.75	0.18322505583793303
0.755	0.1826812968999478
0.76	0.18214048828715426
0.765	0.18160261836343577
0.77	0.18106767485690708
0.775	0.1805356449070886
0.78	0.1800065151093018
0.785	0.1794802715564343
0.79	0.17895689987823557
0.795	0.1784363852783285
0.8	0.17791871256900293
0.805	0.17740386620399282
0.81	0.17689183030931105
0.8150000000000001	0.17638258871226278
0.8200000000000001	0.17587612496874197
0.8250000000000001	0.17537242238896208
0.8300000000000001	0.17487146406161663
0.8350000000000001	0.1743732328766353
0.84	0.1738777115465614
0.845	0.17338488262674875
0.85	0.17289472853424517
0.855	0.1724072315656334
0.86	0.17192237391374912
0.865	0.171440137683418
0.87	0.17096050490632506
0.875	0.17048345755480718
0.88	0.1700089775549796
0.885	0.16953704679896361
0.89	0.16906764715640554
0.895	0.16860076048531253
0.9	0.1681363686420974
0.905	0.16767445349117482
0.91	0.16721499691379874
0.915	0.16675798081641968
0.92	0.16630338713848578
0.925	0.16585119785974625
0.93	0.1654013950070802
0.935	0.16495396066088797
0.9400000000000001	0.1645088769610021
0.9450000000000001	0.1640661261123164
0.9500000000000001	0.16362569038986632
0.9550000000000001	0.16318755214371583
0.9600000000000001	0.1627516938034477
0.965	0.16231809788223492
0.97	0.16188674698082395
0.975	0.16145762379098813
0.98	0.16103071109893397
0.985	0.16060599178830626
0.99	0.16018344884298244
0.995	0.15976306534970966
1.	0.15934482450040569
1.005	0.1589287095944682
1.01	0.1585147040400968
1.015	0.15810279134196692
1.02	0.1576929551837777
1.025	0.1572851792542862
1.0299999999999998	0.1568794474417543
1.035	0.1564757437219636
1.0399999999999998	0.15607405219255885
1.045	0.1556743570680466
1.0499999999999998	0.15527664268412425
1.055	0.15488089349643364
1.0599999999999998	0.15448709408011466
1.065	0.15409522913303242
1.0699999999999998	0.15370528347346743
1.075	0.15331724204209563
1.0799999999999998	0.15293108990158216
1.085	0.1525468122365757
1.0899999999999999	0.15216439435419718
1.095	0.1517838216835288
1.0999999999999999	0.1514050797758875
1.105	0.15102815430457328
1.1099999999999999	0.1506530310645624
1.115	0.15027969597239937
1.1199999999999999	0.14990813506577605
1.125	0.14953833450315135
1.13	0.14917028056353282
1.135	0.1488039596458015
1.14	0.14843935826841367
1.145	0.14807646306868408
1.15	0.14771526080247482
1.155	0.14735573834339072
1.16	0.14699788268228525
1.1649999999999998	0.1466416809266415
1.17	0.14628712029973856
1.1749999999999998	0.14593418814018272
1.18	0.1455828719010812
1.1849999999999998	0.14523315914922932
1.19	0.1448850375645824
1.1949999999999998	0.14453849493926302
1.2	0.14419351917692647
1.2049999999999998	0.14385009829187007
1.21	0.14350822040829583
1.2149999999999999	0.1431678737595013
1.22	0.14282904668691093
1.2249999999999999	0.1424917276394616
1.23	0.14215590517253474
1.2349999999999999	0.1418215679472401
1.24	0.14148870472950398
1.2449999999999999	0.1411573043892384
1.25	0.1408273558993994
1.255	0.14049884833518173
1.26	0.14017177087310978
1.265	0.13984611279016548
1.27	0.13952186346291023
1.275	0.13919901236654117
1.28	0.13887754907414657
1.285	0.13855746325566365
1.2899999999999998	0.13823874467707403
1.295	0.13792138319954828
1.2999999999999998	0.13760536877844362
1.305	0.13729069146261855
1.3099999999999998	0.13697734139333195
1.315	0.13666530880355268
1.3199999999999998	0.1363545840169734
1.325	0.13604515744718765
1.3299999999999998	0.13573701959681522
1.335	0.13543016105663103
1.3399999999999999	0.13512457250471577
1.345	0.13482024470561402
1.3499999999999999	0.13451716850944564
1.355	0.13421533485111942
1.3599999999999999	0.13391473474941715
1.365	0.1336153593062248
1.3699999999999999	0.13331719970569722
1.375	0.13302024721336603
1.38	0.13272449317543067
1.385	0.1324299290178355
1.39	0.13213654624553448
1.395	0.13184433644167087
1.4	0.13155329126676477
1.405	0.13126340245798201
1.41	0.13097466182823408
1.4149999999999998	0.13068706126553617
1.42	0.1304005927321693
1.4249999999999998	0.13011524826390278
1.43	0.12983101996929053
1.4349999999999998	0.12954790002886912
1.44	0.129265880694431
1.4449999999999998	0.12898495428831455
1.45	0.1287051132026297
1.4549999999999998	0.12842634989853274
1.46	0.12814865690560792
1.4649999999999999	0.12787202682099902
1.47	0.12759645230882963
1.4749999999999999	0.12732192609944057
1.48	0.12704844098873674
1.4849999999999999	0.12677598983748803
1.49	0.12650456557064546
1.4949999999999999	0.12623416117668385
1.5	0.12596476970691553
1.505	0.12569638427488433
1.51	0.12542899805564373
1.515	0.12516260428517903
1.52	0.12489719625972907
1.525	0.12463276733517366
1.53	0.12436931092638219
1.535	0.12410682050665155
1.54	0.12384528960702633
1.545	0.12358471181575649
1.5499999999999998	0.12332508077766394
1.555	0.12306639019355754
1.5599999999999998	0.12280863381963372
1.565	0.1225518054669308
1.5699999999999998	0.12229589900070625
1.575	0.12204090833994001
1.5799999999999998	0.12178682745671035
1.585	0.12153365037564796
1.5899999999999999	0.12128137117342692
1.595	0.12102998397817977
1.5999999999999999	0.12077948296896303
1.605	0.12052986237527849
1.6099999999999999	0.12028111647647143
1.615	0.12003323960124969
1.6199999999999999	0.11978622612719379
1.625	0.1195400704802094
1.63	0.11929476713401317
1.635	0.11905031060971949
1.64	0.11880669547523903
1.645	0.11856391634486026
1.65	0.11832196787877258
1.655	0.11808084478254936
1.66	0.11784054180670833
1.665	0.11760105374623757
1.67	0.1173623754401658
1.6749999999999998	0.11712450177103202
1.68	0.11688742766452936
1.6849999999999998	0.11665114808899203
1.69	0.11641565805500464
1.6949999999999998	0.11618095261491815
1.7	0.1159470268624789
1.7049999999999998	0.11571387593235188
1.71	0.1154814949997177
1.7149999999999999	0.1152498792798997
1.72	0.11501902402787494
1.7249999999999999	0.11478892453795017
1.73	0.11455957614328229
1.7349999999999999	0.11433097421556555
1.74	0.1141031141645579
1.7449999999999999	0.11387599143776979
1.75	0.11364960152001002
1.755	0.11342393993306395
1.76	0.11319900223528678
1.765	0.11297478402124773
1.77	0.11275128092136412
1.775	0.11252848860151717
1.78	0.11230640276274252
1.785	0.11208501914081884
1.79	0.11186433350596134
1.795	0.11164434166245871
1.7999999999999998	0.11142503944833071
1.805	0.11120642273501645
1.8099999999999998	0.11098848742697741
1.815	0.11077122946143857
1.8199999999999998	0.11055464480801984
1.825	0.11033872946842917
1.8299999999999998	0.11012347947614398
1.835	0.10990889089607413
1.8399999999999999	0.10969495982428704
1.845	0.10948168238766597
1.8499999999999999	0.10926905474361709
1.855	0.1090570730797722
1.8599999999999999	0.10884573361370543
1.865	0.10863503259258826
1.8699999999999999	0.10842496629295745
1.875	0.10821553102038348
1.88	0.10800672310920995
1.885	0.10779853892225996
1.89	0.10759097485057309
1.895	0.10738402731309926
1.9	0.10717769275646744
1.905	0.10697196765468256
1.91	0.10676684850887014
1.915	0.10656233184701551
1.92	0.10635841422370816
1.9249999999999998	0.10615509221988306
1.93	0.10595236244254409
1.9349999999999998	0.10575022152454867
1.94	0.10554866612432508
1.9449999999999998	0.10534769292564763
1.95	0.1051472986373844
1.9549999999999998	0.10494747999327436
1.96	0.10474823375164517
1.9649999999999999	0.1045495566952345
1.97	0.1043514456309067
1.9749999999999999	0.10415389738946339
1.98	0.10395690882538644
1.9849999999999999	0.10376047681662356
1.99	0.10356459826437468
1.9949999999999999	0.10336927009285454
2.	0.103174489249083
2.005	0.10298025270268056
2.01	0.10278655744561731
2.015	0.10259340049206857
2.02	0.10240077887813716
2.025	0.10220868966168699
2.03	0.10201712992212474
2.035	0.10182609676021577
2.04	0.10163558729785038
2.045	0.1014455986778809
2.05	0.10125612806391583
2.0549999999999997	0.1010671726401199
2.06	0.10087872961101998
2.065	0.10069079620133133
2.07	0.10050336965576169
2.0749999999999997	0.10031644723882302
2.08	0.10013002623465732
2.085	0.09994410394685221
2.09	0.09975867769826118
2.0949999999999998	0.09957374483081124
2.1	0.09938930270536428
2.105	0.09920534870151058
2.11	0.09902188021741429
2.1149999999999998	0.09883889466963393
2.12	0.09865638949295152
2.125	0.09847436214023748
2.13	0.09829281008224189
2.135	0.09811173080746041
2.14	0.09793112182196519
2.145	0.09775098064925045
2.15	0.09757130483006
2.155	0.09739209192225448
2.16	0.09721333950065081
2.165	0.09703504515684404
2.17	0.09685720649909067
2.175	0.09667982115214442
2.18	0.09650288675711316
2.185	0.0963264009713005
2.19	0.09615036146806506
2.195	0.09597476593669946
2.1999999999999997	0.09579961208225822
2.205	0.09562489762543495
2.21	0.09545062030241132
2.215	0.09527677786473876
2.2199999999999998	0.09510336807919396
2.225	0.09493038872761796
2.23	0.09475783760683344
2.235	0.09458571252846697
2.2399999999999998	0.09441401131885312
2.245	0.09424273181887771
2.25	0.09407187188387106
2.255	0.09390142938346843
2.26	0.09373140220149459
2.265	0.09356178823581882
2.27	0.09339258539826817
2.275	0.09322379161448544
2.28	0.09305540482379403
2.285	0.09288742297910224
2.29	0.09271984404678964
2.295	0.09255266600656133
2.3	0.0923858868513585
2.305	0.0922195045872426
2.31	0.09205351723326878
2.315	0.09188792282136941
2.32	0.09172271939628232
2.3249999999999997	0.09155790501539729
2.33	0.09139347774866523
2.335	0.09122943567848707
2.34	0.09106577689961297
2.3449999999999998	0.09090249951903896
2.35	0.09073960165589492
2.355	0.09057708144133897
2.36	0.09041493701846291
2.3649999999999998	0.09025316654218975
2.37	0.09009176817917336
2.375	0.08993074010769339
2.38	0.08977008051756785
2.385	0.08960978761004171
2.39	0.08944985959770357
2.395	0.08929029470438558
2.4	0.0891310911650701
2.405	0.08897224722578276
2.41	0.08881376114352847
2.415	0.08865563118616827
2.42	0.08849785563235506
2.425	0.08834043277142248
2.43	0.08818336090330553
2.435	0.08802663833845917
2.44	0.08787026339775417
2.445	0.08771423441240803
2.4499999999999997	0.08755854972388567
2.455	0.08740320768381948
2.46	0.08724820665393009
2.465	0.08709354500593196
2.4699999999999998	0.08693922112146917
2.475	0.08678523339200862
2.48	0.08663158021877847
2.485	0.08647826001268723
2.4899999999999998	0.08632527119422921
2.495	0.08617261219342703
2.5	0.08602028144973023
2.505	0.08586827741196264
2.51	0.08571659853822321
2.515	0.0855652432958295
2.52	0.0854142101612326
2.525	0.08526349761993561
2.53	0.08511310416643754
2.535	0.08496302830414981
2.54	0.08481326854532402
2.545	0.08466382341098407
2.55	0.08451469143085137
2.555	0.08436587114327439
2.56	0.08421736109516811
2.565	0.08406915984192766
2.57	0.08392126594737902
2.5749999999999997	0.08377367798369985
2.58	0.0836263945313548
2.585	0.0834794141790274
2.59	0.08333273552355563
2.5949999999999998	0.08318635716987531
2.6	0.08304027773093596
2.605	0.08289449582765247
2.61	0.08274901008884508
2.6149999999999998	0.08260381915115632
2.62	0.082458921659005
2.625	0.08231431626451938
2.63	0.08217000162748034
2.635	0.08202597641526017
2.64	0.08188223930274471
2.645	0.08173878897230455
2.65	0.08159562411370724
2.655	0.08145274342408203
2.66	0.08131014560784354
2.665	0.08116782937664298
2.67	0.08102579344931445
2.675	0.08088403655180919
2.68	0.0807425574171412
2.685	0.08060135478534447
2.69	0.08046042740339542
2.695	0.08031977402518636
2.7	0.08017939341144564
2.705	0.0800392843296963
2.71	0.07989944555420267
2.715	0.07975987586591277
2.7199999999999998	0.07962057405241918
2.725	0.07948153890788617
2.73	0.07934276923301474
2.735	0.07920426383499271
2.7399999999999998	0.07906602152742864
2.745	0.07892804113031579
2.75	0.07879032146998005
2.755	0.0786528613790292
2.76	0.07851565969630098
2.765	0.07837871526682201
2.77	0.07824202694175512
2.775	0.07810559357834632
2.78	0.07796941403989088
2.785	0.07783348719568305
2.79	0.07769781192095603
2.795	0.07756238709685538
2.8	0.07742721161037952
2.8049999999999997	0.0772922843543398
2.81	0.0771576042273196
2.815	0.0770231701336227
2.82	0.0768889809832329
2.825	0.07675503569176934
2.83	0.07662133318044657
2.835	0.0764878723760277
2.84	0.07635465221077747
2.8449999999999998	0.0762216716224362
2.85	0.0760889295541563
2.855	0.07595642495447945
2.86	0.07582415677728291
2.8649999999999998	0.07569212398174782
2.87	0.07556032553230542
2.875	0.07542876039861567
2.88	0.07529742755551265
2.885	0.07516632598296917
2.89	0.07503545466605603
2.895	0.0749048125949098
2.9	0.07477439876468683
2.905	0.07464421217552349
2.91	0.07451425183251045
2.915	0.07438451674563852
2.92	0.0742550059297744
2.925	0.0741257184046172
2.9299999999999997	0.07399665319466014
2.935	0.07386780932916284
2.94	0.07373918584210143
2.945	0.07361078177214396
2.95	0.07348259616261316
2.955	0.07335462806144527
2.96	0.07322687652115752
2.965	0.0730993405988184
2.9699999999999998	0.07297201935600438
2.975	0.0728449118587745
2.98	0.07271801717762613
2.985	0.07259133438747055
2.9899999999999998	0.07246486256759592
2.995	0.07233860080163372
3.	0.07221254817751875
3.005	0.07208670378747553
3.01	0.0719610667279639
3.015	0.07183563609965946
3.02	0.07171041100742076
3.025	0.07158539056024875
3.03	0.07146057387126906
3.035	0.07133596005768528
3.04	0.07121154824076104
3.045	0.07108733754578368
3.05	0.07096332710203115
3.0549999999999997	0.07083951604274481
3.06	0.0707159035051006
3.065	0.07059248863017159
3.07	0.07046927056291037
3.075	0.07034624845210423
3.08	0.07022342145036406
3.085	0.07010078871407646
3.09	0.06997834940338817
3.0949999999999998	0.06985610268217264
3.1	0.06973404771799954
3.105	0.06961218368211032
3.11	0.06949050974938824
3.115	0.06936902509832862
3.12	0.0692477289110152
3.125	0.06912662037308874
3.13	0.06900569867372244
3.135	0.06888496300559394
3.14	0.06876441256485473
3.145	0.06864404655111203
3.15	0.06852386416739158
3.155	0.06840386462011906
3.16	0.06828404711909164
3.165	0.06816441087744918
3.17	0.06804495511165369
3.175	0.06792567904145774
3.1799999999999997	0.06780658188988162
3.185	0.06768766288319131
3.19	0.06756892125086603
3.195	0.06745035622557978
3.2	0.06733196704317024
3.205	0.06721375294262365
3.21	0.06709571316603763
3.215	0.06697784695860785
3.2199999999999998	0.06686015356859708
3.225	0.06674263224731408
3.23	0.06662528224908733
3.235	0.06650810283124399
3.24	0.06639109325408561
3.245	0.06627425278086231
3.25	0.06615758067775176
3.255	0.06604107621383627
3.26	0.0659247386610764
3.265	0.06580856729429278
3.27	0.06569256139113902
3.275	0.06557672023208326
3.28	0.06546104310038157
3.285	0.06534552928205664
3.29	0.06523017806587827
3.295	0.06511498874333885
3.3	0.06499996060862998
3.3049999999999997	0.06488509295862444
3.31	0.06477038509285198
3.315	0.06465583631347663
3.32	0.0645414459252788
3.325	0.06442721323563107
3.33	0.06431313755447703
3.335	0.06419921819431222
3.34	0.0640854544701604
3.3449999999999998	0.06397184569955515
3.35	0.06385839120251711
3.355	0.06374509030153538
3.36	0.06363194232154494
3.365	0.0635189465899059
3.37	0.06340610243638789
3.375	0.06329340919314232
3.38	0.06318086619468952
3.385	0.0630684727778925
3.39	0.06295622828194317
3.395	0.06284413204833625
3.4	0.06273218342085564
3.405	0.06262038174554933
3.41	0.06250872637071499
3.415	0.0623972166468754
3.42	0.06228585192676319
3.425	0.06217463156530174
3.4299999999999997	0.0620635549195809
3.435	0.06195262134884438
3.44	0.061841830214467645
3.445	0.06173118087993895
3.45	0.06162067271083932
3.455	0.06151030507483091
3.46	0.06140007734162677
3.465	0.061289988882982926
3.4699999999999998	0.061180039072674684
3.475	0.061070227286477194
3.48	0.060960552902152604
3.485	0.0608510152994266
3.49	0.060741613859972864
3.495	0.06063234796739474
3.5	0.060523217007205324
3.505	0.06041422036681362
3.51	0.06030535743550253
3.515	0.06019662760441304
3.52	0.060088030266529154
3.525	0.05997956481665136
3.53	0.05987123065139392
3.535	0.05976302716914977
3.54	0.05965495377008875
3.545	0.059547009856132184
3.55	0.05943919483093465
3.5549999999999997	0.05933150809987163
3.56	0.05922394907001694
3.565	0.059116517150133954
3.5700000000000003	0.05900921175064746
3.575	0.05890203228363553
3.58	0.05879497816280862
3.585	0.05868804880349285
3.59	0.0585812436226169
3.5949999999999998	0.058474562038688026
3.5999999999999996	0.05836800347178572
3.605	0.05826156734352776
3.61	0.0581552530770764
3.615	0.05804906009710452
3.62	0.057942987829784943
3.625	0.05783703570277562
3.63	0.057731203145199944
3.635	0.05762548958762915
3.6399999999999997	0.057519894462073944
3.645	0.057414417201958126
3.65	0.05730905724211155
3.6550000000000002	0.05720381401874341
3.66	0.05709868696943198
3.665	0.05699367553311939
3.67	0.056888779150069936
3.675	0.05678399726187923
3.6799999999999997	0.05667932931143971
3.685	0.056574774742936124
3.69	0.056470333001826314
3.6950000000000003	0.05636600353482672
3.7	0.05626178578988691
3.705	0.05615767921618904
3.71	0.056053683264118546
3.715	0.05594979738525746
3.7199999999999998	0.055846021032360776
3.7249999999999996	0.05574235365935196
3.73	0.055638794721292906
3.735	0.055535343674376875
3.74	0.05543199997591155
3.745	0.05532876308430511
3.75	0.05522563245904521
3.755	0.055122607560686085
3.76	0.055019687850835115
3.7649999999999997	0.054916872792132615
3.77	0.054814161848237786
3.775	0.054711554483820625
3.7800000000000002	0.05460905016452702
3.785	0.05450664835698681
3.79	0.05440434852878255
3.795	0.05430215014843823
3.8	0.054200052685399236
3.8049999999999997	0.05409805561003324
3.81	0.053996158393582065
3.815	0.05389436050818779
3.8200000000000003	0.05379266142683951
3.825	0.05369106062338344
3.83	0.05358955757249127
3.835	0.05348815174965423
3.84	0.05338684263116365
3.8449999999999998	0.05328562969409097
3.8499999999999996	0.053184512416283886
3.855	0.053083490276340344
3.86	0.05298256275359283
3.865	0.052881729328096996
3.87	0.052780989480617525
3.875	0.052680342692610356
3.88	0.0525797884461973
3.885	0.052479326224167545
3.8899999999999997	0.0523789555099517
3.895	0.05227867578760173
3.9	0.052178486541790484
3.9050000000000002	0.05207838725777786
3.91	0.05197837742139978
3.915	0.05187845651907353
3.92	0.05177862403774656
3.925	0.05167887946489974
3.9299999999999997	0.05157922228853998
3.935	0.051479651997157164
3.94	0.051380168079743896
3.9450000000000003	0.0512807700257421
3.95	0.05118145732505481
3.955	0.05108222946801746
3.96	0.05098308594538037
3.965	0.05088402624830386
3.9699999999999998	0.0507850498683235
3.9749999999999996	0.05068615629735495
3.98	0.050587345027657785
3.985	0.050488615551833795
3.99	0.05038996736280008
3.995	0.05029139995378009
4.	0.050192912818286195
4.005	0.05009450545009363
4.01	0.04999617734323419
4.015	0.0498979279919799
4.02	0.04979975689081221
4.025	0.049701663534425254
4.03	0.04960364741769425
4.035	0.04950570803566021
4.04	0.04940784488352126
4.045	0.04931005745659853
4.05	0.04921234525034579
4.055	0.049114707760299706
4.0600000000000005	0.04901714448208687
4.0649999999999995	0.04891965491139714
4.07	0.048822238543969006
4.075	0.048724894875563765
4.08	0.04862762340195651
4.085	0.04853042361891576
4.09	0.048433295022188974
4.095	0.04833623710747276
4.1	0.04823924937040501
4.105	0.048142331306552905
4.109999999999999	0.04804548241136881
4.115	0.04794870218021033
4.12	0.04785199010827621
4.125	0.04775534569063718
4.13	0.047658768422167465
4.135	0.047562257797568105
4.14	0.047465813311321624
4.145	0.04736943445767795
4.15	0.047273120730653415
4.155	0.047176871623984706
4.16	0.0470806866311186
4.165	0.046984565245204724
4.17	0.04688850695905772
4.175	0.046792511265156364
4.18	0.04669657765559818
4.1850000000000005	0.04660070562210072
4.1899999999999995	0.046504894655984695
4.195	0.04640914424813487
4.2	0.0463134538889794
4.205	0.046217823068493015
4.21	0.046122251276157225
4.215	0.046026738000935256
4.22	0.04593128273127138
4.225	0.04583588495504805
4.23	0.045740544159572676
4.234999999999999	0.04564525983156376
4.24	0.04555003145711834
4.245	0.04545485852168904
4.25	0.04535974051008043
4.255	0.04526467690639849
4.26	0.045169667194047435
4.265	0.045074710855701285
4.27	0.044979807373283685
4.275	0.044884956227949586
4.28	0.044790156900040144
4.285	0.04469540886908
4.29	0.044600711613755235
4.295	0.04450606461187298
4.3	0.044411467340353165
4.305	0.04431691927518968
4.3100000000000005	0.04422241989144387
4.3149999999999995	0.044127968663193295
4.32	0.04403356506354507
4.325	0.043939208564569086
4.33	0.04384489863730377
4.335	0.04375063475170981
4.34	0.043656416376656376
4.345	0.04356224297989208
4.35	0.04346811402802104
4.355	0.04337402898646161
4.359999999999999	0.0432799873194448
4.365	0.04318598848996129
4.37	0.043092031959749734
4.375	0.04299811718926558
4.38	0.04290424363765077
4.385	0.04281041076270497
4.39	0.042716618020858375
4.395	0.04262286486714445
4.4	0.042529150755169186
4.405	0.042435475137076586
4.41	0.042341837463523886
4.415	0.04224823718365892
4.42	0.0421546737450678
4.425	0.04206114659376513
4.43	0.041967655174155453
4.4350000000000005	0.0418741989289937
4.4399999999999995	0.041780777299363234
4.445	0.04168738972464856
4.45	0.041594035642484796
4.455	0.04150071448873455
4.46	0.041407425697461225
4.465	0.04131416870087751
4.47	0.04122094292933271
4.475	0.04112774781125569
4.48	0.04103458277313668
4.484999999999999	0.04094144723948591
4.49	0.040848340632797304
4.495	0.04075526237350355
4.5	0.04066221187996893
4.505	0.04056918856840678
4.51	0.040476191852878804
4.515	0.040383221145236396
4.52	0.040290275855101844
4.525	0.040197355389802354
4.53	0.0401044591543494
4.535	0.040011586551391316
4.54	0.03991873698118046
4.545	0.03982590984151993
4.55	0.03973310452773278
4.555	0.03964032043260513
4.5600000000000005	0.039547556946364505
4.5649999999999995	0.039454813456607146
4.57	0.03936208934829222
4.575	0.0392693840036584
4.58	0.03917669680219866
4.585	0.039084027120625274
4.59	0.03899137433278782
4.595000000000001	0.038898737809656844
4.6	0.038806116919272556
4.605	0.03871351102668257
4.609999999999999	0.03862091949389755
4.615	0.038528341679859954
4.62	0.038435776940345064
4.625	0.03834322462798405
4.63	0.038250684092130505
4.635	0.03815815467886842
4.640000000000001	0.038065635730930164
4.645	0.03797312658764387
4.65	0.037880626584890324
4.654999999999999	0.037788135055040514
4.66	0.03769565132688282
4.665	0.037603174725597904
4.67	0.03751070457266484
4.675	0.03741824018582075
4.68	0.03732578087902311
4.6850000000000005	0.03723332596232725
4.6899999999999995	0.037140874741877335
4.695	0.03704842651983485
4.7	0.036955980594282845
4.705	0.036863536259206034
4.71	0.03677109280437657
4.715	0.03667864951534553
4.720000000000001	0.03658620567329504
4.725	0.03649376055506299
4.73	0.03640131343299143
4.734999999999999	0.03630886357489534
4.74	0.03621641024398667
4.745	0.036123952698789805
4.75	0.03603149019307037
4.755	0.03593902197576383
4.76	0.03584654729088904
4.765000000000001	0.03575406537748367
4.77	0.03566157546950093
4.775	0.03556907679575563
4.779999999999999	0.035476568579800916
4.785	0.03538405003990347
4.79	0.035291520388897504
4.795	0.03519897883412513
4.8	0.035106424577363786
4.805	0.03501385681468883
4.8100000000000005	0.03492127473642799
4.8149999999999995	0.03482867752705467
4.82	0.03473606436507113
4.825	0.03464343442293261
4.83	0.03455078686694999
4.835	0.034458120857173716
4.84	0.03436543554731875
4.845000000000001	0.03427273008461566
4.85	0.03418000360975613
4.855	0.03408725525673875
4.859999999999999	0.033994484152800875
4.865	0.03390168941827714
4.87	0.03380887016649172
4.875	0.03371602550366073
4.88	0.033623154528734385
4.885	0.0335302563333209
4.890000000000001	0.033437330001538916
4.895	0.03334437460989029
4.9	0.033251389227156224
4.904999999999999	0.03315837291423354
4.91	0.0330653247240358
4.915	0.03297224370133772
4.92	0.032879128882625175
4.925	0.03278597929599803
4.93	0.03269279396100316
4.9350000000000005	0.032599571888462554
4.9399999999999995	0.03250631208036846
4.945	0.03241301352971558
4.95	0.032319675220338635
4.955	0.03222629612675442
4.96	0.03213287521402184
4.965	0.03203941143755655
4.970000000000001	0.031945903742968414
4.975	0.0318523510659018
4.98	0.03175875233183879
4.984999999999999	0.03166510645594038
4.99	0.031571412342878045
4.995	0.031477668886605595
5.	0.03138387497020622
5.005	0.031290029465681386
5.01	0.031196131233770352
5.015000000000001	0.031102179123733642
5.02	0.031008171973147418
5.025	0.03091410860771675
5.029999999999999	0.030819987841016035
5.035	0.03072580847430744
5.04	0.03063156929631916
5.045	0.030537269082981384
5.05	0.030442906597223984
5.055	0.030348480588733004
5.0600000000000005	0.03025398979368098
5.0649999999999995	0.030159432934519097
5.07	0.03006480871968343
5.075	0.029970115843356057
5.08	0.02987535298517659
5.085	0.029780518810001436
5.09	0.029685611967589842
5.095000000000001	0.029590631092338473
5.1	0.02949557480299313
5.105	0.02940044170230926
5.109999999999999	0.029305230376801734
5.115	0.029209939396394824
5.12	0.02911456731410457
5.125	0.02901911266572096
5.13	0.0289235739694585
5.135	0.02882794972561893
5.14	0.028732238416237017
5.145	0.028636438504715145
5.15	0.02854054843545872
5.155	0.028444566633474014
5.16	0.028348491504015385
5.165	0.02825232143216295
5.17	0.028156054782398264
5.175	0.02805968989822078
5.18	0.027963225101699022
5.185	0.027866658693008896
5.19	0.027769988950028787
5.195	0.02767321412782472
5.2	0.027576332458208563
5.205	0.027479342149231235
5.21	0.02738224138468905
5.215	0.027285028323598446
5.22	0.027187701099686462
5.225	0.027090257820828273
5.23	0.026992696568496437
5.235	0.02689501539719398
5.24	0.02679721233385203
5.245	0.026699285377238705
5.25	0.02660123249733894
5.255	0.026503051634698776
5.26	0.026404740699787307
5.265	0.026306297572306944
5.27	0.02620772010051683
5.275	0.02610900610050818
5.28	0.02601015335546719
5.285	0.025911159614926356
5.29	0.025812022593985552
5.295	0.02571273997250731
5.3	0.025613309394308937
5.305	0.025513728466293698
5.31	0.025413994757583498
5.315	0.025314105798633964
5.32	0.025214059080297068
5.325	0.025113852052853238
5.33	0.025013482125059446
5.335	0.024912946663105805
5.34	0.024812242989575996
5.345	0.02471136838238594
5.35	0.02461032007365116
5.355	0.02450909524854558
5.36	0.024407691044123898
5.365	0.02430610454809144
5.37	0.024204332797544133
5.375	0.024102372777669197
5.38	0.024000221420393857
5.385	0.023897875602996433
5.39	0.023795332146672437
5.395	0.02369258781504628
5.4	0.023589639312649204
5.405	0.023486483283296396
5.41	0.023383116308493553
5.415	0.023279534905698892
5.42	0.023175735526583197
5.425	0.023071714555204383
5.43	0.02296746830613463
5.435	0.02286299302248591
5.44	0.022758284873909736
5.445	0.022653339954498093
5.45	0.022548154280593962
5.455	0.022442723788560992
5.46	0.022337044332445825
5.465	0.022231111681537276
5.47	0.022124921517873774
5.475	0.02201846943361815
5.48	0.021911750928357294
5.485	0.02180476140627258
5.49	0.02169749617322995
5.495	0.021589950433733518
5.5	0.021482119287754713
5.505	0.0213739977274611
5.51	0.02126558063377059
5.515	0.021156862772817916
5.52	0.021047838792215934
5.525	0.020938503217225974
5.53	0.02082885044670004
5.535	0.020718874748912125
5.54	0.02060857025716394
5.545	0.02049793096523325
5.55	0.0203869507226055
5.555	0.020275623229506125
5.56	0.020163942031702686
5.565	0.020051900515076816
5.57	0.019939491899961435
5.575	0.01982670923519735
5.58	0.019713545391933842
5.585	0.019599993057130324
5.59	0.019486044726752822
5.595	0.019371692698641304
5.6	0.019256929065049545
5.605	0.01914174570479546
5.61	0.019026134275051433
5.615	0.01891008620270272
5.62	0.018793592675286293
5.625	0.018676644631464373
5.63	0.018559232750998914
5.635	0.018441347444215606
5.64	0.01832297884090973
5.645	0.01820411677865003
5.65	0.018084750790468306
5.655	0.01796487009186123
5.66	0.017844463567083125
5.665	0.017723519754670233
5.67	0.017602026832139406
5.675	0.017479972599817088
5.68	0.01735734446372315
5.6850000000000005	0.017234129417445614
5.69	0.017110314022940908
5.695	0.016985884390166052
5.7	0.016860826155472523
5.705	0.016735124458647877
5.71	0.016608763918518052
5.715	0.016481728606996142
5.72	0.01635400202143842
5.725	0.016225567055195372
5.73	0.016096405966199136
5.735	0.01596650034341573
5.74	0.01583583107100252
5.745	0.0157043782899671
5.75	0.015572121357099306
5.755	0.015439038800962026
5.76	0.015305108274654545
5.765	0.015170306505062918
5.77	0.015034609238293719
5.775	0.014897991180884598
5.78	0.014760425936456397
5.785	0.014621885937287924
5.79	0.0144823423703787
5.795	0.014341765097403534
5.8	0.014200122567950073
5.805	0.014057381725321956
5.8100000000000005	0.01391350790415529
5.815	0.013768464718894426
5.82	0.013622213942162746
5.825	0.013474715371903373
5.83	0.013325926685919833
5.835	0.013175803282399779
5.84	0.01302429810473119
5.845	0.012871361448603671
5.85	0.012716940749259012
5.855	0.0125609803462905
5.86	0.012403421222995701
5.865	0.012244200716897588
5.87	0.012083252197427579
5.875	0.01192050470602704
5.88	0.0117558825533489
5.885	0.011589304866913081
5.89	0.011420685081734315
5.895	0.011249930364894382
5.9	0.011076940963097574
5.905	0.010901609460491792
5.91	0.010723819931007851
5.915	0.010543446966366799
5.92	0.01036035455677258
5.925	0.010174394796055313
5.93	0.009985406376321644
5.9350000000000005	0.009793212828859286
5.94	0.009597620456975431
5.945	0.00939841589213021
5.95	0.009195363186099904
5.955	0.008988200326609755
5.96	0.008776635030457782
5.965	0.008560339622305667
5.97	0.008338944743705575
5.975	0.008112031548733734
5.98	0.007879121916006987
5.985	0.007639666023805663
5.99	0.0073930263652681434
5.995	0.007138456871543004
6.	0.006875075179475842
6.005	0.006601825074560369
6.01	0.006317424489051204
6.015	0.006020291626069371
6.02	0.005708436791794008
6.025	0.005379298215798351
6.03	0.00502948173145365
6.035	0.004654325021577571
6.04	0.004247115884877641
6.045	0.0037975546921016523
6.05	0.0032883135073977525
6.055	0.0026856517032187426
6.0600000000000005	0.0019027767155518319
6.065	0.00019101781779629027
6.07	0.
6.075	0.
6.08	0.
6.085	0.
6.09	0.
6.095	0.
6.1	0.
6.105	0.
6.11	0.
6.115	0.
6.12	0.
6.125	0.
6.13	0.
6.135	0.
6.140000000000001	0.
6.145	0.
6.15	0.
6.155	0.
6.16	0.
6.165	0.
6.17	0.
6.175	0.
6.18	0.
6.1850000000000005	0.
6.1899999999999995	0.
6.195	0.
6.2	0.
6.205	0.
6.21	0.
6.215	0.
6.22	0.
6.225	0.
6.23	0.
6.235	0.
6.24	0.
6.245	0.
6.25	0.
6.255	0.
6.26	0.
6.265000000000001	0.
6.27	0.
6.275	0.
6.28	0.
6.285	0.
6.29	0.
6.295	0.
6.3	0.
6.305	0.
6.3100000000000005	0.
6.3149999999999995	0.
6.32	0.
6.325	0.
6.33	0.
6.335	0.
6.34	0.
6.345	0.
6.35	0.
6.355	0.
6.36	0.
6.365	0.
6.37	0.
6.375	0.
6.38	0.
6.385	0.
6.390000000000001	0.
6.395	0.
6.4	0.
6.405	0.
6.41	0.
6.415	0.
6.42	0.
6.425	0.
6.43	0.
6.4350000000000005	0.
6.4399999999999995	0.
6.445	0.
6.45	0.
6.455	0.
6.46	0.
6.465	0.
6.47	0.
6.475	0.
6.48	0.
6.485	0.
6.49	0.
6.495	0.
6.5	0.
6.505	0.
6.51	0.
6.515000000000001	0.
6.52	0.
6.525	0.
6.53	0.
6.535	0.
6.54	0.
6.545	0.
6.55	0.
6.555	0.
6.5600000000000005	0.
6.5649999999999995	0.
6.57	0.
6.575	0.
6.58	0.
6.585	0.
6.59	0.
6.595	0.
6.6	0.
6.605	0.
6.61	0.
6.615	0.
6.62	0.
6.625	0.
6.63	0.
6.635	0.
6.640000000000001	0.
6.645	0.
6.65	0.
6.655	0.
6.66	0.
6.665	0.
6.67	0.
6.675	0.
6.68	0.
6.6850000000000005	0.
6.6899999999999995	0.
6.695	0.
6.7	0.
6.705	0.
6.71	0.
6.715	0.
6.72	0.
6.725	0.
6.73	0.
6.735	0.
6.74	0.
6.745	0.
6.75	0.
6.755	0.
6.76	0.
6.765000000000001	0.
6.77	0.
6.775	0.
6.78	0.
6.785	0.
6.79	0.
6.795	0.
6.8	0.
6.805	0.
6.8100000000000005	0.
6.8149999999999995	0.
6.82	0.
6.825	0.
6.83	0.
6.835	0.
6.84	0.
6.845	0.
6.85	0.
6.855	0.
6.86	0.
6.865	0.
6.87	0.
6.875	0.
6.88	0.
6.885	0.
6.890000000000001	0.
6.895	0.
6.9	0.
6.905	0.
6.91	0.
6.915	0.
6.92	0.
6.925	0.
6.93	0.
6.9350000000000005	0.
6.9399999999999995	0.
6.945	0.
6.95	0.
6.955	0.
6.96	0.
6.965	0.
6.97	0.
6.975	0.
6.98	0.
6.985	0.
6.99	0.
6.995	0.
7.	0.
7.005	0.
7.01	0.
7.015000000000001	0.
7.02	0.
7.025	0.
7.03	0.
7.035	0.
7.04	0.
7.045	0.
7.05	0.
7.055	0.
7.0600000000000005	0.
7.0649999999999995	0.
7.07	0.
7.075	0.
7.08	0.
7.085	0.
7.09	0.
7.095	0.
7.1	0.
7.105	0.
7.11	0.
7.115	0.
7.12	0.
7.125	0.
7.13	0.
7.135	0.
7.140000000000001	0.
7.145	0.
7.15	0.
7.155	0.
7.16	0.
7.165	0.
7.17	0.
7.175	0.
7.18	0.
7.1850000000000005	0.
7.1899999999999995	0.
7.195	0.
7.2	0.
7.205	0.
7.21	0.
7.215	0.
7.220000000000001	0.
7.225	0.
7.23	0.
7.234999999999999	0.
7.24	0.
7.245	0.
7.25	0.
7.255	0.
7.26	0.
7.265000000000001	0.
7.27	0.
7.275	0.
7.28	0.
7.285	0.
7.29	0.
7.295	0.
7.300000000000001	0.
7.305	0.
7.3100000000000005	0.
7.3149999999999995	0.
7.32	0.
7.325	0.
7.33	0.
7.335	0.
7.34	0.
7.345000000000001	0.
7.35	0.
7.355	0.
7.359999999999999	0.
7.365	0.
7.37	0.
7.375	0.
7.38	0.
7.385	0.
7.390000000000001	0.
7.395	0.
7.4	0.
7.405	0.
7.41	0.
7.415	0.
7.42	0.
7.425000000000001	0.
7.43	0.
7.4350000000000005	0.
7.4399999999999995	0.
7.445	0.
7.45	0.
7.455	0.
7.46	0.
7.465	0.
7.470000000000001	0.
7.475	0.
7.48	0.
7.484999999999999	0.
7.49	0.
7.495	0.
7.5	0.
7.505	0.
7.51	0.
7.515000000000001	0.
7.52	0.
7.525	0.
7.53	0.
7.535	0.
7.54	0.
7.545	0.
7.550000000000001	0.
7.555	0.
7.5600000000000005	0.
7.5649999999999995	0.
7.57	0.
7.575	0.
7.58	0.
7.585	0.
7.59	0.
7.595000000000001	0.
7.6	0.
7.605	0.
7.609999999999999	0.
7.615	0.
7.62	0.
7.625	0.
7.63	0.
7.635	0.
7.640000000000001	0.
7.645	0.
7.65	0.
7.655	0.
7.66	0.
7.665	0.
7.67	0.
7.675000000000001	0.
7.68	0.
7.685	0.
7.6899999999999995	0.
7.694999999999999	0.
7.699999999999999	0.
7.704999999999999	0.
7.71	0.
7.715	0.
7.72	0.
7.725	0.
7.7299999999999995	0.
7.734999999999999	0.
7.739999999999999	0.
7.744999999999999	0.
7.75	0.
7.755	0.
7.76	0.
7.765	0.
7.77	0.
7.7749999999999995	0.
7.779999999999999	0.
7.784999999999999	0.
7.79	0.
7.795	0.
7.8	0.
7.805	0.
7.81	0.
7.8149999999999995	0.
7.819999999999999	0.
7.824999999999999	0.
7.829999999999999	0.
7.835	0.
7.84	0.
7.845	0.
7.85	0.
7.8549999999999995	0.
7.859999999999999	0.
7.864999999999999	0.
7.869999999999999	0.
7.875	0.
7.88	0.
7.885	0.
7.89	0.
7.895	0.
7.8999999999999995	0.
7.904999999999999	0.
7.909999999999999	0.
7.915	0.
7.92	0.
7.925	0.
7.93	0.
7.935	0.
7.9399999999999995	0.
7.944999999999999	0.
7.949999999999999	0.
7.955	0.
7.96	0.
7.965	0.
7.97	0.
7.975	0.
7.9799999999999995	0.
7.984999999999999	0.
7.989999999999999	0.
7.994999999999999	0.
8.	0.
8.004999999999999	0.
8.01	0.
8.014999999999999	0.
8.02	0.
8.025	0.
8.03	0.
8.035	0.
8.04	0.
8.045	0.
8.049999999999999	0.
8.055	0.
8.059999999999999	0.
8.065	0.
8.07	0.
8.075	0.
8.08	0.
8.084999999999999	0.
8.09	0.
8.094999999999999	0.
8.1	0.
8.105	0.
8.11	0.
8.115	0.
8.12	0.
8.125	0.
8.129999999999999	0.
8.135	0.
8.139999999999999	0.
8.145	0.
8.15	0.
8.155	0.
8.16	0.
8.165	0.
8.17	0.
8.174999999999999	0.
8.18	0.
8.184999999999999	0.
8.19	0.
8.195	0.
8.2	0.
8.205	0.
8.209999999999999	0.
8.215	0.
8.219999999999999	0.
8.225	0.
8.23	0.
8.235	0.
8.24	0.
8.245	0.
8.25	0.
8.254999999999999	0.
8.26	0.
8.264999999999999	0.
8.27	0.
8.275	0.
8.28	0.
8.285	0.
8.29	0.
8.295	0.
8.299999999999999	0.
8.305	0.
8.309999999999999	0.
8.315	0.
8.32	0.
8.325	0.
8.33	0.
8.334999999999999	0.
8.34	0.
8.344999999999999	0.
8.35	0.
8.355	0.
8.36	0.
8.365	0.
8.37	0.
8.375	0.
8.379999999999999	0.
8.385	0.
8.389999999999999	0.
8.395	0.
8.4	0.
8.405	0.
8.41	0.
8.415	0.
8.42	0.
8.424999999999999	0.
8.43	0.
8.434999999999999	0.
8.44	0.
8.445	0.
8.45	0.
8.455	0.
8.459999999999999	0.
8.465	0.
8.469999999999999	0.
8.475	0.
8.48	0.
8.485	0.
8.49	0.
8.495	0.
8.5	0.
8.504999999999999	0.
8.51	0.
8.515	0.
8.52	0.
8.525	0.
8.53	0.
8.535	0.
8.54	0.
8.545	0.
8.549999999999999	0.
8.555	0.
8.559999999999999	0.
8.565	0.
8.57	0.
8.575	0.
8.58	0.
8.584999999999999	0.
8.59	0.
8.594999999999999	0.
8.6	0.
8.605	0.
8.61	0.
8.615	0.
8.62	0.
8.625	0.
8.629999999999999	0.
8.635	0.
8.64	0.
8.645	0.
8.65	0.
8.655	0.
8.66	0.
8.665	0.
8.67	0.
8.674999999999999	0.
8.68	0.
8.684999999999999	0.
8.69	0.
8.695	0.
8.7	0.
8.705	0.
8.709999999999999	0.
8.715	0.
8.719999999999999	0.
8.725	0.
8.73	0.
8.735	0.
8.74	0.
8.745	0.
8.75	0.
8.754999999999999	0.
8.76	0.
8.765	0.
8.77	0.
8.775	0.
8.78	0.
8.785	0.
8.79	0.
8.795	0.
8.799999999999999	0.
8.805	0.
8.809999999999999	0.
8.815	0.
8.82	0.
8.825	0.
8.83	0.
8.834999999999999	0.
8.84	0.
8.844999999999999	0.
8.85	0.
8.855	0.
8.86	0.
8.865	0.
8.87	0.
8.875	0.
8.879999999999999	0.
8.885	0.
8.89	0.
8.895	0.
8.9	0.
8.905	0.
8.91	0.
8.915	0.
8.92	0.
8.924999999999999	0.
8.93	0.
8.934999999999999	0.
8.94	0.
8.945	0.
8.95	0.
8.955	0.
8.959999999999999	0.
8.965	0.
8.969999999999999	0.
8.975	0.
8.98	0.
8.985	0.
8.99	0.
8.995	0.
9.	0.
9.004999999999999	0.
9.01	0.
9.015	0.
9.02	0.
9.025	0.
9.03	0.
9.035	0.
9.04	0.
9.045	0.
9.049999999999999	0.
9.055	0.
9.059999999999999	0.
9.065	0.
9.07	0.
9.075	0.
9.08	0.
9.084999999999999	0.
9.09	0.
9.094999999999999	0.
9.1	0.
9.105	0.
9.11	0.
9.115	0.
9.12	0.
9.125	0.
9.129999999999999	0.
9.135	0.
9.14	0.
9.145	0.
9.15	0.
9.155	0.
9.16	0.
9.165	0.
9.17	0.
9.174999999999999	0.
9.18	0.
9.184999999999999	0.
9.19	0.
9.195	0.
9.2	0.
9.205	0.
9.209999999999999	0.
9.215	0.
9.219999999999999	0.
9.225	0.
9.23	0.
9.235	0.
9.24	0.
9.245	0.
9.25	0.
9.254999999999999	0.
9.26	0.
9.265	0.
9.27	0.
9.275	0.
9.28	0.
9.285	0.
9.29	0.
9.295	0.
9.299999999999999	0.
9.305	0.
9.309999999999999	0.
9.315	0.
9.32	0.
9.325	0.
9.33	0.
9.334999999999999	0.
9.34	0.
9.344999999999999	0.
9.35	0.
9.355	0.
9.36	0.
9.365	0.
9.37	0.
9.375	0.
9.379999999999999	0.
9.385	0.
9.39	0.
9.395	0.
9.4	0.
9.405	0.
9.41	0.
9.415	0.
9.42	0.
9.424999999999999	0.
9.43	0.
9.434999999999999	0.
9.44	0.
9.445	0.
9.45	0.
9.455	0.
9.459999999999999	0.
9.465	0.
9.469999999999999	0.
9.475	0.
9.48	0.
9.485	0.
9.49	0.
9.495	0.
9.5	0.
9.504999999999999	0.
9.51	0.
9.515	0.
9.52	0.
9.525	0.
9.53	0.
9.535	0.
9.54	0.
9.545	0.
9.549999999999999	0.
9.555	0.
9.559999999999999	0.
9.565	0.
9.57	0.
9.575	0.
9.58	0.
9.584999999999999	0.
9.59	0.
9.594999999999999	0.
9.6	0.
9.605	0.
9.61	0.
9.615	0.
9.62	0.
9.625	0.
9.629999999999999	0.
9.635	0.
9.64	0.
9.645	0.
9.65	0.
9.655	0.
9.66	0.
9.665	0.
9.67	0.
9.674999999999999	0.
9.68	0.
9.684999999999999	0.
9.69	0.
9.695	0.
9.7	0.
9.705	0.
9.709999999999999	0.
9.715	0.
9.719999999999999	0.
9.725	0.
9.73	0.
9.735	0.
9.74	0.
9.745	0.
9.75	0.
9.754999999999999	0.
9.76	0.
9.765	0.
9.77	0.
9.774999999999999	0.
9.78	0.
9.785	0.
9.79	0.
9.795	0.
9.8	0.
9.805	0.
9.809999999999999	0.
9.815	0.
9.82	0.
9.825	0.
9.83	0.
9.834999999999999	0.
9.84	0.
9.844999999999999	0.
9.85	0.
9.855	0.
9.86	0.
9.865	0.
9.87	0.
9.875	0.
9.879999999999999	0.
9.885	0.
9.89	0.
9.895	0.
9.899999999999999	0.
9.905	0.
9.91	0.
9.915	0.
9.92	0.
9.925	0.
9.93	0.
9.934999999999999	0.
9.94	0.
9.945	0.
9.95	0.
9.955	0.
9.959999999999999	0.
9.965	0.
9.969999999999999	0.
9.975	0.
9.98	0.
9.985	0.
9.99	0.
9.995	0.
10.	0.
10.004999999999999	0.
10.01	0.
10.015	0.
10.02	0.
10.024999999999999	0.
10.03	0.
10.035	0.
10.04	0.
10.045	0.
10.05	0.
10.055	0.
10.059999999999999	0.
10.065	0.
10.07	0.
10.075	0.
10.08	0.
10.084999999999999	0.
10.09	0.
10.094999999999999	0.
10.1	0.
10.105	0.
10.11	0.
10.115	0.
10.12	0.
10.125	0.
10.129999999999999	0.
10.135	0.
10.14	0.
10.145	0.
10.149999999999999	0.
10.155	0.
10.16	0.
10.165	0.
10.17	0.
10.175	0.
10.18	0.
10.184999999999999	0.
10.19	0.
10.195	0.
10.2	0.
10.205	0.
10.209999999999999	0.
10.215	0.
10.219999999999999	0.
10.225	0.
10.23	0.
10.235	0.
10.24	0.
10.245000000000001	0.
10.250000000000002	0.
10.255	0.
10.260000000000002	0.
10.265	0.
10.270000000000001	0.
10.275	0.
10.280000000000001	0.
10.285	0.
10.290000000000001	0.
10.295000000000002	0.
10.3	0.
10.305000000000001	0.
10.31	0.
10.315000000000001	0.
10.32	0.
10.325000000000001	0.
10.330000000000002	0.
10.335	0.
10.340000000000002	0.
10.345	0.
10.350000000000001	0.
10.355	0.
10.360000000000001	0.
10.365	0.
10.370000000000001	0.
10.375000000000002	0.
10.38	0.
10.385000000000002	0.
10.39	0.
10.395000000000001	0.
10.4	0.
10.405000000000001	0.
10.41	0.
10.415000000000001	0.
10.420000000000002	0.
10.425	0.
10.430000000000001	0.
10.435	0.
10.440000000000001	0.
10.445	0.
10.450000000000001	0.
10.455000000000002	0.
10.46	0.
10.465000000000002	0.
10.47	0.
10.475000000000001	0.
10.48	0.
10.485000000000001	0.
10.49	0.
10.495000000000001	0.
10.500000000000002	0.
10.505	0.
10.510000000000002	0.
10.515	0.
10.520000000000001	0.
10.525	0.
10.530000000000001	0.
10.535	0.
10.540000000000001	0.
10.545000000000002	0.
10.55	0.
10.555000000000001	0.
10.56	0.
10.565000000000001	0.
10.57	0.
10.575000000000001	0.
10.580000000000002	0.
10.585	0.
10.590000000000002	0.
10.595	0.
10.600000000000001	0.
10.605	0.
10.610000000000001	0.
10.615	0.
10.620000000000001	0.
10.625000000000002	0.
10.63	0.
10.635000000000002	0.
10.64	0.
10.645000000000001	0.
10.65	0.
10.655000000000001	0.
10.66	0.
10.665000000000001	0.
10.670000000000002	0.
10.675	0.
10.680000000000001	0.
10.685	0.
10.690000000000001	0.
10.695	0.
10.700000000000001	0.
10.705000000000002	0.
10.71	0.
10.715000000000002	0.
10.72	0.
10.725000000000001	0.
10.73	0.
10.735000000000001	0.
10.74	0.
10.745000000000001	0.
10.750000000000002	0.
10.755	0.
10.760000000000002	0.
10.765	0.
10.770000000000001	0.
10.775	0.
10.780000000000001	0.
10.785	0.
10.790000000000001	0.
10.795000000000002	0.
10.8	0.
10.805000000000001	0.
10.81	0.
10.815000000000001	0.
10.82	0.
10.825000000000001	0.
10.830000000000002	0.
10.835	0.
10.840000000000002	0.
10.845	0.
10.850000000000001	0.
10.855	0.
10.860000000000001	0.
10.865	0.
10.870000000000001	0.
10.875000000000002	0.
10.88	0.
10.885000000000002	0.
10.89	0.
10.895000000000001	0.
10.9	0.
10.905000000000001	0.
10.91	0.
10.915000000000001	0.
10.920000000000002	0.
10.925	0.
10.930000000000001	0.
10.935	0.
10.940000000000001	0.
10.945	0.
10.950000000000001	0.
10.955000000000002	0.
10.96	0.
10.965000000000002	0.
10.97	0.
10.975000000000001	0.
10.98	0.
10.985000000000001	0.
10.99	0.
10.995000000000001	0.
11.000000000000002	0.
11.005	0.
11.010000000000002	0.
11.015	0.
11.020000000000001	0.
11.025	0.
11.030000000000001	0.
11.035	0.
11.040000000000001	0.
11.045000000000002	0.
11.05	0.
11.055000000000001	0.
11.06	0.
11.065000000000001	0.
11.07	0.
11.075000000000001	0.
11.080000000000002	0.
11.085	0.
11.090000000000002	0.
11.095	0.
11.100000000000001	0.
11.105	0.
11.110000000000001	0.
11.115	0.
11.120000000000001	0.
11.125000000000002	0.
11.13	0.
11.135000000000002	0.
11.14	0.
11.145000000000001	0.
11.15	0.
11.155000000000001	0.
11.16	0.
11.165000000000001	0.
11.170000000000002	0.
11.175	0.
11.180000000000001	0.
11.185	0.
11.190000000000001	0.
11.195	0.
11.200000000000001	0.
11.205000000000002	0.
11.21	0.
11.215000000000002	0.
11.22	0.
11.225000000000001	0.
11.23	0.
11.235000000000001	0.
11.24	0.
11.245000000000001	0.
11.250000000000002	0.
11.255	0.
11.260000000000002	0.
11.265	0.
11.270000000000001	0.
11.275	0.
11.280000000000001	0.
11.285	0.
11.290000000000001	0.
11.295000000000002	0.
11.3	0.
11.305000000000001	0.
11.31	0.
11.315000000000001	0.
11.32	0.
11.325000000000001	0.
11.330000000000002	0.
11.335	0.
11.340000000000002	0.
11.345	0.
11.350000000000001	0.
11.355	0.
11.360000000000001	0.
11.365000000000002	0.
11.370000000000001	0.
11.375000000000002	0.
11.38	0.
11.385000000000002	0.
11.39	0.
11.395000000000001	0.
11.4	0.
11.405000000000001	0.
11.41	0.
11.415000000000001	0.
11.420000000000002	0.
11.425	0.
11.430000000000001	0.
11.435	0.
11.440000000000001	0.
11.445	0.
11.450000000000001	0.
11.455000000000002	0.
11.46	0.
11.465000000000002	0.
11.47	0.
11.475000000000001	0.
11.48	0.
11.485000000000001	0.
11.490000000000002	0.
11.495000000000001	0.
11.500000000000002	0.
11.505	0.
11.510000000000002	0.
11.515	0.
11.520000000000001	0.
11.525	0.
11.530000000000001	0.
11.535	0.
11.540000000000001	0.
11.545000000000002	0.
11.55	0.
11.555000000000001	0.
11.56	0.
11.565000000000001	0.
11.57	0.
11.575000000000001	0.
11.580000000000002	0.
11.585	0.
11.590000000000002	0.
11.595	0.
11.600000000000001	0.
11.605	0.
11.610000000000001	0.
11.615000000000002	0.
11.620000000000001	0.
11.625000000000002	0.
11.63	0.
11.635000000000002	0.
11.64	0.
11.645000000000001	0.
11.65	0.
11.655000000000001	0.
11.66	0.
11.665000000000001	0.
11.670000000000002	0.
11.675	0.
11.680000000000001	0.
11.685	0.
11.690000000000001	0.
11.695	0.
11.700000000000001	0.
11.705000000000002	0.
11.71	0.
11.715000000000002	0.
11.72	0.
11.725000000000001	0.
11.73	0.
11.735000000000001	0.
11.740000000000002	0.
11.745000000000001	0.
11.750000000000002	0.
11.755	0.
11.760000000000002	0.
11.765	0.
11.770000000000001	0.
11.775	0.
11.780000000000001	0.
11.785	0.
11.790000000000001	0.
11.795000000000002	0.
11.8	0.
11.805000000000001	0.
11.81	0.
11.815000000000001	0.
11.82	0.
11.825000000000001	0.
11.830000000000002	0.
11.835	0.
11.840000000000002	0.
11.845	0.
11.850000000000001	0.
11.855	0.
11.860000000000001	0.
11.865000000000002	0.
11.870000000000001	0.
11.875000000000002	0.
11.88	0.
11.885000000000002	0.
11.89	0.
11.895000000000001	0.
11.9	0.
11.905000000000001	0.
11.91	0.
11.915000000000001	0.
11.920000000000002	0.
11.925	0.
11.930000000000001	0.
11.935	0.
11.940000000000001	0.
11.945	0.
11.950000000000001	0.
11.955000000000002	0.
11.96	0.
11.965000000000002	0.
11.97	0.
11.975000000000001	0.
11.98	0.
11.985000000000001	0.
11.990000000000002	0.
11.995000000000001	0.
12.000000000000002	0.
12.005	0.
12.010000000000002	0.
12.015	0.
12.020000000000001	0.
12.025	0.
12.030000000000001	0.
12.035	0.
12.040000000000001	0.
12.045000000000002	0.
12.05	0.
12.055000000000001	0.
12.06	0.
12.065000000000001	0.
12.07	0.
12.075000000000001	0.
12.080000000000002	0.
12.085	0.
12.090000000000002	0.
12.095	0.
12.100000000000001	0.
12.105	0.
12.110000000000001	0.
12.115000000000002	0.
12.120000000000001	0.
12.125000000000002	0.
12.13	0.
12.135000000000002	0.
12.14	0.
12.145000000000001	0.
12.15	0.
12.155000000000001	0.
12.16	0.
12.165000000000001	0.
12.170000000000002	0.
12.175	0.
12.180000000000001	0.
12.185	0.
12.190000000000001	0.
12.195	0.
12.200000000000001	0.
12.205000000000002	0.
12.21	0.
12.215000000000002	0.
12.22	0.
12.225000000000001	0.
12.23	0.
12.235000000000001	0.
12.240000000000002	0.
12.245000000000001	0.
12.25	0.
12.255	0.
12.260000000000002	0.
12.265	0.
12.270000000000001	0.
12.275000000000002	0.
12.280000000000001	0.
12.285	0.
12.290000000000001	0.
12.295000000000002	0.
12.3	0.
12.305000000000001	0.
12.31	0.
12.315000000000001	0.
12.32	0.
12.325000000000001	0.
12.330000000000002	0.
12.335	0.
12.340000000000002	0.
12.345	0.
12.350000000000001	0.
12.355	0.
12.360000000000001	0.
12.365000000000002	0.
12.370000000000001	0.
12.375	0.
12.38	0.
12.385000000000002	0.
12.39	0.
12.395000000000001	0.
12.400000000000002	0.
12.405000000000001	0.
12.41	0.
12.415000000000001	0.
12.420000000000002	0.
12.425	0.
12.430000000000001	0.
12.435	0.
12.440000000000001	0.
12.445	0.
12.450000000000001	0.
12.455000000000002	0.
12.46	0.
12.465000000000002	0.
12.47	0.
12.475000000000001	0.
12.48	0.
12.485000000000001	0.
12.490000000000002	0.
12.495000000000001	0.
12.5	0.
12.505	0.
12.510000000000002	0.
12.515	0.
12.520000000000001	0.
12.525000000000002	0.
12.530000000000001	0.
12.535	0.
12.540000000000001	0.
12.545000000000002	0.
12.55	0.
12.555000000000001	0.
12.56	0.
12.565000000000001	0.
12.57	0.
12.575000000000001	0.
12.580000000000002	0.
12.585	0.
12.590000000000002	0.
12.595	0.
12.600000000000001	0.
12.605	0.
12.610000000000001	0.
12.615000000000002	0.
12.620000000000001	0.
12.625	0.
12.63	0.
12.635000000000002	0.
12.64	0.
12.645000000000001	0.
12.650000000000002	0.
12.655000000000001	0.
12.66	0.
12.665000000000001	0.
12.670000000000002	0.
12.675	0.
12.680000000000001	0.
12.685	0.
12.690000000000001	0.
12.695	0.
12.700000000000001	0.
12.705000000000002	0.
12.71	0.
12.715000000000002	0.
12.72	0.
12.725000000000001	0.
12.73	0.
12.735000000000001	0.
12.740000000000002	0.
12.745000000000001	0.
12.75	0.
12.755	0.
12.760000000000002	0.
12.765	0.
12.770000000000001	0.
12.775000000000002	0.
12.780000000000001	0.
12.785	0.
12.790000000000001	0.
12.795000000000002	0.
12.8	0.
12.805000000000001	0.
12.810000000000002	0.
12.815000000000001	0.
12.820000000000002	0.
12.825000000000001	0.
12.830000000000002	0.
12.835	0.
12.840000000000002	0.
12.845	0.
12.850000000000001	0.
12.855000000000002	0.
12.860000000000001	0.
12.865000000000002	0.
12.870000000000001	0.
12.875000000000002	0.
12.88	0.
12.885000000000002	0.
12.890000000000002	0.
12.895000000000001	0.
12.900000000000002	0.
12.905000000000001	0.
12.910000000000002	0.
12.915000000000001	0.
12.920000000000002	0.
12.925	0.
12.930000000000001	0.
12.935000000000002	0.
12.940000000000001	0.
12.945000000000002	0.
12.950000000000001	0.
12.955000000000002	0.
12.96	0.
12.965000000000002	0.
12.97	0.
12.975000000000001	0.
12.980000000000002	0.
12.985000000000001	0.
12.990000000000002	0.
12.995000000000001	0.
13.000000000000002	0.
13.005	0.
13.010000000000002	0.
13.015000000000002	0.
13.020000000000001	0.
13.025000000000002	0.
13.030000000000001	0.
13.035000000000002	0.
13.040000000000001	0.
13.045000000000002	0.
13.05	0.
13.055000000000001	0.
13.060000000000002	0.
13.065000000000001	0.
13.070000000000002	0.
13.075000000000001	0.
13.080000000000002	0.
13.085	0.
13.090000000000002	0.
13.095	0.
13.100000000000001	0.
13.105000000000002	0.
13.110000000000001	0.
13.115000000000002	0.
13.120000000000001	0.
13.125000000000002	0.
13.13	0.
13.135000000000002	0.
13.140000000000002	0.
13.145000000000001	0.
13.150000000000002	0.
13.155000000000001	0.
13.160000000000002	0.
13.165000000000001	0.
13.170000000000002	0.
13.175	0.
13.180000000000001	0.
13.185000000000002	0.
13.190000000000001	0.
13.195000000000002	0.
13.200000000000001	0.
13.205000000000002	0.
13.21	0.
13.215000000000002	0.
13.220000000000002	0.
13.225000000000001	0.
13.230000000000002	0.
13.235000000000001	0.
13.240000000000002	0.
13.245000000000001	0.
13.250000000000002	0.
13.255	0.
13.260000000000002	0.
13.265000000000002	0.
13.270000000000001	0.
13.275000000000002	0.
13.280000000000001	0.
13.285000000000002	0.
13.290000000000001	0.
13.295000000000002	0.
13.3	0.
13.305000000000001	0.
13.310000000000002	0.
13.315000000000001	0.
13.320000000000002	0.
13.325000000000001	0.
13.330000000000002	0.
13.335	0.
13.340000000000002	0.
13.345000000000002	0.
13.350000000000001	0.
13.355000000000002	0.
13.360000000000001	0.
13.365000000000002	0.
13.370000000000001	0.
13.375000000000002	0.
13.38	0.
13.385000000000002	0.
13.39	0.
13.395000000000001	0.
13.400000000000002	0.
13.405000000000001	0.
13.410000000000002	0.
13.415000000000001	0.
13.420000000000002	0.
13.425	0.
13.430000000000001	0.
13.435000000000002	0.
13.440000000000001	0.
13.445000000000002	0.
13.450000000000001	0.
13.455000000000002	0.
13.46	0.
13.465000000000002	0.
13.470000000000002	0.
13.475000000000001	0.
13.480000000000002	0.
13.485000000000001	0.
13.490000000000002	0.
13.495000000000001	0.
13.500000000000002	0.
13.505	0.
13.510000000000002	0.
13.515	0.
13.520000000000001	0.
13.525000000000002	0.
13.530000000000001	0.
13.535000000000002	0.
13.540000000000001	0.
13.545000000000002	0.
13.55	0.
13.555000000000001	0.
13.560000000000002	0.
13.565000000000001	0.
13.570000000000002	0.
13.575000000000001	0.
13.580000000000002	0.
13.585	0.
13.590000000000002	0.
13.595000000000002	0.
13.600000000000001	0.
13.605000000000002	0.
13.610000000000001	0.
13.615000000000002	0.
13.620000000000001	0.
13.625000000000002	0.
13.63	0.
13.635000000000002	0.
13.64	0.
13.645000000000001	0.
13.650000000000002	0.
13.655000000000001	0.
13.660000000000002	0.
13.665000000000001	0.
13.670000000000002	0.
13.675	0.
13.680000000000001	0.
13.685000000000002	0.
13.690000000000001	0.
13.695000000000002	0.
13.700000000000001	0.
13.705000000000002	0.
13.71	0.
13.715000000000002	0.
13.720000000000002	0.
13.725000000000001	0.
13.730000000000002	0.
13.735000000000001	0.
13.740000000000002	0.
13.745000000000001	0.
13.750000000000002	0.
13.755	0.
13.760000000000002	0.
13.765	0.
13.770000000000001	0.
13.775000000000002	0.
13.780000000000001	0.
13.785000000000002	0.
13.790000000000001	0.
13.795000000000002	0.
13.8	0.
13.805000000000001	0.
13.810000000000002	0.
13.815000000000001	0.
13.820000000000002	0.
13.825000000000001	0.
13.830000000000002	0.
13.835	0.
13.840000000000002	0.
13.845000000000002	0.
13.850000000000001	0.
13.855000000000002	0.
13.860000000000001	0.
13.865000000000002	0.
13.870000000000001	0.
13.875000000000002	0.
13.88	0.
13.885000000000002	0.
13.89	0.
13.895000000000001	0.
13.900000000000002	0.
13.905000000000001	0.
13.910000000000002	0.
13.915000000000001	0.
13.920000000000002	0.
13.925	0.
13.930000000000001	0.
13.935000000000002	0.
13.940000000000001	0.
13.945000000000002	0.
13.950000000000001	0.
13.955000000000002	0.
13.96	0.
13.965000000000002	0.
13.970000000000002	0.
13.975000000000001	0.
13.980000000000002	0.
13.985000000000001	0.
13.990000000000002	0.
13.995000000000001	0.
14.	0.