0.005	0.
0.01	0.
0.015	0.
0.02	0.
0.025	0.
0.030000000000000002	0.
0.034999999999999996	0.
0.04	0.
0.045	0.
0.049999999999999996	0.
0.055	0.
0.06	0.
0.065	0.
0.07	0.
0.07500000000000001	0.
0.08	0.
0.085	0.
0.09000000000000001	0.
0.095	0.
0.1	0.
0.10500000000000001	0.
0.11	0.
0.115	0.
0.12000000000000001	0.
0.125	0.
0.13	0.
0.135	0.
0.14	0.
0.14500000000000002	0.
0.15	0.
0.155	0.
0.16	0.07319152962853752
0.165	0.1101290251613512
0.17	0.13448688786133428
0.17500000000000002	0.15276194055248402
0.18000000000000002	0.1672297721361681
0.185	0.17902976933922218
0.19	0.18883669504546255
0.195	0.19709196253704678
0.2	0.20410399657021544
0.20500000000000002	0.21009860138553046
0.21000000000000002	0.21524693282433613
0.215	0.21968224175246673
0.22	0.22351049236803908
0.225	0.22681741223877736
0.23	0.22967335090467225
0.23500000000000001	0.23213673302501772
0.24000000000000002	0.23425657693485893
0.245	0.23607437238065862
0.25	0.23762550717096745
0.255	0.23894036899995913
0.26	0.2400452086745708
0.265	0.24096282499916363
0.27	0.24171311427945533
0.275	0.24231351563378767
0.28	0.24277937512002157
0.28500000000000003	0.24312424589948584
0.29000000000000004	0.24336013749775282
0.295	0.24349772418437177
0.3	0.24354652024623114
0.305	0.24351502824569468
0.31	0.24341086507921075
0.315	0.24324086967559452
0.32	0.243011195418433
0.325	0.24272738978837632
0.33	0.2423944632582101
0.335	0.24201694910677804
0.34	0.24159895552507668
0.34500000000000003	0.24114421115262807
0.35000000000000003	0.24065610499205958
0.35500000000000004	0.24013772149517312
0.36	0.23959187148730215
0.365	0.23902111949281726
0.37	0.2384278079387578
0.375	0.23781407864232834
0.38	0.23718189192860023
0.385	0.23653304367506725
0.39	0.2358691805379422
0.395	0.23519181357987873
0.4	0.23450233048898525
0.405	0.23380200655371608
0.41000000000000003	0.23309201453664352
0.41500000000000004	0.23237343357172538
0.42000000000000004	0.23164725719385615
0.425	0.23091440059597956
0.43	0.2301757071972907
0.435	0.22943195459600121
0.44	0.2286838599713833
0.445	0.22793208499220075
0.45	0.22717724028204384
0.455	0.2264198894863239
0.46	0.2256605529806531
0.465	0.22489971125589195
0.47000000000000003	0.22413780801134955
0.47500000000000003	0.22337525298413904
0.48000000000000004	0.22261242453977015
0.485	0.22184967204637493
0.49	0.22108731805263124
0.495	0.22032566028742562
0.5	0.21956497349740234
0.505	0.21880551113696767
0.51	0.21804750692385144
0.515	0.21729117627205413
0.52	0.21653671761282045
0.525	0.2157843136133349
0.53	0.21503413230180293
0.535	0.2142863281068764
0.54	0.2135410428185694
0.545	0.21279840647716103
0.55	0.21205853819603523
0.555	0.21132154692377725
0.56	0.21058753215050535
0.5650000000000001	0.20985658456281236
0.5700000000000001	0.20912878665146564
0.5750000000000001	0.2084042132755184
0.5800000000000001	0.20768293218628042
0.585	0.20696500451422212
0.59	0.2062504852216572
0.595	0.20553942352382681
0.6	0.2048318632807412
0.605	0.20412784336201217
0.61	0.20342739798663592
0.615	0.20273055703961865
0.62	0.2020373463671109
0.625	0.20134778805163858
0.63	0.20066190066884354
0.635	0.19997969952709826
0.64	0.19930119689115564
0.645	0.19862640219103822
0.65	0.19795532221714618
0.655	0.19728796130255927
0.66	0.19662432149346326
0.665	0.1959644027084487
0.67	0.19530820288751047
0.675	0.19465571813142746
0.68	0.19400694283213613
0.685	0.19336186979479048
0.6900000000000001	0.1927204903519688
0.6950000000000001	0.19208279447062857
0.7000000000000001	0.19144877085224746
0.7050000000000001	0.19081840702659952
0.71	0.19019168943961198
0.715	0.18956860353566915
0.72	0.1889491338347111
0.725	0.1883332640045004
0.73	0.1877209769283449
0.735	0.18711225476852333
0.74	0.18650707902580257
0.745	0.18590543059520148
0.75	0.1853072898182117
0.755	0.18471263653181538
0.76	0.1841214501143904
0.765	0.1835337095287816
0.77	0.18294939336260616
0.775	0.18236847986610205
0.78	0.18179094698755416
0.785	0.1812167724065018
0.79	0.18064593356486544
0.795	0.18007840769611314
0.8	0.179514171852526
0.805	0.17895320293082387
0.81	0.1783954776960872
0.8150000000000001	0.17784097280416805
0.8200000000000001	0.17728966482267638
0.8250000000000001	0.17674153025063682
0.8300000000000001	0.1761965455367872
0.8350000000000001	0.1756546870967883
0.84	0.17511593132922743
0.845	0.1745802546306364
0.85	0.17404763340942406
0.855	0.17351804409900215
0.86	0.17299146316986108
0.865	0.17246786714099402
0.87	0.17194723259043762
0.875	0.17142953616507908
0.88	0.17091475458980795
0.885	0.17040286467603563
0.89	0.1698938433295149
0.895	0.169387667557719
0.9	0.16888431447654326
0.905	0.16838376131658978
0.91	0.1678859854289285
0.915	0.16739096429042613
0.92	0.16689867550859208
0.925	0.16640909682617055
0.93	0.1659222061255784
0.935	0.16543798143193222
0.9400000000000001	0.16495640091676236
0.9450000000000001	0.16447744289875582
0.9500000000000001	0.16400108585560852
0.9550000000000001	0.16352730841423146
0.9600000000000001	0.16305608936091598
0.965	0.16258740764087395
0.97	0.16212124236039424
0.975	0.16165757278907256
0.98	0.1611963783598796
0.985	0.16073763867159188
0.99	0.16028133348909818
0.995	0.15982744274464183
1.	0.15937594653824969
1.005	0.15892682513838777
1.01	0.15848005898233702
1.015	0.15803562867651552
1.02	0.1575935149967094
1.025	0.157153698887696
1.0299999999999998	0.15671616146377554
1.035	0.1562808840080665
1.0399999999999998	0.1558478479727127
1.045	0.15541703497808004
1.0499999999999998	0.1549884268126254
1.055	0.15456200543235285
1.0599999999999998	0.1541377529600442
1.065	0.15371565168487697
1.0699999999999998	0.15329568406147673
1.075	0.1528778327093128
1.0799999999999998	0.152462080411801
1.085	0.15204841011547685
1.0899999999999999	0.15163680492903184
1.095	0.15122724812243482
1.0999999999999999	0.15081972312584915
1.105	0.1504142135286207
1.1099999999999999	0.15001070307832862
1.115	0.14960917567950838
1.1199999999999999	0.14920961539269625
1.125	0.14881200643312922
1.13	0.14841633316974348
1.135	0.14802258012386937
1.14	0.1476307319680438
1.145	0.14724077352485096
1.15	0.14685268976558125
1.155	0.14646646580905484
1.16	0.14608208692034969
1.1649999999999998	0.14569953850950393
1.17	0.14531880613026602
1.1749999999999998	0.14493987547879186
1.18	0.14456273239235493
1.1849999999999998	0.14418736284802616
1.19	0.1438137529614114
1.1949999999999998	0.1434418889853458
1.2	0.14307175730853122
1.2049999999999998	0.14270334445432625
1.21	0.14233663707934077
1.2149999999999999	0.14197162197222007
1.22	0.14160828605226475
1.2249999999999999	0.141246616368211
1.23	0.14088660009685033
1.2349999999999999	0.14052822454184094
1.24	0.14017147713229247
1.2449999999999999	0.13981634542159654
1.25	0.13946281708609912
1.255	0.13911087992384033
1.26	0.13876052185326143
1.265	0.13841173091201428
1.27	0.1380644952556463
1.275	0.13771880315636992
1.28	0.1373746430018838
1.285	0.13703200329405957
1.2899999999999998	0.1366908726477827
1.295	0.13635123978974825
1.2999999999999998	0.13601309355722233
1.305	0.13567642289688153
1.3099999999999998	0.13534121686360492
1.315	0.13500746461934604
1.3199999999999998	0.1346751554319236
1.325	0.1343442786738956
1.3299999999999998	0.1340148238214004
1.335	0.1336867804530586
1.3399999999999999	0.13336013824880694
1.345	0.13303488698881263
1.3499999999999999	0.1327110165523749
1.355	0.1323885169168129
1.3599999999999999	0.13206737815639638
1.365	0.13174759044128084
1.3699999999999999	0.13142914403645883
1.375	0.13111202930066243
1.38	0.13079623668539284
1.385	0.1304817567338311
1.39	0.13016858007986126
1.395	0.12985669744704714
1.4	0.1295460996476256
1.405	0.12923677758154248
1.41	0.12892872223546895
1.4149999999999998	0.12862192468182887
1.42	0.12831637607786037
1.4249999999999998	0.128012067664631
1.43	0.12770899076617673
1.4349999999999998	0.12740713678849658
1.44	0.12710649721870465
1.4449999999999998	0.12680706362408103
1.45	0.12650882765120777
1.4549999999999998	0.12621178102507333
1.46	0.1259159155481992
1.4649999999999999	0.1256212230997743
1.47	0.12532769563481794
1.4749999999999999	0.1250353251833098
1.48	0.12474410384936947
1.4849999999999999	0.12445402381043885
1.49	0.12416507731646427
1.4949999999999999	0.12387725668907469
1.5	0.12359055432081796
1.505	0.12330496267431909
1.51	0.12302047428156944
1.515	0.12273708174311504
1.52	0.12245477772730548
1.525	0.12217355496954338
1.53	0.12189340627155386
1.535	0.12161432450064781
1.54	0.12133630258896234
1.545	0.1210593335328228
1.5499999999999998	0.12078341039193777
1.555	0.12050852628878818
1.5599999999999998	0.12023467440788471
1.565	0.11996184799510562
1.5699999999999998	0.11969004035701075
1.575	0.1194192448601925
1.5799999999999998	0.11914945493059577
1.585	0.11888066405288956
1.5899999999999999	0.11861286576982534
1.595	0.11834605368156849
1.5999999999999999	0.11808022144511454
1.605	0.11781536277364192
1.6099999999999999	0.11755147143591789
1.615	0.11728854125568058
1.6199999999999999	0.11702656611105236
1.625	0.1167655399339285
1.63	0.11650545670942646
1.635	0.1162463104752894
1.64	0.11598809532132993
1.645	0.11573080538884423
1.65	0.11547443487009537
1.655	0.11521897800771316
1.66	0.11496442909420494
1.665	0.11471078247139208
1.67	0.11445803252988414
1.6749999999999998	0.11420617370855285
1.68	0.11395520049404352
1.6849999999999998	0.11370510742020638
1.69	0.11345588906766893
1.6949999999999998	0.11320754006327877
1.7	0.11296005507963659
1.7049999999999998	0.11271342883460232
1.71	0.11246765609083367
1.7149999999999999	0.11222273165528039
1.72	0.11197865037874237
1.7249999999999999	0.11173540715540925
1.73	0.1114929969223626
1.7349999999999999	0.1112514146591919
1.74	0.11101065538748064
1.7449999999999999	0.11077071417041032
1.75	0.1105315861123081
1.755	0.11029326635821762
1.76	0.11005575009346685
1.765	0.10981903254327403
1.77	0.10958310897230329
1.775	0.10934797468425889
1.78	0.10911362502149796
1.785	0.10888005536463138
1.79	0.10864726113208423
1.795	0.10841523777977062
1.7999999999999998	0.10818398080064959
1.805	0.10795348572438529
1.8099999999999998	0.10772374811693991
1.815	0.10749476358022249
1.8199999999999998	0.10726652775171229
1.825	0.10703903630409119
1.8299999999999998	0.10681228494489005
1.835	0.10658626941613172
1.8399999999999999	0.1063609854939849
1.845	0.10613642898840131
1.8499999999999999	0.10591259574279943
1.855	0.105689481633699
1.8599999999999999	0.10546708257040414
1.865	0.10524539449466264
1.8699999999999999	0.10502441338034324
1.875	0.10480413523311526
1.88	0.10458455609012607
1.885	0.10436567201968298
1.89	0.10414747912094902
1.895	0.10392997352362486
1.9	0.10371315138764871
1.905	0.10349700890290206
1.91	0.10328154228890563
1.915	0.10306674779451358
1.92	0.10285262169765477
1.9249999999999998	0.10263916030500606
1.93	0.10242635995173859
1.9349999999999998	0.10221421700122603
1.94	0.10200272784476426
1.9449999999999998	0.10179188890130735
1.95	0.1015816966171739
1.9549999999999998	0.10137214746581093
1.96	0.10116323794749939
1.9649999999999999	0.10095496458912238
1.97	0.10074732394386628
1.9749999999999999	0.10054031259100732
1.98	0.10033392713563008
1.9849999999999999	0.10012816420839293
1.99	0.09992302046526225
1.9949999999999999	0.09971849258729235
2.	0.09951457728036495
2.005	0.09931127127495913
2.01	0.09910857132591024
2.015	0.098906474212185
2.02	0.09870497673662981
2.025	0.09850407572578226
2.03	0.09830376802958371
2.035	0.09810405052123368
2.04	0.09790492009689919
2.045	0.09770637367553513
2.05	0.0975084081986562
2.0549999999999997	0.09731102063013403
2.06	0.09711420795596001
2.065	0.09691796718407276
2.07	0.09672229534412984
2.0749999999999997	0.09652718948729752
2.08	0.0963326466860741
2.085	0.096138664034064
2.09	0.09594523864580151
2.0949999999999998	0.0957523676565337
2.1	0.09556004822205097
2.105	0.09536827751848281
2.11	0.09517705274210189
2.1149999999999998	0.09498637110915885
2.12	0.09479622985568661
2.125	0.09460662623730269
2.13	0.09441755752905333
2.135	0.09422902102521973
2.14	0.09404101403914814
2.145	0.09385353390307617
2.15	0.09366657796794874
2.155	0.09348014360325255
2.16	0.09329422819686474
2.165	0.09310882915485082
2.17	0.09292394390133023
2.175	0.09273956987829851
2.18	0.09255570454546369
2.185	0.09237234538008761
2.19	0.09218948987683671
2.195	0.09200713554761913
2.1999999999999997	0.09182527992141788
2.205	0.09164392054415588
2.21	0.09146305497852782
2.215	0.09128268080387496
2.2199999999999998	0.09110279561600208
2.225	0.0909233970270512
2.23	0.09074448266536468
2.235	0.09056605017531608
2.2399999999999998	0.09038809721718395
2.245	0.09021062146701468
2.25	0.09003362061646798
2.255	0.08985709237269132
2.26	0.08968103445817847
2.265	0.08950544461063538
2.27	0.08933032058284429
2.275	0.08915566014253958
2.28	0.08898146107225874
2.285	0.08880772116923721
2.29	0.08863443824525999
2.295	0.08846161012654588
2.3	0.08828923465361706
2.305	0.08811730968117364
2.31	0.0879458330779764
2.315	0.08777480272672444
2.32	0.08760421652392311
2.3249999999999997	0.08743407237978099
2.33	0.08726436821808234
2.335	0.08709510197607305
2.34	0.08692627160434259
2.3449999999999998	0.08675787506671304
2.35	0.08658991034012622
2.355	0.08642237541452297
2.36	0.08625526829274728
2.3649999999999998	0.08608858699041903
2.37	0.08592232953584322
2.375	0.08575649396988666
2.38	0.08559107834587776
2.385	0.08542608072950678
2.39	0.08526149919871076
2.395	0.08509733184357614
2.4	0.08493357676623947
2.405	0.08477023208077583
2.41	0.08460729591310906
2.415	0.0844447664009081
2.42	0.08428264169348663
2.425	0.0841209199517112
2.43	0.08395959934789818
2.435	0.08379867806572286
2.44	0.083638154300124
2.445	0.08347802625721205
2.4499999999999997	0.08331829215417227
2.455	0.08315895021917583
2.46	0.08299999869128741
2.465	0.08284143582037931
2.4699999999999998	0.08268325986704149
2.475	0.08252546910248283
2.48	0.08236806180846086
2.485	0.08221103627718311
2.4899999999999998	0.08205439081122608
2.495	0.08189812372345018
2.5	0.08174223333691717
2.505	0.08158671798479823
2.51	0.08143157601030691
2.515	0.08127680576660426
2.52	0.0811224056167275
2.525	0.0809683739334993
2.53	0.08081470909946008
2.535	0.08066140950678445
2.54	0.08050847355719877
2.545	0.08035589966191155
2.55	0.08020368624153755
2.555	0.0800518317260138
2.56	0.07990033455453609
2.565	0.07974919317547377
2.57	0.07959840604630619
2.5749999999999997	0.07944797163354228
2.58	0.07929788841265226
2.585	0.07914815486799949
2.59	0.0789987694927621
2.5949999999999998	0.07884973078886952
2.6	0.07870103726692977
2.605	0.0785526874461635
2.61	0.07840467985433262
2.6149999999999998	0.07825701302767399
2.62	0.07810968551083647
2.625	0.07796269585681083
2.63	0.07781604262686212
2.635	0.07766972439047085
2.64	0.0775237397252636
2.645	0.07737808721695243
2.65	0.07723276545927284
2.655	0.07708777305391248
2.66	0.07694310861046398
2.665	0.07679877074634478
2.67	0.07665475808675733
2.675	0.07651106926461394
2.68	0.07636770292047833
2.685	0.07622465770251446
2.69	0.07608193226641713
2.695	0.07593952527536561
2.7	0.07579743539995779
2.705	0.07565566131815274
2.71	0.07551420171522051
2.715	0.07537305528368018
2.7199999999999998	0.07523222072324627
2.725	0.07509169674077423
2.73	0.07495148205020917
2.735	0.07481157537252277
2.7399999999999998	0.07467197543566667
2.745	0.07453268097451898
2.75	0.07439369073083152
2.755	0.07425500345317428
2.76	0.0741166178968865
2.765	0.07397853282402882
2.77	0.07384074700332247
2.775	0.07370325921011153
2.78	0.0735660682263006
2.785	0.07342917284031686
2.79	0.07329257184705404
2.795	0.07315626404782333
2.8	0.07302024825031107
2.8049999999999997	0.07288452326852486
2.81	0.07274908792274999
2.815	0.07261394103949932
2.82	0.07247908145147125
2.825	0.07234450799750182
2.83	0.07221021952251501
2.835	0.07207621487748289
2.84	0.071942492919378
2.8449999999999998	0.07180905251113168
2.85	0.07167589252158323
2.855	0.07154301182544699
2.86	0.07141040930325558
2.8649999999999998	0.07127808384132851
2.87	0.07114603433172453
2.875	0.07101425967219807
2.88	0.07088275876616164
2.885	0.070751530522639
2.89	0.0706205738562282
2.895	0.07048988768705862
2.9	0.07035947094075193
2.905	0.07022932254837908
2.91	0.07009944144642458
2.915	0.06996982657674328
2.92	0.06984047688652269
2.925	0.06971139132824664
2.9299999999999997	0.06958256885965124
2.935	0.06945400844369114
2.94	0.06932570904849922
2.945	0.06919766964735229
2.95	0.06906988921862976
2.955	0.06894236674577879
2.96	0.06881510121727795
2.965	0.06868809162660035
2.9699999999999998	0.06856133697217806
2.975	0.06843483625736385
2.98	0.06830858849040121
2.985	0.06818259268438286
2.9899999999999998	0.0680568478572202
2.995	0.0679313530316071
3.	0.06780610723498619
3.005	0.06768110949951459
3.01	0.06755635886202865
3.015	0.06743185436401443
3.02	0.06730759505156943
3.025	0.06718357997537461
3.03	0.0670598081906567
3.035	0.06693627875716138
3.04	0.0668129907391147
3.045	0.06668994320519776
3.05	0.06656713522851077
3.0549999999999997	0.06644456588654248
3.06	0.06632223426113973
3.065	0.06620013943847579
3.07	0.06607828050902133
3.075	0.06595665656751068
3.08	0.06583526671291613
3.085	0.06571411004841468
3.09	0.0655931856813589
3.0949999999999998	0.06547249272324891
3.1	0.06535203028970103
3.105	0.06523179750042063
3.11	0.06511179347917223
3.115	0.06499201735375207
3.12	0.0648724682559578
3.125	0.06475314532156219
3.13	0.06463404769028538
3.135	0.06451517450576441
3.14	0.06439652491552979
3.145	0.06427809807097547
3.15	0.06415989312733215
3.155	0.0640419092436407
3.16	0.06392414558272669
3.165	0.06380660131117152
3.17	0.06368927559928822
3.175	0.06357216762109556
3.1799999999999997	0.06345527655428874
3.185	0.06333860158021873
3.19	0.06322214188386363
3.195	0.06310589665380385
3.2	0.06298986508219738
3.205	0.06287404636475569
3.21	0.06275843970071612
3.215	0.06264304429282173
3.2199999999999998	0.0625278593472932
3.225	0.06241288407380687
3.23	0.06229811768546857
3.235	0.062183559398792033
3.24	0.062069208433675305
3.245	0.06195506401337441
3.25	0.061841125364483086
3.255	0.06172739171690819
3.26	0.061613862303847224
3.265	0.06150053636176555
3.27	0.06138741313037282
3.275	0.06127449185260195
3.28	0.06116177177458568
3.285	0.0610492521456348
3.29	0.06093693221821671
3.295	0.060824811247932625
3.3	0.06071288849349566
3.3049999999999997	0.06060116321671089
3.31	0.06048963468245303
3.315	0.06037830215864417
3.32	0.06026716491623468
3.325	0.06015622222918026
3.33	0.06004547337442327
3.335	0.05993491763187011
3.34	0.05982455428437153
3.3449999999999998	0.05971438261770317
3.35	0.059604401920543344
3.355	0.059494611484454084
3.36	0.05938501060386225
3.365	0.05927559857603713
3.37	0.05916637470107358
3.375	0.05905733828186963
3.38	0.05894848862410982
3.385	0.058839825036243534
3.39	0.05873134682946801
3.395	0.0586230533177072
3.4	0.058514943817594804
3.405	0.05840701764845341
3.41	0.05829927413227808
3.415	0.058191712593715264
3.42	0.058084332360047994
3.425	0.05797713276117245
3.4299999999999997	0.05787011312958598
3.435	0.05776327280036287
3.44	0.05765661111114234
3.445	0.057550127402103725
3.45	0.057443821015955986
3.455	0.057337691297916514
3.46	0.05723173759569157
3.465	0.05712595925946409
3.4699999999999998	0.05702035564187139
3.475	0.05691492609799195
3.48	0.05680966998532548
3.485	0.056704586663777735
3.49	0.0565996754956423
3.495	0.05649493584558534
3.5	0.05639036708062747
3.505	0.05628596857012877
3.51	0.05618173968577032
3.515	0.05607767980154041
3.52	0.05597378829371613
3.525	0.05587006454084829
3.53	0.055766507923743686
3.535	0.05566311782545347
3.54	0.05555989363125084
3.545	0.055456834728622985
3.55	0.055353940507246964
3.5549999999999997	0.0552512103589815
3.56	0.0551486436778468
3.565	0.05504623986001026
3.5700000000000003	0.05494399830377401
3.575	0.05484191840955461
3.58	0.05473999957987149
3.585	0.05463824121933234
3.59	0.05453664273461558
3.5949999999999998	0.054435203534455925
3.5999999999999996	0.05433392302963181
3.605	0.05423280063294743
3.61	0.054131835759222244
3.615	0.054031027825271416
3.62	0.05393037624989536
3.625	0.05382988045386455
3.63	0.05372953985990347
3.635	0.05362935389267622
3.6399999999999997	0.05352932197877659
3.645	0.05342944354670803
3.65	0.053329718026875146
3.6550000000000002	0.05323014485156318
3.66	0.05313072345493169
3.665	0.05303145327299635
3.67	0.05293233374361479
3.675	0.052833364306473576
3.6799999999999997	0.052734544403077635
3.685	0.05263587347673068
3.69	0.052537350972528686
3.6950000000000003	0.052438976337340654
3.7	0.05234074901979726
3.705	0.05224266847028114
3.71	0.052144734140907006
3.715	0.052046945485511746
3.7199999999999998	0.05194930195964397
3.7249999999999996	0.05185180302054796
3.73	0.05175444812714939
3.735	0.05165723674004597
3.74	0.05156016832149309
3.745	0.051463242335390576
3.75	0.05136645824726922
3.755	0.05126981552427889
3.76	0.05117331363517638
3.7649999999999997	0.05107695205031586
3.77	0.05098073024162709
3.775	0.05088464768261372
3.7800000000000002	0.0507887038483338
3.785	0.05069289821538878
3.79	0.050597230261917536
3.795	0.05050169946757118
3.8	0.050406305313512506
3.8049999999999997	0.05031104728239931
3.81	0.050215924858371216
3.815	0.050120937527041075
3.8200000000000003	0.05002608477547914
3.825	0.049931366092204145
3.83	0.049836780967167836
3.835	0.049742328891748344
3.84	0.04964800935873324
3.8449999999999998	0.04955382186231034
3.8499999999999996	0.04945976589805454
3.855	0.049365840962917115
3.86	0.04927204655521641
3.865	0.04917838217461942
3.87	0.049084847322138137
3.875	0.048991441500112955
3.88	0.04889816421220154
3.885	0.04880501496336741
3.8899999999999997	0.048711993259873874
3.895	0.04861909860926189
3.9	0.048526330520350006
3.9050000000000002	0.048433688503216166
3.91	0.048341172069184236
3.915	0.048248780730824975
3.92	0.04815651400192932
3.925	0.04806437139750457
3.9299999999999997	0.04797235243376744
3.935	0.04788045662812342
3.94	0.047788683499163674
3.9450000000000003	0.04769703256665018
3.95	0.04760550335150321
3.955	0.047514095375796955
3.96	0.047422808162736606
3.965	0.047331641236663245
3.9699999999999998	0.04724059412302695
3.9749999999999996	0.04714966634838654
3.98	0.047058857440396076
3.985	0.046968166927791315
3.99	0.04687759434038115
3.995	0.04678713920903596
4.	0.046696801065678716
4.005	0.04660657944327161
4.01	0.04651647387580335
4.015	0.046426483898285444
4.02	0.04633660904673463
4.025	0.04624684885816698
4.03	0.04615720287058243
4.035	0.04606767062295601
4.04	0.04597825165523177
4.045	0.045888945508304566
4.05	0.04579975172401029
4.055	0.04571066984512188
4.0600000000000005	0.04562169941533607
4.0649999999999995	0.04553283997925375
4.07	0.04544409108238713
4.075	0.04535545227112815
4.08	0.0452669230927566
4.085	0.04517850309541239
4.09	0.04509019182810531
4.095	0.04500198884068319
4.1	0.04491389368383712
4.105	0.0448259059090826
4.109999999999999	0.044738025068751595
4.115	0.04465025071598117
4.12	0.044562582404700596
4.125	0.04447501968963288
4.13	0.044387562126263914
4.135	0.0443002092708485
4.14	0.044212960680395465
4.145	0.04412581591264909
4.15	0.04403877452609411
4.155	0.04395183607993044
4.16	0.04386500013406923
4.165	0.04377826624912257
4.17	0.04369163398638904
4.175	0.0436051029078504
4.18	0.043518672576151725
4.1850000000000005	0.04343234255460129
4.1899999999999995	0.04334611240714631
4.195	0.04325998169837878
4.2	0.04317394999350858
4.205	0.04308801685836604
4.21	0.043002181859380983
4.215	0.0429164445635837
4.22	0.04283080453858015
4.225	0.04274526135254992
4.23	0.04265981457423682
4.234999999999999	0.042574463772934175
4.24	0.04248920851847456
4.245	0.0424040483812203
4.25	0.042318982932053516
4.255	0.04223401174235915
4.26	0.04214913438402363
4.265	0.04206435042941691
4.27	0.04197965945138474
4.275	0.041895061023239255
4.28	0.04181055471874168
4.285	0.04172614011209519
4.29	0.0416418167779415
4.295	0.04155758429133402
4.3	0.04147344222773629
4.305	0.04138939016301674
4.3100000000000005	0.04130542767342447
4.3149999999999995	0.041221554335584124
4.32	0.041137769726492295
4.325	0.04105407342349472
4.33	0.040970465004272705
4.335	0.04088694404685031
4.34	0.04080351012956355
4.345	0.04072016283106092
4.35	0.040636901730285786
4.355	0.04055372640646751
4.359999999999999	0.04047063643910956
4.365	0.04038763140798045
4.37	0.040304710893095105
4.375	0.04022187447471277
4.38	0.0401391217333172
4.385	0.04005645224960681
4.39	0.039973865604493064
4.395	0.03989136137906956
4.4	0.03980893915461912
4.405	0.039726598512586433
4.41	0.03964433903457615
4.415	0.039562160302340804
4.42	0.03948006189776301
4.425	0.03939804340284544
4.43	0.03931610439970049
4.4350000000000005	0.03923424447053394
4.4399999999999995	0.03915246319764542
4.445	0.0390707601633952
4.45	0.03898913495020875
4.455	0.0389075871405544
4.46	0.038826116316939774
4.465	0.038744722061892806
4.47	0.03866340395794388
4.475	0.03858216158763042
4.48	0.03850099453346762
4.484999999999999	0.038419902377936264
4.49	0.03833888470348407
4.495	0.03825794109249763
4.5	0.03817707112729805
4.505	0.038096274390119596
4.51	0.03801555046309997
4.515	0.037934898928281585
4.52	0.03785431936756467
4.525	0.037773811362734215
4.53	0.037693374495410825
4.535	0.03761300834705356
4.54	0.037532712498954623
4.545	0.03745248653220129
4.55	0.03737233002768941
4.555	0.03729224256608883
4.5600000000000005	0.03721222372782935
4.5649999999999995	0.03713227309310628
4.57	0.03705239024184388
4.575	0.03697257475369484
4.58	0.036892826208014026
4.585	0.03681314418385742
4.59	0.036733528259957744
4.595000000000001	0.03665397801470262
4.6	0.03657449302614187
4.605	0.03649507287195575
4.609999999999999	0.03641571712943615
4.615	0.03633642537548221
4.62	0.03625719718657746
4.625	0.03617803213878442
4.63	0.03609892980771065
4.635	0.03601988976850904
4.640000000000001	0.03594091159585724
4.645	0.03586199486393156
4.65	0.03578313914641267
4.654999999999999	0.03570434401644346
4.66	0.03562560904662695
4.665	0.035546933809008766
4.67	0.03546831787505759
4.675	0.03538976081564569
4.68	0.0353112622010371
4.6850000000000005	0.03523282160086646
4.6899999999999995	0.03515443858412544
4.695	0.03507611271912997
4.7	0.034997843573529516
4.705	0.03491963071426279
4.71	0.03484147370755474
4.715	0.03476337211889088
4.720000000000001	0.034685325512999333
4.725	0.03460733345383974
4.73	0.034529395504570064
4.734999999999999	0.034451511227545965
4.74	0.03437368018427771
4.745	0.03429590193542841
4.75	0.034218176040798985
4.755	0.034140502059282256
4.76	0.03406287954886716
4.765000000000001	0.033985308066612464
4.77	0.03390778716861745
4.775	0.03383031641000608
4.779999999999999	0.03375289534491426
4.785	0.03367552352645243
4.79	0.03359820050670226
4.795	0.033520925836671385
4.8	0.03344369906629363
4.805	0.03336651974440142
4.8100000000000005	0.0332893874186886
4.8149999999999995	0.03321230163570308
4.82	0.03313526194082491
4.825	0.03305826787823385
4.83	0.03298131899087769
4.835	0.03290441482047738
4.84	0.03282755490747468
4.845000000000001	0.032750738791019876
4.85	0.03267396600894135
4.855	0.03259723609773687
4.859999999999999	0.032520548592517524
4.865	0.032443903027013735
4.87	0.03236729893352963
4.875	0.03229073584292401
4.88	0.03221421328458135
4.885	0.03213773078638402
4.890000000000001	0.03206128787469404
4.895	0.031984884074303895
4.9	0.031908518908438877
4.904999999999999	0.031832191898701824
4.91	0.031755902565052736
4.915	0.03167965042579423
4.92	0.031603434997520934
4.925	0.03152725579509253
4.93	0.03145111233162125
4.9350000000000005	0.03137500411842253
4.9399999999999995	0.03129893066498811
4.945	0.031222891478965134
4.95	0.031146886066108118
4.955	0.031070913930259226
4.96	0.030994974573306324
4.965	0.030919067495160543
4.970000000000001	0.03084319219370619
4.975	0.030767348164788787
4.98	0.03069153490215769
4.984999999999999	0.030615751897447013
4.99	0.030539998640135218
4.995	0.030464274617499825
5.	0.030388579314599932
5.005	0.03031291221422371
5.01	0.03023727279684551
5.015000000000001	0.030161660540621003
5.02	0.030086074921299548
5.025	0.03001051541222675
5.029999999999999	0.02993498148427589
5.035	0.029859472605826946
5.04	0.029783988242719477
5.045	0.029708527858199687
5.05	0.029633090912896426
5.055	0.02955767686476584
5.0600000000000005	0.029482285169049043
5.0649999999999995	0.02940691527823098
5.07	0.02933156664200141
5.075	0.02925623870719266
5.08	0.02918093091774395
5.085	0.029105642714658105
5.09	0.02903037353594579
5.095000000000001	0.028955122816575127
5.1	0.028879889988441168
5.105	0.028804674480283152
5.109999999999999	0.02872947571766574
5.115	0.028654293122909413
5.12	0.028579126115036636
5.125	0.02850397410973359
5.13	0.02842883651927786
5.135	0.02835371275249436
5.14	0.028278602214701756
5.145	0.028203504307637132
5.15	0.028128418429424734
5.155	0.02805334397449562
5.16	0.027978280333536193
5.165	0.0279032268934277
5.17	0.027828183037184838
5.175	0.02775314814388458
5.18	0.027678121588620718
5.185	0.02760310274241581
5.19	0.02752809097216336
5.195	0.027453085640578388
5.2	0.027378086106098282
5.205	0.027303091722834235
5.21	0.027228101840492493
5.215	0.027153115804305808
5.22	0.027078132954953614
5.225	0.0270031526284954
5.23	0.026928174156291083
5.235	0.0268531968649183
5.24	0.02677822007610147
5.245	0.026703243106628
5.25	0.026628265268264468
5.255	0.026553285867678297
5.26	0.026478304206346642
5.265	0.026403319580475593
5.27	0.026328331280908203
5.275	0.02625333859303874
5.28	0.026178340796717308
5.285	0.026103337166158168
5.29	0.026028326969843307
5.295	0.025953309470438345
5.3	0.025878283924670998
5.305	0.02580324958324611
5.31	0.02572820569074584
5.315	0.025653151485510055
5.32	0.025578086199555098
5.325	0.02550300905843261
5.33	0.025427919281155065
5.335	0.02535281608004436
5.34	0.025277698660656496
5.345	0.025202566221630182
5.35	0.025127417954591544
5.355	0.025052253044016506
5.36	0.024977070667117535
5.365	0.024901869993708123
5.37	0.02482665018607433
5.375	0.0247514103988539
5.38	0.02467614977888111
5.385	0.024600867465064753
5.39	0.02452556258824282
5.395	0.024450234271038613
5.4	0.024374881627715627
5.405	0.024299503764019428
5.41	0.02422409977704037
5.415	0.024148668755043727
5.42	0.02407320977731356
5.425	0.023997721913993478
5.43	0.023922204225918762
5.435	0.02384665576443704
5.44	0.023771075571252437
5.445	0.023695462678231825
5.45	0.023619816107232083
5.455	0.023544134869902828
5.46	0.023468417967514213
5.465	0.023392664390746092
5.47	0.023316873119499128
5.475	0.02324104312268806
5.48	0.023165173358036393
5.485	0.023089262771854684
5.49	0.023013310298838935
5.495	0.022937314861835492
5.5	0.022861275371616273
5.505	0.022785190726643055
5.51	0.02270905981284144
5.515	0.02263288150333531
5.52	0.02255665465821711
5.525	0.022480378124279603
5.53	0.022404050734755626
5.535	0.022327671309052163
5.54	0.022251238652470966
5.545	0.022174751555931543
5.55	0.022098208795681383
5.555	0.022021609132986796
5.56	0.021944951313853548
5.565	0.021868234068687875
5.57	0.021791456112008264
5.575	0.02171461614208741
5.58	0.021637712840633743
5.585	0.021560744872450265
5.59	0.021483710885064365
5.595	0.02140660950838856
5.6	0.02132943935432379
5.605	0.021252199016397598
5.61	0.02117488706936493
5.615	0.02109750206880204
5.62	0.021020042550700887
5.625	0.020942507031043726
5.63	0.02086489400535642
5.635	0.020787201948279672
5.64	0.02070942931309412
5.645	0.020631574531255265
5.65	0.020553636011908714
5.655	0.02047561214138188
5.66	0.020397501282680877
5.665	0.020319301774961867
5.67	0.02024101193297771
5.675	0.020162630046534107
5.68	0.020084154379908705
5.6850000000000005	0.020005583171253834
5.69	0.019926914631998614
5.695	0.01984814694621735
5.7	0.01976927826998038
5.705	0.019690306730701112
5.71	0.01961123042644033
5.715	0.019532047425210784
5.72	0.019452755764243098
5.725	0.019373353449242223
5.73	0.019293838453614782
5.735	0.01921420871767329
5.74	0.01913446214781468
5.745	0.01905459661567561
5.75	0.01897460995726192
5.755	0.018894499972041057
5.76	0.018814264422015628
5.765	0.018733901030766737
5.77	0.018653407482458657
5.775	0.018572781420814543
5.78	0.018492020448060704
5.785	0.018411122123832484
5.79	0.018330083964046274
5.795	0.018248903439727168
5.8	0.01816757797580704
5.805	0.018086104949870913
5.8100000000000005	0.018004481690864917
5.815	0.01792270547775556
5.82	0.01784077353815894
5.825	0.017758683046888112
5.83	0.01767643112447758
5.835	0.017594014835647
5.84	0.017511431187701283
5.845	0.017428677128883796
5.85	0.017345749546657074
5.855	0.017262645265929986
5.86	0.017179361047211194
5.865	0.01709589358469821
5.87	0.017012239504291395
5.875	0.016928395361527997
5.88	0.016844357639439127
5.885	0.016760122746329736
5.89	0.016675687013457334
5.895	0.01659104669263101
5.9	0.016506197953706617
5.905	0.016421136881979884
5.91	0.01633585947548027
5.915	0.016250361642148825
5.92	0.016164639196894884
5.925	0.01607868785853472
5.93	0.01599250324660156
5.9350000000000005	0.015906080878012076
5.94	0.015819416163595168
5.945	0.015732504404469588
5.95	0.01564534078825507
5.955	0.01555792038512491
5.96	0.015470238143672495
5.965	0.015382288886598622
5.97	0.015294067306191901
5.975	0.01520556795961051
5.98	0.015116785263934568
5.985	0.015027713490990014
5.99	0.014938346761924395
5.995	0.014848679041520065
6.	0.014758704132229829
6.005	0.014668415667922728
6.01	0.014577807107311713
6.015	0.014486871727057466
6.02	0.014395602614515295
6.025	0.014303992660110966
6.03	0.01421203454931959
6.035	0.014119720754220815
6.04	0.014027043524604913
6.045	0.013933994878597386
6.05	0.013840566592774176
6.055	0.013746750191726088
6.0600000000000005	0.013652536937044903
6.065	0.013557917815681489
6.07	0.013462883527638537
6.075	0.013367424472946778
6.08	0.013271530737875093
6.085	0.013175192080317734
6.09	0.013078397914301536
6.095	0.012981137293541991
6.1	0.012883398893973736
6.105	0.012785170995196287
6.11	0.012686441460720572
6.115	0.012587197716937414
6.12	0.01248742673072388
6.125	0.012387114985526462
6.13	0.012286248455859215
6.135	0.012184812580024598
6.140000000000001	0.012082792230950561
6.145	0.011980171684954606
6.15	0.011876934588257495
6.155	0.011773063921066178
6.16	0.011668541958968208
6.165	0.011563350231428775
6.17	0.011457469477081171
6.175	0.011350879595544502
6.18	0.011243559595401548
6.1850000000000005	0.011135487537966695
6.1899999999999995	0.011026640476419146
6.195	0.010916994389831295
6.2	0.010806524111562637
6.205	0.010695203251416182
6.21	0.010583004110839773
6.215	0.010469897590505586
6.22	0.010355853089288634
6.225	0.010240838393738617
6.23	0.010124819556867408
6.235	0.010007760765023422
6.24	0.009889624191327348
6.245	0.009770369834038676
6.25	0.009649955337851021
6.255	0.00952833579592188
6.26	0.009405463530006243
6.265000000000001	0.009281287845660915
6.27	0.009155754758997452
6.275	0.009028806690811493
6.28	0.008900382123240869
6.285	0.008770415213163726
6.29	0.008638835355443627
6.295	0.008505566687968664
6.3	0.008370527528589104
6.305	0.008233629732201613
6.3100000000000005	0.008094777953723117
6.3149999999999995	0.007953868799500911
6.32	0.00781078984590511
6.325	0.007665418498651071
6.33	0.0075176206603238685
6.335	0.007367249164857183
6.34	0.0072141419275783825
6.345	0.0070581197445771585
6.35	0.0068989836570102926
6.355	0.006736511770153875
6.36	0.006570455382940688
6.365	0.006400534235922445
6.37	0.006226430619465354
6.375	0.0060477819890279476
6.38	0.005864171597879186
6.385	0.005675116455391613
6.390000000000001	0.00548005161424576
6.395	0.005278309319321705
6.4	0.005069090802760725
6.405	0.004851427284209524
6.41	0.004624124654123261
6.415	0.004385682632430932
6.42	0.004134172344147583
6.425	0.003867042745566643
6.43	0.003580797732675831
6.4350000000000005	0.003270419517150713
6.4399999999999995	0.0029282415070288727
6.445	0.0025414484944843376
6.45	0.002085357231181972
6.455	0.0014979472465428733
6.46	0.0003799192699413619
6.465	0.
6.47	0.
6.475	0.
6.48	0.
6.485	0.
6.49	0.
6.495	0.
6.5	0.
6.505	0.
6.51	0.
6.515000000000001	0.
6.52	0.
6.525	0.
6.53	0.
6.535	0.
6.54	0.
6.545	0.
6.55	0.
6.555	0.
6.5600000000000005	0.
6.5649999999999995	0.
6.57	0.
6.575	0.
6.58	0.
6.585	0.
6.59	0.
6.595	0.
6.6	0.
6.605	0.
6.61	0.
6.615	0.
6.62	0.
6.625	0.
6.63	0.
6.635	0.
6.640000000000001	0.
6.645	0.
6.65	0.
6.655	0.
6.66	0.
6.665	0.
6.67	0.
6.675	0.
6.68	0.
6.6850000000000005	0.
6.6899999999999995	0.
6.695	0.
6.7	0.
6.705	0.
6.71	0.
6.715	0.
6.72	0.
6.725	0.
6.73	0.
6.735	0.
6.74	0.
6.745	0.
6.75	0.
6.755	0.
6.76	0.
6.765000000000001	0.
6.77	0.
6.775	0.
6.78	0.
6.785	0.
6.79	0.
6.795	0.
6.8	0.
6.805	0.
6.8100000000000005	0.
6.8149999999999995	0.
6.82	0.
6.825	0.
6.83	0.
6.835	0.
6.84	0.
6.845	0.
6.85	0.
6.855	0.
6.86	0.
6.865	0.
6.87	0.
6.875	0.
6.88	0.
6.885	0.
6.890000000000001	0.
6.895	0.
6.9	0.
6.905	0.
6.91	0.
6.915	0.
6.92	0.
6.925	0.
6.93	0.
6.9350000000000005	0.
6.9399999999999995	0.
6.945	0.
6.95	0.
6.955	0.
6.96	0.
6.965	0.
6.97	0.
6.975	0.
6.98	0.
6.985	0.
6.99	0.
6.995	0.
7.	0.
7.005	0.
7.01	0.
7.015000000000001	0.
7.02	0.
7.025	0.
7.03	0.
7.035	0.
7.04	0.
7.045	0.
7.05	0.
7.055	0.
7.0600000000000005	0.
7.0649999999999995	0.
7.07	0.
7.075	0.
7.08	0.
7.085	0.
7.09	0.
7.095	0.
7.1	0.
7.105	0.
7.11	0.
7.115	0.
7.12	0.
7.125	0.
7.13	0.
7.135	0.
7.140000000000001	0.
7.145	0.
7.15	0.
7.155	0.
7.16	0.
7.165	0.
7.17	0.
7.175	0.
7.18	0.
7.1850000000000005	0.
7.1899999999999995	0.
7.195	0.
7.2	0.
7.205	0.
7.21	0.
7.215	0.
7.220000000000001	0.
7.225	0.
7.23	0.
7.234999999999999	0.
7.24	0.
7.245	0.
7.25	0.
7.255	0.
7.26	0.
7.265000000000001	0.
7.27	0.
7.275	0.
7.28	0.
7.285	0.
7.29	0.
7.295	0.
7.300000000000001	0.
7.305	0.
7.3100000000000005	0.
7.3149999999999995	0.
7.32	0.
7.325	0.
7.33	0.
7.335	0.
7.34	0.
7.345000000000001	0.
7.35	0.
7.355	0.
7.359999999999999	0.
7.365	0.
7.37	0.
7.375	0.
7.38	0.
7.385	0.
7.390000000000001	0.
7.395	0.
7.4	0.
7.405	0.
7.41	0.
7.415	0.
7.42	0.
7.425000000000001	0.
7.43	0.
7.4350000000000005	0.
7.4399999999999995	0.
7.445	0.
7.45	0.
7.455	0.
7.46	0.
7.465	0.
7.470000000000001	0.
7.475	0.
7.48	0.
7.484999999999999	0.
7.49	0.
7.495	0.
7.5	0.
7.505	0.
7.51	0.
7.515000000000001	0.
7.52	0.
7.525	0.
7.53	0.
7.535	0.
7.54	0.
7.545	0.
7.550000000000001	0.
7.555	0.
7.5600000000000005	0.
7.5649999999999995	0.
7.57	0.
7.575	0.
7.58	0.
7.585	0.
7.59	0.
7.595000000000001	0.
7.6	0.
7.605	0.
7.609999999999999	0.
7.615	0.
7.62	0.
7.625	0.
7.63	0.
7.635	0.
7.640000000000001	0.
7.645	0.
7.65	0.
7.655	0.
7.66	0.
7.665	0.
7.67	0.
7.675000000000001	0.
7.68	0.
7.685	0.
7.6899999999999995	0.
7.694999999999999	0.
7.699999999999999	0.
7.704999999999999	0.
7.71	0.
7.715	0.
7.72	0.
7.725	0.
7.7299999999999995	0.
7.734999999999999	0.
7.739999999999999	0.
7.744999999999999	0.
7.75	0.
7.755	0.
7.76	0.
7.765	0.
7.77	0.
7.7749999999999995	0.
7.779999999999999	0.
7.784999999999999	0.
7.79	0.
7.795	0.
7.8	0.
7.805	0.
7.81	0.
7.8149999999999995	0.
7.819999999999999	0.
7.824999999999999	0.
7.829999999999999	0.
7.835	0.
7.84	0.
7.845	0.
7.85	0.
7.8549999999999995	0.
7.859999999999999	0.
7.864999999999999	0.
7.869999999999999	0.
7.875	0.
7.88	0.
7.885	0.
7.89	0.
7.895	0.
7.8999999999999995	0.
7.904999999999999	0.
7.909999999999999	0.
7.915	0.
7.92	0.
7.925	0.
7.93	0.
7.935	0.
7.9399999999999995	0.
7.944999999999999	0.
7.949999999999999	0.
7.955	0.
7.96	0.
7.965	0.
7.97	0.
7.975	0.
7.9799999999999995	0.
7.984999999999999	0.
7.989999999999999	0.
7.994999999999999	0.
8.	0.
8.004999999999999	0.
8.01	0.
8.014999999999999	0.
8.02	0.
8.025	0.
8.03	0.
8.035	0.
8.04	0.
8.045	0.
8.049999999999999	0.
8.055	0.
8.059999999999999	0.
8.065	0.
8.07	0.
8.075	0.
8.08	0.
8.084999999999999	0.
8.09	0.
8.094999999999999	0.
8.1	0.
8.105	0.
8.11	0.
8.115	0.
8.12	0.
8.125	0.
8.129999999999999	0.
8.135	0.
8.139999999999999	0.
8.145	0.
8.15	0.
8.155	0.
8.16	0.
8.165	0.
8.17	0.
8.174999999999999	0.
8.18	0.
8.184999999999999	0.
8.19	0.
8.195	0.
8.2	0.
8.205	0.
8.209999999999999	0.
8.215	0.
8.219999999999999	0.
8.225	0.
8.23	0.
8.235	0.
8.24	0.
8.245	0.
8.25	0.
8.254999999999999	0.
8.26	0.
8.264999999999999	0.
8.27	0.
8.275	0.
8.28	0.
8.285	0.
8.29	0.
8.295	0.
8.299999999999999	0.
8.305	0.
8.309999999999999	0.
8.315	0.
8.32	0.
8.325	0.
8.33	0.
8.334999999999999	0.
8.34	0.
8.344999999999999	0.
8.35	0.
8.355	0.
8.36	0.
8.365	0.
8.37	0.
8.375	0.
8.379999999999999	0.
8.385	0.
8.389999999999999	0.
8.395	0.
8.4	0.
8.405	0.
8.41	0.
8.415	0.
8.42	0.
8.424999999999999	0.
8.43	0.
8.434999999999999	0.
8.44	0.
8.445	0.
8.45	0.
8.455	0.
8.459999999999999	0.
8.465	0.
8.469999999999999	0.
8.475	0.
8.48	0.
8.485	0.
8.49	0.
8.495	0.
8.5	0.
8.504999999999999	0.
8.51	0.
8.515	0.
8.52	0.
8.525	0.
8.53	0.
8.535	0.
8.54	0.
8.545	0.
8.549999999999999	0.
8.555	0.
8.559999999999999	0.
8.565	0.
8.57	0.
8.575	0.
8.58	0.
8.584999999999999	0.
8.59	0.
8.594999999999999	0.
8.6	0.
8.605	0.
8.61	0.
8.615	0.
8.62	0.
8.625	0.
8.629999999999999	0.
8.635	0.
8.64	0.
8.645	0.
8.65	0.
8.655	0.
8.66	0.
8.665	0.
8.67	0.
8.674999999999999	0.
8.68	0.
8.684999999999999	0.
8.69	0.
8.695	0.
8.7	0.
8.705	0.
8.709999999999999	0.
8.715	0.
8.719999999999999	0.
8.725	0.
8.73	0.
8.735	0.
8.74	0.
8.745	0.
8.75	0.
8.754999999999999	0.
8.76	0.
8.765	0.
8.77	0.
8.775	0.
8.78	0.
8.785	0.
8.79	0.
8.795	0.
8.799999999999999	0.
8.805	0.
8.809999999999999	0.
8.815	0.
8.82	0.
8.825	0.
8.83	0.
8.834999999999999	0.
8.84	0.
8.844999999999999	0.
8.85	0.
8.855	0.
8.86	0.
8.865	0.
8.87	0.
8.875	0.
8.879999999999999	0.
8.885	0.
8.89	0.
8.895	0.
8.9	0.
8.905	0.
8.91	0.
8.915	0.
8.92	0.
8.924999999999999	0.
8.93	0.
8.934999999999999	0.
8.94	0.
8.945	0.
8.95	0.
8.955	0.
8.959999999999999	0.
8.965	0.
8.969999999999999	0.
8.975	0.
8.98	0.
8.985	0.
8.99	0.
8.995	0.
9.	0.
9.004999999999999	0.
9.01	0.
9.015	0.
9.02	0.
9.025	0.
9.03	0.
9.035	0.
9.04	0.
9.045	0.
9.049999999999999	0.
9.055	0.
9.059999999999999	0.
9.065	0.
9.07	0.
9.075	0.
9.08	0.
9.084999999999999	0.
9.09	0.
9.094999999999999	0.
9.1	0.
9.105	0.
9.11	0.
9.115	0.
9.12	0.
9.125	0.
9.129999999999999	0.
9.135	0.
9.14	0.
9.145	0.
9.15	0.
9.155	0.
9.16	0.
9.165	0.
9.17	0.
9.174999999999999	0.
9.18	0.
9.184999999999999	0.
9.19	0.
9.195	0.
9.2	0.
9.205	0.
9.209999999999999	0.
9.215	0.
9.219999999999999	0.
9.225	0.
9.23	0.
9.235	0.
9.24	0.
9.245	0.
9.25	0.
9.254999999999999	0.
9.26	0.
9.265	0.
9.27	0.
9.275	0.
9.28	0.
9.285	0.
9.29	0.
9.295	0.
9.299999999999999	0.
9.305	0.
9.309999999999999	0.
9.315	0.
9.32	0.
9.325	0.
9.33	0.
9.334999999999999	0.
9.34	0.
9.344999999999999	0.
9.35	0.
9.355	0.
9.36	0.
9.365	0.
9.37	0.
9.375	0.
9.379999999999999	0.
9.385	0.
9.39	0.
9.395	0.
9.4	0.
9.405	0.
9.41	0.
9.415	0.
9.42	0.
9.424999999999999	0.
9.43	0.
9.434999999999999	0.
9.44	0.
9.445	0.
9.45	0.
9.455	0.
9.459999999999999	0.
9.465	0.
9.469999999999999	0.
9.475	0.
9.48	0.
9.485	0.
9.49	0.
9.495	0.
9.5	0.
9.504999999999999	0.
9.51	0.
9.515	0.
9.52	0.
9.525	0.
9.53	0.
9.535	0.
9.54	0.
9.545	0.
9.549999999999999	0.
9.555	0.
9.559999999999999	0.
9.565	0.
9.57	0.
9.575	0.
9.58	0.
9.584999999999999	0.
9.59	0.
9.594999999999999	0.
9.6	0.
9.605	0.
9.61	0.
9.615	0.
9.62	0.
9.625	0.
9.629999999999999	0.
9.635	0.
9.64	0.
9.645	0.
9.65	0.
9.655	0.
9.66	0.
9.665	0.
9.67	0.
9.674999999999999	0.
9.68	0.
9.684999999999999	0.
9.69	0.
9.695	0.
9.7	0.
9.705	0.
9.709999999999999	0.
9.715	0.
9.719999999999999	0.
9.725	0.
9.73	0.
9.735	0.
9.74	0.
9.745	0.
9.75	0.
9.754999999999999	0.
9.76	0.
9.765	0.
9.77	0.
9.774999999999999	0.
9.78	0.
9.785	0.
9.79	0.
9.795	0.
9.8	0.
9.805	0.
9.809999999999999	0.
9.815	0.
9.82	0.
9.825	0.
9.83	0.
9.834999999999999	0.
9.84	0.
9.844999999999999	0.
9.85	0.
9.855	0.
9.86	0.
9.865	0.
9.87	0.
9.875	0.
9.879999999999999	0.
9.885	0.
9.89	0.
9.895	0.
9.899999999999999	0.
9.905	0.
9.91	0.
9.915	0.
9.92	0.
9.925	0.
9.93	0.
9.934999999999999	0.
9.94	0.
9.945	0.
9.95	0.
9.955	0.
9.959999999999999	0.
9.965	0.
9.969999999999999	0.
9.975	0.
9.98	0.
9.985	0.
9.99	0.
9.995	0.
10.	0.
10.004999999999999	0.
10.01	0.
10.015	0.
10.02	0.
10.024999999999999	0.
10.03	0.
10.035	0.
10.04	0.
10.045	0.
10.05	0.
10.055	0.
10.059999999999999	0.
10.065	0.
10.07	0.
10.075	0.
10.08	0.
10.084999999999999	0.
10.09	0.
10.094999999999999	0.
10.1	0.
10.105	0.
10.11	0.
10.115	0.
10.12	0.
10.125	0.
10.129999999999999	0.
10.135	0.
10.14	0.
10.145	0.
10.149999999999999	0.
10.155	0.
10.16	0.
10.165	0.
10.17	0.
10.175	0.
10.18	0.
10.184999999999999	0.
10.19	0.
10.195	0.
10.2	0.
10.205	0.
10.209999999999999	0.
10.215	0.
10.219999999999999	0.
10.225	0.
10.23	0.
10.235	0.
10.24	0.
10.245000000000001	0.
10.250000000000002	0.
10.255	0.
10.260000000000002	0.
10.265	0.
10.270000000000001	0.
10.275	0.
10.280000000000001	0.
10.285	0.
10.290000000000001	0.
10.295000000000002	0.
10.3	0.
10.305000000000001	0.
10.31	0.
10.315000000000001	0.
10.32	0.
10.325000000000001	0.
10.330000000000002	0.
10.335	0.
10.340000000000002	0.
10.345	0.
10.350000000000001	0.
10.355	0.
10.360000000000001	0.
10.365	0.
10.370000000000001	0.
10.375000000000002	0.
10.38	0.
10.385000000000002	0.
10.39	0.
10.395000000000001	0.
10.4	0.
10.405000000000001	0.
10.41	0.
10.415000000000001	0.
10.420000000000002	0.
10.425	0.
10.430000000000001	0.
10.435	0.
10.440000000000001	0.
10.445	0.
10.450000000000001	0.
10.455000000000002	0.
10.46	0.
10.465000000000002	0.
10.47	0.
10.475000000000001	0.
10.48	0.
10.485000000000001	0.
10.49	0.
10.495000000000001	0.
10.500000000000002	0.
10.505	0.
10.510000000000002	0.
10.515	0.
10.520000000000001	0.
10.525	0.
10.530000000000001	0.
10.535	0.
10.540000000000001	0.
10.545000000000002	0.
10.55	0.
10.555000000000001	0.
10.56	0.
10.565000000000001	0.
10.57	0.
10.575000000000001	0.
10.580000000000002	0.
10.585	0.
10.590000000000002	0.
10.595	0.
10.600000000000001	0.
10.605	0.
10.610000000000001	0.
10.615	0.
10.620000000000001	0.
10.625000000000002	0.
10.63	0.
10.635000000000002	0.
10.64	0.
10.645000000000001	0.
10.65	0.
10.655000000000001	0.
10.66	0.
10.665000000000001	0.
10.670000000000002	0.
10.675	0.
10.680000000000001	0.
10.685	0.
10.690000000000001	0.
10.695	0.
10.700000000000001	0.
10.705000000000002	0.
10.71	0.
10.715000000000002	0.
10.72	0.
10.725000000000001	0.
10.73	0.
10.735000000000001	0.
10.74	0.
10.745000000000001	0.
10.750000000000002	0.
10.755	0.
10.760000000000002	0.
10.765	0.
10.770000000000001	0.
10.775	0.
10.780000000000001	0.
10.785	0.
10.790000000000001	0.
10.795000000000002	0.
10.8	0.
10.805000000000001	0.
10.81	0.
10.815000000000001	0.
10.82	0.
10.825000000000001	0.
10.830000000000002	0.
10.835	0.
10.840000000000002	0.
10.845	0.
10.850000000000001	0.
10.855	0.
10.860000000000001	0.
10.865	0.
10.870000000000001	0.
10.875000000000002	0.
10.88	0.
10.885000000000002	0.
10.89	0.
10.895000000000001	0.
10.9	0.
10.905000000000001	0.
10.91	0.
10.915000000000001	0.
10.920000000000002	0.
10.925	0.
10.930000000000001	0.
10.935	0.
10.940000000000001	0.
10.945	0.
10.950000000000001	0.
10.955000000000002	0.
10.96	0.
10.965000000000002	0.
10.97	0.
10.975000000000001	0.
10.98	0.
10.985000000000001	0.
10.99	0.
10.995000000000001	0.
11.000000000000002	0.
11.005	0.
11.010000000000002	0.
11.015	0.
11.020000000000001	0.
11.025	0.
11.030000000000001	0.
11.035	0.
11.040000000000001	0.
11.045000000000002	0.
11.05	0.
11.055000000000001	0.
11.06	0.
11.065000000000001	0.
11.07	0.
11.075000000000001	0.
11.080000000000002	0.
11.085	0.
11.090000000000002	0.
11.095	0.
11.100000000000001	0.
11.105	0.
11.110000000000001	0.
11.115	0.
11.120000000000001	0.
11.125000000000002	0.
11.13	0.
11.135000000000002	0.
11.14	0.
11.145000000000001	0.
11.15	0.
11.155000000000001	0.
11.16	0.
11.165000000000001	0.
11.170000000000002	0.
11.175	0.
11.180000000000001	0.
11.185	0.
11.190000000000001	0.
11.195	0.
11.200000000000001	0.
11.205000000000002	0.
11.21	0.
11.215000000000002	0.
11.22	0.
11.225000000000001	0.
11.23	0.
11.235000000000001	0.
11.24	0.
11.245000000000001	0.
11.250000000000002	0.
11.255	0.
11.260000000000002	0.
11.265	0.
11.270000000000001	0.
11.275	0.
11.280000000000001	0.
11.285	0.
11.290000000000001	0.
11.295000000000002	0.
11.3	0.
11.305000000000001	0.
11.31	0.
11.315000000000001	0.
11.32	0.
11.325000000000001	0.
11.330000000000002	0.
11.335	0.
11.340000000000002	0.
11.345	0.
11.350000000000001	0.
11.355	0.
11.360000000000001	0.
11.365000000000002	0.
11.370000000000001	0.
11.375000000000002	0.
11.38	0.
11.385000000000002	0.
11.39	0.
11.395000000000001	0.
11.4	0.
11.405000000000001	0.
11.41	0.
11.415000000000001	0.
11.420000000000002	0.
11.425	0.
11.430000000000001	0.
11.435	0.
11.440000000000001	0.
11.445	0.
11.450000000000001	0.
11.455000000000002	0.
11.46	0.
11.465000000000002	0.
11.47	0.
11.475000000000001	0.
11.48	0.
11.485000000000001	0.
11.490000000000002	0.
11.495000000000001	0.
11.500000000000002	0.
11.505	0.
11.510000000000002	0.
11.515	0.
11.520000000000001	0.
11.525	0.
11.530000000000001	0.
11.535	0.
11.540000000000001	0.
11.545000000000002	0.
11.55	0.
11.555000000000001	0.
11.56	0.
11.565000000000001	0.
11.57	0.
11.575000000000001	0.
11.580000000000002	0.
11.585	0.
11.590000000000002	0.
11.595	0.
11.600000000000001	0.
11.605	0.
11.610000000000001	0.
11.615000000000002	0.
11.620000000000001	0.
11.625000000000002	0.
11.63	0.
11.635000000000002	0.
11.64	0.
11.645000000000001	0.
11.65	0.
11.655000000000001	0.
11.66	0.
11.665000000000001	0.
11.670000000000002	0.
11.675	0.
11.680000000000001	0.
11.685	0.
11.690000000000001	0.
11.695	0.
11.700000000000001	0.
11.705000000000002	0.
11.71	0.
11.715000000000002	0.
11.72	0.
11.725000000000001	0.
11.73	0.
11.735000000000001	0.
11.740000000000002	0.
11.745000000000001	0.
11.750000000000002	0.
11.755	0.
11.760000000000002	0.
11.765	0.
11.770000000000001	0.
11.775	0.
11.780000000000001	0.
11.785	0.
11.790000000000001	0.
11.795000000000002	0.
11.8	0.
11.805000000000001	0.
11.81	0.
11.815000000000001	0.
11.82	0.
11.825000000000001	0.
11.830000000000002	0.
11.835	0.
11.840000000000002	0.
11.845	0.
11.850000000000001	0.
11.855	0.
11.860000000000001	0.
11.865000000000002	0.
11.870000000000001	0.
11.875000000000002	0.
11.88	0.
11.885000000000002	0.
11.89	0.
11.895000000000001	0.
11.9	0.
11.905000000000001	0.
11.91	0.
11.915000000000001	0.
11.920000000000002	0.
11.925	0.
11.930000000000001	0.
11.935	0.
11.940000000000001	0.
11.945	0.
11.950000000000001	0.
11.955000000000002	0.
11.96	0.
11.965000000000002	0.
11.97	0.
11.975000000000001	0.
11.98	0.
11.985000000000001	0.
11.990000000000002	0.
11.995000000000001	0.
12.000000000000002	0.
12.005	0.
12.010000000000002	0.
12.015	0.
12.020000000000001	0.
12.025	0.
12.030000000000001	0.
12.035	0.
12.040000000000001	0.
12.045000000000002	0.
12.05	0.
12.055000000000001	0.
12.06	0.
12.065000000000001	0.
12.07	0.
12.075000000000001	0.
12.080000000000002	0.
12.085	0.
12.090000000000002	0.
12.095	0.
12.100000000000001	0.
12.105	0.
12.110000000000001	0.
12.115000000000002	0.
12.120000000000001	0.
12.125000000000002	0.
12.13	0.
12.135000000000002	0.
12.14	0.
12.145000000000001	0.
12.15	0.
12.155000000000001	0.
12.16	0.
12.165000000000001	0.
12.170000000000002	0.
12.175	0.
12.180000000000001	0.
12.185	0.
12.190000000000001	0.
12.195	0.
12.200000000000001	0.
12.205000000000002	0.
12.21	0.
12.215000000000002	0.
12.22	0.
12.225000000000001	0.
12.23	0.
12.235000000000001	0.
12.240000000000002	0.
12.245000000000001	0.
12.25	0.
12.255	0.
12.260000000000002	0.
12.265	0.
12.270000000000001	0.
12.275000000000002	0.
12.280000000000001	0.
12.285	0.
12.290000000000001	0.
12.295000000000002	0.
12.3	0.
12.305000000000001	0.
12.31	0.
12.315000000000001	0.
12.32	0.
12.325000000000001	0.
12.330000000000002	0.
12.335	0.
12.340000000000002	0.
12.345	0.
12.350000000000001	0.
12.355	0.
12.360000000000001	0.
12.365000000000002	0.
12.370000000000001	0.
12.375	0.
12.38	0.
12.385000000000002	0.
12.39	0.
12.395000000000001	0.
12.400000000000002	0.
12.405000000000001	0.
12.41	0.
12.415000000000001	0.
12.420000000000002	0.
12.425	0.
12.430000000000001	0.
12.435	0.
12.440000000000001	0.
12.445	0.
12.450000000000001	0.
12.455000000000002	0.
12.46	0.
12.465000000000002	0.
12.47	0.
12.475000000000001	0.
12.48	0.
12.485000000000001	0.
12.490000000000002	0.
12.495000000000001	0.
12.5	0.
12.505	0.
12.510000000000002	0.
12.515	0.
12.520000000000001	0.
12.525000000000002	0.
12.530000000000001	0.
12.535	0.
12.540000000000001	0.
12.545000000000002	0.
12.55	0.
12.555000000000001	0.
12.56	0.
12.565000000000001	0.
12.57	0.
12.575000000000001	0.
12.580000000000002	0.
12.585	0.
12.590000000000002	0.
12.595	0.
12.600000000000001	0.
12.605	0.
12.610000000000001	0.
12.615000000000002	0.
12.620000000000001	0.
12.625	0.
12.63	0.
12.635000000000002	0.
12.64	0.
12.645000000000001	0.
12.650000000000002	0.
12.655000000000001	0.
12.66	0.
12.665000000000001	0.
12.670000000000002	0.
12.675	0.
12.680000000000001	0.
12.685	0.
12.690000000000001	0.
12.695	0.
12.700000000000001	0.
12.705000000000002	0.
12.71	0.
12.715000000000002	0.
12.72	0.
12.725000000000001	0.
12.73	0.
12.735000000000001	0.
12.740000000000002	0.
12.745000000000001	0.
12.75	0.
12.755	0.
12.760000000000002	0.
12.765	0.
12.770000000000001	0.
12.775000000000002	0.
12.780000000000001	0.
12.785	0.
12.790000000000001	0.
12.795000000000002	0.
12.8	0.
12.805000000000001	0.
12.810000000000002	0.
12.815000000000001	0.
12.820000000000002	0.
12.825000000000001	0.
12.830000000000002	0.
12.835	0.
12.840000000000002	0.
12.845	0.
12.850000000000001	0.
12.855000000000002	0.
12.860000000000001	0.
12.865000000000002	0.
12.870000000000001	0.
12.875000000000002	0.
12.88	0.
12.885000000000002	0.
12.890000000000002	0.
12.895000000000001	0.
12.900000000000002	0.
12.905000000000001	0.
12.910000000000002	0.
12.915000000000001	0.
12.920000000000002	0.
12.925	0.
12.930000000000001	0.
12.935000000000002	0.
12.940000000000001	0.
12.945000000000002	0.
12.950000000000001	0.
12.955000000000002	0.
12.96	0.
12.965000000000002	0.
12.97	0.
12.975000000000001	0.
12.980000000000002	0.
12.985000000000001	0.
12.990000000000002	0.
12.995000000000001	0.
13.000000000000002	0.
13.005	0.
13.010000000000002	0.
13.015000000000002	0.
13.020000000000001	0.
13.025000000000002	0.
13.030000000000001	0.
13.035000000000002	0.
13.040000000000001	0.
13.045000000000002	0.
13.05	0.
13.055000000000001	0.
13.060000000000002	0.
13.065000000000001	0.
13.070000000000002	0.
13.075000000000001	0.
13.080000000000002	0.
13.085	0.
13.090000000000002	0.
13.095	0.
13.100000000000001	0.
13.105000000000002	0.
13.110000000000001	0.
13.115000000000002	0.
13.120000000000001	0.
13.125000000000002	0.
13.13	0.
13.135000000000002	0.
13.140000000000002	0.
13.145000000000001	0.
13.150000000000002	0.
13.155000000000001	0.
13.160000000000002	0.
13.165000000000001	0.
13.170000000000002	0.
13.175	0.
13.180000000000001	0.
13.185000000000002	0.
13.190000000000001	0.
13.195000000000002	0.
13.200000000000001	0.
13.205000000000002	0.
13.21	0.
13.215000000000002	0.
13.220000000000002	0.
13.225000000000001	0.
13.230000000000002	0.
13.235000000000001	0.
13.240000000000002	0.
13.245000000000001	0.
13.250000000000002	0.
13.255	0.
13.260000000000002	0.
13.265000000000002	0.
13.270000000000001	0.
13.275000000000002	0.
13.280000000000001	0.
13.285000000000002	0.
13.290000000000001	0.
13.295000000000002	0.
13.3	0.
13.305000000000001	0.
13.310000000000002	0.
13.315000000000001	0.
13.320000000000002	0.
13.325000000000001	0.
13.330000000000002	0.
13.335	0.
13.340000000000002	0.
13.345000000000002	0.
13.350000000000001	0.
13.355000000000002	0.
13.360000000000001	0.
13.365000000000002	0.
13.370000000000001	0.
13.375000000000002	0.
13.38	0.
13.385000000000002	0.
13.39	0.
13.395000000000001	0.
13.400000000000002	0.
13.405000000000001	0.
13.410000000000002	0.
13.415000000000001	0.
13.420000000000002	0.
13.425	0.
13.430000000000001	0.
13.435000000000002	0.
13.440000000000001	0.
13.445000000000002	0.
13.450000000000001	0.
13.455000000000002	0.
13.46	0.
13.465000000000002	0.
13.470000000000002	0.
13.475000000000001	0.
13.480000000000002	0.
13.485000000000001	0.
13.490000000000002	0.
13.495000000000001	0.
13.500000000000002	0.
13.505	0.
13.510000000000002	0.
13.515	0.
13.520000000000001	0.
13.525000000000002	0.
13.530000000000001	0.
13.535000000000002	0.
13.540000000000001	0.
13.545000000000002	0.
13.55	0.
13.555000000000001	0.
13.560000000000002	0.
13.565000000000001	0.
13.570000000000002	0.
13.575000000000001	0.
13.580000000000002	0.
13.585	0.
13.590000000000002	0.
13.595000000000002	0.
13.600000000000001	0.
13.605000000000002	0.
13.610000000000001	0.
13.615000000000002	0.
13.620000000000001	0.
13.625000000000002	0.
13.63	0.
13.635000000000002	0.
13.64	0.
13.645000000000001	0.
13.650000000000002	0.
13.655000000000001	0.
13.660000000000002	0.
13.665000000000001	0.
13.670000000000002	0.
13.675	0.
13.680000000000001	0.
13.685000000000002	0.
13.690000000000001	0.
13.695000000000002	0.
13.700000000000001	0.
13.705000000000002	0.
13.71	0.
13.715000000000002	0.
13.720000000000002	0.
13.725000000000001	0.
13.730000000000002	0.
13.735000000000001	0.
13.740000000000002	0.
13.745000000000001	0.
13.750000000000002	0.
13.755	0.
13.760000000000002	0.
13.765	0.
13.770000000000001	0.
13.775000000000002	0.
13.780000000000001	0.
13.785000000000002	0.
13.790000000000001	0.
13.795000000000002	0.
13.8	0.
13.805000000000001	0.
13.810000000000002	0.
13.815000000000001	0.
13.820000000000002	0.
13.825000000000001	0.
13.830000000000002	0.
13.835	0.
13.840000000000002	0.
13.845000000000002	0.
13.850000000000001	0.
13.855000000000002	0.
13.860000000000001	0.
13.865000000000002	0.
13.870000000000001	0.
13.875000000000002	0.
13.88	0.
13.885000000000002	0.
13.89	0.
13.895000000000001	0.
13.900000000000002	0.
13.905000000000001	0.
13.910000000000002	0.
13.915000000000001	0.
13.920000000000002	0.
13.925	0.
13.930000000000001	0.
13.935000000000002	0.
13.940000000000001	0.
13.945000000000002	0.
13.950000000000001	0.
13.955000000000002	0.
13.96	0.
13.965000000000002	0.
13.970000000000002	0.
13.975000000000001	0.
13.980000000000002	0.
13.985000000000001	0.
13.990000000000002	0.
13.995000000000001	0.
14.	0.