0.005	0.
0.01	0.
0.015	0.
0.02	0.
0.025	0.
0.030000000000000002	0.
0.034999999999999996	0.
0.04	0.
0.045	0.
0.049999999999999996	0.
0.055	0.
0.06	0.
0.065	0.
0.07	0.
0.07500000000000001	0.
0.08	0.
0.085	0.
0.09000000000000001	0.
0.095	0.
0.1	0.10853183374448139
0.10500000000000001	0.187911675905039
0.11	0.23295549986886735
0.115	0.26373921129085237
0.12000000000000001	0.2861592809991123
0.125	0.3030007723000667
0.13	0.31585645326227835
0.135	0.325739374839244
0.14	0.3333389905113969
0.14500000000000002	0.3391470047940622
0.15	0.34352631460791255
0.155	0.34675185328026426
0.16	0.3490362590135193
0.165	0.3505467644335873
0.17	0.35141672498307924
0.17500000000000002	0.35175372698941654
0.18000000000000002	0.3516454336768282
0.185	0.35116388947192395
0.19	0.35036874643794824
0.195	0.34930972048039943
0.2	0.3480284866449989
0.20500000000000002	0.3465601591273276
0.21000000000000002	0.3449344592892227
0.215	0.34317664622584926
0.22	0.34130826450860896
0.225	0.3393477496851964
0.23	0.33731092205936014
0.23500000000000001	0.3352113919654367
0.24000000000000002	0.33306089437516445
0.245	0.3308695666704176
0.25	0.3286461804022305
0.255	0.32639833556633246
0.26	0.32413262416903305
0.265	0.32185476849894123
0.27	0.3195697384612552
0.275	0.3172818515001847
0.28	0.31499485797814664
0.28500000000000003	0.312712014357829
0.29000000000000004	0.3104361461151992
0.295	0.30816970197516314
0.3	0.30591480078958866
0.305	0.3036732721563064
0.31	0.30144669169719496
0.315	0.2992364117653846
0.32	0.29704358822968174
0.325	0.2948692038834848
0.33	0.2927140889417507
0.335	0.2905789390199188
0.34	0.28846433093033297
0.34500000000000003	0.28637073658288825
0.35000000000000003	0.284298535235555
0.35500000000000004	0.28224802430562757
0.36	0.28021942892330015
0.365	0.27821291038422064
0.37	0.27622857363643566
0.375	0.27426647391915204
0.38	0.27232662265521684
0.385	0.2704089926859416
0.39	0.26851352292562847
0.395	0.2666401225032485
0.4	0.26478867445030607
0.405	0.2629590389865916
0.41000000000000003	0.2611510564492974
0.41500000000000004	0.25936454990534746
0.42000000000000004	0.257599327482023
0.425	0.25585518444695043
0.43	0.25413190506486427
0.435	0.2524292642547989
0.44	0.2507470290697955
0.445	0.2490849600193847
0.45	0.24744281224452971
0.455	0.24582033657401445
0.46	0.24421728045977348
0.465	0.2426333888139325
0.47000000000000003	0.24106840475356436
0.47500000000000003	0.23952207026352523
0.48000000000000004	0.23799412678578943
0.485	0.23648431574274495
0.49	0.2349923790011598
0.495	0.23351805928285216
0.5	0.23206110052745474
0.505	0.2306212482121183
0.51	0.22919824963247507
0.515	0.2277918541487536
0.52	0.22640181340060073
0.525	0.22502788149369563
0.53	0.22366981516105608
0.535	0.22232737390149232
0.54	0.2210003200976423
0.545	0.21968841911554454
0.55	0.2183914393876871
0.555	0.21710915248118634
0.56	0.21584133315261925
0.5650000000000001	0.2145877593909297
0.5700000000000001	0.21334821244955332
0.5750000000000001	0.21212247686900845
0.5800000000000001	0.2109103404908527
0.585	0.2097115944639957
0.59	0.20852603324415814
0.595	0.20735345458724638
0.6	0.2061936595373186
0.605	0.2050464524097389
0.61	0.2039116407700908
0.615	0.20278903540934662
0.62	0.20167845031574316
0.625	0.20057970264378033
0.63	0.19949261268069962
0.635	0.19841700381080057
0.64	0.19735270247786627
0.645	0.19629953814601142
0.65	0.19525734325915572
0.655	0.1942259531993804
0.66	0.19320520624435228
0.665	0.1921949435239975
0.67	0.19119500897659383
0.675	0.19020524930442248
0.68	0.18922551392910666
0.685	0.18825565494677424
0.6900000000000001	0.18729552708312666
0.6950000000000001	0.18634498764852014
0.7000000000000001	0.1854038964931481
0.7050000000000001	0.18447211596240082
0.71	0.1835495108524406
0.715	0.18263594836610594
0.72	0.18173129806914168
0.725	0.18083543184684397
0.73	0.1799482238611282
0.735	0.1790695505080885
0.74	0.17819929037603524
0.745	0.1773373242040932
0.75	0.17648353484133433
0.755	0.17563780720648228
0.76	0.1748000282482242
0.765	0.1739700869060992
0.77	0.1731478740720235
0.775	0.17233328255242067
0.78	0.17152620703098817
0.785	0.17072654403209497
0.79	0.1699341918848093
0.795	0.16914905068756644
0.8	0.16837102227347583
0.805	0.16760001017625561
0.81	0.16683591959680155
0.8150000000000001	0.16607865737038693
0.8200000000000001	0.16532813193448984
0.8250000000000001	0.16458425329722495
0.8300000000000001	0.16384693300640693
0.8350000000000001	0.1631160841192126
0.84	0.1623916211724399
0.845	0.1616734601533651
0.85	0.16096151847118695
0.855	0.1602557149290382
0.86	0.15955596969657693
0.865	0.1588622042831318
0.87	0.1581743415114006
0.875	0.15749230549169219
0.88	0.15681602159669608
0.885	0.1561454164367858
0.89	0.15548041783582967
0.895	0.15482095480750974
0.9	0.15416695753213944
0.905	0.15351835733396108
0.91	0.15287508665893587
0.915	0.15223707905298017
0.92	0.1516042691406869
0.925	0.15097659260447754
0.93	0.1503539861642038
0.935	0.1497363875571828
0.9400000000000001	0.14912373551865085
0.9450000000000001	0.14851596976263687
0.9500000000000001	0.14791303096323966
0.9550000000000001	0.14731486073630187
0.9600000000000001	0.14672140162147576
0.965	0.14613259706466802
0.97	0.14554839140085904
0.975	0.1449687298372836
0.98	0.1443935584369714
0.985	0.1438228241026386
0.99	0.14325647456091295
0.995	0.14269445834690392
1.	0.14213672478909048
1.005	0.14158322399453097
1.01	0.14103390683438785
1.015	0.14048872492975412
1.02	0.1399476306377835
1.025	0.1394105770381054
1.0299999999999998	0.13887751791953087
1.035	0.13834840776703833
1.0399999999999998	0.13782320174902477
1.045	0.13730185570483486
1.0499999999999998	0.13678432613254088
1.055	0.13627057017698183
1.0599999999999998	0.13576054561805295
1.065	0.13525421085923403
1.0699999999999998	0.134751524916363
1.075	0.13425244740663486
1.0799999999999998	0.13375693853783158
1.085	0.1332649590977761
1.0899999999999999	0.13277647044399932
1.095	0.13229143449362252
1.0999999999999999	0.1318098137134484
1.105	0.1313315711102492
1.1099999999999999	0.13085667022126307
1.115	0.13038507510487363
1.1199999999999999	0.12991675033148778
1.125	0.12945166097459382
1.13	0.12898977260200126
1.135	0.1285310512672629
1.14	0.12807546350126028
1.145	0.12762297630396813
1.15	0.12717355713637898
1.155	0.12672717391259009
1.16	0.12628379499205084
1.1649999999999998	0.12584338917196333
1.17	0.1254059256798327
1.1749999999999998	0.12497137416616678
1.18	0.1245397046973232
1.1849999999999998	0.12411088774849162
1.19	0.12368489419682045
1.1949999999999998	0.12326169531467393
1.2	0.12284126276302387
1.2049999999999998	0.12242356858497344
1.21	0.12200858519940042
1.2149999999999999	0.12159628539472933
1.22	0.12118664232282537
1.2249999999999999	0.12077962949300268
1.23	0.12037522076615007
1.2349999999999999	0.11997339034897368
1.24	0.11957411278834278
1.2449999999999999	0.11917736296575226
1.25	0.11878311609188315
1.255	0.11839134770127613
1.26	0.11800203364709637
1.265	0.11761515009600652
1.27	0.11723067352313021
1.275	0.11684858070711576
1.28	0.11646884872528934
1.285	0.1160914549489028
1.2899999999999998	0.11571637703846457
1.295	0.11534359293916485
1.2999999999999998	0.11497308087638401
1.305	0.11460481935127999
1.3099999999999998	0.11423878713646307
1.315	0.11387496327174991
1.3199999999999998	0.11351332705999269
1.325	0.11315385806298874
1.3299999999999998	0.11279653609746478
1.335	0.11244134123112974
1.3399999999999999	0.11208825377880938
1.345	0.11173725429863929
1.3499999999999999	0.11138832358834055
1.355	0.11104144268154989
1.3599999999999999	0.11069659284422419
1.365	0.11035375557110942
1.3699999999999999	0.11001291258227004
1.375	0.10967404581967972
1.38	0.1093371374438815
1.385	0.10900216983069465
1.39	0.10866912556799267
1.395	0.1083379874525284
1.4	0.10800873848682324
1.405	0.10768136187610605
1.41	0.1073558410253073
1.4149999999999998	0.1070321595361088
1.42	0.10671030120403975
1.4249999999999998	0.1063902500156303
1.43	0.10607199014560781
1.4349999999999998	0.10575550595414701
1.44	0.10544078198416575
1.4449999999999998	0.1051278029586675
1.45	0.10481655377812957
1.4549999999999998	0.10450701951793816
1.46	0.10419918542586505
1.4649999999999999	0.10389303691958822
1.47	0.10358855958425474
1.4749999999999999	0.10328573917008753
1.48	0.10298456159002793
1.4849999999999999	0.1026850129174227
1.49	0.10238707938374929
1.4949999999999999	0.10209074737637502
1.5	0.10179600343636211
1.505	0.10150283425630181
1.51	0.10121122667818966
1.515	0.10092116769133132
1.52	0.10063264443029148
1.525	0.10034564417286732
1.53	0.10006015433810199
1.535	0.09977616248432869
1.54	0.09949365630724638
1.545	0.09921262363802857
1.5499999999999998	0.09893305244146106
1.555	0.09865493081411549
1.5599999999999998	0.09837824698254315
1.565	0.09810298930150753
1.5699999999999998	0.09782914625224003
1.575	0.09755670644072609
1.5799999999999998	0.09728565859601923
1.585	0.09701599156857992
1.5899999999999999	0.0967476943286449
1.595	0.09648075596461768
1.5999999999999999	0.09621516568148937
1.605	0.09595091279928328
1.6099999999999999	0.09568798675152308
1.615	0.09542637708372519
1.6199999999999999	0.09516607345191709
1.625	0.09490706562117801
1.63	0.09464934346420147
1.635	0.0943928969598811
1.64	0.09413771619192053
1.645	0.09388379134746136
1.65	0.09363111271573668
1.655	0.09337967068673989
1.66	0.0931294557499214
1.665	0.09288045849290022
1.67	0.09263266960019545
1.6749999999999998	0.09238607985198144
1.68	0.09214068012285816
1.6849999999999998	0.09189646138064098
1.69	0.09165341468517137
1.6949999999999998	0.09141153118714239
1.7	0.09117080212694482
1.7049999999999998	0.09093121883352995
1.71	0.09069277272328749
1.7149999999999999	0.09045545529894505
1.72	0.09021925814847866
1.7249999999999999	0.08998417294404423
1.73	0.0897501914409235
1.7349999999999999	0.08951730547648322
1.74	0.08928550696915488
1.7449999999999999	0.08905478791742588
1.75	0.08882514039884554
1.755	0.0885965565690487
1.76	0.08836902866079235
1.765	0.08814254898300351
1.77	0.08791710991984676
1.775	0.08769270392980127
1.78	0.08746932354475241
1.785	0.08724696136909671
1.79	0.08702561007886064
1.795	0.08680526242083113
1.7999999999999998	0.08658591121169915
1.805	0.08636754933721612
1.8099999999999998	0.08615016975136049
1.815	0.08593376547551959
1.8199999999999998	0.08571832959768028
1.825	0.08550385527163377
1.8299999999999998	0.08529033571618859
1.835	0.0850777642143984
1.8399999999999999	0.08486613411279825
1.845	0.08465543882065282
1.8499999999999999	0.08444567180921436
1.855	0.08423682661099301
1.8599999999999999	0.08402889681903454
1.865	0.08382187608621176
1.8699999999999999	0.08361575812452202
1.875	0.08341053670439852
1.88	0.08320620565402821
1.885	0.08300275885867978
1.89	0.0828001902600432
1.895	0.08259849385557448
1.9	0.08239766369785412
1.905	0.08219769389395014
1.91	0.08199857860479295
1.915	0.08180031204455745
1.92	0.0816028884800536
1.9249999999999998	0.08140630223012583
1.93	0.08121054766506056
1.9349999999999998	0.0810156192060011
1.94	0.08082151132437211
1.9449999999999998	0.08062821854131007
1.95	0.08043573542710163
1.9549999999999998	0.08024405660063222
1.96	0.08005317672883788
1.9649999999999999	0.07986309052616807
1.97	0.07967379275405338
1.9749999999999999	0.07948527822038196
1.98	0.07929754177898168
1.9849999999999999	0.07911057832911017
1.99	0.0789243828149508
1.9949999999999999	0.07873895022511614
2.	0.07855427559215782
2.005	0.07837035399208231
2.01	0.07818718054387325
2.015	0.07800475040902158
2.02	0.07782305879105844
2.025	0.07764210093509906
2.03	0.07746187212738677
2.035	0.07728236769484947
2.04	0.07710358300465527
2.045	0.07692551346377913
2.05	0.07674815451857252
2.0549999999999997	0.07657150165433935
2.06	0.07639555039491641
2.065	0.07622029630226268
2.07	0.07604573497604711
2.0749999999999997	0.07587186205324997
2.08	0.07569867320776295
2.085	0.07552616414999679
2.09	0.07535433062649514
2.0949999999999998	0.07518316841955035
2.1	0.0750126733468262
2.105	0.07484284126098587
2.11	0.07467366804932288
2.1149999999999998	0.07450514963339709
2.12	0.07433728196867682
2.125	0.07417006104418392
2.13	0.0740034828821432
2.135	0.0738375435376376
2.14	0.0736722390982658
2.145	0.07350756568380669
2.15	0.07334351944588496
2.155	0.0731800965676427
2.16	0.07301729326341615
2.165	0.07285510577841214
2.17	0.07269353038839407
2.175	0.07253256339936802
2.18	0.0723722011472733
2.185	0.07221243999767844
2.19	0.07205327634547781
2.195	0.07189470661459657
2.1999999999999997	0.07173672725769388
2.205	0.07157933475587365
2.21	0.0714225256183976
2.215	0.07126629638240127
2.2199999999999998	0.07111064361261361
2.225	0.07095556390108095
2.23	0.07080105386689306
2.235	0.07064711015591246
2.2399999999999998	0.07049372944050963
2.245	0.07034090841929613
2.25	0.07018864381686728
2.255	0.07003693238354146
2.26	0.06988577089510878
2.265	0.0697351561525775
2.27	0.06958508498192682
2.275	0.06943555423386047
2.28	0.06928656078356528
2.285	0.06913810153047065
2.29	0.06899017339801168
2.295	0.06884277333339518
2.3	0.06869589830736887
2.305	0.06854954531399134
2.31	0.06840371137040764
2.315	0.06825839351662455
2.32	0.06811358881529088
2.3249999999999997	0.06796929435147832
2.33	0.06782550723246687
2.335	0.06768222458752958
2.34	0.06753944356772482
2.3449999999999998	0.06739716134568535
2.35	0.06725537511541345
2.355	0.06711408209207718
2.36	0.06697327951180958
2.3649999999999998	0.06683296463150896
2.37	0.0666931347286427
2.375	0.06655378710105297
2.38	0.06641491906676365
2.385	0.0662765279637915
2.39	0.06613861114995723
2.395	0.06600116600270033
2.4	0.06586418991889484
2.405	0.06572768031466823
2.41	0.0655916346252217
2.415	0.06545605030465265
2.42	0.06532092482577814
2.425	0.06518625567996322
2.43	0.06505204037694713
2.435	0.06491827644467502
2.44	0.06478496142912923
2.445	0.06465209289416363
2.4499999999999997	0.06451966842133912
2.455	0.06438768560976157
2.46	0.06425614207592087
2.465	0.06412503545353242
2.4699999999999998	0.06399436339337979
2.475	0.06386412356315925
2.48	0.06373431364732667
2.485	0.06360493134694466
2.4899999999999998	0.063475974379533
2.495	0.06334744047891913
2.5	0.06321932739509208
2.505	0.06309163289405625
2.51	0.06296435475768725
2.515	0.06283749078359013
2.52	0.06271103878495854
2.525	0.06258499659043489
2.53	0.062459362043973204
2.535	0.06233413300470127
2.54	0.06220930734678851
2.545	0.06208488295930909
2.55	0.061960857746113214
2.555	0.061837229625693706
2.56	0.061713996531058725
2.565	0.06159115640960268
2.57	0.06146870722298066
2.5749999999999997	0.06134664694698223
2.58	0.061224973571408714
2.585	0.06110368509994938
2.59	0.0609827795500613
2.5949999999999998	0.060862254952848784
2.6	0.06074210935294453
2.605	0.060622340808392516
2.61	0.06050294739053148
2.6149999999999998	0.060383927183879964
2.62	0.06026527828602217
2.625	0.0601469988074958
2.63	0.06002908687167985
2.635	0.05991154061468487
2.64	0.059794358185243514
2.645	0.05967753774460214
2.65	0.05956107746641461
2.655	0.05944497553663513
2.66	0.05932923015341471
2.665	0.059213839526996846
2.67	0.05909880187961477
2.675	0.058984115445390076
2.68	0.05886977847023202
2.685	0.058755789211737915
2.69	0.058642145939094434
2.695	0.058528846932980536
2.7	0.05841589048547045
2.705	0.058303274899938015
2.71	0.05819099849096251
2.715	0.058079059584234476
2.7199999999999998	0.05796745651646327
2.725	0.05785618763528503
2.73	0.057745251299172407
2.735	0.05763464587734315
2.7399999999999998	0.05752436974967291
2.745	0.057414421306605505
2.75	0.057304798949066385
2.755	0.05719550108837585
2.76	0.05708652614616349
2.765	0.056977872554283646
2.77	0.05686953875473139
2.775	0.05676152319955882
2.78	0.05665382435079404
2.785	0.05654644068035872
2.79	0.05643937066998743
2.795	0.056332612811148264
2.8	0.056226165604963595
2.8049999999999997	0.05612002756213152
2.81	0.056014197202848365
2.815	0.05590867305673199
2.82	0.05580345366274576
2.825	0.055698537569123026
2.83	0.05559392333329272
2.835	0.05548960952180528
2.84	0.05538559471025977
2.8449999999999998	0.05528187748323114
2.85	0.055178456434198435
2.855	0.055075330165474126
2.86	0.054972497288133325
2.8649999999999998	0.05486995642194416
2.87	0.0547677061952988
2.875	0.05466574524514488
2.88	0.054564072216918086
2.885	0.05446268576447481
2.89	0.05436158455002552
2.895	0.054260767244069336
2.9	0.054160232525328575
2.905	0.05405997908068416
2.91	0.05396000560511173
2.915	0.05386031080161815
2.92	0.053760893381178586
2.925	0.053661752062674636
2.9299999999999997	0.05356288557283281
2.935	0.053464292646162856
2.94	0.05336597202489769
2.945	0.05326792245893372
2.95	0.05317014270577086
2.955	0.0530726315304547
2.96	0.05297538770551687
2.965	0.052878410010918864
2.9699999999999998	0.052781697233993605
2.975	0.05268524816938948
2.98	0.052589061619013985
2.985	0.052493136391978286
2.9899999999999998	0.05239747130454183
2.995	0.05230206518005796
3.	0.052206916848919586
3.005	0.05211202514850609
3.01	0.05201738892312951
3.015	0.051923007023982594
3.02	0.05182887830908618
3.025	0.05173500164323762
3.03	0.05164137589795956
3.035	0.051547999951449576
3.04	0.05145487268852928
3.045	0.05136199300059476
3.05	0.051269359785567535
3.0549999999999997	0.05117697194784488
3.06	0.05108482839825207
3.065	0.05099292805399388
3.07	0.05090126983860698
3.075	0.050809852681913126
3.08	0.050718675519971605
3.085	0.050627737295033774
3.09	0.05053703695549648
3.0949999999999998	0.05044657345585662
3.1	0.05035634575666624
3.105	0.050266352824487714
3.11	0.05017659363184888
3.115	0.05008706715720014
3.12	0.04999777238486984
3.125	0.04990870830502183
3.13	0.04981987391361208
3.135	0.04973126821234692
3.14	0.0496428902086402
3.145	0.049554738915572306
3.15	0.04946681335184842
3.155	0.049379112541757766
3.16	0.049291635515132874
3.165	0.04920438130730952
3.17	0.04911734895908651
3.175	0.04903053751668652
3.1799999999999997	0.04894394603171642
3.185	0.04885757356112891
3.19	0.04877141916718365
3.195	0.048685481917409006
3.2	0.04859976088456455
3.205	0.04851425514660324
3.21	0.04842896378663392
3.215	0.048343885892885304
3.2199999999999998	0.048259020558668014
3.225	0.04817436688233986
3.23	0.04808992396726863
3.235	0.04800569092179717
3.24	0.047921666859207505
3.245	0.04783785089768618
3.25	0.04775424216028931
3.255	0.04767083977490809
3.26	0.04758764287423489
3.265	0.0475046505957288
3.27	0.04742186208158273
3.275	0.0473392764786897
3.28	0.04725689293860972
3.285	0.047174710617537065
3.29	0.04709272867626813
3.295	0.047010946280169046
3.3	0.04692936259914307
3.3049999999999997	0.04684797680760041
3.31	0.04676678808442498
3.315	0.046685795612945016
3.32	0.046604998580900454
3.325	0.046524396180414
3.33	0.04644398760795931
3.335	0.04636377206433172
3.34	0.046283748754618284
3.3449999999999998	0.04620391688816753
3.35	0.046124275678560846
3.355	0.04604482434358289
3.36	0.04596556210519272
3.365	0.04588648818949501
3.37	0.04580760182671215
3.375	0.04572890225115546
3.38	0.0456503887011973
3.385	0.04557206041924356
3.39	0.045493916651705886
3.395	0.04541595664897483
3.4	0.04533817966539195
3.405	0.045260584959223894
3.41	0.04518317179263504
3.415	0.04510593943166135
3.42	0.04502888714618436
3.425	0.044952014209904655
3.4299999999999997	0.04487531990031677
3.435	0.04479880349868276
3.44	0.044722464290007806
3.445	0.04464630156301398
3.45	0.044570314610116214
3.455	0.04449450272739707
3.46	0.04441886521458179
3.465	0.04434340137501494
3.4699999999999998	0.044268110515635214
3.475	0.04419299194695206
3.48	0.04411804498302138
3.485	0.04404326894142255
3.49	0.04396866314323433
3.495	0.043894226913012
3.5	0.04381995957876437
3.505	0.04374586047193045
3.51	0.04367192892735727
3.515	0.04359816428327712
3.52	0.043524565881285136
3.525	0.04345113306631703
3.53	0.04337786518662783
3.535	0.04330476159376878
3.54	0.04323182164256686
3.545	0.04315904469110306
3.55	0.043086430100689986
3.5549999999999997	0.043013977235852416
3.56	0.04294168546430499
3.565	0.04286955415693211
3.5700000000000003	0.042797582687766705
3.575	0.04272577043397023
3.58	0.042654116775812156
3.585	0.042582621096649516
3.59	0.042511282782907396
3.5949999999999998	0.042440101224058356
3.5999999999999996	0.04236907581260336
3.605	0.04229820594405181
3.61	0.042227491016902347
3.615	0.04215693043262334
3.62	0.042086523595633536
3.625	0.04201626991328423
3.63	0.04194616879583868
3.635	0.04187621965645476
3.6399999999999997	0.041806421911165834
3.645	0.0417367749788626
3.65	0.04166727828127433
3.6550000000000002	0.04159793124295127
3.66	0.041528733291246685
3.665	0.041459683856297704
3.67	0.04139078237100995
3.675	0.041322028271037425
3.6799999999999997	0.041253420994766754
3.685	0.041184959983299345
3.69	0.04111664468043374
3.6950000000000003	0.04104847453264927
3.7	0.04098044898908842
3.705	0.040912567501540376
3.71	0.04084482952442458
3.715	0.0407772345147733
3.7199999999999998	0.04070978193221611
3.7249999999999996	0.04064247123896265
3.73	0.04057530189978748
3.735	0.040508273382013
3.74	0.04044138515549396
3.745	0.040374636692601676
3.75	0.04030802746820769
3.755	0.040241556959669036
3.76	0.04017522464681179
3.7649999999999997	0.0401090300119167
3.77	0.040042972539702903
3.775	0.03997705171731306
3.7800000000000002	0.03991126703429881
3.785	0.039845617982605316
3.79	0.039780104056556215
3.795	0.03971472475283945
3.8	0.03964947957049221
3.8049999999999997	0.03958436801088678
3.81	0.039519389577715336
3.815	0.03945454377697685
3.8200000000000003	0.03938983011696166
3.825	0.03932524810823831
3.83	0.039260797263638646
3.835	0.03919647709824498
3.84	0.03913228712937492
3.8449999999999998	0.039068226876568996
3.8499999999999996	0.039004295861576214
3.855	0.03894049360834075
3.86	0.03887681964298876
3.865	0.03881327349381455
3.87	0.038749854691267654
3.875	0.03868656276794001
3.88	0.03862339725855235
3.885	0.03856035769994108
3.8899999999999997	0.03849744363104675
3.895	0.038434654592899214
3.9	0.03837199012860683
3.9050000000000002	0.03830944978334303
3.91	0.038247033104333666
3.915	0.03818473964084469
3.92	0.038122568944170564
3.925	0.038060520567620375
3.9299999999999997	0.037998594066507935
3.935	0.0379367889981373
3.94	0.03787510492179282
3.9450000000000003	0.03781354139872564
3.95	0.037752097992143144
3.955	0.03769077426719647
3.96	0.03762956979096902
3.965	0.03756848413246466
3.9699999999999998	0.037507516862596825
3.9749999999999996	0.037446667554176534
3.98	0.037385935781901115
3.985	0.03732532112234332
3.99	0.0372648231539395
3.995	0.037204441456979195
4.	0.03714417561359349
4.005	0.037084025207744585
4.01	0.03702398982521423
4.015	0.0369640690535936
4.02	0.036904262482272424
4.025	0.03684456970242784
4.03	0.036784990307014084
4.035	0.036725523890752426
4.04	0.03666617005011982
4.045	0.03660692838333932
4.05	0.03654779849036927
4.055	0.036488779972893196
4.0600000000000005	0.036429872434309944
4.0649999999999995	0.0363710754797228
4.07	0.036312388715930184
4.075	0.036253811751415996
4.08	0.03619534419633789
4.085	0.03613698566252011
4.09	0.036078735763440915
4.095	0.036020594114225694
4.1	0.03596256033163433
4.105	0.035904634034054576
4.109999999999999	0.03584681484149019
4.115	0.035789102375552675
4.12	0.03573149625945202
4.125	0.035673996117985926
4.13	0.03561660157753296
4.135	0.03555931226604065
4.14	0.03550212781301864
4.145	0.03544504784952772
4.15	0.03538807200817266
4.155	0.03533119992309148
4.16	0.03527443122994754
4.165	0.03521776556592036
4.17	0.03516120256969737
4.175	0.035104741881463716
4.18	0.035048383142895774
4.1850000000000005	0.0349921259971505
4.1899999999999995	0.03493597008885775
4.195	0.03487991506411193
4.2	0.03482396057046324
4.205	0.0347681062569091
4.21	0.03471235177388569
4.215	0.03465669677326106
4.22	0.03460114090832467
4.225	0.034545683833780545
4.23	0.03449032520573907
4.234999999999999	0.03443506468170845
4.24	0.03437990192058722
4.245	0.03432483658265549
4.25	0.03426986832956805
4.255	0.0342149968243454
4.26	0.03416022173136606
4.265	0.03410554271636014
4.27	0.03405095944639946
4.275	0.033996471589891816
4.28	0.03394207881657167
4.285	0.033887780797494
4.29	0.03383357720502559
4.295	0.0337794677128382
4.3	0.03372545199590106
4.305	0.03367152973047309
4.3100000000000005	0.03361770059409553
4.3149999999999995	0.033563964265585375
4.32	0.03351032042502752
4.325	0.033456768753766866
4.33	0.03340330893440248
4.335	0.033349940650779564
4.34	0.03329666358798251
4.345	0.03324347743232806
4.35	0.033190381871357935
4.355	0.03313737659383236
4.359999999999999	0.03308446128972252
4.365	0.03303163565020434
4.37	0.032978899367650555
4.375	0.0329262521356254
4.38	0.032873693648876746
4.385	0.032821223603330084
4.39	0.03276884169608011
4.395	0.03271654762538733
4.4	0.03266434109066824
4.405	0.03261222179249025
4.41	0.032560189432565306
4.415	0.0325082437137428
4.42	0.03245638434000341
4.425	0.03240461101645267
4.43	0.032352923449314806
4.4350000000000005	0.03230132134592559
4.4399999999999995	0.03224980441472697
4.445	0.0321983723652606
4.45	0.03214702490816145
4.455	0.03209576175515118
4.46	0.032044582619032584
4.465	0.03199348721368398
4.47	0.0319424752540512
4.475	0.03189154645614388
4.48	0.031840700537028414
4.484999999999999	0.031789937214820624
4.49	0.03173925620868263
4.495	0.031688657238814685
4.5	0.03163814002645016
4.505	0.0315877042938493
4.51	0.03153734976429406
4.515	0.03148707616208166
4.52	0.03143688321251952
4.525	0.03138677064191878
4.53	0.031336738177589016
4.535	0.03128678554783281
4.54	0.03123691248193945
4.545	0.03118711871018037
4.55	0.031137403963802525
4.555	0.031087767975023713
4.5600000000000005	0.0310382104770263
4.5649999999999995	0.030988731203952208
4.57	0.030939329890897815
4.575	0.03089000627390794
4.58	0.03084076008997071
4.585	0.0307915910770122
4.59	0.030742498973891235
4.595000000000001	0.030693483520393403
4.6	0.03064454445722738
4.605	0.030595681526017993
4.609999999999999	0.030546894469302123
4.615	0.030498183030522964
4.62	0.03044954695402463
4.625	0.03040098598504819
4.63	0.0303524998697255
4.635	0.030304088355074383
4.640000000000001	0.03025575118899382
4.645	0.030207488120258884
4.65	0.030159298898515558
4.654999999999999	0.030111183274275994
4.66	0.030063140998913412
4.665	0.030015171824657107
4.67	0.02996727550458808
4.675	0.029919451792633705
4.68	0.029871700443563097
4.6850000000000005	0.029824021212981885
4.6899999999999995	0.02977641385732814
4.695	0.02972887813386719
4.7	0.029681413800687086
4.705	0.02963402061669318
4.71	0.029586698341604798
4.715	0.029539446735949677
4.720000000000001	0.02949226556105872
4.725	0.02944515457906335
4.73	0.029398113552888298
4.734999999999999	0.029351142246249906
4.74	0.029304240423649045
4.745	0.02925740785036771
4.75	0.029210644292465338
4.755	0.029163949516772637
4.76	0.02911732329088828
4.765000000000001	0.029070765383173658
4.77	0.02902427556274991
4.775	0.02897785359949189
4.779999999999999	0.028931499264024857
4.785	0.02888521232771927
4.79	0.028838992562687554
4.795	0.028792839741778556
4.8	0.028746753638574558
4.805	0.028700734027385662
4.8100000000000005	0.028654780683246978
4.8149999999999995	0.028608893381913296
4.82	0.028563071899854874
4.825	0.028517316014254158
4.83	0.02847162550300068
4.835	0.028426000144687887
4.84	0.02838043971860768
4.845000000000001	0.028334944004747658
4.85	0.02828951278378587
4.855	0.028244145837087828
4.859999999999999	0.028198842946701524
4.865	0.028153603895354398
4.87	0.02810842846644735
4.875	0.02806331644405376
4.88	0.02801826761291297
4.885	0.027973281758427396
4.890000000000001	0.02792835866665826
4.895	0.0278834981243216
4.9	0.027838699918785206
4.904999999999999	0.027793963838063308
4.91	0.027749289670814442
4.915	0.02770467720633526
4.92	0.02766012623455894
4.925	0.02761563654605017
4.93	0.027571207932002014
4.9350000000000005	0.02752684018423085
4.9399999999999995	0.02748253309517435
4.945	0.027438286457886388
4.95	0.0273941000660336
4.955	0.027349973713891713
4.96	0.027305907196341968
4.965	0.027261900308868475
4.970000000000001	0.027217952847551147
4.975	0.0271740646090656
4.98	0.027130235390678548
4.984999999999999	0.027086464990242313
4.99	0.02704275320619434
4.995	0.026999099837550163
5.	0.026955504683903064
5.005	0.026911967545418084
5.01	0.026868488222829105
5.015000000000001	0.026825066517435804
5.02	0.026781702231100626
5.025	0.02673839516624254
5.029999999999999	0.026695145125836924
5.035	0.026651951913409525
5.04	0.026608815333035257
5.045	0.026565735189331884
5.05	0.026522711287459064
5.055	0.026479743433113635
5.0600000000000005	0.026436831432525915
5.0649999999999995	0.0263939750924578
5.07	0.026351174220197848
5.075	0.026308428623558117
5.08	0.02626573811087107
5.085	0.02622310249098621
5.09	0.02618052157326745
5.095000000000001	0.02613799516758715
5.1	0.026095523084325955
5.105	0.026053105134367954
5.109999999999999	0.02601074112909594
5.115	0.025968430880391843
5.12	0.025926174200629527
5.125	0.02588397090267333
5.13	0.02584182079987519
5.135	0.02579972370607011
5.14	0.025757679435574346
5.145	0.025715687803179784
5.15	0.025673748624153912
5.155	0.025631861714234226
5.16	0.025590026889624803
5.165	0.025548243966995312
5.17	0.025506512763475958
5.175	0.025464833096654493
5.18	0.025423204784573432
5.185	0.025381627645727264
5.19	0.02534010149905754
5.195	0.02529862616395177
5.2	0.025257201460240002
5.205	0.02521582720818932
5.21	0.025174503228504275
5.215	0.02513322934232073
5.22	0.025092005371204023
5.225	0.02505083113714671
5.23	0.025009706462563574
5.235	0.024968631170289877
5.24	0.024927605083577557
5.245	0.024886628026092348
5.25	0.024845699821911735
5.255	0.024804820295519506
5.26	0.024763989271805096
5.265	0.024723206576059344
5.27	0.02468247203397124
5.275	0.024641785471625707
5.28	0.024601146715500035
5.285	0.02456055559246079
5.29	0.024520011929760915
5.295	0.024479515555036725
5.3	0.02443906629630525
5.305	0.024398663981960216
5.31	0.024358308440770023
5.315	0.024317999501874688
5.32	0.024277736994781952
5.325	0.024237520749365204
5.33	0.024197350595859982
5.335	0.024157226364862144
5.34	0.02411714788732269
5.345	0.024077114994546428
5.35	0.02403712751818888
5.355	0.023997185290252767
5.36	0.023957288143085988
5.365	0.023917435909377123
5.37	0.023877628422153952
5.375	0.023837865514780076
5.38	0.023798147020950896
5.385	0.023758472774693035
5.39	0.02371884261035901
5.395	0.023679256362625363
5.4	0.0236397138664901
5.405	0.023600214957267964
5.41	0.023560759470591185
5.415	0.023521347242402253
5.42	0.023481978108953073
5.425	0.023442651906803797
5.43	0.02340336847281573
5.435	0.023364127644151893
5.44	0.02332492925827308
5.445	0.023285773152934387
5.45	0.023246659166183088
5.455	0.02320758713635453
5.46	0.02316855690207161
5.465	0.023129568302239153
5.47	0.02309062117604206
5.475	0.023051715362943495
5.48	0.02301285070268076
5.485	0.022974027035261926
5.49	0.02293524420096458
5.495	0.02289650204033145
5.5	0.022857800394168112
5.505	0.02281913910354051
5.51	0.022780518009771194
5.515	0.022741936954436822
5.52	0.02270339577936532
5.525	0.022664894326633354
5.53	0.02262643243856193
5.535	0.022588009957715663
5.54	0.022549626726897778
5.545	0.022511282589149573
5.55	0.022472977387744696
5.555	0.022434710966188102
5.56	0.02239648316821334
5.565	0.022358293837777994
5.57	0.022320142819062885
5.575	0.02228202995646665
5.58	0.022243955094605777
5.585	0.022205918078308854
5.59	0.022167918752615933
5.595	0.022129956962773888
5.6	0.022092032554233955
5.605	0.022054145372650158
5.61	0.022016295263873872
5.615	0.021978482073953504
5.62	0.02194070564912939
5.625	0.021902965835832393
5.63	0.021865262480679565
5.635	0.02182759543047246
5.64	0.021789964532193454
5.645	0.021752369633003484
5.65	0.02171481058023807
5.655	0.021677287221403975
5.66	0.021639799404178834
5.665	0.0216023469764052
5.67	0.021564929786089572
5.675	0.021527547681397252
5.68	0.021490200510652268
5.6850000000000005	0.021452888122331697
5.69	0.021415610365064137
5.695	0.02137836708762583
5.7	0.021341158138938904
5.705	0.02130398336806666
5.71	0.021266842624211715
5.715	0.021229735756713004
5.72	0.021192662615040957
5.725	0.02115562304879722
5.73	0.021118616907709543
5.735	0.021081644041629665
5.74	0.02104470430052869
5.745	0.02100779753449699
5.75	0.02097092359373766
5.755	0.02093408232856574
5.76	0.02089727358940381
5.765	0.020860497226780177
5.77	0.020823753091324247
5.775	0.020787041033764487
5.78	0.020750360904924343
5.785	0.02071371255571959
5.79	0.020677095837155438
5.795	0.020640510600323157
5.8	0.020603956696395344
5.805	0.02056743397662596
5.8100000000000005	0.020530942292343965
5.815	0.020494481494950895
5.82	0.020458051435919295
5.825	0.02042165196678705
5.83	0.020385282939155303
5.835	0.02034894420468564
5.84	0.020312635615095574
5.845	0.02027635702215631
5.85	0.02024010827768826
5.855	0.020203889233559036
5.86	0.0201676997416784
5.865	0.020131539653997
5.87	0.02009540882250127
5.875	0.020059307099210513
5.88	0.020023234336173937
5.885	0.019987190385466043
5.89	0.0199511750991853
5.895	0.019915188329447314
5.9	0.01987922992838527
5.905	0.019843299748143268
5.91	0.01980739764087421
5.915	0.019771523458736777
5.92	0.01973567705389046
5.925	0.01969985827849229
5.93	0.019664066984694365
5.9350000000000005	0.019628303024638995
5.94	0.0195925662504555
5.945	0.019556856514257426
5.95	0.019521173668136813
5.955	0.019485517564162166
5.96	0.019449888054374732
5.965	0.019414284990783626
5.97	0.019378708225362945
5.975	0.019343157610047883
5.98	0.01930763299673061
5.985	0.019272134237256985
5.99	0.019236661183421922
5.995	0.01920121368696619
6.	0.01916579159957274
6.005	0.019130394772861537
6.01	0.019095023058386153
6.015	0.01905967630763161
6.02	0.019024354372006957
6.025	0.01898905710284411
6.03	0.01895378435139257
6.035	0.018918535968815493
6.04	0.018883311806185916
6.045	0.018848111714482002
6.05	0.018812935544583118
6.055	0.018777783147266493
6.0600000000000005	0.018742654373201377
6.065	0.018707549072945914
6.07	0.01867246709694299
6.075	0.018637408295515537
6.08	0.01860237251886174
6.085	0.01856735961705147
6.09	0.018532369440021776
6.095	0.01849740183757143
6.1	0.018462456659358816
6.105	0.018427533754893876
6.11	0.018392632973536573
6.115	0.018357754164492097
6.12	0.018322897176803955
6.125	0.018288061859352046
6.13	0.018253248060845936
6.135	0.018218455629821596
6.140000000000001	0.018183684414636397
6.145	0.018148934263462438
6.15	0.018114205024284954
6.155	0.01807949654489444
6.16	0.018044808672884494
6.165	0.018010141255644544
6.17	0.017975494140355146
6.175	0.017940867173984933
6.18	0.017906260203283366
6.1850000000000005	0.017871673074776002
6.1899999999999995	0.01783710563476102
6.195	0.01780255772930157
6.2	0.017768029204221894
6.205	0.017733519905102694
6.21	0.01769902967727424
6.215	0.01766455836581082
6.22	0.01763010581552853
6.225	0.01759567187097492
6.23	0.01756125637642709
6.235	0.017526859175884955
6.24	0.017492480113065628
6.245	0.017458119031397684
6.25	0.017423775774015098
6.255	0.017389450183751372
6.26	0.017355142103136493
6.265000000000001	0.01732085137438539
6.27	0.017286577839397584
6.275	0.01725232133974739
6.28	0.01721808171668003
6.285	0.0171838588111043
6.29	0.017149652463587732
6.295	0.017115462514347632
6.3	0.01708128880324775
6.305	0.017047131169790702
6.3100000000000005	0.017012989453110954
6.3149999999999995	0.01697886349196934
6.32	0.016944753124744836
6.325	0.016910658189430997
6.33	0.016876578523625084
6.335	0.01684251396452469
6.34	0.016808464348920252
6.345	0.016774429513186136
6.35	0.016740409293275946
6.355	0.016706403524714537
6.36	0.016672412042590297
6.365	0.01663843468154851
6.37	0.016604471275785383
6.375	0.016570521659037486
6.38	0.016536585664577125
6.385	0.016502663125203456
6.390000000000001	0.016468753873235632
6.395	0.016434857740504728
6.4	0.016400974558344432
6.405	0.016367104157586517
6.41	0.016333246368550037
6.415	0.01629940102103379
6.42	0.01626556794430951
6.425	0.016231746967111705
6.43	0.01619793791763068
6.4350000000000005	0.016164140623503905
6.4399999999999995	0.016130354911806595
6.445	0.016096580609044443
6.45	0.01606281754114427
6.455	0.01602906553344398
6.46	0.015995324410685248
6.465	0.015961593997005443
6.47	0.0159278741159244
6.475	0.015894164590339335
6.48	0.015860465242513423
6.485	0.01582677589406689
6.49	0.015793096365966965
6.495	0.015759426478518652
6.5	0.015725766051354822
6.505	0.015692114903425577
6.51	0.015658472852989266
6.515000000000001	0.015624839717600928
6.52	0.015591215314103726
6.525	0.015557599458616142
6.53	0.015523991966523591
6.535	0.015490392652466826
6.54	0.015456801330330266
6.545	0.0154232178132324
6.55	0.01538964191351338
6.555	0.015356073442723705
6.5600000000000005	0.015322512211615357
6.5649999999999995	0.015288958030126004
6.57	0.015255410707370569
6.575	0.015221870051627706
6.58	0.015188335870328456
6.585	0.015154807970042657
6.59	0.015121286156469507
6.595	0.015087770234422192
6.6	0.015054260007815037
6.605	0.015020755279653596
6.61	0.014987255852018126
6.615	0.014953761526052793
6.62	0.014920272101951152
6.625	0.01488678737894209
6.63	0.014853307155276812
6.635	0.014819831228215308
6.640000000000001	0.014786359394010554
6.645	0.014752891447895657
6.65	0.014719427184068084
6.655	0.014685966395676433
6.66	0.014652508874803263
6.665	0.014619054412451333
6.67	0.014585602798528286
6.675	0.014552153821830347
6.68	0.014518707270025738
6.6850000000000005	0.014485262929640492
6.6899999999999995	0.014451820586040517
6.695	0.014418380023416059
6.7	0.014384941024763159
6.705	0.014351503371868312
6.71	0.014318066845291052
6.715	0.014284631224344443
6.72	0.014251196287080138
6.725	0.014217761810266998
6.73	0.014184327569375814
6.735	0.014150893338557723
6.74	0.014117458890628067
6.745	0.014084023997044347
6.75	0.014050588427889258
6.755	0.01401715195184827
6.76	0.01398371433619215
6.765000000000001	0.01395027534675332
6.77	0.0139168347479088
6.775	0.01388339230255598
6.78	0.013849947772091996
6.785	0.013816500916393222
6.79	0.013783051493790876
6.795	0.01374959926105107
6.8	0.013716143973349386
6.805	0.013682685384249476
6.8100000000000005	0.013649223245678632
6.8149999999999995	0.013615757307904557
6.82	0.013582287319509861
6.825	0.013548813027368082
6.83	0.013515334176618132
6.835	0.013481850510638587
6.84	0.013448361771022994
6.845	0.013414867697550875
6.85	0.013381368028163686
6.855	0.013347862498935081
6.86	0.013314350844044039
6.865	0.013280832795747486
6.87	0.013247308084349936
6.875	0.013213776438174835
6.88	0.013180237583535653
6.885	0.0131466912447041
6.890000000000001	0.013113137143880522
6.895	0.013079575001162028
6.9	0.013046004534511048
6.905	0.013012425459721911
6.91	0.012978837490389356
6.915	0.012945240337873073
6.92	0.012911633711265661
6.925	0.01287801731735595
6.93	0.012844390860594497
6.9350000000000005	0.012810754043057615
6.9399999999999995	0.01277710656441009
6.945	0.012743448121868155
6.95	0.012709778410161847
6.955	0.01267609712149518
6.96	0.012642403945507408
6.965	0.012608698569234094
6.97	0.012574980677062362
6.975	0.012541249950693417
6.98	0.012507506069098456
6.985	0.01247374870847391
6.99	0.012439977542199436
6.995	0.012406192240792464
7.	0.0123723924718613
7.005	0.012338577900059898
7.01	0.01230474818704022
7.015000000000001	0.012270902991401541
7.02	0.012237041968644276
7.025	0.012203164771117363
7.03	0.0121692710479675
7.035	0.012135360445087073
7.04	0.012101432605059765
7.045	0.012067487167107883
7.05	0.012033523767034513
7.055	0.01199954203716852
7.0600000000000005	0.011965541606306323
7.0649999999999995	0.011931522099652044
7.07	0.0118974831387587
7.075	0.011863424341466075
7.08	0.011829345321837235
7.085	0.011795245690096533
7.09	0.011761125052562337
7.095	0.011726983011581002
7.1	0.011692819165459795
7.105	0.011658633108395546
7.11	0.011624424430405603
7.115	0.011590192717254161
7.12	0.011555937550378457
7.125	0.011521658506813666
7.13	0.011487355159114516
7.135	0.011453027075278
7.140000000000001	0.011418673818661742
7.145	0.011384294947901673
7.15	0.011349890016828504
7.155	0.011315458574380623
7.16	0.011281000164517161
7.165	0.011246514326127464
7.17	0.011212000592939524
7.175	0.011177458493425938
7.18	0.011142887550706984
7.1850000000000005	0.011108287282454478
7.1899999999999995	0.011073657200788619
7.195	0.011038996812176464
7.2	0.01100430561732713
7.205	0.01096958311108233
7.21	0.010934828782308899
7.215	0.01090004211378319
7.220000000000001	0.010865222582077278
7.225	0.010830369657440551
7.23	0.010795482803678482
7.234999999999999	0.010760561478028612
7.24	0.010725605131033824
7.245	0.01069061320641273
7.25	0.010655585140925685
7.255	0.010620520364239211
7.26	0.010585418298785506
7.265000000000001	0.010550278359620179
7.27	0.010515099954274283
7.275	0.010479882482605039
7.28	0.01044462533664037
7.285	0.010409327900421777
7.29	0.010373989549841742
7.295	0.010338609652476878
7.300000000000001	0.010303187567418015
7.305	0.010267722645095193
7.3100000000000005	0.010232214227096716
7.3149999999999995	0.010196661645986876
7.32	0.010161064225115138
7.325	0.010125421278422158
7.33	0.01008973211024118
7.335	0.010053996015092192
7.34	0.010018212277472904
7.345000000000001	0.00998238017164109
7.35	0.009946498961394103
7.355	0.009910567899840527
7.359999999999999	0.009874586229165276
7.365	0.009838553180388976
7.37	0.009802467973120994
7.375	0.009766329815304156
7.38	0.009730137902952993
7.385	0.009693891419884793
7.390000000000001	0.009657589537442286
7.395	0.009621231414208956
7.4	0.009584816195715336
7.405	0.009548343014137076
7.41	0.009511810987984929
7.415	0.009475219221783932
7.42	0.009438566805743143
7.425000000000001	0.009401852815418181
7.43	0.009365076311359842
7.4350000000000005	0.009328236338753739
7.4399999999999995	0.00929133192704971
7.445	0.009254362089577856
7.45	0.009217325823154399
7.455	0.009180222107674156
7.46	0.009143049905690415
7.465	0.00910580816198113
7.470000000000001	0.009068495803102972
7.475	0.009031111736927859
7.48	0.00899365485216787
7.484999999999999	0.008956124017881473
7.49	0.008918518082967083
7.495	0.008880835875635755
7.5	0.008843076202869416
7.505	0.008805237849859962
7.51	0.008767319579428341
7.515000000000001	0.008729320131425612
7.52	0.008691238222111583
7.525	0.008653072543513399
7.53	0.008614821762760468
7.535	0.008576484521397148
7.54	0.008538059434670146
7.545	0.008499545090790797
7.550000000000001	0.008460940050170732
7.555	0.008422242844629826
7.5600000000000005	0.008383451976575387
7.5649999999999995	0.008344565918149707
7.57	0.008305583110348284
7.575	0.00826650196210264
7.58	0.00822732084932947
7.585	0.008188038113943516
7.59	0.00814865206283255
7.595000000000001	0.008109160966791899
7.6	0.008069563059417778
7.605	0.008029856535957109
7.609999999999999	0.007990039552111182
7.615	0.007950110222790874
7.62	0.007910066620822033
7.625	0.0078699067755979
7.63	0.007829628671675607
7.635	0.007789230247313461
7.640000000000001	0.0077487093929484736
7.645	0.007708063949607648
7.65	0.007667291707252317
7.655	0.007626390403049727
7.66	0.007585357719570147
7.665	0.007544191282903655
7.67	0.007502888660694749
7.675000000000001	0.00746144736008515
7.68	0.007419864825567261
7.685	0.0073781384367364745
7.6899999999999995	0.007336265505938852
7.694999999999999	0.0072942432758122695
7.699999999999999	0.007252068916706601
7.704999999999999	0.007209739523983188
7.71	0.007167252115183748
7.715	0.007124603627059951
7.72	0.007081790912457454
7.725	0.007038810737042984
7.7299999999999995	0.0069956597758678496
7.734999999999999	0.0069523346097542255
7.739999999999999	0.006908831721496433
7.744999999999999	0.00686514749186363
7.75	0.006821278195390774
7.755	0.006777219995941586
7.76	0.006732968942040647
7.765	0.006688520961938568
7.77	0.006643871858411148
7.7749999999999995	0.0065990173032651825
7.779999999999999	0.006553952831529596
7.784999999999999	0.006508673835317
7.79	0.006463175557322203
7.795	0.006417453083941029
7.8	0.006371501337977708
7.805	0.006325315070905938
7.81	0.00627888885466017
7.8149999999999995	0.006232217072910608
7.819999999999999	0.0061852939117921285
7.824999999999999	0.00613811335003435
7.829999999999999	0.00609066914845618
7.835	0.006042954838764757
7.84	0.005994963711603229
7.845	0.005946688803792165
7.85	0.0058981228846922895
7.8549999999999995	0.005849258441603633
7.859999999999999	0.005800087664139396
7.864999999999999	0.0057506024274635295
7.869999999999999	0.00570079427430139
7.875	0.0056506543956073895
7.88	0.005600173609766681
7.885	0.005549342340194928
7.89	0.00549815059117756
7.895	0.005446587921778215
7.8999999999999995	0.00539464341763621
7.904999999999999	0.005342305660414595
7.909999999999999	0.005289562694685268
7.915	0.005236401991961774
7.92	0.005182810411582377
7.925	0.00512877415810411
7.93	0.005074278734810453
7.935	0.005019308892899209
7.9399999999999995	0.004963848575835843
7.944999999999999	0.00490788085833237
7.949999999999999	0.004851387879254077
7.955	0.004794350767744979
7.96	0.004736749561687216
7.965	0.004678563117513462
7.97	0.0046197690102248
7.975	0.004560343422270109
7.9799999999999995	0.004500261019754877
7.984999999999999	0.004439494814142395
7.989999999999999	0.004378016007350831
7.994999999999999	0.004315793817696437
8.	0.004252795283758295
8.004999999999999	0.004188985042605729
8.01	0.004124325078202112
8.014999999999999	0.00405877443491516
8.02	0.003992288890031304
8.025	0.003924820577896891
8.03	0.0038563175566492343
8.035	0.0037867233064210084
8.04	0.0037159761453525145
8.045	0.0036440085462851484
8.049999999999999	0.0035707463327286325
8.055	0.0034961077269619837
8.059999999999999	0.0034200022156197895
8.065	0.003342329188120524
8.07	0.0032629762897510685
8.075	0.0031818174127801833
8.08	0.0030987102233832886
8.084999999999999	0.0030134930861932083
8.09	0.0029259811969176105
8.094999999999999	0.002835961658658348
8.1	0.0027431871264649525
8.105	0.0026473674760294544
8.11	0.0025481586898118804
8.115	0.0024451477331008564
8.12	0.002337831496393286
8.125	0.002225586684574665
8.129999999999999	0.0021076253877479346
8.135	0.001982927015833763
8.139999999999999	0.0018501291345415633
8.145	0.0017073420789731509
8.15	0.0015518100543163175
8.155	0.0013792271917295897
8.16	0.001182148048750187
8.165	0.000945373455266755
8.17	0.0006253286921090078
8.174999999999999	0.
8.18	0.
8.184999999999999	0.
8.19	0.
8.195	0.
8.2	0.
8.205	0.
8.209999999999999	0.
8.215	0.
8.219999999999999	0.
8.225	0.
8.23	0.
8.235	0.
8.24	0.
8.245	0.
8.25	0.
8.254999999999999	0.
8.26	0.
8.264999999999999	0.
8.27	0.
8.275	0.
8.28	0.
8.285	0.
8.29	0.
8.295	0.
8.299999999999999	0.
8.305	0.
8.309999999999999	0.
8.315	0.
8.32	0.
8.325	0.
8.33	0.
8.334999999999999	0.
8.34	0.
8.344999999999999	0.
8.35	0.
8.355	0.
8.36	0.
8.365	0.
8.37	0.
8.375	0.
8.379999999999999	0.
8.385	0.
8.389999999999999	0.
8.395	0.
8.4	0.
8.405	0.
8.41	0.
8.415	0.
8.42	0.
8.424999999999999	0.
8.43	0.
8.434999999999999	0.
8.44	0.
8.445	0.
8.45	0.
8.455	0.
8.459999999999999	0.
8.465	0.
8.469999999999999	0.
8.475	0.
8.48	0.
8.485	0.
8.49	0.
8.495	0.
8.5	0.
8.504999999999999	0.
8.51	0.
8.515	0.
8.52	0.
8.525	0.
8.53	0.
8.535	0.
8.54	0.
8.545	0.
8.549999999999999	0.
8.555	0.
8.559999999999999	0.
8.565	0.
8.57	0.
8.575	0.
8.58	0.
8.584999999999999	0.
8.59	0.
8.594999999999999	0.
8.6	0.
8.605	0.
8.61	0.
8.615	0.
8.62	0.
8.625	0.
8.629999999999999	0.
8.635	0.
8.64	0.
8.645	0.
8.65	0.
8.655	0.
8.66	0.
8.665	0.
8.67	0.
8.674999999999999	0.
8.68	0.
8.684999999999999	0.
8.69	0.
8.695	0.
8.7	0.
8.705	0.
8.709999999999999	0.
8.715	0.
8.719999999999999	0.
8.725	0.
8.73	0.
8.735	0.
8.74	0.
8.745	0.
8.75	0.
8.754999999999999	0.
8.76	0.
8.765	0.
8.77	0.
8.775	0.
8.78	0.
8.785	0.
8.79	0.
8.795	0.
8.799999999999999	0.
8.805	0.
8.809999999999999	0.
8.815	0.
8.82	0.
8.825	0.
8.83	0.
8.834999999999999	0.
8.84	0.
8.844999999999999	0.
8.85	0.
8.855	0.
8.86	0.
8.865	0.
8.87	0.
8.875	0.
8.879999999999999	0.
8.885	0.
8.89	0.
8.895	0.
8.9	0.
8.905	0.
8.91	0.
8.915	0.
8.92	0.
8.924999999999999	0.
8.93	0.
8.934999999999999	0.
8.94	0.
8.945	0.
8.95	0.
8.955	0.
8.959999999999999	0.
8.965	0.
8.969999999999999	0.
8.975	0.
8.98	0.
8.985	0.
8.99	0.
8.995	0.
9.	0.
9.004999999999999	0.
9.01	0.
9.015	0.
9.02	0.
9.025	0.
9.03	0.
9.035	0.
9.04	0.
9.045	0.
9.049999999999999	0.
9.055	0.
9.059999999999999	0.
9.065	0.
9.07	0.
9.075	0.
9.08	0.
9.084999999999999	0.
9.09	0.
9.094999999999999	0.
9.1	0.
9.105	0.
9.11	0.
9.115	0.
9.12	0.
9.125	0.
9.129999999999999	0.
9.135	0.
9.14	0.
9.145	0.
9.15	0.
9.155	0.
9.16	0.
9.165	0.
9.17	0.
9.174999999999999	0.
9.18	0.
9.184999999999999	0.
9.19	0.
9.195	0.
9.2	0.
9.205	0.
9.209999999999999	0.
9.215	0.
9.219999999999999	0.
9.225	0.
9.23	0.
9.235	0.
9.24	0.
9.245	0.
9.25	0.
9.254999999999999	0.
9.26	0.
9.265	0.
9.27	0.
9.275	0.
9.28	0.
9.285	0.
9.29	0.
9.295	0.
9.299999999999999	0.
9.305	0.
9.309999999999999	0.
9.315	0.
9.32	0.
9.325	0.
9.33	0.
9.334999999999999	0.
9.34	0.
9.344999999999999	0.
9.35	0.
9.355	0.
9.36	0.
9.365	0.
9.37	0.
9.375	0.
9.379999999999999	0.
9.385	0.
9.39	0.
9.395	0.
9.4	0.
9.405	0.
9.41	0.
9.415	0.
9.42	0.
9.424999999999999	0.
9.43	0.
9.434999999999999	0.
9.44	0.
9.445	0.
9.45	0.
9.455	0.
9.459999999999999	0.
9.465	0.
9.469999999999999	0.
9.475	0.
9.48	0.
9.485	0.
9.49	0.
9.495	0.
9.5	0.
9.504999999999999	0.
9.51	0.
9.515	0.
9.52	0.
9.525	0.
9.53	0.
9.535	0.
9.54	0.
9.545	0.
9.549999999999999	0.
9.555	0.
9.559999999999999	0.
9.565	0.
9.57	0.
9.575	0.
9.58	0.
9.584999999999999	0.
9.59	0.
9.594999999999999	0.
9.6	0.
9.605	0.
9.61	0.
9.615	0.
9.62	0.
9.625	0.
9.629999999999999	0.
9.635	0.
9.64	0.
9.645	0.
9.65	0.
9.655	0.
9.66	0.
9.665	0.
9.67	0.
9.674999999999999	0.
9.68	0.
9.684999999999999	0.
9.69	0.
9.695	0.
9.7	0.
9.705	0.
9.709999999999999	0.
9.715	0.
9.719999999999999	0.
9.725	0.
9.73	0.
9.735	0.
9.74	0.
9.745	0.
9.75	0.
9.754999999999999	0.
9.76	0.
9.765	0.
9.77	0.
9.774999999999999	0.
9.78	0.
9.785	0.
9.79	0.
9.795	0.
9.8	0.
9.805	0.
9.809999999999999	0.
9.815	0.
9.82	0.
9.825	0.
9.83	0.
9.834999999999999	0.
9.84	0.
9.844999999999999	0.
9.85	0.
9.855	0.
9.86	0.
9.865	0.
9.87	0.
9.875	0.
9.879999999999999	0.
9.885	0.
9.89	0.
9.895	0.
9.899999999999999	0.
9.905	0.
9.91	0.
9.915	0.
9.92	0.
9.925	0.
9.93	0.
9.934999999999999	0.
9.94	0.
9.945	0.
9.95	0.
9.955	0.
9.959999999999999	0.
9.965	0.
9.969999999999999	0.
9.975	0.
9.98	0.
9.985	0.
9.99	0.
9.995	0.
10.	0.
10.004999999999999	0.
10.01	0.
10.015	0.
10.02	0.
10.024999999999999	0.
10.03	0.
10.035	0.
10.04	0.
10.045	0.
10.05	0.
10.055	0.
10.059999999999999	0.
10.065	0.
10.07	0.
10.075	0.
10.08	0.
10.084999999999999	0.
10.09	0.
10.094999999999999	0.
10.1	0.
10.105	0.
10.11	0.
10.115	0.
10.12	0.
10.125	0.
10.129999999999999	0.
10.135	0.
10.14	0.
10.145	0.
10.149999999999999	0.
10.155	0.
10.16	0.
10.165	0.
10.17	0.
10.175	0.
10.18	0.
10.184999999999999	0.
10.19	0.
10.195	0.
10.2	0.
10.205	0.
10.209999999999999	0.
10.215	0.
10.219999999999999	0.
10.225	0.
10.23	0.
10.235	0.
10.24	0.
10.245000000000001	0.
10.250000000000002	0.
10.255	0.
10.260000000000002	0.
10.265	0.
10.270000000000001	0.
10.275	0.
10.280000000000001	0.
10.285	0.
10.290000000000001	0.
10.295000000000002	0.
10.3	0.
10.305000000000001	0.
10.31	0.
10.315000000000001	0.
10.32	0.
10.325000000000001	0.
10.330000000000002	0.
10.335	0.
10.340000000000002	0.
10.345	0.
10.350000000000001	0.
10.355	0.
10.360000000000001	0.
10.365	0.
10.370000000000001	0.
10.375000000000002	0.
10.38	0.
10.385000000000002	0.
10.39	0.
10.395000000000001	0.
10.4	0.
10.405000000000001	0.
10.41	0.
10.415000000000001	0.
10.420000000000002	0.
10.425	0.
10.430000000000001	0.
10.435	0.
10.440000000000001	0.
10.445	0.
10.450000000000001	0.
10.455000000000002	0.
10.46	0.
10.465000000000002	0.
10.47	0.
10.475000000000001	0.
10.48	0.
10.485000000000001	0.
10.49	0.
10.495000000000001	0.
10.500000000000002	0.
10.505	0.
10.510000000000002	0.
10.515	0.
10.520000000000001	0.
10.525	0.
10.530000000000001	0.
10.535	0.
10.540000000000001	0.
10.545000000000002	0.
10.55	0.
10.555000000000001	0.
10.56	0.
10.565000000000001	0.
10.57	0.
10.575000000000001	0.
10.580000000000002	0.
10.585	0.
10.590000000000002	0.
10.595	0.
10.600000000000001	0.
10.605	0.
10.610000000000001	0.
10.615	0.
10.620000000000001	0.
10.625000000000002	0.
10.63	0.
10.635000000000002	0.
10.64	0.
10.645000000000001	0.
10.65	0.
10.655000000000001	0.
10.66	0.
10.665000000000001	0.
10.670000000000002	0.
10.675	0.
10.680000000000001	0.
10.685	0.
10.690000000000001	0.
10.695	0.
10.700000000000001	0.
10.705000000000002	0.
10.71	0.
10.715000000000002	0.
10.72	0.
10.725000000000001	0.
10.73	0.
10.735000000000001	0.
10.74	0.
10.745000000000001	0.
10.750000000000002	0.
10.755	0.
10.760000000000002	0.
10.765	0.
10.770000000000001	0.
10.775	0.
10.780000000000001	0.
10.785	0.
10.790000000000001	0.
10.795000000000002	0.
10.8	0.
10.805000000000001	0.
10.81	0.
10.815000000000001	0.
10.82	0.
10.825000000000001	0.
10.830000000000002	0.
10.835	0.
10.840000000000002	0.
10.845	0.
10.850000000000001	0.
10.855	0.
10.860000000000001	0.
10.865	0.
10.870000000000001	0.
10.875000000000002	0.
10.88	0.
10.885000000000002	0.
10.89	0.
10.895000000000001	0.
10.9	0.
10.905000000000001	0.
10.91	0.
10.915000000000001	0.
10.920000000000002	0.
10.925	0.
10.930000000000001	0.
10.935	0.
10.940000000000001	0.
10.945	0.
10.950000000000001	0.
10.955000000000002	0.
10.96	0.
10.965000000000002	0.
10.97	0.
10.975000000000001	0.
10.98	0.
10.985000000000001	0.
10.99	0.
10.995000000000001	0.
11.000000000000002	0.
11.005	0.
11.010000000000002	0.
11.015	0.
11.020000000000001	0.
11.025	0.
11.030000000000001	0.
11.035	0.
11.040000000000001	0.
11.045000000000002	0.
11.05	0.
11.055000000000001	0.
11.06	0.
11.065000000000001	0.
11.07	0.
11.075000000000001	0.
11.080000000000002	0.
11.085	0.
11.090000000000002	0.
11.095	0.
11.100000000000001	0.
11.105	0.
11.110000000000001	0.
11.115	0.
11.120000000000001	0.
11.125000000000002	0.
11.13	0.
11.135000000000002	0.
11.14	0.
11.145000000000001	0.
11.15	0.
11.155000000000001	0.
11.16	0.
11.165000000000001	0.
11.170000000000002	0.
11.175	0.
11.180000000000001	0.
11.185	0.
11.190000000000001	0.
11.195	0.
11.200000000000001	0.
11.205000000000002	0.
11.21	0.
11.215000000000002	0.
11.22	0.
11.225000000000001	0.
11.23	0.
11.235000000000001	0.
11.24	0.
11.245000000000001	0.
11.250000000000002	0.
11.255	0.
11.260000000000002	0.
11.265	0.
11.270000000000001	0.
11.275	0.
11.280000000000001	0.
11.285	0.
11.290000000000001	0.
11.295000000000002	0.
11.3	0.
11.305000000000001	0.
11.31	0.
11.315000000000001	0.
11.32	0.
11.325000000000001	0.
11.330000000000002	0.
11.335	0.
11.340000000000002	0.
11.345	0.
11.350000000000001	0.
11.355	0.
11.360000000000001	0.
11.365000000000002	0.
11.370000000000001	0.
11.375000000000002	0.
11.38	0.
11.385000000000002	0.
11.39	0.
11.395000000000001	0.
11.4	0.
11.405000000000001	0.
11.41	0.
11.415000000000001	0.
11.420000000000002	0.
11.425	0.
11.430000000000001	0.
11.435	0.
11.440000000000001	0.
11.445	0.
11.450000000000001	0.
11.455000000000002	0.
11.46	0.
11.465000000000002	0.
11.47	0.
11.475000000000001	0.
11.48	0.
11.485000000000001	0.
11.490000000000002	0.
11.495000000000001	0.
11.500000000000002	0.
11.505	0.
11.510000000000002	0.
11.515	0.
11.520000000000001	0.
11.525	0.
11.530000000000001	0.
11.535	0.
11.540000000000001	0.
11.545000000000002	0.
11.55	0.
11.555000000000001	0.
11.56	0.
11.565000000000001	0.
11.57	0.
11.575000000000001	0.
11.580000000000002	0.
11.585	0.
11.590000000000002	0.
11.595	0.
11.600000000000001	0.
11.605	0.
11.610000000000001	0.
11.615000000000002	0.
11.620000000000001	0.
11.625000000000002	0.
11.63	0.
11.635000000000002	0.
11.64	0.
11.645000000000001	0.
11.65	0.
11.655000000000001	0.
11.66	0.
11.665000000000001	0.
11.670000000000002	0.
11.675	0.
11.680000000000001	0.
11.685	0.
11.690000000000001	0.
11.695	0.
11.700000000000001	0.
11.705000000000002	0.
11.71	0.
11.715000000000002	0.
11.72	0.
11.725000000000001	0.
11.73	0.
11.735000000000001	0.
11.740000000000002	0.
11.745000000000001	0.
11.750000000000002	0.
11.755	0.
11.760000000000002	0.
11.765	0.
11.770000000000001	0.
11.775	0.
11.780000000000001	0.
11.785	0.
11.790000000000001	0.
11.795000000000002	0.
11.8	0.
11.805000000000001	0.
11.81	0.
11.815000000000001	0.
11.82	0.
11.825000000000001	0.
11.830000000000002	0.
11.835	0.
11.840000000000002	0.
11.845	0.
11.850000000000001	0.
11.855	0.
11.860000000000001	0.
11.865000000000002	0.
11.870000000000001	0.
11.875000000000002	0.
11.88	0.
11.885000000000002	0.
11.89	0.
11.895000000000001	0.
11.9	0.
11.905000000000001	0.
11.91	0.
11.915000000000001	0.
11.920000000000002	0.
11.925	0.
11.930000000000001	0.
11.935	0.
11.940000000000001	0.
11.945	0.
11.950000000000001	0.
11.955000000000002	0.
11.96	0.
11.965000000000002	0.
11.97	0.
11.975000000000001	0.
11.98	0.
11.985000000000001	0.
11.990000000000002	0.
11.995000000000001	0.
12.000000000000002	0.
12.005	0.
12.010000000000002	0.
12.015	0.
12.020000000000001	0.
12.025	0.
12.030000000000001	0.
12.035	0.
12.040000000000001	0.
12.045000000000002	0.
12.05	0.
12.055000000000001	0.
12.06	0.
12.065000000000001	0.
12.07	0.
12.075000000000001	0.
12.080000000000002	0.
12.085	0.
12.090000000000002	0.
12.095	0.
12.100000000000001	0.
12.105	0.
12.110000000000001	0.
12.115000000000002	0.
12.120000000000001	0.
12.125000000000002	0.
12.13	0.
12.135000000000002	0.
12.14	0.
12.145000000000001	0.
12.15	0.
12.155000000000001	0.
12.16	0.
12.165000000000001	0.
12.170000000000002	0.
12.175	0.
12.180000000000001	0.
12.185	0.
12.190000000000001	0.
12.195	0.
12.200000000000001	0.
12.205000000000002	0.
12.21	0.
12.215000000000002	0.
12.22	0.
12.225000000000001	0.
12.23	0.
12.235000000000001	0.
12.240000000000002	0.
12.245000000000001	0.
12.25	0.
12.255	0.
12.260000000000002	0.
12.265	0.
12.270000000000001	0.
12.275000000000002	0.
12.280000000000001	0.
12.285	0.
12.290000000000001	0.
12.295000000000002	0.
12.3	0.
12.305000000000001	0.
12.31	0.
12.315000000000001	0.
12.32	0.
12.325000000000001	0.
12.330000000000002	0.
12.335	0.
12.340000000000002	0.
12.345	0.
12.350000000000001	0.
12.355	0.
12.360000000000001	0.
12.365000000000002	0.
12.370000000000001	0.
12.375	0.
12.38	0.
12.385000000000002	0.
12.39	0.
12.395000000000001	0.
12.400000000000002	0.
12.405000000000001	0.
12.41	0.
12.415000000000001	0.
12.420000000000002	0.
12.425	0.
12.430000000000001	0.
12.435	0.
12.440000000000001	0.
12.445	0.
12.450000000000001	0.
12.455000000000002	0.
12.46	0.
12.465000000000002	0.
12.47	0.
12.475000000000001	0.
12.48	0.
12.485000000000001	0.
12.490000000000002	0.
12.495000000000001	0.
12.5	0.
12.505	0.
12.510000000000002	0.
12.515	0.
12.520000000000001	0.
12.525000000000002	0.
12.530000000000001	0.
12.535	0.
12.540000000000001	0.
12.545000000000002	0.
12.55	0.
12.555000000000001	0.
12.56	0.
12.565000000000001	0.
12.57	0.
12.575000000000001	0.
12.580000000000002	0.
12.585	0.
12.590000000000002	0.
12.595	0.
12.600000000000001	0.
12.605	0.
12.610000000000001	0.
12.615000000000002	0.
12.620000000000001	0.
12.625	0.
12.63	0.
12.635000000000002	0.
12.64	0.
12.645000000000001	0.
12.650000000000002	0.
12.655000000000001	0.
12.66	0.
12.665000000000001	0.
12.670000000000002	0.
12.675	0.
12.680000000000001	0.
12.685	0.
12.690000000000001	0.
12.695	0.
12.700000000000001	0.
12.705000000000002	0.
12.71	0.
12.715000000000002	0.
12.72	0.
12.725000000000001	0.
12.73	0.
12.735000000000001	0.
12.740000000000002	0.
12.745000000000001	0.
12.75	0.
12.755	0.
12.760000000000002	0.
12.765	0.
12.770000000000001	0.
12.775000000000002	0.
12.780000000000001	0.
12.785	0.
12.790000000000001	0.
12.795000000000002	0.
12.8	0.
12.805000000000001	0.
12.810000000000002	0.
12.815000000000001	0.
12.820000000000002	0.
12.825000000000001	0.
12.830000000000002	0.
12.835	0.
12.840000000000002	0.
12.845	0.
12.850000000000001	0.
12.855000000000002	0.
12.860000000000001	0.
12.865000000000002	0.
12.870000000000001	0.
12.875000000000002	0.
12.88	0.
12.885000000000002	0.
12.890000000000002	0.
12.895000000000001	0.
12.900000000000002	0.
12.905000000000001	0.
12.910000000000002	0.
12.915000000000001	0.
12.920000000000002	0.
12.925	0.
12.930000000000001	0.
12.935000000000002	0.
12.940000000000001	0.
12.945000000000002	0.
12.950000000000001	0.
12.955000000000002	0.
12.96	0.
12.965000000000002	0.
12.97	0.
12.975000000000001	0.
12.980000000000002	0.
12.985000000000001	0.
12.990000000000002	0.
12.995000000000001	0.
13.000000000000002	0.
13.005	0.
13.010000000000002	0.
13.015000000000002	0.
13.020000000000001	0.
13.025000000000002	0.
13.030000000000001	0.
13.035000000000002	0.
13.040000000000001	0.
13.045000000000002	0.
13.05	0.
13.055000000000001	0.
13.060000000000002	0.
13.065000000000001	0.
13.070000000000002	0.
13.075000000000001	0.
13.080000000000002	0.
13.085	0.
13.090000000000002	0.
13.095	0.
13.100000000000001	0.
13.105000000000002	0.
13.110000000000001	0.
13.115000000000002	0.
13.120000000000001	0.
13.125000000000002	0.
13.13	0.
13.135000000000002	0.
13.140000000000002	0.
13.145000000000001	0.
13.150000000000002	0.
13.155000000000001	0.
13.160000000000002	0.
13.165000000000001	0.
13.170000000000002	0.
13.175	0.
13.180000000000001	0.
13.185000000000002	0.
13.190000000000001	0.
13.195000000000002	0.
13.200000000000001	0.
13.205000000000002	0.
13.21	0.
13.215000000000002	0.
13.220000000000002	0.
13.225000000000001	0.
13.230000000000002	0.
13.235000000000001	0.
13.240000000000002	0.
13.245000000000001	0.
13.250000000000002	0.
13.255	0.
13.260000000000002	0.
13.265000000000002	0.
13.270000000000001	0.
13.275000000000002	0.
13.280000000000001	0.
13.285000000000002	0.
13.290000000000001	0.
13.295000000000002	0.
13.3	0.
13.305000000000001	0.
13.310000000000002	0.
13.315000000000001	0.
13.320000000000002	0.
13.325000000000001	0.
13.330000000000002	0.
13.335	0.
13.340000000000002	0.
13.345000000000002	0.
13.350000000000001	0.
13.355000000000002	0.
13.360000000000001	0.
13.365000000000002	0.
13.370000000000001	0.
13.375000000000002	0.
13.38	0.
13.385000000000002	0.
13.39	0.
13.395000000000001	0.
13.400000000000002	0.
13.405000000000001	0.
13.410000000000002	0.
13.415000000000001	0.
13.420000000000002	0.
13.425	0.
13.430000000000001	0.
13.435000000000002	0.
13.440000000000001	0.
13.445000000000002	0.
13.450000000000001	0.
13.455000000000002	0.
13.46	0.
13.465000000000002	0.
13.470000000000002	0.
13.475000000000001	0.
13.480000000000002	0.
13.485000000000001	0.
13.490000000000002	0.
13.495000000000001	0.
13.500000000000002	0.
13.505	0.
13.510000000000002	0.
13.515	0.
13.520000000000001	0.
13.525000000000002	0.
13.530000000000001	0.
13.535000000000002	0.
13.540000000000001	0.
13.545000000000002	0.
13.55	0.
13.555000000000001	0.
13.560000000000002	0.
13.565000000000001	0.
13.570000000000002	0.
13.575000000000001	0.
13.580000000000002	0.
13.585	0.
13.590000000000002	0.
13.595000000000002	0.
13.600000000000001	0.
13.605000000000002	0.
13.610000000000001	0.
13.615000000000002	0.
13.620000000000001	0.
13.625000000000002	0.
13.63	0.
13.635000000000002	0.
13.64	0.
13.645000000000001	0.
13.650000000000002	0.
13.655000000000001	0.
13.660000000000002	0.
13.665000000000001	0.
13.670000000000002	0.
13.675	0.
13.680000000000001	0.
13.685000000000002	0.
13.690000000000001	0.
13.695000000000002	0.
13.700000000000001	0.
13.705000000000002	0.
13.71	0.
13.715000000000002	0.
13.720000000000002	0.
13.725000000000001	0.
13.730000000000002	0.
13.735000000000001	0.
13.740000000000002	0.
13.745000000000001	0.
13.750000000000002	0.
13.755	0.
13.760000000000002	0.
13.765	0.
13.770000000000001	0.
13.775000000000002	0.
13.780000000000001	0.
13.785000000000002	0.
13.790000000000001	0.
13.795000000000002	0.
13.8	0.
13.805000000000001	0.
13.810000000000002	0.
13.815000000000001	0.
13.820000000000002	0.
13.825000000000001	0.
13.830000000000002	0.
13.835	0.
13.840000000000002	0.
13.845000000000002	0.
13.850000000000001	0.
13.855000000000002	0.
13.860000000000001	0.
13.865000000000002	0.
13.870000000000001	0.
13.875000000000002	0.
13.88	0.
13.885000000000002	0.
13.89	0.
13.895000000000001	0.
13.900000000000002	0.
13.905000000000001	0.
13.910000000000002	0.
13.915000000000001	0.
13.920000000000002	0.
13.925	0.
13.930000000000001	0.
13.935000000000002	0.
13.940000000000001	0.
13.945000000000002	0.
13.950000000000001	0.
13.955000000000002	0.
13.96	0.
13.965000000000002	0.
13.970000000000002	0.
13.975000000000001	0.
13.980000000000002	0.
13.985000000000001	0.
13.990000000000002	0.
13.995000000000001	0.
14.	0.