0.005	0.
0.01	0.
0.015	0.
0.02	0.
0.025	0.
0.030000000000000002	0.
0.034999999999999996	0.
0.04	0.
0.045	0.
0.049999999999999996	0.
0.055	0.
0.06	0.
0.065	0.
0.07	0.
0.07500000000000001	0.
0.08	0.
0.085	0.
0.09000000000000001	0.
0.095	0.
0.1	0.
0.10500000000000001	0.
0.11	0.
0.115	0.
0.12000000000000001	0.
0.125	0.
0.13	0.
0.135	0.
0.14	0.
0.14500000000000002	0.
0.15	0.
0.155	0.
0.16	0.051429400727501406
0.165	0.09756216511147606
0.17	0.12479041041473261
0.17500000000000002	0.14461175761437628
0.18000000000000002	0.16008594600687143
0.185	0.17260962517321266
0.19	0.18297034608905655
0.195	0.1916678428996333
0.2	0.19904414815124674
0.20500000000000002	0.20534598544466565
0.21000000000000002	0.21075830805754878
0.215	0.21542388723194184
0.22	0.21945549870523395
0.225	0.22294389063170714
0.23	0.22596320626300956
0.23500000000000001	0.22857479806180478
0.24000000000000002	0.23082998527831833
0.245	0.23277209465501872
0.25	0.23443800104400767
0.255	0.2358593107152459
0.26	0.23706328399478055
0.265	0.2380735642262593
0.27	0.23891076048827253
0.275	0.23959291828627327
0.28	0.2401359033222359
0.28500000000000003	0.24055371703710948
0.29000000000000004	0.24085875803919796
0.295	0.241062040204566
0.3	0.2411733757856592
0.305	0.24120153003714906
0.31	0.24115435248912598
0.315	0.24103888894602046
0.32	0.240861477479333
0.325	0.24062783105227778
0.33	0.24034310892045718
0.335	0.2400119785622672
0.34	0.2396386695818872
0.34500000000000003	0.23922702077853786
0.35000000000000003	0.23878052137465122
0.35500000000000004	0.2383023472323953
0.36	0.23779539275484787
0.365	0.23726229905877153
0.37	0.23670547891583835
0.375	0.23612713888444883
0.38	0.2355292989921387
0.385	0.2349138102766008
0.39	0.23428237044978123
0.395	0.23363653791273517
0.4	0.23297774431794233
0.405	0.2323073058493921
0.41000000000000003	0.2316264333683781
0.41500000000000004	0.23093624155377768
0.42000000000000004	0.23023775714922326
0.425	0.2295319264154992
0.43	0.22881962187438126
0.435	0.228101648419674
0.44	0.22737874886216916
0.445	0.22665160896735434
0.45	0.22592086203792658
0.455	0.22518709308716342
0.46	0.22445084264403484
0.465	0.22371261022638742
0.47000000000000003	0.2229728575145388
0.47500000000000003	0.22223201125410127
0.48000000000000004	0.221490465913806
0.485	0.22074858612133982
0.49	0.22000670889780774
0.495	0.219265145709355
0.5	0.21852418435252077
0.505	0.2177840906882883
0.51	0.21704511023826925
0.515	0.21630746965517458
0.52	0.21557137807847815
0.525	0.21483702838521826
0.53	0.21410459834483397
0.535	0.21337425168620108
0.54	0.21264613908416385
0.545	0.21192039907226848
0.55	0.211197158887763
0.555	0.21047653525434817
0.56	0.20975863510773576
0.5650000000000001	0.20904355626855806
0.5700000000000001	0.20833138806682364
0.5750000000000001	0.20762221192170977
0.5800000000000001	0.2069161018801774
0.585	0.20621312511761117
0.59	0.2055133424033524
0.595	0.20481680853383813
0.6	0.20412357273577053
0.605	0.20343367904155113
0.61	0.202747166639065
0.615	0.20206407019769376
0.62	0.2013844201722731
0.625	0.2007082430866642
0.63	0.20003556179833085
0.635	0.199366395745329
0.64	0.19870076117696234
0.645	0.19803867136924796
0.65	0.19738013682623884
0.655	0.1967251654682212
0.66	0.19607376280769673
0.665	0.19542593211394832
0.67	0.19478167456704504
0.675	0.19414098940190208
0.68	0.1935038740431887
0.685	0.19287032423158681
0.6900000000000001	0.19224033414205927
0.6950000000000001	0.19161389649462032
0.7000000000000001	0.19099100265810512
0.7050000000000001	0.1903716427474197
0.71	0.18975580571466
0.715	0.18914347943456192
0.72	0.18853465078455453
0.725	0.18792930571987565
0.73	0.18732742934397043
0.735	0.18672900597450715
0.74	0.18613401920535164
0.745	0.18554245196461794
0.75	0.18495428656918986
0.755	0.18436950477581734
0.76	0.18378808782909087
0.765	0.18321001650639432
0.77	0.18263527116014971
0.775	0.18206383175736895
0.78	0.1814956779168217
0.785	0.1809307889438513
0.79	0.18036914386305422
0.795	0.17981072144891533
0.8	0.1792555002545444
0.805	0.17870345863864676
0.81	0.17815457479072921
0.8150000000000001	0.17760882675481304
0.8200000000000001	0.17706619245157906
0.8250000000000001	0.17652664969920026
0.8300000000000001	0.17599017623276847
0.8350000000000001	0.17545674972251038
0.84	0.1749263477908998
0.845	0.1743989480285498
0.85	0.17387452800921724
0.855	0.1733530653036927
0.86	0.17283453749286962
0.865	0.17231892217994343
0.87	0.17180619700177163
0.875	0.17129633963943944
0.88	0.17078932782822928
0.885	0.1702851393667446
0.89	0.16978375212555294
0.895	0.16928514405512055
0.9	0.16878929319319547
0.905	0.16829617767174349
0.91	0.16780577572328256
0.915	0.16731806568677718
0.92	0.16683302601309194
0.925	0.16635063527004085
0.93	0.16587087214702
0.935	0.16539371545928844
0.9400000000000001	0.1649191441518573
0.9450000000000001	0.16444713730305952
0.9500000000000001	0.16397767412605524
0.9550000000000001	0.16351073399131885
0.9600000000000001	0.16304629635881138
0.965	0.16258434090212656
0.97	0.16212484740219552
0.975	0.1616677957944152
0.98	0.16121316616778947
0.985	0.16076093876252814
0.99	0.16031109397260782
0.995	0.15986361234722046
1.	0.15941847459065334
1.005	0.15897566156436047
1.01	0.1585351542871291
1.015	0.15809693393539093
1.02	0.15766098184428648
1.025	0.15722727950736207
1.0299999999999998	0.15679580857719924
1.035	0.15636655086529758
1.0399999999999998	0.15593948834206503
1.045	0.15551460313680607
1.0499999999999998	0.15509187753740508
1.055	0.154671293990172
1.0599999999999998	0.15425283509933244
1.065	0.15383648362675204
1.0699999999999998	0.15342222249130605
1.075	0.153010034768371
1.0799999999999998	0.15259990368921578
1.085	0.152191812640304
1.0899999999999999	0.15178574516260154
1.095	0.15138168495066665
1.0999999999999999	0.1509796158520224
1.105	0.15057952186622556
1.1099999999999999	0.15018138714384155
1.115	0.14978519598570253
1.1199999999999999	0.1493909328418108
1.125	0.1489985823104435
1.13	0.1486081291370561
1.135	0.14821955821322394
1.14	0.14783285457569284
1.145	0.1474480034051174
1.15	0.1470649900251519
1.155	0.1466837999011388
1.16	0.146304418639112
1.1649999999999998	0.1459268319845743
1.17	0.14555102582133503
1.1749999999999998	0.14517698617040325
1.18	0.14480469918872427
1.1849999999999998	0.14443415116803518
1.19	0.14406532853368287
1.1949999999999998	0.1436982178433669
1.2	0.14333280578603155
1.2049999999999998	0.1429690791805255
1.21	0.1426070249745217
1.2149999999999999	0.14224663024326292
1.22	0.1418878821882936
1.2249999999999999	0.14153076813633772
1.23	0.14117527553800857
1.2349999999999999	0.14082139196671237
1.24	0.14046910511730287
1.2449999999999999	0.14011840280499835
1.25	0.1397692729640841
1.255	0.13942170364682857
1.26	0.13907568302220083
1.265	0.13873119937471642
1.27	0.13838824110328676
1.275	0.1380467967200039
1.28	0.13770685484899092
1.285	0.13736840422524582
1.2899999999999998	0.13703143369348267
1.295	0.1366959322069886
1.2999999999999998	0.1363618888265022
1.305	0.13602929271903505
1.3099999999999998	0.1356981331567948
1.315	0.13536839951606247
1.3199999999999998	0.13504008127605954
1.325	0.13471316801789482
1.3299999999999998	0.1343876494234308
1.335	0.13406351527422156
1.3399999999999999	0.1337407554504615
1.345	0.13341935992990056
1.3499999999999999	0.13309931878678125
1.355	0.13278062219082257
1.3599999999999999	0.13246326040617445
1.365	0.1321472237903928
1.3699999999999999	0.13183250279341585
1.375	0.13151908795657657
1.38	0.1312069699115804
1.385	0.13089613937956518
1.39	0.13058658717006405
1.395	0.13027830418009023
1.4	0.12997128139313358
1.405	0.12966550987827388
1.41	0.12936098078916963
1.4149999999999998	0.12905768536318127
1.42	0.12875561492044324
1.4249999999999998	0.12845476086293636
1.43	0.1281551146736067
1.4349999999999998	0.1278566679154651
1.44	0.1275594122307167
1.4449999999999998	0.12726333933987535
1.45	0.1269684410409212
1.4549999999999998	0.12667470920842103
1.46	0.12638213579270638
1.4649999999999999	0.1260907128190408
1.47	0.12580043238679223
1.4749999999999999	0.1255112866686023
1.48	0.1252232679095998
1.4849999999999999	0.12493636842659074
1.49	0.12465058060727632
1.4949999999999999	0.12436589690947912
1.5	0.12408230986035326
1.505	0.12379981205565424
1.51	0.12351839615894034
1.515	0.12323805490088269
1.52	0.12295878107848235
1.525	0.12268056755437846
1.53	0.12240340725609167
1.535	0.12212729317535383
1.54	0.12185221836737826
1.545	0.12157817595017752
1.5499999999999998	0.12130515910386903
1.555	0.1210331610700186
1.5599999999999998	0.12076217515091911
1.565	0.1204921947090058
1.5699999999999998	0.12022321316612183
1.575	0.11995522400293593
1.5799999999999998	0.11968822075825494
1.585	0.11942219702843039
1.5899999999999999	0.11915714646671122
1.595	0.11889306278262991
1.5999999999999999	0.11862993974139133
1.605	0.11836777116329421
1.6099999999999999	0.11810655092310347
1.615	0.11784627294947274
1.6199999999999999	0.11758693122438293
1.625	0.11732851978252601
1.63	0.11707103271080316
1.635	0.11681446414768172
1.64	0.11655880828271387
1.645	0.11630405935595203
1.65	0.11605021165742074
1.655	0.11579725952656496
1.66	0.11554519735174382
1.665	0.11529401956970937
1.67	0.11504372066507172
1.6749999999999998	0.1147942951697971
1.68	0.11454573766272608
1.6849999999999998	0.11429804276903836
1.69	0.1140512051597933
1.6949999999999998	0.11380521955143878
1.7	0.11356008070531455
1.7049999999999998	0.11331578342719456
1.71	0.11307232256681626
1.7149999999999999	0.11282969301741821
1.72	0.11258788971527951
1.7249999999999999	0.11234690763926454
1.73	0.11210674181039539
1.7349999999999999	0.11186738729138432
1.74	0.1116288391862166
1.7449999999999999	0.11139109263971887
1.75	0.11115414283712301
1.755	0.11091798500366712
1.76	0.11068261440414187
1.765	0.11044802634253097
1.77	0.11021421616156786
1.775	0.10998117924233318
1.78	0.10974891100389479
1.785	0.10951740690288107
1.79	0.10928666243310577
1.795	0.10905667312519389
1.7999999999999998	0.10882743454619073
1.805	0.10859894229920149
1.8099999999999998	0.10837119202301823
1.815	0.10814417939174076
1.8199999999999998	0.10791790011444002
1.825	0.10769234993479675
1.8299999999999998	0.10746752463073334
1.835	0.10724342001408868
1.8399999999999999	0.10702003193025653
1.845	0.10679735625785347
1.8499999999999999	0.10657538890839287
1.855	0.1063541258259312
1.8599999999999999	0.10613356298676416
1.865	0.10591369639908481
1.8699999999999999	0.10569452210268465
1.875	0.10547603616859905
1.88	0.10525823469884807
1.885	0.10504111382606793
1.89	0.10482466971326558
1.895	0.1046088985534684
1.9	0.10439379656945054
1.905	0.10417936001342934
1.91	0.10396558516678174
1.915	0.10375246833974908
1.92	0.10354000587115474
1.9249999999999998	0.1033281941281182
1.93	0.10311702950578722
1.9349999999999998	0.10290650842704968
1.94	0.10269662734226956
1.9449999999999998	0.10248738272902233
1.95	0.10227877109181463
1.9549999999999998	0.10207078896183779
1.96	0.10186343289669277
1.9649999999999999	0.10165669948015119
1.97	0.10145058532187877
1.9749999999999999	0.10124508705721098
1.98	0.10104020134687766
1.9849999999999999	0.10083592487678153
1.99	0.1006322543577348
1.9949999999999999	0.10042918652524002
2.	0.10022671813923754
2.005	0.10002484598387631
2.01	0.09982356686727542
2.015	0.09962287762131238
2.02	0.09942277510137953
2.025	0.09922325618617124
2.03	0.09902431777744002
2.035	0.09882595679981564
2.04	0.09862817020056065
2.045	0.09843095494935518
2.05	0.09823430803809577
2.0549999999999997	0.09803822648068908
2.06	0.09784270731282715
2.065	0.09764774759180954
2.07	0.0974533443963073
2.0749999999999997	0.09725949482619374
2.08	0.09706619600232042
2.085	0.09687344506634128
2.09	0.09668123918051175
2.0949999999999998	0.09648957552750095
2.1	0.09629845131017531
2.105	0.09610786375146259
2.11	0.09591781009411435
2.1149999999999998	0.09572828760055502
2.12	0.09553929355269047
2.125	0.09535082525172625
2.13	0.09516288001799031
2.135	0.09497545519076821
2.14	0.09478854812810932
2.145	0.09460215620667514
2.15	0.09441627682155976
2.155	0.09423090738611545
2.16	0.09404604533179532
2.165	0.09386168810800216
2.17	0.09367783318188684
2.175	0.09349447803822682
2.18	0.0933116201792495
2.185	0.09312925712446915
2.19	0.09294738641054244
2.195	0.09276600559110978
2.1999999999999997	0.09258511223664602
2.205	0.0924047039343004
2.21	0.09222477828775041
2.215	0.09204533291706384
2.2199999999999998	0.09186636545854689
2.225	0.09168787356458669
2.23	0.0915098549035332
2.235	0.09133230715952761
2.2399999999999998	0.09115522803239305
2.245	0.09097861523747053
2.25	0.09080246650549476
2.255	0.0906267795824675
2.26	0.09045155222948863
2.265	0.09027678222266028
2.27	0.09010246735294292
2.275	0.08992860542601792
2.28	0.08975519426216047
2.285	0.08958223169612198
2.29	0.08940971557699214
2.295	0.08923764376808259
2.3	0.08906601414679925
2.305	0.0888948246045171
2.31	0.08872407304646664
2.315	0.08855375739160218
2.32	0.08838387557249862
2.3249999999999997	0.08821442553522577
2.33	0.08804540523922545
2.335	0.08787681265720776
2.34	0.0877086457750328
2.3449999999999998	0.08754090259160216
2.35	0.08737358111873432
2.355	0.08720667938106727
2.36	0.08704019541594488
2.3649999999999998	0.08687412727330615
2.37	0.08670847301558741
2.375	0.08654323071760212
2.38	0.08637839846644699
2.385	0.08621397436139148
2.39	0.08604995651377834
2.395	0.08588634304692162
2.4	0.08572313209600971
2.405	0.08556032180799107
2.41	0.08539791034148923
2.415	0.08523589586671
2.42	0.08507427656531698
2.425	0.08491305063037201
2.43	0.0847522162662126
2.435	0.08459177168836648
2.44	0.08443171512346312
2.445	0.08427204480914172
2.4499999999999997	0.08411275899394567
2.455	0.0839538559372514
2.46	0.08379533390916141
2.465	0.08363719119043427
2.4699999999999998	0.08347942607238114
2.475	0.08332203685678002
2.48	0.08316502185580113
2.485	0.08300837939191026
2.4899999999999998	0.08285210779778683
2.495	0.08269620541624981
2.5	0.08254067060015857
2.505	0.08238550171234127
2.51	0.08223069712551594
2.515	0.08207625522219734
2.52	0.0819221743946344
2.525	0.08176845304471626
2.53	0.08161508958390311
2.535	0.081462082433147
2.54	0.08130943002281107
2.545	0.08115713079259754
2.55	0.08100518319147444
2.555	0.080853585677593
2.56	0.08070233671822542
2.565	0.08055143478968031
2.57	0.08040087837723722
2.5749999999999997	0.0802506659750744
2.58	0.08010079608619336
2.585	0.07995126722235392
2.59	0.07980207790400135
2.5949999999999998	0.07965322666019657
2.6	0.07950471202855222
2.605	0.07935653255515848
2.61	0.07920868679452163
2.6149999999999998	0.0790611733094926
2.62	0.0789139906712049
2.625	0.07876713745900808
2.63	0.07862061226040176
2.635	0.07847441367097553
2.64	0.07832854029433345
2.645	0.07818299074205005
2.65	0.07803776363359692
2.655	0.07789285759627435
2.66	0.0777482712651655
2.665	0.07760400328306348
2.67	0.07746005230041651
2.675	0.07731641697526753
2.68	0.07717309597319819
2.685	0.0770300879672622
2.69	0.0768873916379317
2.695	0.07674500567304882
2.7	0.07660292876775263
2.705	0.07646115962443278
2.71	0.0763196969526702
2.715	0.0761785394691855
2.7199999999999998	0.07603768589778001
2.725	0.07589713496928036
2.73	0.07575688542149268
2.735	0.07561693599913678
2.7399999999999998	0.0754772854538062
2.745	0.07533793254390068
2.75	0.07519887603459097
2.755	0.07506011469775752
2.76	0.07492164731193651
2.765	0.07478347266227592
2.77	0.07464558954048603
2.775	0.07450799674477929
2.78	0.07437069307983527
2.785	0.0742336773567412
2.79	0.07409694839294763
2.795	0.07396050501221803
2.8	0.07382434604458502
2.8049999999999997	0.07368847032629838
2.81	0.07355287669978486
2.815	0.07341756401359191
2.82	0.073282531122351
2.825	0.07314777688672808
2.83	0.0730133001733787
2.835	0.07287909985490022
2.84	0.072745174809793
2.8449999999999998	0.07261152392241456
2.85	0.07247814608293075
2.855	0.07234504018728073
2.86	0.07221220513712627
2.8649999999999998	0.07207963983981512
2.87	0.07194734320833508
2.875	0.07181531416127615
2.88	0.07168355162277969
2.885	0.07155205452251195
2.89	0.07142082179560748
2.895	0.07128985238264329
2.9	0.07115914522958705
2.905	0.07102869928776208
2.91	0.07089851351381071
2.915	0.07076858686964935
2.92	0.07063891832243269
2.925	0.07050950684451737
2.9299999999999997	0.07038035141341818
2.935	0.07025145101177689
2.94	0.07012280462731721
2.945	0.06999441125281572
2.95	0.06986626988605954
2.955	0.06973837952980697
2.96	0.06961073919176197
2.965	0.06948334788452573
2.9699999999999998	0.06935620462557124
2.975	0.06922930843719889
2.98	0.0691026583465086
2.985	0.06897625338535984
2.9899999999999998	0.06885009259034118
2.995	0.06872417500273174
3.	0.0685984996684709
3.005	0.06847306563812292
3.01	0.06834787196684283
3.015	0.06822291771434454
3.02	0.06809820194486732
3.025	0.06797372372714233
3.03	0.0678494821343607
3.035	0.06772547624414366
3.04	0.0676017051385058
3.045	0.06747816790382843
3.05	0.06735486363082409
3.0549999999999997	0.06723179141450769
3.06	0.0671089503541664
3.065	0.06698633955332577
3.07	0.06686395811972148
3.075	0.0667418051652697
3.08	0.066619879806036
3.085	0.06649818116220624
3.09	0.06637670835805462
3.0949999999999998	0.06625546052191847
3.1	0.06613443678616632
3.105	0.06601363628717037
3.11	0.06589305816527832
3.115	0.06577270156478196
3.12	0.06565256563389256
3.125	0.06553264952471079
3.13	0.06541295239320094
3.135	0.06529347339916143
3.14	0.06517421170619703
3.145	0.0650551664816954
3.15	0.06493633689679519
3.155	0.06481772212636398
3.16	0.06469932134896815
3.165	0.06458113374684908
3.17	0.06446315850589508
3.175	0.06434539481561675
3.1799999999999997	0.06422784186912124
3.185	0.06411049886308617
3.19	0.06399336499773375
3.195	0.06387643947680838
3.2	0.06375972150754707
3.205	0.06364321030065945
3.21	0.06352690507029889
3.215	0.06341080503404221
3.2199999999999998	0.06329490941286174
3.225	0.06317921743110325
3.23	0.06306372831646208
3.235	0.06294844129995861
3.24	0.06283335561591477
3.245	0.06271847050193097
3.25	0.0626037851988634
3.255	0.062489298950799285
3.26	0.06237501100503668
3.265	0.062260920612058256
3.27	0.062147027025511954
3.275	0.06203332950218672
3.28	0.0619198273019909
3.285	0.06180651968792935
3.29	0.061693405926082835
3.295	0.061580485285585254
3.3	0.061467757038602265
3.3049999999999997	0.061355220460309834
3.31	0.06124287482887211
3.315	0.06113071942542221
3.32	0.06101875353403874
3.325	0.06090697644172705
3.33	0.06079538743839568
3.335	0.0606839858168398
3.34	0.060572770872716376
3.3449999999999998	0.0604617419045274
3.35	0.06035089821359713
3.355	0.06024023910405363
3.36	0.060129763882806955
3.365	0.06001947185953225
3.37	0.05990936234664686
3.375	0.05979943465929342
3.38	0.059689688115318704
3.385	0.059580122035255735
3.39	0.05947073574230179
3.395	0.0593615285623034
3.4	0.05925249982373465
3.405	0.05914364885767933
3.41	0.05903497499781108
3.415	0.05892647758037715
3.42	0.0588181559441774
3.425	0.05871000943054797
3.4299999999999997	0.058602037383341396
3.435	0.05849423914890966
3.44	0.058386614076086585
3.445	0.058279161516168965
3.45	0.058171880822897294
3.455	0.0580647713524423
3.46	0.057957832463384346
3.465	0.05785106351669601
3.4699999999999998	0.05774446387572543
3.475	0.05763803290617995
3.48	0.05753176997610713
3.485	0.0574256744558788
3.49	0.05731974571817381
3.495	0.05721398313796357
3.5	0.0571083860924885
3.505	0.057002953961250914
3.51	0.056897686125991775
3.515	0.05679258197067526
3.52	0.05668764088147416
3.525	0.05658286224675208
3.53	0.056478245457049804
3.535	0.0563737899050649
3.54	0.05626949498564023
3.545	0.056165360095745874
3.55	0.056061384634462676
3.5549999999999997	0.055957568002967785
3.56	0.0558539096045183
3.565	0.055750408844438853
3.5700000000000003	0.05564706513009994
3.575	0.055543877870908094
3.58	0.05544084647828636
3.585	0.05533797036566598
3.59	0.05523524894846151
3.5949999999999998	0.05513268164406351
3.5999999999999996	0.055030267871823794
3.605	0.054928007053030414
3.61	0.05482589861090653
3.615	0.05472394197058818
3.62	0.05462213655910876
3.625	0.05452048180538853
3.63	0.05441897714021885
3.635	0.05431762199624375
3.6399999999999997	0.05421641580795169
3.645	0.05411535801165734
3.65	0.05401444804548998
3.6550000000000002	0.053913685349375094
3.66	0.05381306936502479
3.665	0.05371259953592286
3.67	0.05361227530730948
3.675	0.05351209612616601
3.6799999999999997	0.053412061441204944
3.685	0.05331217070285465
3.69	0.05321242336324401
3.6950000000000003	0.05311281887619115
3.7	0.053013356697187895
3.705	0.05291403628338701
3.71	0.0528148570935911
3.715	0.052715818588235173
3.7199999999999998	0.05261692022937475
3.7249999999999996	0.052518161480675285
3.73	0.05241954180739413
3.735	0.05232106067637255
3.74	0.052222717556016776
3.745	0.05212451191629269
3.75	0.052026443228704394
3.755	0.051928510966286166
3.76	0.051830714603589956
3.7649999999999997	0.05173305361667138
3.77	0.05163552748307336
3.775	0.051538135681820064
3.7800000000000002	0.05144087769340233
3.785	0.05134375299975738
3.79	0.05124676108426904
3.795	0.051149901431745956
3.8	0.05105317352841042
3.8049999999999997	0.05095657686188862
3.81	0.05086011092119702
3.815	0.05076377519672949
3.8200000000000003	0.050667569180242594
3.825	0.05057149236485261
3.83	0.05047554424500712
3.835	0.05037972431649065
3.84	0.05028403207639976
3.8449999999999998	0.05018846702313467
3.8499999999999996	0.05009302865639171
3.855	0.049997716477140956
3.86	0.049902529987626586
3.865	0.04980746869134528
3.87	0.049712532093038074
3.875	0.04961771969867721
3.88	0.04952303101545911
3.885	0.049428465551781674
3.8899999999999997	0.049334022817246956
3.895	0.04923970232263297
3.9	0.04914550357989851
3.9050000000000002	0.049051426102159054
3.91	0.04895746940367771
3.915	0.04886363299986241
3.92	0.04876991640723739
3.925	0.04867631914344841
3.9299999999999997	0.04858284072724166
3.935	0.0484894806784514
3.94	0.048396238517996897
3.9450000000000003	0.04830311376786088
3.95	0.04821010595108178
3.955	0.04811721459174694
3.96	0.0480244392149749
3.965	0.04793177934690275
3.9699999999999998	0.04783923451468469
3.9749999999999996	0.04774680424646876
3.98	0.04765448807139116
3.985	0.04756228551956447
3.99	0.04747019612206611
3.995	0.04737821941092802
4.	0.0472863549191209
4.005	0.04719460218054959
4.01	0.04710296073003342
4.015	0.04701143010330578
4.02	0.04692000983698936
4.025	0.04682869946859861
4.03	0.04673749853651781
4.035	0.04664640657999235
4.04	0.04655542313912913
4.045	0.04646454775485578
4.05	0.04637377996894746
4.055	0.046283119323991796
4.0600000000000005	0.04619256536337258
4.0649999999999995	0.04610211763128103
4.07	0.04601177567268245
4.075	0.04592153903332225
4.08	0.045831407259701196
4.085	0.0457413798990728
4.09	0.04565145649942884
4.095	0.04556163660948417
4.1	0.04547191977867426
4.105	0.04538230555714089
4.109999999999999	0.045292793495711185
4.115	0.04520338314590058
4.12	0.045114074059892914
4.125	0.045024865790532734
4.13	0.0449357578913145
4.135	0.04484674991635803
4.14	0.04475784142042817
4.145	0.04466903195888325
4.15	0.04458032108770315
4.155	0.04449170836344238
4.16	0.04440319334324582
4.165	0.044314775584821775
4.17	0.044226454646439144
4.175	0.04413823008690582
4.18	0.04405010146557514
4.1850000000000005	0.043962068342313025
4.1899999999999995	0.04387413027749858
4.195	0.043786286832016436
4.2	0.04369853756722917
4.205	0.043610882044984166
4.21	0.04352331982759006
4.215	0.0434358504778096
4.22	0.04334847355884533
4.225	0.04326118863433574
4.23	0.04317399526832906
4.234999999999999	0.04308689302528558
4.24	0.04299988147005855
4.245	0.042912960167884456
4.25	0.042826128684371335
4.255	0.042739386585487434
4.26	0.042652733437541196
4.265	0.04256616880718549
4.27	0.04247969226139471
4.275	0.04239330336745292
4.28	0.0423070016929396
4.285	0.042220786805729375
4.29	0.04213465827396743
4.295	0.04204861566606212
4.3	0.04196265855067365
4.305	0.04187678649669889
4.3100000000000005	0.04179099907326561
4.3149999999999995	0.04170529584970607
4.32	0.041619676395563826
4.325	0.04153414028056605
4.33	0.041448687074617026
4.335	0.04136331634778633
4.34	0.041278027670291526
4.345	0.04119282061248885
4.35	0.0411076947448696
4.355	0.04102264963802017
4.359999999999999	0.04093768486264472
4.365	0.04085279998952308
4.37	0.04076799458951663
4.375	0.040683268233542985
4.38	0.04059862049256762
4.385	0.040514050937594304
4.39	0.04042955913964427
4.395	0.04034514466975008
4.4	0.04026080709894157
4.405	0.040176545998220965
4.41	0.04009236093856698
4.415	0.040008251490907906
4.42	0.039924217226112516
4.425	0.0398402577149817
4.43	0.03975637252821999
4.4350000000000005	0.03967256123643912
4.4399999999999995	0.03958882341012978
4.445	0.039505158619655416
4.45	0.03942156643524012
4.455	0.039338046426939235
4.46	0.03925459816464708
4.465	0.03917122121806645
4.47	0.03908791515669586
4.475	0.03900467954982439
4.48	0.0389215139665029
4.484999999999999	0.03883841797554628
4.49	0.038755391145492174
4.495	0.03867243304461866
4.5	0.038589543240909865
4.505	0.03850672130203312
4.51	0.03842396679533923
4.515	0.03834127928785104
4.52	0.03825865834622346
4.525	0.038176103536752985
4.53	0.03809361442534275
4.535	0.03801119057749913
4.54	0.03792883155831574
4.545	0.03784653693244475
4.55	0.03776430626409038
4.555	0.037682139116995944
4.5600000000000005	0.03760003505441459
4.5649999999999995	0.03751799363909997
4.57	0.03743601443329421
4.575	0.03735409699870511
4.58	0.03727224089647564
4.585	0.03719044568719582
4.59	0.037108710930863945
4.595000000000001	0.03702703618686858
4.6	0.036945421013982904
4.605	0.036863864970339624
4.609999999999999	0.036782367613404664
4.615	0.03670092849997714
4.62	0.03661954718615492
4.625	0.03653822322732402
4.63	0.03645695617813381
4.635	0.03637574559248372
4.640000000000001	0.03629459102350523
4.645	0.03621349202353247
4.65	0.036132448144087045
4.654999999999999	0.03605145893587082
4.66	0.03597052394872655
4.665	0.035889642731624295
4.67	0.03580881483264642
4.675	0.03572803979896842
4.68	0.035647317176820785
4.6850000000000005	0.0355666465114855
4.6899999999999995	0.03548602734727583
4.695	0.03540545922749299
4.7	0.03532494169443455
4.705	0.035244474289350985
4.71	0.035164056552423925
4.715	0.035083688022759775
4.720000000000001	0.035003368238345905
4.725	0.03492309673605105
4.73	0.03484287305157657
4.734999999999999	0.03476269671945375
4.74	0.03468256727300876
4.745	0.03460248424434012
4.75	0.0345224471643036
4.755	0.03444245556246981
4.76	0.034362508967116574
4.765000000000001	0.03428260690519467
4.77	0.034202748902306006
4.775	0.03412293448267535
4.779999999999999	0.034043163169118165
4.785	0.03396343448303594
4.79	0.03388374794436073
4.795	0.03380410307154905
4.8	0.03372449938154795
4.805	0.03364493638976193
4.8100000000000005	0.033565413610038515
4.8149999999999995	0.03348593055462519
4.82	0.03340648673414551
4.825	0.03332708165757148
4.83	0.033247714832198565
4.835	0.03316838576360938
4.84	0.03308909395564389
4.845000000000001	0.03300983891036629
4.85	0.03293062012804436
4.855	0.03285143710711117
4.859999999999999	0.032772289344124884
4.865	0.0326931763337576
4.87	0.03261409756873524
4.875	0.032535052539837926
4.88	0.032456040735834864
4.885	0.03237706164345796
4.890000000000001	0.0322981147473886
4.895	0.032219199530196245
4.9	0.03214031547231494
4.904999999999999	0.032061462052006384
4.91	0.0319826387453266
4.915	0.031903845026080145
4.92	0.03182508036578856
4.925	0.03174634423365327
4.93	0.03166763609651262
4.9350000000000005	0.031588955418816504
4.9399999999999995	0.03151030166255652
4.945	0.03143167428726081
4.95	0.031353072749934145
4.955	0.031274496505014904
4.96	0.031195945004341072
4.965	0.031117417697107925
4.970000000000001	0.0310389140298172
4.975	0.03096043344623512
4.98	0.03088197538736097
4.984999999999999	0.03080353929135305
4.99	0.030725124593518793
4.995	0.030646730726242653
5.	0.030568357118943096
5.005	0.030490003198031246
5.01	0.030411668386858156
5.015000000000001	0.03033335210566444
5.02	0.03025505377153413
5.025	0.03017677279833714
5.029999999999999	0.030098508596677648
5.035	0.03002026057385535
5.04	0.02994202813379185
5.045	0.029863810676983227
5.05	0.029785607600457054
5.055	0.02970741829769766
5.0600000000000005	0.029629242158601986
5.0649999999999995	0.029551078569407363
5.07	0.029472926912657647
5.075	0.029394786567116696
5.08	0.029316656907713606
5.085	0.02923853730550104
5.09	0.02916042712756388
5.095000000000001	0.02908232573697021
5.1	0.029004232492706162
5.105	0.028926146749608445
5.109999999999999	0.02884806785828733
5.115	0.028769995165079873
5.12	0.028691928011950973
5.125	0.028613865736449983
5.13	0.02853580767162382
5.135	0.028457753145948173
5.14	0.02837970148324314
5.145	0.02830165200261337
5.15	0.02822360401835939
5.155	0.028145556839899194
5.16	0.028067509771696846
5.165	0.02798946211317076
5.17	0.027911413158612258
5.175	0.027833362197106002
5.18	0.027755308512447473
5.185	0.02767725138303344
5.19	0.027599190081802397
5.195	0.027521123876123512
5.2	0.027443052027705462
5.205	0.027364973792513746
5.21	0.027286888420662837
5.215	0.027208795156324586
5.22	0.027130693237621073
5.225	0.027052581896532715
5.23	0.026974460358790895
5.235	0.02689632784376433
5.24	0.026818183564362108
5.245	0.026740026726920014
5.25	0.026661856531084622
5.255	0.02658367216971188
5.26	0.026505472828727134
5.265	0.02642725768703352
5.27	0.026349025916367737
5.275	0.026270776681197996
5.28	0.0261925091385771
5.285	0.02611422243802736
5.29	0.026035915721405768
5.295	0.02595758812277026
5.3	0.02587923876824092
5.305	0.02580086677586347
5.31	0.02572247125547079
5.315	0.025644051308525727
5.32	0.025565606027980022
5.325	0.02548713449812999
5.33	0.025408635794447024
5.335	0.02533010898343
5.34	0.025251553122448433
5.345	0.025172967259555677
5.35	0.02509435043335248
5.355	0.025015701672781932
5.36	0.024937019996987716
5.365	0.024858304415106863
5.37	0.02477955392609054
5.375	0.024700767518533645
5.38	0.024621944170469107
5.385	0.024543082849172636
5.39	0.024464182510964657
5.395	0.024385242101003336
5.4	0.024306260553084366
5.405	0.024227236789411896
5.41	0.02414816972038879
5.415	0.02406905824439078
5.42	0.02398990124753704
5.425	0.023910697603446527
5.43	0.02383144617302137
5.435	0.023752145804171444
5.44	0.023672795331575163
5.445	0.023593393576439577
5.45	0.023513939346197672
5.455	0.023434431434272974
5.46	0.023354868619787097
5.465	0.023275249667276614
5.47	0.023195573326402423
5.475	0.02311583833165292
5.48	0.023036043402049896
5.485	0.022956187240810243
5.49	0.022876268535046314
5.495	0.022796285955438932
5.5	0.022716238155879344
5.505	0.02263612377314713
5.51	0.02255594142653799
5.515	0.0224756897175143
5.52	0.022395367229322238
5.525	0.022314972526613294
5.53	0.02223450415504948
5.535	0.02215396064090254
5.54	0.02207334049063393
5.545	0.021992642190484992
5.55	0.021911864206017147
5.555	0.021831004981688575
5.56	0.021750062940377464
5.565	0.021669036482909423
5.57	0.021587923987586733
5.575	0.021506723809666374
5.58	0.021425434280867413
5.585	0.02134405370883165
5.59	0.021262580376584603
5.595	0.021181012541975585
5.6	0.02109934843710552
5.605	0.021017586267740255
5.61	0.020935724212690774
5.615	0.020853760423203537
5.62	0.020771693022305016
5.625	0.020689520104149334
5.63	0.020607239733324574
5.635	0.020524849944156313
5.64	0.020442348739988035
5.645	0.020359734092426064
5.65	0.02027700394058049
5.655	0.020194156190264916
5.66	0.020111188713186623
5.665	0.020028099346099292
5.67	0.01994488588993505
5.675	0.019861546108913986
5.68	0.01977807772961715
5.6850000000000005	0.01969447844003039
5.69	0.019610745888557577
5.695	0.019526877683009154
5.7	0.019442871389557796
5.705	0.019358724531631726
5.71	0.019274434588823615
5.715	0.01918999899571209
5.72	0.019105415140665143
5.725	0.019020680364616266
5.73	0.018935791959773626
5.735	0.018850747168292416
5.74	0.01876554318092086
5.745	0.01868017713556231
5.75	0.01859464611582218
5.755	0.018508947149480846
5.76	0.018423077206919544
5.765	0.018337033199490562
5.77	0.018250811977823855
5.775	0.018164410330080382
5.78	0.01807782498012028
5.785	0.01799105258563409
5.79	0.01790408973617488
5.795	0.017816932951131362
5.8	0.01772957867762011
5.805	0.01764202328829179
5.8100000000000005	0.017554263079063315
5.815	0.01746629426674449
5.82	0.017378112986590023
5.825	0.017289715289736825
5.83	0.017201097140545518
5.835	0.017112254413837447
5.84	0.017023182892015036
5.845	0.016933878262053146
5.85	0.016844336112387434
5.855	0.01675455192964928
5.86	0.01666452109527248
5.865	0.01657423888195285
5.87	0.0164837004499557
5.875	0.016392900843260654
5.88	0.01630183498553033
5.885	0.016210497675909125
5.89	0.0161188835846264
5.895	0.01602698724840125
5.9	0.015934803065634242
5.905	0.015842325291379213
5.91	0.01574954803207538
5.915	0.015656465240033276
5.92	0.015563070707650672
5.925	0.015469358061355343
5.93	0.015375320755249035
5.9350000000000005	0.015280952064431925
5.94	0.015186245077999988
5.945	0.015091192691684895
5.95	0.014995787600114946
5.955	0.014900022288682252
5.96	0.014803889024975973
5.965	0.014707379849769435
5.97	0.014610486567517733
5.975	0.014513200736345388
5.98	0.014415513657482311
5.985	0.014317416364112573
5.99	0.014218899609595827
5.995	0.014119953855019535
6.	0.01402056925603299
6.005	0.013920735648911168
6.01	0.013820442535796723
6.015	0.013719679069050385
6.02	0.013618434034662955
6.025	0.01351669583463184
6.03	0.013414452468244919
6.035	0.013311691512182162
6.04	0.013208400099332713
6.045	0.013104564896238614
6.05	0.013000172079045108
6.055	0.012895207307835978
6.0600000000000005	0.012789655699233031
6.065	0.012683501797089124
6.07	0.01257672954113449
6.075	0.012469322233383692
6.08	0.012361262502116858
6.085	0.012252532263200023
6.09	0.012143112678518777
6.095	0.01203298411126619
6.1	0.011922126077733502
6.105	0.011810517195356073
6.11	0.01169813512655874
6.115	0.011584956518042514
6.12	0.011470956935029461
6.125	0.011356110789947162
6.13	0.011240391264967665
6.135	0.011123770227730466
6.140000000000001	0.011006218139534882
6.145	0.010887703955129694
6.15	0.010768195013150739
6.155	0.010647656916138365
6.16	0.010526053398869164
6.165	0.010403346183594063
6.17	0.01027949482057859
6.175	0.010154456512022805
6.18	0.010028185917288468
6.1850000000000005	0.009900634936827088
6.1899999999999995	0.009771752472033502
6.195	0.009641484157543784
6.2	0.00950977206211112
6.205	0.009376554353339395
6.21	0.00924176492088854
6.215	0.009105332951681942
6.22	0.008967182449293539
6.225	0.008827231688475047
6.23	0.008685392593743377
6.235	0.008541570028601954
6.24	0.008395660979288287
6.245	0.008247553613338138
6.25	0.008097126188412185
6.255	0.00794424578160246
6.26	0.007788766801502187
6.265000000000001	0.007630529235960934
6.27	0.007469356575817576
6.275	0.007305053338326965
6.28	0.0071374020915662495
6.285	0.006966159851539946
6.29	0.006791053682136965
6.295	0.00661177527151838
6.3	0.006427974177952192
6.305	0.006239249323325301
6.3100000000000005	0.006045138144716382
6.3149999999999995	0.005845102564437911
6.32	0.0056385105588963105
6.325	0.005424611511526785
6.33	0.00520250257967867
6.335	0.004971081715120534
6.34	0.004728980234922505
6.345	0.004474462885114634
6.35	0.004205273915587936
6.355	0.003918388577636309
6.36	0.003609587564450638
6.365	0.003272670474535182
6.37	0.0028978442605468164
6.375	0.0024678925778435588
6.38	0.0019466208570723042
6.385	0.0012222936813882518
6.390000000000001	0.
6.395	0.
6.4	0.
6.405	0.
6.41	0.
6.415	0.
6.42	0.
6.425	0.
6.43	0.
6.4350000000000005	0.
6.4399999999999995	0.
6.445	0.
6.45	0.
6.455	0.
6.46	0.
6.465	0.
6.47	0.
6.475	0.
6.48	0.
6.485	0.
6.49	0.
6.495	0.
6.5	0.
6.505	0.
6.51	0.
6.515000000000001	0.
6.52	0.
6.525	0.
6.53	0.
6.535	0.
6.54	0.
6.545	0.
6.55	0.
6.555	0.
6.5600000000000005	0.
6.5649999999999995	0.
6.57	0.
6.575	0.
6.58	0.
6.585	0.
6.59	0.
6.595	0.
6.6	0.
6.605	0.
6.61	0.
6.615	0.
6.62	0.
6.625	0.
6.63	0.
6.635	0.
6.640000000000001	0.
6.645	0.
6.65	0.
6.655	0.
6.66	0.
6.665	0.
6.67	0.
6.675	0.
6.68	0.
6.6850000000000005	0.
6.6899999999999995	0.
6.695	0.
6.7	0.
6.705	0.
6.71	0.
6.715	0.
6.72	0.
6.725	0.
6.73	0.
6.735	0.
6.74	0.
6.745	0.
6.75	0.
6.755	0.
6.76	0.
6.765000000000001	0.
6.77	0.
6.775	0.
6.78	0.
6.785	0.
6.79	0.
6.795	0.
6.8	0.
6.805	0.
6.8100000000000005	0.
6.8149999999999995	0.
6.82	0.
6.825	0.
6.83	0.
6.835	0.
6.84	0.
6.845	0.
6.85	0.
6.855	0.
6.86	0.
6.865	0.
6.87	0.
6.875	0.
6.88	0.
6.885	0.
6.890000000000001	0.
6.895	0.
6.9	0.
6.905	0.
6.91	0.
6.915	0.
6.92	0.
6.925	0.
6.93	0.
6.9350000000000005	0.
6.9399999999999995	0.
6.945	0.
6.95	0.
6.955	0.
6.96	0.
6.965	0.
6.97	0.
6.975	0.
6.98	0.
6.985	0.
6.99	0.
6.995	0.
7.	0.
7.005	0.
7.01	0.
7.015000000000001	0.
7.02	0.
7.025	0.
7.03	0.
7.035	0.
7.04	0.
7.045	0.
7.05	0.
7.055	0.
7.0600000000000005	0.
7.0649999999999995	0.
7.07	0.
7.075	0.
7.08	0.
7.085	0.
7.09	0.
7.095	0.
7.1	0.
7.105	0.
7.11	0.
7.115	0.
7.12	0.
7.125	0.
7.13	0.
7.135	0.
7.140000000000001	0.
7.145	0.
7.15	0.
7.155	0.
7.16	0.
7.165	0.
7.17	0.
7.175	0.
7.18	0.
7.1850000000000005	0.
7.1899999999999995	0.
7.195	0.
7.2	0.
7.205	0.
7.21	0.
7.215	0.
7.220000000000001	0.
7.225	0.
7.23	0.
7.234999999999999	0.
7.24	0.
7.245	0.
7.25	0.
7.255	0.
7.26	0.
7.265000000000001	0.
7.27	0.
7.275	0.
7.28	0.
7.285	0.
7.29	0.
7.295	0.
7.300000000000001	0.
7.305	0.
7.3100000000000005	0.
7.3149999999999995	0.
7.32	0.
7.325	0.
7.33	0.
7.335	0.
7.34	0.
7.345000000000001	0.
7.35	0.
7.355	0.
7.359999999999999	0.
7.365	0.
7.37	0.
7.375	0.
7.38	0.
7.385	0.
7.390000000000001	0.
7.395	0.
7.4	0.
7.405	0.
7.41	0.
7.415	0.
7.42	0.
7.425000000000001	0.
7.43	0.
7.4350000000000005	0.
7.4399999999999995	0.
7.445	0.
7.45	0.
7.455	0.
7.46	0.
7.465	0.
7.470000000000001	0.
7.475	0.
7.48	0.
7.484999999999999	0.
7.49	0.
7.495	0.
7.5	0.
7.505	0.
7.51	0.
7.515000000000001	0.
7.52	0.
7.525	0.
7.53	0.
7.535	0.
7.54	0.
7.545	0.
7.550000000000001	0.
7.555	0.
7.5600000000000005	0.
7.5649999999999995	0.
7.57	0.
7.575	0.
7.58	0.
7.585	0.
7.59	0.
7.595000000000001	0.
7.6	0.
7.605	0.
7.609999999999999	0.
7.615	0.
7.62	0.
7.625	0.
7.63	0.
7.635	0.
7.640000000000001	0.
7.645	0.
7.65	0.
7.655	0.
7.66	0.
7.665	0.
7.67	0.
7.675000000000001	0.
7.68	0.
7.685	0.
7.6899999999999995	0.
7.694999999999999	0.
7.699999999999999	0.
7.704999999999999	0.
7.71	0.
7.715	0.
7.72	0.
7.725	0.
7.7299999999999995	0.
7.734999999999999	0.
7.739999999999999	0.
7.744999999999999	0.
7.75	0.
7.755	0.
7.76	0.
7.765	0.
7.77	0.
7.7749999999999995	0.
7.779999999999999	0.
7.784999999999999	0.
7.79	0.
7.795	0.
7.8	0.
7.805	0.
7.81	0.
7.8149999999999995	0.
7.819999999999999	0.
7.824999999999999	0.
7.829999999999999	0.
7.835	0.
7.84	0.
7.845	0.
7.85	0.
7.8549999999999995	0.
7.859999999999999	0.
7.864999999999999	0.
7.869999999999999	0.
7.875	0.
7.88	0.
7.885	0.
7.89	0.
7.895	0.
7.8999999999999995	0.
7.904999999999999	0.
7.909999999999999	0.
7.915	0.
7.92	0.
7.925	0.
7.93	0.
7.935	0.
7.9399999999999995	0.
7.944999999999999	0.
7.949999999999999	0.
7.955	0.
7.96	0.
7.965	0.
7.97	0.
7.975	0.
7.9799999999999995	0.
7.984999999999999	0.
7.989999999999999	0.
7.994999999999999	0.
8.	0.
8.004999999999999	0.
8.01	0.
8.014999999999999	0.
8.02	0.
8.025	0.
8.03	0.
8.035	0.
8.04	0.
8.045	0.
8.049999999999999	0.
8.055	0.
8.059999999999999	0.
8.065	0.
8.07	0.
8.075	0.
8.08	0.
8.084999999999999	0.
8.09	0.
8.094999999999999	0.
8.1	0.
8.105	0.
8.11	0.
8.115	0.
8.12	0.
8.125	0.
8.129999999999999	0.
8.135	0.
8.139999999999999	0.
8.145	0.
8.15	0.
8.155	0.
8.16	0.
8.165	0.
8.17	0.
8.174999999999999	0.
8.18	0.
8.184999999999999	0.
8.19	0.
8.195	0.
8.2	0.
8.205	0.
8.209999999999999	0.
8.215	0.
8.219999999999999	0.
8.225	0.
8.23	0.
8.235	0.
8.24	0.
8.245	0.
8.25	0.
8.254999999999999	0.
8.26	0.
8.264999999999999	0.
8.27	0.
8.275	0.
8.28	0.
8.285	0.
8.29	0.
8.295	0.
8.299999999999999	0.
8.305	0.
8.309999999999999	0.
8.315	0.
8.32	0.
8.325	0.
8.33	0.
8.334999999999999	0.
8.34	0.
8.344999999999999	0.
8.35	0.
8.355	0.
8.36	0.
8.365	0.
8.37	0.
8.375	0.
8.379999999999999	0.
8.385	0.
8.389999999999999	0.
8.395	0.
8.4	0.
8.405	0.
8.41	0.
8.415	0.
8.42	0.
8.424999999999999	0.
8.43	0.
8.434999999999999	0.
8.44	0.
8.445	0.
8.45	0.
8.455	0.
8.459999999999999	0.
8.465	0.
8.469999999999999	0.
8.475	0.
8.48	0.
8.485	0.
8.49	0.
8.495	0.
8.5	0.
8.504999999999999	0.
8.51	0.
8.515	0.
8.52	0.
8.525	0.
8.53	0.
8.535	0.
8.54	0.
8.545	0.
8.549999999999999	0.
8.555	0.
8.559999999999999	0.
8.565	0.
8.57	0.
8.575	0.
8.58	0.
8.584999999999999	0.
8.59	0.
8.594999999999999	0.
8.6	0.
8.605	0.
8.61	0.
8.615	0.
8.62	0.
8.625	0.
8.629999999999999	0.
8.635	0.
8.64	0.
8.645	0.
8.65	0.
8.655	0.
8.66	0.
8.665	0.
8.67	0.
8.674999999999999	0.
8.68	0.
8.684999999999999	0.
8.69	0.
8.695	0.
8.7	0.
8.705	0.
8.709999999999999	0.
8.715	0.
8.719999999999999	0.
8.725	0.
8.73	0.
8.735	0.
8.74	0.
8.745	0.
8.75	0.
8.754999999999999	0.
8.76	0.
8.765	0.
8.77	0.
8.775	0.
8.78	0.
8.785	0.
8.79	0.
8.795	0.
8.799999999999999	0.
8.805	0.
8.809999999999999	0.
8.815	0.
8.82	0.
8.825	0.
8.83	0.
8.834999999999999	0.
8.84	0.
8.844999999999999	0.
8.85	0.
8.855	0.
8.86	0.
8.865	0.
8.87	0.
8.875	0.
8.879999999999999	0.
8.885	0.
8.89	0.
8.895	0.
8.9	0.
8.905	0.
8.91	0.
8.915	0.
8.92	0.
8.924999999999999	0.
8.93	0.
8.934999999999999	0.
8.94	0.
8.945	0.
8.95	0.
8.955	0.
8.959999999999999	0.
8.965	0.
8.969999999999999	0.
8.975	0.
8.98	0.
8.985	0.
8.99	0.
8.995	0.
9.	0.
9.004999999999999	0.
9.01	0.
9.015	0.
9.02	0.
9.025	0.
9.03	0.
9.035	0.
9.04	0.
9.045	0.
9.049999999999999	0.
9.055	0.
9.059999999999999	0.
9.065	0.
9.07	0.
9.075	0.
9.08	0.
9.084999999999999	0.
9.09	0.
9.094999999999999	0.
9.1	0.
9.105	0.
9.11	0.
9.115	0.
9.12	0.
9.125	0.
9.129999999999999	0.
9.135	0.
9.14	0.
9.145	0.
9.15	0.
9.155	0.
9.16	0.
9.165	0.
9.17	0.
9.174999999999999	0.
9.18	0.
9.184999999999999	0.
9.19	0.
9.195	0.
9.2	0.
9.205	0.
9.209999999999999	0.
9.215	0.
9.219999999999999	0.
9.225	0.
9.23	0.
9.235	0.
9.24	0.
9.245	0.
9.25	0.
9.254999999999999	0.
9.26	0.
9.265	0.
9.27	0.
9.275	0.
9.28	0.
9.285	0.
9.29	0.
9.295	0.
9.299999999999999	0.
9.305	0.
9.309999999999999	0.
9.315	0.
9.32	0.
9.325	0.
9.33	0.
9.334999999999999	0.
9.34	0.
9.344999999999999	0.
9.35	0.
9.355	0.
9.36	0.
9.365	0.
9.37	0.
9.375	0.
9.379999999999999	0.
9.385	0.
9.39	0.
9.395	0.
9.4	0.
9.405	0.
9.41	0.
9.415	0.
9.42	0.
9.424999999999999	0.
9.43	0.
9.434999999999999	0.
9.44	0.
9.445	0.
9.45	0.
9.455	0.
9.459999999999999	0.
9.465	0.
9.469999999999999	0.
9.475	0.
9.48	0.
9.485	0.
9.49	0.
9.495	0.
9.5	0.
9.504999999999999	0.
9.51	0.
9.515	0.
9.52	0.
9.525	0.
9.53	0.
9.535	0.
9.54	0.
9.545	0.
9.549999999999999	0.
9.555	0.
9.559999999999999	0.
9.565	0.
9.57	0.
9.575	0.
9.58	0.
9.584999999999999	0.
9.59	0.
9.594999999999999	0.
9.6	0.
9.605	0.
9.61	0.
9.615	0.
9.62	0.
9.625	0.
9.629999999999999	0.
9.635	0.
9.64	0.
9.645	0.
9.65	0.
9.655	0.
9.66	0.
9.665	0.
9.67	0.
9.674999999999999	0.
9.68	0.
9.684999999999999	0.
9.69	0.
9.695	0.
9.7	0.
9.705	0.
9.709999999999999	0.
9.715	0.
9.719999999999999	0.
9.725	0.
9.73	0.
9.735	0.
9.74	0.
9.745	0.
9.75	0.
9.754999999999999	0.
9.76	0.
9.765	0.
9.77	0.
9.774999999999999	0.
9.78	0.
9.785	0.
9.79	0.
9.795	0.
9.8	0.
9.805	0.
9.809999999999999	0.
9.815	0.
9.82	0.
9.825	0.
9.83	0.
9.834999999999999	0.
9.84	0.
9.844999999999999	0.
9.85	0.
9.855	0.
9.86	0.
9.865	0.
9.87	0.
9.875	0.
9.879999999999999	0.
9.885	0.
9.89	0.
9.895	0.
9.899999999999999	0.
9.905	0.
9.91	0.
9.915	0.
9.92	0.
9.925	0.
9.93	0.
9.934999999999999	0.
9.94	0.
9.945	0.
9.95	0.
9.955	0.
9.959999999999999	0.
9.965	0.
9.969999999999999	0.
9.975	0.
9.98	0.
9.985	0.
9.99	0.
9.995	0.
10.	0.
10.004999999999999	0.
10.01	0.
10.015	0.
10.02	0.
10.024999999999999	0.
10.03	0.
10.035	0.
10.04	0.
10.045	0.
10.05	0.
10.055	0.
10.059999999999999	0.
10.065	0.
10.07	0.
10.075	0.
10.08	0.
10.084999999999999	0.
10.09	0.
10.094999999999999	0.
10.1	0.
10.105	0.
10.11	0.
10.115	0.
10.12	0.
10.125	0.
10.129999999999999	0.
10.135	0.
10.14	0.
10.145	0.
10.149999999999999	0.
10.155	0.
10.16	0.
10.165	0.
10.17	0.
10.175	0.
10.18	0.
10.184999999999999	0.
10.19	0.
10.195	0.
10.2	0.
10.205	0.
10.209999999999999	0.
10.215	0.
10.219999999999999	0.
10.225	0.
10.23	0.
10.235	0.
10.24	0.
10.245000000000001	0.
10.250000000000002	0.
10.255	0.
10.260000000000002	0.
10.265	0.
10.270000000000001	0.
10.275	0.
10.280000000000001	0.
10.285	0.
10.290000000000001	0.
10.295000000000002	0.
10.3	0.
10.305000000000001	0.
10.31	0.
10.315000000000001	0.
10.32	0.
10.325000000000001	0.
10.330000000000002	0.
10.335	0.
10.340000000000002	0.
10.345	0.
10.350000000000001	0.
10.355	0.
10.360000000000001	0.
10.365	0.
10.370000000000001	0.
10.375000000000002	0.
10.38	0.
10.385000000000002	0.
10.39	0.
10.395000000000001	0.
10.4	0.
10.405000000000001	0.
10.41	0.
10.415000000000001	0.
10.420000000000002	0.
10.425	0.
10.430000000000001	0.
10.435	0.
10.440000000000001	0.
10.445	0.
10.450000000000001	0.
10.455000000000002	0.
10.46	0.
10.465000000000002	0.
10.47	0.
10.475000000000001	0.
10.48	0.
10.485000000000001	0.
10.49	0.
10.495000000000001	0.
10.500000000000002	0.
10.505	0.
10.510000000000002	0.
10.515	0.
10.520000000000001	0.
10.525	0.
10.530000000000001	0.
10.535	0.
10.540000000000001	0.
10.545000000000002	0.
10.55	0.
10.555000000000001	0.
10.56	0.
10.565000000000001	0.
10.57	0.
10.575000000000001	0.
10.580000000000002	0.
10.585	0.
10.590000000000002	0.
10.595	0.
10.600000000000001	0.
10.605	0.
10.610000000000001	0.
10.615	0.
10.620000000000001	0.
10.625000000000002	0.
10.63	0.
10.635000000000002	0.
10.64	0.
10.645000000000001	0.
10.65	0.
10.655000000000001	0.
10.66	0.
10.665000000000001	0.
10.670000000000002	0.
10.675	0.
10.680000000000001	0.
10.685	0.
10.690000000000001	0.
10.695	0.
10.700000000000001	0.
10.705000000000002	0.
10.71	0.
10.715000000000002	0.
10.72	0.
10.725000000000001	0.
10.73	0.
10.735000000000001	0.
10.74	0.
10.745000000000001	0.
10.750000000000002	0.
10.755	0.
10.760000000000002	0.
10.765	0.
10.770000000000001	0.
10.775	0.
10.780000000000001	0.
10.785	0.
10.790000000000001	0.
10.795000000000002	0.
10.8	0.
10.805000000000001	0.
10.81	0.
10.815000000000001	0.
10.82	0.
10.825000000000001	0.
10.830000000000002	0.
10.835	0.
10.840000000000002	0.
10.845	0.
10.850000000000001	0.
10.855	0.
10.860000000000001	0.
10.865	0.
10.870000000000001	0.
10.875000000000002	0.
10.88	0.
10.885000000000002	0.
10.89	0.
10.895000000000001	0.
10.9	0.
10.905000000000001	0.
10.91	0.
10.915000000000001	0.
10.920000000000002	0.
10.925	0.
10.930000000000001	0.
10.935	0.
10.940000000000001	0.
10.945	0.
10.950000000000001	0.
10.955000000000002	0.
10.96	0.
10.965000000000002	0.
10.97	0.
10.975000000000001	0.
10.98	0.
10.985000000000001	0.
10.99	0.
10.995000000000001	0.
11.000000000000002	0.
11.005	0.
11.010000000000002	0.
11.015	0.
11.020000000000001	0.
11.025	0.
11.030000000000001	0.
11.035	0.
11.040000000000001	0.
11.045000000000002	0.
11.05	0.
11.055000000000001	0.
11.06	0.
11.065000000000001	0.
11.07	0.
11.075000000000001	0.
11.080000000000002	0.
11.085	0.
11.090000000000002	0.
11.095	0.
11.100000000000001	0.
11.105	0.
11.110000000000001	0.
11.115	0.
11.120000000000001	0.
11.125000000000002	0.
11.13	0.
11.135000000000002	0.
11.14	0.
11.145000000000001	0.
11.15	0.
11.155000000000001	0.
11.16	0.
11.165000000000001	0.
11.170000000000002	0.
11.175	0.
11.180000000000001	0.
11.185	0.
11.190000000000001	0.
11.195	0.
11.200000000000001	0.
11.205000000000002	0.
11.21	0.
11.215000000000002	0.
11.22	0.
11.225000000000001	0.
11.23	0.
11.235000000000001	0.
11.24	0.
11.245000000000001	0.
11.250000000000002	0.
11.255	0.
11.260000000000002	0.
11.265	0.
11.270000000000001	0.
11.275	0.
11.280000000000001	0.
11.285	0.
11.290000000000001	0.
11.295000000000002	0.
11.3	0.
11.305000000000001	0.
11.31	0.
11.315000000000001	0.
11.32	0.
11.325000000000001	0.
11.330000000000002	0.
11.335	0.
11.340000000000002	0.
11.345	0.
11.350000000000001	0.
11.355	0.
11.360000000000001	0.
11.365000000000002	0.
11.370000000000001	0.
11.375000000000002	0.
11.38	0.
11.385000000000002	0.
11.39	0.
11.395000000000001	0.
11.4	0.
11.405000000000001	0.
11.41	0.
11.415000000000001	0.
11.420000000000002	0.
11.425	0.
11.430000000000001	0.
11.435	0.
11.440000000000001	0.
11.445	0.
11.450000000000001	0.
11.455000000000002	0.
11.46	0.
11.465000000000002	0.
11.47	0.
11.475000000000001	0.
11.48	0.
11.485000000000001	0.
11.490000000000002	0.
11.495000000000001	0.
11.500000000000002	0.
11.505	0.
11.510000000000002	0.
11.515	0.
11.520000000000001	0.
11.525	0.
11.530000000000001	0.
11.535	0.
11.540000000000001	0.
11.545000000000002	0.
11.55	0.
11.555000000000001	0.
11.56	0.
11.565000000000001	0.
11.57	0.
11.575000000000001	0.
11.580000000000002	0.
11.585	0.
11.590000000000002	0.
11.595	0.
11.600000000000001	0.
11.605	0.
11.610000000000001	0.
11.615000000000002	0.
11.620000000000001	0.
11.625000000000002	0.
11.63	0.
11.635000000000002	0.
11.64	0.
11.645000000000001	0.
11.65	0.
11.655000000000001	0.
11.66	0.
11.665000000000001	0.
11.670000000000002	0.
11.675	0.
11.680000000000001	0.
11.685	0.
11.690000000000001	0.
11.695	0.
11.700000000000001	0.
11.705000000000002	0.
11.71	0.
11.715000000000002	0.
11.72	0.
11.725000000000001	0.
11.73	0.
11.735000000000001	0.
11.740000000000002	0.
11.745000000000001	0.
11.750000000000002	0.
11.755	0.
11.760000000000002	0.
11.765	0.
11.770000000000001	0.
11.775	0.
11.780000000000001	0.
11.785	0.
11.790000000000001	0.
11.795000000000002	0.
11.8	0.
11.805000000000001	0.
11.81	0.
11.815000000000001	0.
11.82	0.
11.825000000000001	0.
11.830000000000002	0.
11.835	0.
11.840000000000002	0.
11.845	0.
11.850000000000001	0.
11.855	0.
11.860000000000001	0.
11.865000000000002	0.
11.870000000000001	0.
11.875000000000002	0.
11.88	0.
11.885000000000002	0.
11.89	0.
11.895000000000001	0.
11.9	0.
11.905000000000001	0.
11.91	0.
11.915000000000001	0.
11.920000000000002	0.
11.925	0.
11.930000000000001	0.
11.935	0.
11.940000000000001	0.
11.945	0.
11.950000000000001	0.
11.955000000000002	0.
11.96	0.
11.965000000000002	0.
11.97	0.
11.975000000000001	0.
11.98	0.
11.985000000000001	0.
11.990000000000002	0.
11.995000000000001	0.
12.000000000000002	0.
12.005	0.
12.010000000000002	0.
12.015	0.
12.020000000000001	0.
12.025	0.
12.030000000000001	0.
12.035	0.
12.040000000000001	0.
12.045000000000002	0.
12.05	0.
12.055000000000001	0.
12.06	0.
12.065000000000001	0.
12.07	0.
12.075000000000001	0.
12.080000000000002	0.
12.085	0.
12.090000000000002	0.
12.095	0.
12.100000000000001	0.
12.105	0.
12.110000000000001	0.
12.115000000000002	0.
12.120000000000001	0.
12.125000000000002	0.
12.13	0.
12.135000000000002	0.
12.14	0.
12.145000000000001	0.
12.15	0.
12.155000000000001	0.
12.16	0.
12.165000000000001	0.
12.170000000000002	0.
12.175	0.
12.180000000000001	0.
12.185	0.
12.190000000000001	0.
12.195	0.
12.200000000000001	0.
12.205000000000002	0.
12.21	0.
12.215000000000002	0.
12.22	0.
12.225000000000001	0.
12.23	0.
12.235000000000001	0.
12.240000000000002	0.
12.245000000000001	0.
12.25	0.
12.255	0.
12.260000000000002	0.
12.265	0.
12.270000000000001	0.
12.275000000000002	0.
12.280000000000001	0.
12.285	0.
12.290000000000001	0.
12.295000000000002	0.
12.3	0.
12.305000000000001	0.
12.31	0.
12.315000000000001	0.
12.32	0.
12.325000000000001	0.
12.330000000000002	0.
12.335	0.
12.340000000000002	0.
12.345	0.
12.350000000000001	0.
12.355	0.
12.360000000000001	0.
12.365000000000002	0.
12.370000000000001	0.
12.375	0.
12.38	0.
12.385000000000002	0.
12.39	0.
12.395000000000001	0.
12.400000000000002	0.
12.405000000000001	0.
12.41	0.
12.415000000000001	0.
12.420000000000002	0.
12.425	0.
12.430000000000001	0.
12.435	0.
12.440000000000001	0.
12.445	0.
12.450000000000001	0.
12.455000000000002	0.
12.46	0.
12.465000000000002	0.
12.47	0.
12.475000000000001	0.
12.48	0.
12.485000000000001	0.
12.490000000000002	0.
12.495000000000001	0.
12.5	0.
12.505	0.
12.510000000000002	0.
12.515	0.
12.520000000000001	0.
12.525000000000002	0.
12.530000000000001	0.
12.535	0.
12.540000000000001	0.
12.545000000000002	0.
12.55	0.
12.555000000000001	0.
12.56	0.
12.565000000000001	0.
12.57	0.
12.575000000000001	0.
12.580000000000002	0.
12.585	0.
12.590000000000002	0.
12.595	0.
12.600000000000001	0.
12.605	0.
12.610000000000001	0.
12.615000000000002	0.
12.620000000000001	0.
12.625	0.
12.63	0.
12.635000000000002	0.
12.64	0.
12.645000000000001	0.
12.650000000000002	0.
12.655000000000001	0.
12.66	0.
12.665000000000001	0.
12.670000000000002	0.
12.675	0.
12.680000000000001	0.
12.685	0.
12.690000000000001	0.
12.695	0.
12.700000000000001	0.
12.705000000000002	0.
12.71	0.
12.715000000000002	0.
12.72	0.
12.725000000000001	0.
12.73	0.
12.735000000000001	0.
12.740000000000002	0.
12.745000000000001	0.
12.75	0.
12.755	0.
12.760000000000002	0.
12.765	0.
12.770000000000001	0.
12.775000000000002	0.
12.780000000000001	0.
12.785	0.
12.790000000000001	0.
12.795000000000002	0.
12.8	0.
12.805000000000001	0.
12.810000000000002	0.
12.815000000000001	0.
12.820000000000002	0.
12.825000000000001	0.
12.830000000000002	0.
12.835	0.
12.840000000000002	0.
12.845	0.
12.850000000000001	0.
12.855000000000002	0.
12.860000000000001	0.
12.865000000000002	0.
12.870000000000001	0.
12.875000000000002	0.
12.88	0.
12.885000000000002	0.
12.890000000000002	0.
12.895000000000001	0.
12.900000000000002	0.
12.905000000000001	0.
12.910000000000002	0.
12.915000000000001	0.
12.920000000000002	0.
12.925	0.
12.930000000000001	0.
12.935000000000002	0.
12.940000000000001	0.
12.945000000000002	0.
12.950000000000001	0.
12.955000000000002	0.
12.96	0.
12.965000000000002	0.
12.97	0.
12.975000000000001	0.
12.980000000000002	0.
12.985000000000001	0.
12.990000000000002	0.
12.995000000000001	0.
13.000000000000002	0.
13.005	0.
13.010000000000002	0.
13.015000000000002	0.
13.020000000000001	0.
13.025000000000002	0.
13.030000000000001	0.
13.035000000000002	0.
13.040000000000001	0.
13.045000000000002	0.
13.05	0.
13.055000000000001	0.
13.060000000000002	0.
13.065000000000001	0.
13.070000000000002	0.
13.075000000000001	0.
13.080000000000002	0.
13.085	0.
13.090000000000002	0.
13.095	0.
13.100000000000001	0.
13.105000000000002	0.
13.110000000000001	0.
13.115000000000002	0.
13.120000000000001	0.
13.125000000000002	0.
13.13	0.
13.135000000000002	0.
13.140000000000002	0.
13.145000000000001	0.
13.150000000000002	0.
13.155000000000001	0.
13.160000000000002	0.
13.165000000000001	0.
13.170000000000002	0.
13.175	0.
13.180000000000001	0.
13.185000000000002	0.
13.190000000000001	0.
13.195000000000002	0.
13.200000000000001	0.
13.205000000000002	0.
13.21	0.
13.215000000000002	0.
13.220000000000002	0.
13.225000000000001	0.
13.230000000000002	0.
13.235000000000001	0.
13.240000000000002	0.
13.245000000000001	0.
13.250000000000002	0.
13.255	0.
13.260000000000002	0.
13.265000000000002	0.
13.270000000000001	0.
13.275000000000002	0.
13.280000000000001	0.
13.285000000000002	0.
13.290000000000001	0.
13.295000000000002	0.
13.3	0.
13.305000000000001	0.
13.310000000000002	0.
13.315000000000001	0.
13.320000000000002	0.
13.325000000000001	0.
13.330000000000002	0.
13.335	0.
13.340000000000002	0.
13.345000000000002	0.
13.350000000000001	0.
13.355000000000002	0.
13.360000000000001	0.
13.365000000000002	0.
13.370000000000001	0.
13.375000000000002	0.
13.38	0.
13.385000000000002	0.
13.39	0.
13.395000000000001	0.
13.400000000000002	0.
13.405000000000001	0.
13.410000000000002	0.
13.415000000000001	0.
13.420000000000002	0.
13.425	0.
13.430000000000001	0.
13.435000000000002	0.
13.440000000000001	0.
13.445000000000002	0.
13.450000000000001	0.
13.455000000000002	0.
13.46	0.
13.465000000000002	0.
13.470000000000002	0.
13.475000000000001	0.
13.480000000000002	0.
13.485000000000001	0.
13.490000000000002	0.
13.495000000000001	0.
13.500000000000002	0.
13.505	0.
13.510000000000002	0.
13.515	0.
13.520000000000001	0.
13.525000000000002	0.
13.530000000000001	0.
13.535000000000002	0.
13.540000000000001	0.
13.545000000000002	0.
13.55	0.
13.555000000000001	0.
13.560000000000002	0.
13.565000000000001	0.
13.570000000000002	0.
13.575000000000001	0.
13.580000000000002	0.
13.585	0.
13.590000000000002	0.
13.595000000000002	0.
13.600000000000001	0.
13.605000000000002	0.
13.610000000000001	0.
13.615000000000002	0.
13.620000000000001	0.
13.625000000000002	0.
13.63	0.
13.635000000000002	0.
13.64	0.
13.645000000000001	0.
13.650000000000002	0.
13.655000000000001	0.
13.660000000000002	0.
13.665000000000001	0.
13.670000000000002	0.
13.675	0.
13.680000000000001	0.
13.685000000000002	0.
13.690000000000001	0.
13.695000000000002	0.
13.700000000000001	0.
13.705000000000002	0.
13.71	0.
13.715000000000002	0.
13.720000000000002	0.
13.725000000000001	0.
13.730000000000002	0.
13.735000000000001	0.
13.740000000000002	0.
13.745000000000001	0.
13.750000000000002	0.
13.755	0.
13.760000000000002	0.
13.765	0.
13.770000000000001	0.
13.775000000000002	0.
13.780000000000001	0.
13.785000000000002	0.
13.790000000000001	0.
13.795000000000002	0.
13.8	0.
13.805000000000001	0.
13.810000000000002	0.
13.815000000000001	0.
13.820000000000002	0.
13.825000000000001	0.
13.830000000000002	0.
13.835	0.
13.840000000000002	0.
13.845000000000002	0.
13.850000000000001	0.
13.855000000000002	0.
13.860000000000001	0.
13.865000000000002	0.
13.870000000000001	0.
13.875000000000002	0.
13.88	0.
13.885000000000002	0.
13.89	0.
13.895000000000001	0.
13.900000000000002	0.
13.905000000000001	0.
13.910000000000002	0.
13.915000000000001	0.
13.920000000000002	0.
13.925	0.
13.930000000000001	0.
13.935000000000002	0.
13.940000000000001	0.
13.945000000000002	0.
13.950000000000001	0.
13.955000000000002	0.
13.96	0.
13.965000000000002	0.
13.970000000000002	0.
13.975000000000001	0.
13.980000000000002	0.
13.985000000000001	0.
13.990000000000002	0.
13.995000000000001	0.
14.	0.