0.005	0.
0.01	0.
0.015	0.
0.02	0.
0.025	0.
0.030000000000000002	0.
0.034999999999999996	0.
0.04	0.
0.045	0.
0.049999999999999996	0.
0.055	0.
0.06	0.
0.065	0.
0.07	0.
0.07500000000000001	0.
0.08	0.
0.085	0.
0.09000000000000001	0.
0.095	0.
0.1	0.
0.10500000000000001	0.
0.11	0.
0.115	0.
0.12000000000000001	0.
0.125	0.
0.13	0.
0.135	0.
0.14	0.
0.14500000000000002	0.
0.15	0.
0.155	0.
0.16	0.014849227167526832
0.165	0.08476146669612965
0.17	0.11542974942954007
0.17500000000000002	0.13690977859733497
0.18000000000000002	0.15341150039305265
0.185	0.16665347762060734
0.19	0.17755382942247605
0.195	0.18667667415148237
0.2	0.19439996610454446
0.20500000000000002	0.20099226833561018
0.21000000000000002	0.20665268202139245
0.215	0.2115336031905322
0.22	0.21575461517409764
0.225	0.21941143634255691
0.23	0.22258193567738832
0.23500000000000001	0.22533032141349904
0.24000000000000002	0.22771014390743013
0.245	0.22976650201456736
0.25	0.23153769861582185
0.255	0.2330565054939263
0.26	0.23435114506490962
0.265	0.23544606293170106
0.27	0.2363625432821154
0.275	0.23711920443935905
0.28	0.23773240179002617
0.28500000000000003	0.23821655826867835
0.29000000000000004	0.23858443756733477
0.295	0.23884737161760883
0.3	0.23901545123904475
0.305	0.23909768687570535
0.31	0.23910214486083053
0.315	0.23903606352264034
0.32	0.23890595257902966
0.325	0.23871767859806786
0.33	0.238476538776587
0.335	0.2381873248755666
0.34	0.23785437882244415
0.34500000000000003	0.23748164122768237
0.35000000000000003	0.23707269385129476
0.35500000000000004	0.23663079688356986
0.36	0.23615892176452974
0.365	0.2356597801521858
0.37	0.23513584955541625
0.375	0.23458939606926488
0.38	0.2340224945856685
0.385	0.23343704679847013
0.39	0.23283479727623738
0.395	0.23221734783821965
0.4	0.23158617043655233
0.405	0.23094261872049174
0.41000000000000003	0.23028793843523765
0.41500000000000004	0.22962327678808986
0.42000000000000004	0.22894969089771652
0.425	0.22826815542778295
0.43	0.22757956949366223
0.435	0.2268847629201382
0.44	0.22618450191871112
0.445	0.22547949424494726
0.45	0.22477039388936168
0.455	0.22405780534910671
0.46	0.22334228752245772
0.465	0.22262435726334553
0.47000000000000003	0.22190449262914208
0.47500000000000003	0.22118313585124108
0.48000000000000004	0.22046069605484397
0.485	0.21973755175155532
0.49	0.21901405312592037
0.495	0.21829052413485636
0.5	0.21756726443699184
0.505	0.2168445511672139
0.51	0.216122640570204
0.515	0.21540176950536327
0.52	0.2146821568343579
0.525	0.2139640047013725
0.53	0.2132474997152809
0.535	0.21253281404197286
0.54	0.21182010641440116
0.545	0.21110952306716138
0.55	0.21040119860177436
0.555	0.20969525678837783
0.56	0.2089918113088907
0.5650000000000001	0.2082909664463525
0.5700000000000001	0.2075928177247328
0.5750000000000001	0.20689745250305186
0.5800000000000001	0.20620495052740984
0.585	0.20551538444416306
0.59	0.20482882027721627
0.595	0.2041453178721771
0.6	0.20346493130985716
0.605	0.20278770929141454
0.61	0.20211369549724792
0.615	0.20144292892158172
0.62	0.20077544418449375
0.625	0.2001112718230697
0.63	0.19945043856313166
0.635	0.19879296757298648
0.64	0.19813887870041916
0.645	0.19748818869417772
0.65	0.1968409114109632
0.655	0.1961970580089879
0.66	0.19555663712902344
0.665	0.1949196550637611
0.67	0.19428611591635778
0.675	0.193656021748803
0.68	0.1930293727208859
0.685	0.19240616722033946
0.6900000000000001	0.19178640198476268
0.6950000000000001	0.1911700722158594
0.7000000000000001	0.19055717168656008
0.7050000000000001	0.18994769284134902
0.71	0.18934162689042716
0.715	0.18873896389794914
0.72	0.18813969286483018
0.725	0.1875438018063886
0.73	0.1869512778252341
0.735	0.18636210717959353
0.74	0.1857762753475097
0.745	0.18519376708702848
0.75	0.18461456649273475
0.755	0.1840386570487869
0.76	0.18346602167871606
0.765	0.18289664279218953
0.77	0.18233050232887252
0.775	0.1817675817996625
0.78	0.1812078623253242
0.785	0.18065132467283235
0.79	0.18009794928943432
0.795	0.17954771633465025
0.8	0.17900060571029563
0.805	0.17845659708866932
0.81	0.17791566993897462
0.8150000000000001	0.17737780355216448
0.8200000000000001	0.1768429770641668
0.8250000000000001	0.17631116947776174
0.8300000000000001	0.17578235968302655
0.8350000000000001	0.17525652647651546
0.84	0.17473364857926652
0.845	0.17421370465363203
0.85	0.1736966733190829
0.855	0.17318253316696341
0.86	0.1726712627743487
0.865	0.17216284071694696
0.87	0.17165724558126402
0.875	0.17115445597583348
0.88	0.17065445054185416
0.885	0.17015720796295902
0.89	0.16966270697454391
0.895	0.169170926372222
0.9	0.16868184501985478
0.905	0.16819544185704882
0.91	0.16771169590592974
0.915	0.16723058627770887
0.92	0.16675209217852927
0.925	0.16627619291503185
0.93	0.1658028678994631
0.935	0.16533209665438908
0.9400000000000001	0.16486385881702348
0.9450000000000001	0.16439813414327856
0.9500000000000001	0.1639349025113884
0.9550000000000001	0.1634741439252747
0.9600000000000001	0.16301583851837045
0.965	0.16255996655247043
0.97	0.16210650840353372
0.975	0.16165544468472157
0.98	0.16120675598910247
0.985	0.16076042315834163
0.99	0.16031642714867006
0.995	0.1598747490595782
1.	0.15943537013619033
1.005	0.15899827176946493
1.01	0.1585634354973967
1.015	0.1581308430056302
1.02	0.1577004761287685
1.025	0.15727231685018828
1.0299999999999998	0.15684634730294567
1.035	0.1564225497701188
1.0399999999999998	0.15600090668464012
1.045	0.15558140062974524
1.0499999999999998	0.15516401433888735
1.055	0.1547487306956988
1.0599999999999998	0.15433553273364928
1.065	0.1539244036360796
1.0699999999999998	0.15351532673564058
1.075	0.15310828551409925
1.0799999999999998	0.15270326360177267
1.085	0.1523002447770812
1.0899999999999999	0.15189921296595812
1.095	0.15150015224129193
1.0999999999999999	0.1511030468221725
1.105	0.1507078810732345
1.1099999999999999	0.15031463950394103
1.115	0.14992330676767224
1.1199999999999999	0.14953386766110324
1.125	0.14914630712316937
1.13	0.148760610234234
1.135	0.14837676221519366
1.14	0.14799474842650362
1.145	0.147614554367286
1.15	0.1472361656742017
1.155	0.14685956812059478
1.16	0.14648474761538302
1.1649999999999998	0.14611169020201914
1.17	0.14574038205747375
1.1749999999999998	0.14537080949111458
1.18	0.14500295894371984
1.1849999999999998	0.14463681698624573
1.19	0.14427237031885887
1.1949999999999998	0.1439096057697613
1.2	0.1435485102941118
1.2049999999999998	0.14318907097287245
1.21	0.14283127501168494
1.2149999999999999	0.14247510973982438
1.22	0.14212056260894376
1.2249999999999999	0.1417676211920644
1.23	0.14141627318234082
1.2349999999999999	0.14106650639202242
1.24	0.1407183087512348
1.2449999999999999	0.14037166830693676
1.25	0.1400265732217156
1.255	0.13968301177271458
1.26	0.13934097235048798
1.265	0.13900044345788148
1.27	0.1386614137089324
1.275	0.13832387182772793
1.28	0.13798780664733903
1.285	0.1376532071086923
1.2899999999999998	0.13732006225948654
1.295	0.13698836125307345
1.2999999999999998	0.13665809334745185
1.305	0.13632924790408915
1.3099999999999998	0.1360018143869306
1.315	0.13567578236130953
1.3199999999999998	0.13535114149286018
1.325	0.1350278815465367
1.3299999999999998	0.13470599238549996
1.335	0.13438546397013018
1.3399999999999999	0.1340662863570137
1.345	0.13374844969786007
1.3499999999999999	0.1334319442385873
1.355	0.1331167603182116
1.3599999999999999	0.13280288836795698
1.365	0.13249031891019641
1.3699999999999999	0.13217904255753743
1.375	0.13186905001180987
1.38	0.13156033206312892
1.385	0.13125287958892792
1.39	0.13094668355305397
1.395	0.1306417350047999
1.4	0.13033802507800532
1.405	0.1300355449901255
1.41	0.12973428604134177
1.4149999999999998	0.1294342396136604
1.42	0.12913539717001654
1.4249999999999998	0.1288377502534245
1.43	0.12854129048606486
1.4349999999999998	0.1282460095684647
1.44	0.12795189927863435
1.4449999999999998	0.1276589514712131
1.45	0.12736715807664242
1.4549999999999998	0.12707651110035392
1.46	0.1267870026219358
1.4649999999999999	0.12649862479432464
1.47	0.12621136984304074
1.4749999999999999	0.12592523006535708
1.48	0.1256401978295247
1.4849999999999999	0.12535626557402246
1.49	0.12507342580677305
1.4949999999999999	0.12479167110439963
1.5	0.1245109941114581
1.505	0.12423138753973592
1.51	0.12395284416748201
1.515	0.12367535683870506
1.52	0.12339891846243937
1.525	0.12312352201208289
1.53	0.12284916052463804
1.535	0.12257582710007349
1.54	0.12230351490059968
1.545	0.1220322171500344
1.5499999999999998	0.12176192713310742
1.555	0.12149263819480574
1.5599999999999998	0.12122434373973233
1.565	0.12095703723144827
1.5699999999999998	0.12069071219183956
1.575	0.120425362200496
1.5799999999999998	0.12016098089409125
1.585	0.11989756196574161
1.5899999999999999	0.11963509916442723
1.595	0.11937358629438262
1.5999999999999999	0.11911301721449939
1.605	0.11885338583771947
1.6099999999999999	0.11859468613052329
1.615	0.11833691211226206
1.6199999999999999	0.11808005785465717
1.625	0.11782411748123812
1.63	0.1175690851667546
1.635	0.11731495513664482
1.64	0.11706172166651367
1.645	0.1168093790815877
1.65	0.11655792175615864
1.655	0.11630734411312035
1.66	0.1160576406233905
1.665	0.11580880580544924
1.67	0.11556083422481019
1.6749999999999998	0.11531372049354674
1.68	0.11506745926976485
1.6849999999999998	0.11482204525714543
1.69	0.1145774732044568
1.6949999999999998	0.11433373790508769
1.7	0.11409083419656582
1.7049999999999998	0.11384875696009385
1.71	0.11360750112010244
1.7149999999999999	0.11336706164381008
1.72	0.11312743354073598
1.7249999999999999	0.11288861186229684
1.73	0.1126505917013544
1.7349999999999999	0.11241336819178475
1.74	0.1121769365080522
1.7449999999999999	0.11194129186478985
1.75	0.11170642951639302
1.755	0.11147234475658917
1.76	0.11123903291803726
1.765	0.1110064893719322
1.77	0.11077470952761431
1.775	0.11054368883215918
1.78	0.11031342277000583
1.785	0.11008390686254942
1.79	0.10985513666779541
1.795	0.10962710777997182
1.7999999999999998	0.10939981582914689
1.805	0.10917325648088379
1.8099999999999998	0.1089474254358578
1.815	0.1087223184295306
1.8199999999999998	0.1084979312317547
1.825	0.10827425964646914
1.8299999999999998	0.1080512995113257
1.835	0.1078290466973518
1.8399999999999999	0.10760749710862641
1.845	0.10738664668193684
1.8499999999999999	0.10716649138645594
1.855	0.1069470272234086
1.8599999999999999	0.10672825022575899
1.865	0.10651015645788786
1.8699999999999999	0.10629274201528849
1.875	0.10607600302423963
1.88	0.10585993564150889
1.885	0.1056445360540576
1.89	0.1054298004787158
1.895	0.10521572516192097
1.9	0.10500230637939817
1.905	0.10478954043587725
1.91	0.10457742366480699
1.915	0.10436595242808344
1.92	0.10415512311575599
1.9249999999999998	0.10394493214576006
1.93	0.1037353759636285
1.9349999999999998	0.10352645104224364
1.94	0.10331815388155764
1.9449999999999998	0.10311048100832709
1.95	0.10290342897585995
1.9549999999999998	0.10269699436375483
1.96	0.10249117377762959
1.9649999999999999	0.10228596384889906
1.97	0.10208136123451007
1.9749999999999999	0.10187736261668338
1.98	0.10167396470269155
1.9849999999999999	0.1014711642246084
1.99	0.10126895793905313
1.9949999999999999	0.10106734262700451
2.	0.10086631509350308
2.005	0.1006658721674738
2.01	0.10046601070146745
2.015	0.10026672757144778
2.02	0.10006801967656882
2.025	0.09986988393895113
2.03	0.09967231730345773
2.035	0.09947531673750104
2.04	0.09927887923080451
2.045	0.09908300179520357
2.05	0.0988876814644402
2.0549999999999997	0.09869291529395079
2.06	0.09849870036065966
2.065	0.09830503376279175
2.07	0.09811191261966049
2.0749999999999997	0.09791933407147611
2.08	0.09772729527913987
2.085	0.09753579342407356
2.09	0.09734482570800662
2.0949999999999998	0.0971543893528052
2.1	0.09696448160026971
2.105	0.09677509971196542
2.11	0.0965862409690207
2.1149999999999998	0.09639790267196485
2.12	0.09621008214055587
2.125	0.09602277671356325
2.13	0.09583598374865014
2.135	0.09564970062215374
2.14	0.09546392472893299
2.145	0.09527865348220589
2.15	0.09509388431337601
2.155	0.094909614671851
2.16	0.09472584202491001
2.165	0.09454256385752194
2.17	0.09435977767218257
2.175	0.0941774809887722
2.18	0.0939956713443768
2.185	0.09381434629315576
2.19	0.0936335034061679
2.195	0.09345314027124241
2.1999999999999997	0.09327325449280538
2.205	0.09309384369174391
2.21	0.0929149055052514
2.215	0.09273643758669559
2.2199999999999998	0.0925584376054645
2.225	0.0923809032468166
2.23	0.09220383221176318
2.235	0.09202722221689495
2.2399999999999998	0.09185107099428025
2.245	0.09167537629129954
2.25	0.09150013587053009
2.255	0.09132534750960157
2.26	0.09115100900106322
2.265	0.09097711815225211
2.27	0.0908036727851794
2.275	0.09063067073638119
2.28	0.09045810985679396
2.285	0.09028598801164635
2.29	0.09011430308031705
2.295	0.089943052956217
2.3	0.0897722355466741
2.305	0.0896018487727953
2.31	0.0894318905693699
2.315	0.08926235888473195
2.32	0.08909325168065656
2.3249999999999997	0.08892456693223759
2.33	0.08875630262777318
2.335	0.0885884567686483
2.34	0.08842102736924014
2.3449999999999998	0.08825401245678717
2.35	0.08808741007128212
2.355	0.08792121826537648
2.36	0.0877554351042505
2.3649999999999998	0.08759005866553517
2.37	0.08742508703917938
2.375	0.0872605183273588
2.38	0.08709635064437496
2.385	0.08693258211654305
2.39	0.08676921088209325
2.395	0.08660623509107732
2.4	0.08644365290526394
2.405	0.0862814624980358
2.41	0.08611966205429691
2.415	0.08595824977038219
2.42	0.08579722385394747
2.425	0.0856365825238874
2.43	0.08547632401022986
2.435	0.08531644655405995
2.44	0.08515694840741257
2.445	0.08499782783318495
2.4499999999999997	0.08483908310505378
2.455	0.0846807125073769
2.46	0.08452271433510979
2.465	0.08436508689371493
2.4699999999999998	0.08420782849908458
2.475	0.08405093747743494
2.48	0.08389441216524883
2.485	0.08373825090916155
2.4899999999999998	0.08358245206590277
2.495	0.08342701400219514
2.5	0.08327193509469072
2.505	0.08311721372987385
2.51	0.08296284830398473
2.515	0.08280883722294617
2.52	0.08265517890228245
2.525	0.08250187176703676
2.53	0.08234891425170075
2.535	0.08219630480013082
2.54	0.08204404186547683
2.545	0.08189212391010753
2.55	0.0817405494055359
2.555	0.08158931683234118
2.56	0.08143842468010505
2.565	0.08128787144732491
2.57	0.08113765564135934
2.5749999999999997	0.08098777577834723
2.58	0.08083823038313778
2.585	0.0806890179892206
2.59	0.08054013713866315
2.5949999999999998	0.08039158638203484
2.6	0.08024336427834287
2.605	0.08009546939496487
2.61	0.07994790030758529
2.6149999999999998	0.07980065560012044
2.62	0.07965373386466561
2.625	0.07950713370142178
2.63	0.07936085371863272
2.635	0.07921489253252698
2.64	0.07906924876724791
2.645	0.0789239210547976
2.65	0.07877890803497233
2.655	0.078634208355292
2.66	0.07848982067096949
2.665	0.07834574364480663
2.67	0.07820197594717486
2.675	0.07805851625593337
2.68	0.0779153632563768
2.685	0.07777251564118001
2.69	0.07762997211033443
2.695	0.0774877313711012
2.7	0.07734579213794042
2.705	0.07720415313247184
2.71	0.07706281308340823
2.715	0.07692177072649865
2.7199999999999998	0.07678102480449081
2.725	0.07664057406705137
2.73	0.07650041727073814
2.735	0.07636055317892915
2.7399999999999998	0.07622098056178175
2.745	0.07608169819616924
2.75	0.07594270486564049
2.755	0.07580399936036587
2.76	0.07566558047707823
2.765	0.07552744701903565
2.77	0.0753895977959615
2.775	0.07525203162400212
2.78	0.0751147473256713
2.785	0.07497774372981054
2.79	0.0748410196715315
2.795	0.07470457399217442
2.8	0.0745684055392592
2.8049999999999997	0.07443251316643688
2.81	0.07429689573345127
2.815	0.07416155210607815
2.82	0.07402648115609393
2.825	0.0738916817612236
2.83	0.07375715280509852
2.835	0.07362289317720554
2.84	0.07348890177285437
2.8449999999999998	0.07335517749312409
2.85	0.07322171924482242
2.855	0.0730885259404471
2.86	0.07295559649813536
2.8649999999999998	0.07282292984163034
2.87	0.07269052490023185
2.875	0.07255838060876053
2.88	0.07242649590751063
2.885	0.0722948697422184
2.89	0.07216350106400989
2.895	0.07203238882937214
2.9	0.07190153200010382
2.905	0.07177092954328093
2.91	0.07164058043122062
2.915	0.07151048364143159
2.92	0.07138063815658859
2.925	0.07125104296448684
2.9299999999999997	0.07112169705800185
2.935	0.07099259943505987
2.94	0.07086374909859312
2.945	0.07073514505650734
2.95	0.07060678632164417
2.955	0.07047867191174244
2.96	0.07035080084940597
2.965	0.07022317216206363
2.9699999999999998	0.07009578488193871
2.975	0.0699686380460092
2.98	0.06984173069597664
2.985	0.06971506187822453
2.9899999999999998	0.06958863064379617
2.995	0.06946243604834863
3.	0.06933647715212436
3.005	0.06921075301991937
3.01	0.06908526272104518
3.015	0.0689600053292993
3.02	0.06883497992293157
3.025	0.06871018558461113
3.03	0.06858562140139488
3.035	0.06846128646469544
3.04	0.06833717987024839
3.045	0.06821330071808333
3.05	0.06808964811248984
3.0549999999999997	0.06796622116198657
3.06	0.06784301897929472
3.065	0.06772004068130019
3.07	0.06759728538903007
3.075	0.06747475222761992
3.08	0.06735244032628353
3.085	0.06723034881828453
3.09	0.06710847684090389
3.0949999999999998	0.06698682353541605
3.1	0.0668653880470564
3.105	0.06674416952499347
3.11	0.06662316712229895
3.115	0.06650237999592265
3.12	0.06638180730666245
3.125	0.06626144821913527
3.13	0.06614130190175209
3.135	0.06602136752668943
3.14	0.06590164426986117
3.145	0.06578213131089371
3.15	0.06566282783309574
3.155	0.06554373302343537
3.16	0.0654248460725122
3.165	0.06530616617452978
3.17	0.06518769252727165
3.175	0.06506942433207469
3.1799999999999997	0.06495136079380223
3.185	0.06483350112082079
3.19	0.06471584452497436
3.195	0.06459839022155754
3.2	0.06448113742929208
3.205	0.06436408537030211
3.21	0.06424723327008953
3.215	0.06413058035750892
3.2199999999999998	0.06401412586474452
3.225	0.06389786902728538
3.23	0.0637818090839011
3.235	0.06366594527661898
3.24	0.063550276850701
3.245	0.06343480305461786
3.25	0.06331952314003035
3.255	0.06320443636176071
3.26	0.06308954197777457
3.265	0.06297483924915558
3.27	0.0628603274400827
3.275	0.06274600581781045
3.28	0.06263187365264394
3.285	0.06251793021791684
3.29	0.062404174789971074
3.295	0.06229060664813535
3.3	0.062177225074699936
3.3049999999999997	0.06206402935489948
3.31	0.061951018776888966
3.315	0.061838192631724076
3.32	0.06172555021333811
3.325	0.061613090818523425
3.33	0.061500813746908405
3.335	0.0613887183009392
3.34	0.061276803785857044
3.3449999999999998	0.06116506950967902
3.35	0.061053514783176985
3.355	0.06094213891985855
3.36	0.060830941235946415
3.365	0.060719921050358755
3.37	0.06060907768468813
3.375	0.060498410463185305
3.38	0.06038791871273561
3.385	0.06027760176284185
3.39	0.06016745894560523
3.395	0.06005748959570598
3.4	0.05994769305038311
3.405	0.05983806864941723
3.41	0.05972861573511009
3.415	0.05961933365226872
3.42	0.05951022174818341
3.425	0.05940127937261214
3.4299999999999997	0.05929250587776024
3.435	0.05918390061826291
3.44	0.059075462951169125
3.445	0.05896719223591938
3.45	0.058859087834331324
3.455	0.05875114911058183
3.46	0.05864337543118687
3.465	0.05853576616498607
3.4699999999999998	0.05842832068312516
3.475	0.05832103835903798
3.48	0.05821391856842975
3.485	0.058106960689258275
3.49	0.05800016410171857
3.495	0.057893528188228446
3.5	0.057787052333403234
3.505	0.05768073592404982
3.51	0.0575745783491418
3.515	0.057468578999806785
3.52	0.05736273726930911
3.525	0.057257052553030575
3.53	0.05715152424846196
3.535	0.057046151755176806
3.54	0.05694093447482173
3.545	0.05683587181110045
3.55	0.056730963169753415
3.5549999999999997	0.05662620795854679
3.56	0.05652160558725238
3.565	0.056417155467638466
3.5700000000000003	0.05631285701344268
3.575	0.05620870964037031
3.58	0.05610471276606847
3.585	0.05600086581011545
3.59	0.05589716819400322
3.5949999999999998	0.05579361934112434
3.5999999999999996	0.05569021867675653
3.605	0.05558696562804357
3.61	0.05548385962398713
3.615	0.055380900095424894
3.62	0.055278086475020506
3.625	0.055175418197250164
3.63	0.05507289469837791
3.635	0.05497051541645499
3.6399999999999997	0.054868279791292725
3.645	0.05476618726445869
3.65	0.05466423727925254
3.6550000000000002	0.05456242928069763
3.66	0.05446076271552754
3.665	0.05435923703216601
3.67	0.05425785168071762
3.675	0.05415660611295162
3.6799999999999997	0.05405549978229114
3.685	0.0539545321437915
3.69	0.05385370265413564
3.6950000000000003	0.05375301077161284
3.7	0.05365245595610987
3.705	0.053552037669091994
3.71	0.05345175537359635
3.715	0.053351608534212586
3.7199999999999998	0.053251596617067076
3.7249999999999996	0.05315171908981968
3.73	0.05305197542164
3.735	0.05295236508319619
3.74	0.05285288754664531
3.745	0.05275354228561607
3.75	0.05265432877519955
3.755	0.05255524649192928
3.76	0.05245629491377233
3.7649999999999997	0.05235747352012149
3.77	0.05225878179176755
3.775	0.0521602192109018
3.7800000000000002	0.052061785261094076
3.785	0.05196347942727938
3.79	0.051865301195753014
3.795	0.05176725005414622
3.8	0.05166932549142042
3.8049999999999997	0.05157152699785557
3.81	0.05147385406503104
3.815	0.05137630618581975
3.8200000000000003	0.051278882854370406
3.825	0.051181583566094396
3.83	0.05108440781765862
3.835	0.05098735510696999
3.84	0.05089042493315863
3.8449999999999998	0.0507936167965697
3.8499999999999996	0.05069693019875337
3.855	0.050600364642442885
3.86	0.05050391963155528
3.865	0.05040759467116538
3.87	0.05031138926750321
3.875	0.05021530292793807
3.88	0.05011933516096466
3.885	0.05002348547619025
3.8899999999999997	0.04992775338433099
3.895	0.04983213839718557
3.9	0.04973664002763581
3.9050000000000002	0.04964125778962136
3.91	0.04954599119814475
3.915	0.04945083976924113
3.92	0.049355803019979896
3.925	0.0492608804684412
3.9299999999999997	0.04916607163371403
3.935	0.04907137603587498
3.94	0.04897679319598662
3.9450000000000003	0.04888232263607338
3.95	0.04878796387911651
3.955	0.048693716449043294
3.96	0.04859957987070995
3.965	0.048505553669893106
3.9699999999999998	0.04841163737327455
3.9749999999999996	0.048317830508435
3.98	0.04822413260383482
3.985	0.048130543188806656
3.99	0.04803706179354092
3.995	0.04794368794907658
4.	0.047850421187288134
4.005	0.047757261040869844
4.01	0.047664207043330416
4.015	0.04757125872897413
4.02	0.04747841563289161
4.025	0.047385677290953235
4.03	0.047293043239787017
4.035	0.04720051301677181
4.04	0.04710808616003287
4.045	0.04701576220840987
4.05	0.04692354070146292
4.055	0.04683142117946243
4.0600000000000005	0.04673940318335179
4.0649999999999995	0.04664748625476728
4.07	0.04655566993600832
4.075	0.04646395377002592
4.08	0.04637233730041625
4.085	0.04628082007139894
4.09	0.04618940162782296
4.095	0.04609808151513312
4.1	0.04600685927937215
4.105	0.045915734467166174
4.109999999999999	0.04582470662570327
4.115	0.04573377530274069
4.12	0.04564294004657052
4.125	0.04555220040601755
4.13	0.04546155593043693
4.135	0.045371006169684945
4.14	0.04528055067410918
4.145	0.045190188994553286
4.15	0.04509992068232325
4.155	0.04500974528918272
4.16	0.044919662367350045
4.165	0.04482967146947312
4.17	0.04473977214861823
4.175	0.0446499639582644
4.18	0.0445602464522907
4.1850000000000005	0.044470619184955935
4.1899999999999995	0.044381081710889475
4.195	0.044291633585082334
4.2	0.044202274362874425
4.205	0.044113003599932234
4.21	0.04402382085224662
4.215	0.04393472567612134
4.22	0.04384571762814685
4.225	0.04375679626520705
4.23	0.043667961144438446
4.234999999999999	0.04357921182325343
4.24	0.043490547859296354
4.245	0.04340196881044424
4.25	0.04331347423479416
4.255	0.04322506369064549
4.26	0.04313673673648738
4.265	0.04304849293098971
4.27	0.042960331832985144
4.275	0.04287225300146252
4.28	0.04278425599554184
4.285	0.04269634037447053
4.29	0.04260850569760907
4.295	0.04252075152440786
4.3	0.042433077414407154
4.305	0.042345482927221706
4.3100000000000005	0.04225796762250956
4.3149999999999995	0.042170531059980934
4.32	0.04208317279937118
4.325	0.041995892400429904
4.33	0.04190868942290845
4.335	0.04182156342654245
4.34	0.041734513971038514
4.345	0.04164754061606526
4.35	0.04156064292123128
4.355	0.04147382044606866
4.359999999999999	0.041387072750032616
4.365	0.041300399392480994
4.37	0.041213799932635506
4.375	0.041127273929612185
4.38	0.0410408209423735
4.385	0.04095444052971024
4.39	0.04086813225025746
4.395	0.040781895662445965
4.4	0.04069573032451096
4.405	0.040609635794453224
4.41	0.04052361163005304
4.415	0.04043765738882552
4.42	0.04035177262802871
4.425	0.04026595690462972
4.43	0.04018020977529594
4.4350000000000005	0.040094530796384656
4.4399999999999995	0.04000891952391539
4.445	0.03992337551356825
4.45	0.03983789832064924
4.455	0.039752487500087065
4.46	0.03966714260641856
4.465	0.03958186319375422
4.47	0.03949664881578613
4.475	0.03941149902575029
4.48	0.03932641337641653
4.484999999999999	0.03924139142007748
4.49	0.039156432708527165
4.495	0.039071536793027654
4.5	0.0389867032243247
4.505	0.03890193155259701
4.51	0.03881722132745077
4.515	0.038732572097918666
4.52	0.03864798341240247
4.525	0.03856345481870216
4.53	0.03847898586395276
4.535	0.038394576094625495
4.54	0.03831022505652971
4.545	0.03822593229475054
4.55	0.0381416973536578
4.555	0.038057519776883805
4.5600000000000005	0.037973399107296815
4.5649999999999995	0.03788933488698325
4.57	0.03780532665723236
4.575	0.03772137395851132
4.58	0.03763747633044327
4.585	0.037553633311793205
4.59	0.03746984444043798
4.595000000000001	0.03738610925334961
4.6	0.03730242728658282
4.605	0.03721879807523603
4.609999999999999	0.037135221153440645
4.615	0.03705169605434173
4.62	0.036968222310070326
4.625	0.036884799451718325
4.63	0.03680142700931972
4.635	0.03671810451183076
4.640000000000001	0.036634831487101685
4.645	0.03655160746185432
4.65	0.036468431961664494
4.654999999999999	0.03638530451092488
4.66	0.036302224632829797
4.665	0.03621919184936332
4.67	0.03613620568124397
4.675	0.03605326564792033
4.68	0.035970371267557956
4.6850000000000005	0.03588752205697272
4.6899999999999995	0.035804717531652194
4.695	0.03572195720569608
4.7	0.03563924059180672
4.705	0.035556567201254365
4.71	0.03547393654385307
4.715	0.03539134812793701
4.720000000000001	0.03530880146031888
4.725	0.03522629604628799
4.73	0.03514383138954631
4.734999999999999	0.035061406992216805
4.74	0.03497902235478274
4.745	0.03489667697608261
4.75	0.03481437035326404
4.755	0.034732101981761576
4.76	0.034649871355258786
4.765000000000001	0.03456767796567001
4.77	0.0344855213030998
4.775	0.03440340085581234
4.779999999999999	0.03432131611019363
4.785	0.03423926655072837
4.79	0.034157251659972
4.795	0.03407527091850103
4.8	0.03399332380487752
4.805	0.033911409795650625
4.8100000000000005	0.033829528365269805
4.8149999999999995	0.03374767898608514
4.82	0.033665861128307585
4.825	0.033584074259953633
4.83	0.0335023178468323
4.835	0.03342059135249662
4.84	0.03333889423820017
4.845000000000001	0.03325722596286565
4.85	0.033175585983057254
4.855	0.03309397375292015
4.859999999999999	0.03301238872414567
4.865	0.03293083034594723
4.87	0.03284929806500293
4.875	0.032767791325416906
4.88	0.03268630956868047
4.885	0.032604852233624054
4.890000000000001	0.03252341875637976
4.895	0.03244200857033662
4.9	0.03236062110609235
4.904999999999999	0.032279255791412186
4.91	0.03219791205116844
4.915	0.03211658930732412
4.92	0.032035286978855
4.925	0.031954004481708244
4.93	0.031872741228772906
4.9350000000000005	0.03179149662980336
4.9399999999999995	0.03171027009138827
4.945	0.03162906101688818
4.95	0.03154786880639451
4.955	0.03146669285665596
4.96	0.03138553256105228
4.965	0.03130438730951862
4.970000000000001	0.03122325648850049
4.975	0.031142139480898987
4.98	0.031061035665999093
4.984999999999999	0.030979944419428036
4.99	0.030898865113087575
4.995	0.030817797115102963
5.	0.030736739789746524
5.005	0.030655692497392403
5.01	0.030574654594438432
5.015000000000001	0.030493625433252253
5.02	0.030412604362106785
5.025	0.030331590725110116
5.029999999999999	0.030250583862133508
5.035	0.030169583108749412
5.04	0.030088587796172562
5.045	0.030007597251157002
5.05	0.029926610795958913
5.055	0.0298456277482465
5.0600000000000005	0.029764647421025178
5.0649999999999995	0.02968366912256521
5.07	0.0296026921563282
5.075	0.02952171582087533
5.08	0.02944073940979984
5.085	0.029359762211648575
5.09	0.0292787835098252
5.095000000000001	0.029197802582517713
5.1	0.029116818702608016
5.105	0.029035831137580268
5.109999999999999	0.02895483914944755
5.115	0.028873841994642976
5.12	0.028792838923933195
5.125	0.02871182918233413
5.13	0.028630812009007064
5.135	0.02854978663715173
5.14	0.028468752293938387
5.145	0.028387708200360764
5.15	0.02830665357117872
5.155	0.02822558761478231
5.16	0.028144509533096745
5.165	0.028063418521478443
5.17	0.027982313768585735
5.175	0.027901194456286322
5.18	0.027820059759532476
5.185	0.027738908846241722
5.19	0.02765774087718117
5.195	0.027576555005839182
5.2	0.02749535037830727
5.205	0.027414126133147487
5.21	0.027332881401270957
5.215	0.027251615305791187
5.22	0.027170326961903198
5.225	0.02708901547673793
5.23	0.02700767994922571
5.235	0.026926319469938835
5.24	0.02684493312097929
5.245	0.026763519975780373
5.25	0.026682079099002023
5.255	0.0266006095463341
5.26	0.02651911036436881
5.265	0.02643758059042254
5.27	0.026356019252369703
5.275	0.0262744253684786
5.28	0.026192797947236574
5.285	0.02611113598716808
5.29	0.02602943847666326
5.295	0.0259477043937846
5.3	0.02586593270607903
5.305	0.025784122370396626
5.31	0.0257022723326788
5.315	0.025620381527753807
5.32	0.025538448879160482
5.325	0.02545647329889234
5.33	0.02537445368721556
5.335	0.025292388932452888
5.34	0.02521027791071955
5.345	0.02512811948573155
5.35	0.02504591250854813
5.355	0.024963655817350168
5.36	0.02488134823716767
5.365	0.024798988579641624
5.37	0.024716575642767035
5.375	0.024634108210623028
5.38	0.024551585053100747
5.385	0.024469004925627102
5.39	0.024386366568883516
5.395	0.024303668708507784
5.4	0.02422091005479919
5.405	0.02413808930241581
5.41	0.024055205130051143
5.415	0.02397225620013141
5.42	0.023889241158461007
5.425	0.023806158633902855
5.43	0.023723007238033972
5.435	0.023639785564777017
5.44	0.023556492190045714
5.445	0.02347312567137208
5.45	0.02338968454752198
5.455	0.023306167338092983
5.46	0.023222572543136578
5.465	0.023138898642712406
5.47	0.023055144096489056
5.475	0.02297130734329446
5.48	0.02288738680067272
5.485	0.022803380864426195
5.49	0.022719287908139853
5.495	0.02263510628269685
5.5	0.02255083431578729
5.505	0.02246647031138408
5.51	0.022382012549223507
5.515	0.022297459284271154
5.52	0.022212808746154087
5.525	0.022128059138593368
5.53	0.022043208638821643
5.535	0.021958255396963673
5.54	0.021873197535438576
5.545	0.021788033148290472
5.55	0.021702760300551446
5.555	0.021617377027552807
5.56	0.02153188133423749
5.565	0.021446271194416215
5.57	0.02136054455006038
5.575	0.02127469931050847
5.58	0.021188733351701464
5.585	0.02110264451536043
5.59	0.021016430608157062
5.595	0.020930089400847136
5.6	0.02084361862738709
5.605	0.020757015984014707
5.61	0.020670279128308298
5.615	0.020583405678209057
5.62	0.020496393211010003
5.625	0.02040923926233148
5.63	0.02032194132502378
5.635	0.020234496848082862
5.64	0.02014690323549672
5.645	0.020059157845061897
5.65	0.019971257987162167
5.655	0.01988320092349883
5.66	0.019794983865794334
5.665	0.019706603974439286
5.67	0.019618058357086347
5.675	0.01952934406720327
5.68	0.019440458102593178
5.6850000000000005	0.019351397403822065
5.69	0.01926215885261953
5.695	0.019172739270224535
5.7	0.019083135415650234
5.705	0.018993343983902216
5.71	0.018903361604127145
5.715	0.01881318483768614
5.72	0.01872281017616936
5.725	0.018632234039324833
5.73	0.018541452772905642
5.735	0.018450462646449287
5.74	0.018359259850961582
5.745	0.01826784049650366
5.75	0.01817620060970092
5.755	0.018084336131134884
5.76	0.01799224291264577
5.765	0.01789991671451699
5.77	0.01780735320254988
5.775	0.01771454794501282
5.78	0.017621496409465993
5.785	0.017528193959458434
5.79	0.01743463585107939
5.795	0.017340817229359432
5.8	0.017246733124527534
5.805	0.017152378448097257
5.8100000000000005	0.0170577479887789
5.815	0.016962836408215658
5.82	0.016867638236533894
5.825	0.016772147867678642
5.83	0.0166763595545424
5.835	0.016580267403875824
5.84	0.01648386537095195
5.845	0.016387147253980317
5.85	0.016290106688261224
5.855	0.01619273714005239
5.86	0.01609503190014291
5.865	0.015996984077103166
5.87	0.01589858659020991
5.875	0.015799832162007785
5.88	0.01570071331049766
5.885	0.015601222340922791
5.89	0.015501351337123112
5.895	0.015401092152447761
5.9	0.01530043640016833
5.905	0.015199375443388662
5.91	0.015097900384401373
5.915	0.014996002053455108
5.92	0.014893670996900019
5.925	0.014790897464660672
5.93	0.014687671396991548
5.9350000000000005	0.014583982410470266
5.94	0.014479819783164097
5.945	0.01437517243891698
5.95	0.014270028930689575
5.955	0.014164377422884828
5.96	0.01405820567257367
5.965	0.013951501009554338
5.97	0.013844250315130872
5.975	0.013736439999528867
5.98	0.013628055977835864
5.985	0.013519083644341824
5.99	0.013409507845141368
5.995	0.01329931284888165
6.	0.013188482315461653
6.005	0.013076999262528163
6.01	0.012964846029581242
6.015	0.012852004239440828
6.02	0.012738454756900145
6.025	0.012624177644234184
6.03	0.012509152113329928
6.035	0.012393356474071329
6.04	0.012276768078655435
6.045	0.012159363261420801
6.05	0.012041117273727092
6.055	0.011922004213404287
6.0600000000000005	0.01180199694819729
6.065	0.011681067032576242
6.07	0.011559184617154692
6.075	0.0114363183500101
6.08	0.011312435268824196
6.085	0.011187500682985355
6.09	0.011061478044304162
6.095	0.010934328805117528
6.1	0.010806012262123079
6.105	0.010676485384262295
6.11	0.01054570262251522
6.115	0.010413615699306475
6.12	0.010280173374762277
6.125	0.010145321186614636
6.13	0.010009001160065164
6.135	0.009871151483233715
6.140000000000001	0.009731706143075189
6.145	0.009590594515756981
6.15	0.009447740904241747
6.155	0.00930306401472354
6.16	0.009156476361418014
6.165	0.009007883587755809
6.17	0.008857183688799763
6.175	0.008704266116997006
6.18	0.008549010749099657
6.1850000000000005	0.008391286686838426
6.1899999999999995	0.008230950857673983
6.195	0.008067846373219893
6.2	0.007901800592000161
6.205	0.007732622818873581
6.21	0.007560101554186162
6.215	0.007384001180099787
6.22	0.007204057936647406
6.225	0.007019974992332683
6.23	0.006831416347036266
6.235	0.006637999210616869
6.24	0.006439284363859486
6.245	0.006234763808513163
6.25	0.00602384471192517
6.255	0.005805828190787743
6.26	0.005579880749236831
6.265000000000001	0.0053449950030314535
6.27	0.005099934327531759
6.275	0.004843152575181103
6.28	0.004572673595196487
6.285	0.004285902832621695
6.29	0.0039793173902387645
6.295	0.0036479223469874427
6.3	0.0032842133087482486
6.305	0.0028759534188112497
6.3100000000000005	0.002400515129908734
6.3149999999999995	0.0018055841130486575
6.32	0.0008741132030470855
6.325	0.
6.33	0.
6.335	0.
6.34	0.
6.345	0.
6.35	0.
6.355	0.
6.36	0.
6.365	0.
6.37	0.
6.375	0.
6.38	0.
6.385	0.
6.390000000000001	0.
6.395	0.
6.4	0.
6.405	0.
6.41	0.
6.415	0.
6.42	0.
6.425	0.
6.43	0.
6.4350000000000005	0.
6.4399999999999995	0.
6.445	0.
6.45	0.
6.455	0.
6.46	0.
6.465	0.
6.47	0.
6.475	0.
6.48	0.
6.485	0.
6.49	0.
6.495	0.
6.5	0.
6.505	0.
6.51	0.
6.515000000000001	0.
6.52	0.
6.525	0.
6.53	0.
6.535	0.
6.54	0.
6.545	0.
6.55	0.
6.555	0.
6.5600000000000005	0.
6.5649999999999995	0.
6.57	0.
6.575	0.
6.58	0.
6.585	0.
6.59	0.
6.595	0.
6.6	0.
6.605	0.
6.61	0.
6.615	0.
6.62	0.
6.625	0.
6.63	0.
6.635	0.
6.640000000000001	0.
6.645	0.
6.65	0.
6.655	0.
6.66	0.
6.665	0.
6.67	0.
6.675	0.
6.68	0.
6.6850000000000005	0.
6.6899999999999995	0.
6.695	0.
6.7	0.
6.705	0.
6.71	0.
6.715	0.
6.72	0.
6.725	0.
6.73	0.
6.735	0.
6.74	0.
6.745	0.
6.75	0.
6.755	0.
6.76	0.
6.765000000000001	0.
6.77	0.
6.775	0.
6.78	0.
6.785	0.
6.79	0.
6.795	0.
6.8	0.
6.805	0.
6.8100000000000005	0.
6.8149999999999995	0.
6.82	0.
6.825	0.
6.83	0.
6.835	0.
6.84	0.
6.845	0.
6.85	0.
6.855	0.
6.86	0.
6.865	0.
6.87	0.
6.875	0.
6.88	0.
6.885	0.
6.890000000000001	0.
6.895	0.
6.9	0.
6.905	0.
6.91	0.
6.915	0.
6.92	0.
6.925	0.
6.93	0.
6.9350000000000005	0.
6.9399999999999995	0.
6.945	0.
6.95	0.
6.955	0.
6.96	0.
6.965	0.
6.97	0.
6.975	0.
6.98	0.
6.985	0.
6.99	0.
6.995	0.
7.	0.
7.005	0.
7.01	0.
7.015000000000001	0.
7.02	0.
7.025	0.
7.03	0.
7.035	0.
7.04	0.
7.045	0.
7.05	0.
7.055	0.
7.0600000000000005	0.
7.0649999999999995	0.
7.07	0.
7.075	0.
7.08	0.
7.085	0.
7.09	0.
7.095	0.
7.1	0.
7.105	0.
7.11	0.
7.115	0.
7.12	0.
7.125	0.
7.13	0.
7.135	0.
7.140000000000001	0.
7.145	0.
7.15	0.
7.155	0.
7.16	0.
7.165	0.
7.17	0.
7.175	0.
7.18	0.
7.1850000000000005	0.
7.1899999999999995	0.
7.195	0.
7.2	0.
7.205	0.
7.21	0.
7.215	0.
7.220000000000001	0.
7.225	0.
7.23	0.
7.234999999999999	0.
7.24	0.
7.245	0.
7.25	0.
7.255	0.
7.26	0.
7.265000000000001	0.
7.27	0.
7.275	0.
7.28	0.
7.285	0.
7.29	0.
7.295	0.
7.300000000000001	0.
7.305	0.
7.3100000000000005	0.
7.3149999999999995	0.
7.32	0.
7.325	0.
7.33	0.
7.335	0.
7.34	0.
7.345000000000001	0.
7.35	0.
7.355	0.
7.359999999999999	0.
7.365	0.
7.37	0.
7.375	0.
7.38	0.
7.385	0.
7.390000000000001	0.
7.395	0.
7.4	0.
7.405	0.
7.41	0.
7.415	0.
7.42	0.
7.425000000000001	0.
7.43	0.
7.4350000000000005	0.
7.4399999999999995	0.
7.445	0.
7.45	0.
7.455	0.
7.46	0.
7.465	0.
7.470000000000001	0.
7.475	0.
7.48	0.
7.484999999999999	0.
7.49	0.
7.495	0.
7.5	0.
7.505	0.
7.51	0.
7.515000000000001	0.
7.52	0.
7.525	0.
7.53	0.
7.535	0.
7.54	0.
7.545	0.
7.550000000000001	0.
7.555	0.
7.5600000000000005	0.
7.5649999999999995	0.
7.57	0.
7.575	0.
7.58	0.
7.585	0.
7.59	0.
7.595000000000001	0.
7.6	0.
7.605	0.
7.609999999999999	0.
7.615	0.
7.62	0.
7.625	0.
7.63	0.
7.635	0.
7.640000000000001	0.
7.645	0.
7.65	0.
7.655	0.
7.66	0.
7.665	0.
7.67	0.
7.675000000000001	0.
7.68	0.
7.685	0.
7.6899999999999995	0.
7.694999999999999	0.
7.699999999999999	0.
7.704999999999999	0.
7.71	0.
7.715	0.
7.72	0.
7.725	0.
7.7299999999999995	0.
7.734999999999999	0.
7.739999999999999	0.
7.744999999999999	0.
7.75	0.
7.755	0.
7.76	0.
7.765	0.
7.77	0.
7.7749999999999995	0.
7.779999999999999	0.
7.784999999999999	0.
7.79	0.
7.795	0.
7.8	0.
7.805	0.
7.81	0.
7.8149999999999995	0.
7.819999999999999	0.
7.824999999999999	0.
7.829999999999999	0.
7.835	0.
7.84	0.
7.845	0.
7.85	0.
7.8549999999999995	0.
7.859999999999999	0.
7.864999999999999	0.
7.869999999999999	0.
7.875	0.
7.88	0.
7.885	0.
7.89	0.
7.895	0.
7.8999999999999995	0.
7.904999999999999	0.
7.909999999999999	0.
7.915	0.
7.92	0.
7.925	0.
7.93	0.
7.935	0.
7.9399999999999995	0.
7.944999999999999	0.
7.949999999999999	0.
7.955	0.
7.96	0.
7.965	0.
7.97	0.
7.975	0.
7.9799999999999995	0.
7.984999999999999	0.
7.989999999999999	0.
7.994999999999999	0.
8.	0.
8.004999999999999	0.
8.01	0.
8.014999999999999	0.
8.02	0.
8.025	0.
8.03	0.
8.035	0.
8.04	0.
8.045	0.
8.049999999999999	0.
8.055	0.
8.059999999999999	0.
8.065	0.
8.07	0.
8.075	0.
8.08	0.
8.084999999999999	0.
8.09	0.
8.094999999999999	0.
8.1	0.
8.105	0.
8.11	0.
8.115	0.
8.12	0.
8.125	0.
8.129999999999999	0.
8.135	0.
8.139999999999999	0.
8.145	0.
8.15	0.
8.155	0.
8.16	0.
8.165	0.
8.17	0.
8.174999999999999	0.
8.18	0.
8.184999999999999	0.
8.19	0.
8.195	0.
8.2	0.
8.205	0.
8.209999999999999	0.
8.215	0.
8.219999999999999	0.
8.225	0.
8.23	0.
8.235	0.
8.24	0.
8.245	0.
8.25	0.
8.254999999999999	0.
8.26	0.
8.264999999999999	0.
8.27	0.
8.275	0.
8.28	0.
8.285	0.
8.29	0.
8.295	0.
8.299999999999999	0.
8.305	0.
8.309999999999999	0.
8.315	0.
8.32	0.
8.325	0.
8.33	0.
8.334999999999999	0.
8.34	0.
8.344999999999999	0.
8.35	0.
8.355	0.
8.36	0.
8.365	0.
8.37	0.
8.375	0.
8.379999999999999	0.
8.385	0.
8.389999999999999	0.
8.395	0.
8.4	0.
8.405	0.
8.41	0.
8.415	0.
8.42	0.
8.424999999999999	0.
8.43	0.
8.434999999999999	0.
8.44	0.
8.445	0.
8.45	0.
8.455	0.
8.459999999999999	0.
8.465	0.
8.469999999999999	0.
8.475	0.
8.48	0.
8.485	0.
8.49	0.
8.495	0.
8.5	0.
8.504999999999999	0.
8.51	0.
8.515	0.
8.52	0.
8.525	0.
8.53	0.
8.535	0.
8.54	0.
8.545	0.
8.549999999999999	0.
8.555	0.
8.559999999999999	0.
8.565	0.
8.57	0.
8.575	0.
8.58	0.
8.584999999999999	0.
8.59	0.
8.594999999999999	0.
8.6	0.
8.605	0.
8.61	0.
8.615	0.
8.62	0.
8.625	0.
8.629999999999999	0.
8.635	0.
8.64	0.
8.645	0.
8.65	0.
8.655	0.
8.66	0.
8.665	0.
8.67	0.
8.674999999999999	0.
8.68	0.
8.684999999999999	0.
8.69	0.
8.695	0.
8.7	0.
8.705	0.
8.709999999999999	0.
8.715	0.
8.719999999999999	0.
8.725	0.
8.73	0.
8.735	0.
8.74	0.
8.745	0.
8.75	0.
8.754999999999999	0.
8.76	0.
8.765	0.
8.77	0.
8.775	0.
8.78	0.
8.785	0.
8.79	0.
8.795	0.
8.799999999999999	0.
8.805	0.
8.809999999999999	0.
8.815	0.
8.82	0.
8.825	0.
8.83	0.
8.834999999999999	0.
8.84	0.
8.844999999999999	0.
8.85	0.
8.855	0.
8.86	0.
8.865	0.
8.87	0.
8.875	0.
8.879999999999999	0.
8.885	0.
8.89	0.
8.895	0.
8.9	0.
8.905	0.
8.91	0.
8.915	0.
8.92	0.
8.924999999999999	0.
8.93	0.
8.934999999999999	0.
8.94	0.
8.945	0.
8.95	0.
8.955	0.
8.959999999999999	0.
8.965	0.
8.969999999999999	0.
8.975	0.
8.98	0.
8.985	0.
8.99	0.
8.995	0.
9.	0.
9.004999999999999	0.
9.01	0.
9.015	0.
9.02	0.
9.025	0.
9.03	0.
9.035	0.
9.04	0.
9.045	0.
9.049999999999999	0.
9.055	0.
9.059999999999999	0.
9.065	0.
9.07	0.
9.075	0.
9.08	0.
9.084999999999999	0.
9.09	0.
9.094999999999999	0.
9.1	0.
9.105	0.
9.11	0.
9.115	0.
9.12	0.
9.125	0.
9.129999999999999	0.
9.135	0.
9.14	0.
9.145	0.
9.15	0.
9.155	0.
9.16	0.
9.165	0.
9.17	0.
9.174999999999999	0.
9.18	0.
9.184999999999999	0.
9.19	0.
9.195	0.
9.2	0.
9.205	0.
9.209999999999999	0.
9.215	0.
9.219999999999999	0.
9.225	0.
9.23	0.
9.235	0.
9.24	0.
9.245	0.
9.25	0.
9.254999999999999	0.
9.26	0.
9.265	0.
9.27	0.
9.275	0.
9.28	0.
9.285	0.
9.29	0.
9.295	0.
9.299999999999999	0.
9.305	0.
9.309999999999999	0.
9.315	0.
9.32	0.
9.325	0.
9.33	0.
9.334999999999999	0.
9.34	0.
9.344999999999999	0.
9.35	0.
9.355	0.
9.36	0.
9.365	0.
9.37	0.
9.375	0.
9.379999999999999	0.
9.385	0.
9.39	0.
9.395	0.
9.4	0.
9.405	0.
9.41	0.
9.415	0.
9.42	0.
9.424999999999999	0.
9.43	0.
9.434999999999999	0.
9.44	0.
9.445	0.
9.45	0.
9.455	0.
9.459999999999999	0.
9.465	0.
9.469999999999999	0.
9.475	0.
9.48	0.
9.485	0.
9.49	0.
9.495	0.
9.5	0.
9.504999999999999	0.
9.51	0.
9.515	0.
9.52	0.
9.525	0.
9.53	0.
9.535	0.
9.54	0.
9.545	0.
9.549999999999999	0.
9.555	0.
9.559999999999999	0.
9.565	0.
9.57	0.
9.575	0.
9.58	0.
9.584999999999999	0.
9.59	0.
9.594999999999999	0.
9.6	0.
9.605	0.
9.61	0.
9.615	0.
9.62	0.
9.625	0.
9.629999999999999	0.
9.635	0.
9.64	0.
9.645	0.
9.65	0.
9.655	0.
9.66	0.
9.665	0.
9.67	0.
9.674999999999999	0.
9.68	0.
9.684999999999999	0.
9.69	0.
9.695	0.
9.7	0.
9.705	0.
9.709999999999999	0.
9.715	0.
9.719999999999999	0.
9.725	0.
9.73	0.
9.735	0.
9.74	0.
9.745	0.
9.75	0.
9.754999999999999	0.
9.76	0.
9.765	0.
9.77	0.
9.774999999999999	0.
9.78	0.
9.785	0.
9.79	0.
9.795	0.
9.8	0.
9.805	0.
9.809999999999999	0.
9.815	0.
9.82	0.
9.825	0.
9.83	0.
9.834999999999999	0.
9.84	0.
9.844999999999999	0.
9.85	0.
9.855	0.
9.86	0.
9.865	0.
9.87	0.
9.875	0.
9.879999999999999	0.
9.885	0.
9.89	0.
9.895	0.
9.899999999999999	0.
9.905	0.
9.91	0.
9.915	0.
9.92	0.
9.925	0.
9.93	0.
9.934999999999999	0.
9.94	0.
9.945	0.
9.95	0.
9.955	0.
9.959999999999999	0.
9.965	0.
9.969999999999999	0.
9.975	0.
9.98	0.
9.985	0.
9.99	0.
9.995	0.
10.	0.
10.004999999999999	0.
10.01	0.
10.015	0.
10.02	0.
10.024999999999999	0.
10.03	0.
10.035	0.
10.04	0.
10.045	0.
10.05	0.
10.055	0.
10.059999999999999	0.
10.065	0.
10.07	0.
10.075	0.
10.08	0.
10.084999999999999	0.
10.09	0.
10.094999999999999	0.
10.1	0.
10.105	0.
10.11	0.
10.115	0.
10.12	0.
10.125	0.
10.129999999999999	0.
10.135	0.
10.14	0.
10.145	0.
10.149999999999999	0.
10.155	0.
10.16	0.
10.165	0.
10.17	0.
10.175	0.
10.18	0.
10.184999999999999	0.
10.19	0.
10.195	0.
10.2	0.
10.205	0.
10.209999999999999	0.
10.215	0.
10.219999999999999	0.
10.225	0.
10.23	0.
10.235	0.
10.24	0.
10.245000000000001	0.
10.250000000000002	0.
10.255	0.
10.260000000000002	0.
10.265	0.
10.270000000000001	0.
10.275	0.
10.280000000000001	0.
10.285	0.
10.290000000000001	0.
10.295000000000002	0.
10.3	0.
10.305000000000001	0.
10.31	0.
10.315000000000001	0.
10.32	0.
10.325000000000001	0.
10.330000000000002	0.
10.335	0.
10.340000000000002	0.
10.345	0.
10.350000000000001	0.
10.355	0.
10.360000000000001	0.
10.365	0.
10.370000000000001	0.
10.375000000000002	0.
10.38	0.
10.385000000000002	0.
10.39	0.
10.395000000000001	0.
10.4	0.
10.405000000000001	0.
10.41	0.
10.415000000000001	0.
10.420000000000002	0.
10.425	0.
10.430000000000001	0.
10.435	0.
10.440000000000001	0.
10.445	0.
10.450000000000001	0.
10.455000000000002	0.
10.46	0.
10.465000000000002	0.
10.47	0.
10.475000000000001	0.
10.48	0.
10.485000000000001	0.
10.49	0.
10.495000000000001	0.
10.500000000000002	0.
10.505	0.
10.510000000000002	0.
10.515	0.
10.520000000000001	0.
10.525	0.
10.530000000000001	0.
10.535	0.
10.540000000000001	0.
10.545000000000002	0.
10.55	0.
10.555000000000001	0.
10.56	0.
10.565000000000001	0.
10.57	0.
10.575000000000001	0.
10.580000000000002	0.
10.585	0.
10.590000000000002	0.
10.595	0.
10.600000000000001	0.
10.605	0.
10.610000000000001	0.
10.615	0.
10.620000000000001	0.
10.625000000000002	0.
10.63	0.
10.635000000000002	0.
10.64	0.
10.645000000000001	0.
10.65	0.
10.655000000000001	0.
10.66	0.
10.665000000000001	0.
10.670000000000002	0.
10.675	0.
10.680000000000001	0.
10.685	0.
10.690000000000001	0.
10.695	0.
10.700000000000001	0.
10.705000000000002	0.
10.71	0.
10.715000000000002	0.
10.72	0.
10.725000000000001	0.
10.73	0.
10.735000000000001	0.
10.74	0.
10.745000000000001	0.
10.750000000000002	0.
10.755	0.
10.760000000000002	0.
10.765	0.
10.770000000000001	0.
10.775	0.
10.780000000000001	0.
10.785	0.
10.790000000000001	0.
10.795000000000002	0.
10.8	0.
10.805000000000001	0.
10.81	0.
10.815000000000001	0.
10.82	0.
10.825000000000001	0.
10.830000000000002	0.
10.835	0.
10.840000000000002	0.
10.845	0.
10.850000000000001	0.
10.855	0.
10.860000000000001	0.
10.865	0.
10.870000000000001	0.
10.875000000000002	0.
10.88	0.
10.885000000000002	0.
10.89	0.
10.895000000000001	0.
10.9	0.
10.905000000000001	0.
10.91	0.
10.915000000000001	0.
10.920000000000002	0.
10.925	0.
10.930000000000001	0.
10.935	0.
10.940000000000001	0.
10.945	0.
10.950000000000001	0.
10.955000000000002	0.
10.96	0.
10.965000000000002	0.
10.97	0.
10.975000000000001	0.
10.98	0.
10.985000000000001	0.
10.99	0.
10.995000000000001	0.
11.000000000000002	0.
11.005	0.
11.010000000000002	0.
11.015	0.
11.020000000000001	0.
11.025	0.
11.030000000000001	0.
11.035	0.
11.040000000000001	0.
11.045000000000002	0.
11.05	0.
11.055000000000001	0.
11.06	0.
11.065000000000001	0.
11.07	0.
11.075000000000001	0.
11.080000000000002	0.
11.085	0.
11.090000000000002	0.
11.095	0.
11.100000000000001	0.
11.105	0.
11.110000000000001	0.
11.115	0.
11.120000000000001	0.
11.125000000000002	0.
11.13	0.
11.135000000000002	0.
11.14	0.
11.145000000000001	0.
11.15	0.
11.155000000000001	0.
11.16	0.
11.165000000000001	0.
11.170000000000002	0.
11.175	0.
11.180000000000001	0.
11.185	0.
11.190000000000001	0.
11.195	0.
11.200000000000001	0.
11.205000000000002	0.
11.21	0.
11.215000000000002	0.
11.22	0.
11.225000000000001	0.
11.23	0.
11.235000000000001	0.
11.24	0.
11.245000000000001	0.
11.250000000000002	0.
11.255	0.
11.260000000000002	0.
11.265	0.
11.270000000000001	0.
11.275	0.
11.280000000000001	0.
11.285	0.
11.290000000000001	0.
11.295000000000002	0.
11.3	0.
11.305000000000001	0.
11.31	0.
11.315000000000001	0.
11.32	0.
11.325000000000001	0.
11.330000000000002	0.
11.335	0.
11.340000000000002	0.
11.345	0.
11.350000000000001	0.
11.355	0.
11.360000000000001	0.
11.365000000000002	0.
11.370000000000001	0.
11.375000000000002	0.
11.38	0.
11.385000000000002	0.
11.39	0.
11.395000000000001	0.
11.4	0.
11.405000000000001	0.
11.41	0.
11.415000000000001	0.
11.420000000000002	0.
11.425	0.
11.430000000000001	0.
11.435	0.
11.440000000000001	0.
11.445	0.
11.450000000000001	0.
11.455000000000002	0.
11.46	0.
11.465000000000002	0.
11.47	0.
11.475000000000001	0.
11.48	0.
11.485000000000001	0.
11.490000000000002	0.
11.495000000000001	0.
11.500000000000002	0.
11.505	0.
11.510000000000002	0.
11.515	0.
11.520000000000001	0.
11.525	0.
11.530000000000001	0.
11.535	0.
11.540000000000001	0.
11.545000000000002	0.
11.55	0.
11.555000000000001	0.
11.56	0.
11.565000000000001	0.
11.57	0.
11.575000000000001	0.
11.580000000000002	0.
11.585	0.
11.590000000000002	0.
11.595	0.
11.600000000000001	0.
11.605	0.
11.610000000000001	0.
11.615000000000002	0.
11.620000000000001	0.
11.625000000000002	0.
11.63	0.
11.635000000000002	0.
11.64	0.
11.645000000000001	0.
11.65	0.
11.655000000000001	0.
11.66	0.
11.665000000000001	0.
11.670000000000002	0.
11.675	0.
11.680000000000001	0.
11.685	0.
11.690000000000001	0.
11.695	0.
11.700000000000001	0.
11.705000000000002	0.
11.71	0.
11.715000000000002	0.
11.72	0.
11.725000000000001	0.
11.73	0.
11.735000000000001	0.
11.740000000000002	0.
11.745000000000001	0.
11.750000000000002	0.
11.755	0.
11.760000000000002	0.
11.765	0.
11.770000000000001	0.
11.775	0.
11.780000000000001	0.
11.785	0.
11.790000000000001	0.
11.795000000000002	0.
11.8	0.
11.805000000000001	0.
11.81	0.
11.815000000000001	0.
11.82	0.
11.825000000000001	0.
11.830000000000002	0.
11.835	0.
11.840000000000002	0.
11.845	0.
11.850000000000001	0.
11.855	0.
11.860000000000001	0.
11.865000000000002	0.
11.870000000000001	0.
11.875000000000002	0.
11.88	0.
11.885000000000002	0.
11.89	0.
11.895000000000001	0.
11.9	0.
11.905000000000001	0.
11.91	0.
11.915000000000001	0.
11.920000000000002	0.
11.925	0.
11.930000000000001	0.
11.935	0.
11.940000000000001	0.
11.945	0.
11.950000000000001	0.
11.955000000000002	0.
11.96	0.
11.965000000000002	0.
11.97	0.
11.975000000000001	0.
11.98	0.
11.985000000000001	0.
11.990000000000002	0.
11.995000000000001	0.
12.000000000000002	0.
12.005	0.
12.010000000000002	0.
12.015	0.
12.020000000000001	0.
12.025	0.
12.030000000000001	0.
12.035	0.
12.040000000000001	0.
12.045000000000002	0.
12.05	0.
12.055000000000001	0.
12.06	0.
12.065000000000001	0.
12.07	0.
12.075000000000001	0.
12.080000000000002	0.
12.085	0.
12.090000000000002	0.
12.095	0.
12.100000000000001	0.
12.105	0.
12.110000000000001	0.
12.115000000000002	0.
12.120000000000001	0.
12.125000000000002	0.
12.13	0.
12.135000000000002	0.
12.14	0.
12.145000000000001	0.
12.15	0.
12.155000000000001	0.
12.16	0.
12.165000000000001	0.
12.170000000000002	0.
12.175	0.
12.180000000000001	0.
12.185	0.
12.190000000000001	0.
12.195	0.
12.200000000000001	0.
12.205000000000002	0.
12.21	0.
12.215000000000002	0.
12.22	0.
12.225000000000001	0.
12.23	0.
12.235000000000001	0.
12.240000000000002	0.
12.245000000000001	0.
12.25	0.
12.255	0.
12.260000000000002	0.
12.265	0.
12.270000000000001	0.
12.275000000000002	0.
12.280000000000001	0.
12.285	0.
12.290000000000001	0.
12.295000000000002	0.
12.3	0.
12.305000000000001	0.
12.31	0.
12.315000000000001	0.
12.32	0.
12.325000000000001	0.
12.330000000000002	0.
12.335	0.
12.340000000000002	0.
12.345	0.
12.350000000000001	0.
12.355	0.
12.360000000000001	0.
12.365000000000002	0.
12.370000000000001	0.
12.375	0.
12.38	0.
12.385000000000002	0.
12.39	0.
12.395000000000001	0.
12.400000000000002	0.
12.405000000000001	0.
12.41	0.
12.415000000000001	0.
12.420000000000002	0.
12.425	0.
12.430000000000001	0.
12.435	0.
12.440000000000001	0.
12.445	0.
12.450000000000001	0.
12.455000000000002	0.
12.46	0.
12.465000000000002	0.
12.47	0.
12.475000000000001	0.
12.48	0.
12.485000000000001	0.
12.490000000000002	0.
12.495000000000001	0.
12.5	0.
12.505	0.
12.510000000000002	0.
12.515	0.
12.520000000000001	0.
12.525000000000002	0.
12.530000000000001	0.
12.535	0.
12.540000000000001	0.
12.545000000000002	0.
12.55	0.
12.555000000000001	0.
12.56	0.
12.565000000000001	0.
12.57	0.
12.575000000000001	0.
12.580000000000002	0.
12.585	0.
12.590000000000002	0.
12.595	0.
12.600000000000001	0.
12.605	0.
12.610000000000001	0.
12.615000000000002	0.
12.620000000000001	0.
12.625	0.
12.63	0.
12.635000000000002	0.
12.64	0.
12.645000000000001	0.
12.650000000000002	0.
12.655000000000001	0.
12.66	0.
12.665000000000001	0.
12.670000000000002	0.
12.675	0.
12.680000000000001	0.
12.685	0.
12.690000000000001	0.
12.695	0.
12.700000000000001	0.
12.705000000000002	0.
12.71	0.
12.715000000000002	0.
12.72	0.
12.725000000000001	0.
12.73	0.
12.735000000000001	0.
12.740000000000002	0.
12.745000000000001	0.
12.75	0.
12.755	0.
12.760000000000002	0.
12.765	0.
12.770000000000001	0.
12.775000000000002	0.
12.780000000000001	0.
12.785	0.
12.790000000000001	0.
12.795000000000002	0.
12.8	0.
12.805000000000001	0.
12.810000000000002	0.
12.815000000000001	0.
12.820000000000002	0.
12.825000000000001	0.
12.830000000000002	0.
12.835	0.
12.840000000000002	0.
12.845	0.
12.850000000000001	0.
12.855000000000002	0.
12.860000000000001	0.
12.865000000000002	0.
12.870000000000001	0.
12.875000000000002	0.
12.88	0.
12.885000000000002	0.
12.890000000000002	0.
12.895000000000001	0.
12.900000000000002	0.
12.905000000000001	0.
12.910000000000002	0.
12.915000000000001	0.
12.920000000000002	0.
12.925	0.
12.930000000000001	0.
12.935000000000002	0.
12.940000000000001	0.
12.945000000000002	0.
12.950000000000001	0.
12.955000000000002	0.
12.96	0.
12.965000000000002	0.
12.97	0.
12.975000000000001	0.
12.980000000000002	0.
12.985000000000001	0.
12.990000000000002	0.
12.995000000000001	0.
13.000000000000002	0.
13.005	0.
13.010000000000002	0.
13.015000000000002	0.
13.020000000000001	0.
13.025000000000002	0.
13.030000000000001	0.
13.035000000000002	0.
13.040000000000001	0.
13.045000000000002	0.
13.05	0.
13.055000000000001	0.
13.060000000000002	0.
13.065000000000001	0.
13.070000000000002	0.
13.075000000000001	0.
13.080000000000002	0.
13.085	0.
13.090000000000002	0.
13.095	0.
13.100000000000001	0.
13.105000000000002	0.
13.110000000000001	0.
13.115000000000002	0.
13.120000000000001	0.
13.125000000000002	0.
13.13	0.
13.135000000000002	0.
13.140000000000002	0.
13.145000000000001	0.
13.150000000000002	0.
13.155000000000001	0.
13.160000000000002	0.
13.165000000000001	0.
13.170000000000002	0.
13.175	0.
13.180000000000001	0.
13.185000000000002	0.
13.190000000000001	0.
13.195000000000002	0.
13.200000000000001	0.
13.205000000000002	0.
13.21	0.
13.215000000000002	0.
13.220000000000002	0.
13.225000000000001	0.
13.230000000000002	0.
13.235000000000001	0.
13.240000000000002	0.
13.245000000000001	0.
13.250000000000002	0.
13.255	0.
13.260000000000002	0.
13.265000000000002	0.
13.270000000000001	0.
13.275000000000002	0.
13.280000000000001	0.
13.285000000000002	0.
13.290000000000001	0.
13.295000000000002	0.
13.3	0.
13.305000000000001	0.
13.310000000000002	0.
13.315000000000001	0.
13.320000000000002	0.
13.325000000000001	0.
13.330000000000002	0.
13.335	0.
13.340000000000002	0.
13.345000000000002	0.
13.350000000000001	0.
13.355000000000002	0.
13.360000000000001	0.
13.365000000000002	0.
13.370000000000001	0.
13.375000000000002	0.
13.38	0.
13.385000000000002	0.
13.39	0.
13.395000000000001	0.
13.400000000000002	0.
13.405000000000001	0.
13.410000000000002	0.
13.415000000000001	0.
13.420000000000002	0.
13.425	0.
13.430000000000001	0.
13.435000000000002	0.
13.440000000000001	0.
13.445000000000002	0.
13.450000000000001	0.
13.455000000000002	0.
13.46	0.
13.465000000000002	0.
13.470000000000002	0.
13.475000000000001	0.
13.480000000000002	0.
13.485000000000001	0.
13.490000000000002	0.
13.495000000000001	0.
13.500000000000002	0.
13.505	0.
13.510000000000002	0.
13.515	0.
13.520000000000001	0.
13.525000000000002	0.
13.530000000000001	0.
13.535000000000002	0.
13.540000000000001	0.
13.545000000000002	0.
13.55	0.
13.555000000000001	0.
13.560000000000002	0.
13.565000000000001	0.
13.570000000000002	0.
13.575000000000001	0.
13.580000000000002	0.
13.585	0.
13.590000000000002	0.
13.595000000000002	0.
13.600000000000001	0.
13.605000000000002	0.
13.610000000000001	0.
13.615000000000002	0.
13.620000000000001	0.
13.625000000000002	0.
13.63	0.
13.635000000000002	0.
13.64	0.
13.645000000000001	0.
13.650000000000002	0.
13.655000000000001	0.
13.660000000000002	0.
13.665000000000001	0.
13.670000000000002	0.
13.675	0.
13.680000000000001	0.
13.685000000000002	0.
13.690000000000001	0.
13.695000000000002	0.
13.700000000000001	0.
13.705000000000002	0.
13.71	0.
13.715000000000002	0.
13.720000000000002	0.
13.725000000000001	0.
13.730000000000002	0.
13.735000000000001	0.
13.740000000000002	0.
13.745000000000001	0.
13.750000000000002	0.
13.755	0.
13.760000000000002	0.
13.765	0.
13.770000000000001	0.
13.775000000000002	0.
13.780000000000001	0.
13.785000000000002	0.
13.790000000000001	0.
13.795000000000002	0.
13.8	0.
13.805000000000001	0.
13.810000000000002	0.
13.815000000000001	0.
13.820000000000002	0.
13.825000000000001	0.
13.830000000000002	0.
13.835	0.
13.840000000000002	0.
13.845000000000002	0.
13.850000000000001	0.
13.855000000000002	0.
13.860000000000001	0.
13.865000000000002	0.
13.870000000000001	0.
13.875000000000002	0.
13.88	0.
13.885000000000002	0.
13.89	0.
13.895000000000001	0.
13.900000000000002	0.
13.905000000000001	0.
13.910000000000002	0.
13.915000000000001	0.
13.920000000000002	0.
13.925	0.
13.930000000000001	0.
13.935000000000002	0.
13.940000000000001	0.
13.945000000000002	0.
13.950000000000001	0.
13.955000000000002	0.
13.96	0.
13.965000000000002	0.
13.970000000000002	0.
13.975000000000001	0.
13.980000000000002	0.
13.985000000000001	0.
13.990000000000002	0.
13.995000000000001	0.
14.	0.