0.005	0.
0.01	0.
0.015	0.
0.02	0.
0.025	0.
0.030000000000000002	0.
0.034999999999999996	0.
0.04	0.
0.045	0.
0.049999999999999996	0.
0.055	0.
0.06	0.
0.065	0.
0.07	0.
0.07500000000000001	0.
0.08	0.
0.085	0.
0.09000000000000001	0.
0.095	0.
0.1	0.
0.10500000000000001	0.
0.11	0.
0.115	0.
0.12000000000000001	0.
0.125	0.
0.13	0.
0.135	0.
0.14	0.
0.14500000000000002	0.
0.15	0.
0.155	0.
0.16	0.
0.165	0.
0.17	0.
0.17500000000000002	0.06402442642379574
0.18000000000000002	0.09691754975537212
0.185	0.11877308628311559
0.19	0.13531291428902747
0.195	0.14852513178022844
0.2	0.15940103391332913
0.20500000000000002	0.16852629979806752
0.21000000000000002	0.1762836507917136
0.215	0.18294047494660326
0.22	0.1886926656331986
0.225	0.19368890078769327
0.23	0.19804514113325786
0.23500000000000001	0.2018538058661211
0.24000000000000002	0.20518985458528857
0.245	0.2081149731303574
0.25	0.21068054565286023
0.255	0.2129298209052627
0.26	0.21489952682389
0.265	0.21662109722534614
0.27	0.21812161945699102
0.275	0.21942457723020017
0.28	0.2205504404375695
0.28500000000000003	0.22151713884762095
0.29000000000000004	0.2223404464344445
0.295	0.22303429606653782
0.3	0.2236110393093971
0.305	0.22408166252580108
0.31	0.22445596785427296
0.315	0.22474272572118725
0.32	0.224949804101133
0.325	0.22508427864906136
0.33	0.2251525269927148
0.335	0.22516030982862045
0.34	0.22511284096171366
0.34500000000000003	0.2250148480330679
0.35000000000000003	0.22487062536656172
0.35500000000000004	0.2246840801150473
0.36	0.22445877268538972
0.365	0.22419795225901737
0.37	0.22390458809216385
0.375	0.22358139717172898
0.38	0.22323086871347578
0.385	0.22285528591564882
0.39	0.2224567453199001
0.395	0.22203717408038684
0.4	0.22159834539904508
0.405	0.2211418923492208
0.41000000000000003	0.22066932027935068
0.41500000000000004	0.22018201796270068
0.42000000000000004	0.21968126763730986
0.425	0.21916825406157495
0.43	0.2186440726950355
0.435	0.21810973710008327
0.44	0.2175661856486988
0.445	0.2170142876079328
0.45	0.21645484866930906
0.455	0.21588861597938283
0.46	0.21531628272234388
0.465	0.2147384922995436
0.47000000000000003	0.21415584214592248
0.47500000000000003	0.21356888721878176
0.48000000000000004	0.21297814319051914
0.485	0.2123840893735987
0.49	0.21178717140286527
0.495	0.21118780369779147
0.5	0.2105863717249403
0.505	0.20998323407868255
0.51	0.2093787243965466
0.515	0.20877315312388267
0.52	0.20816680914103364
0.525	0.20755996126497217
0.53	0.2069528596362149
0.535	0.20634573700069725
0.54	0.20573880989555288
0.545	0.20513227974668466
0.55	0.20452633388550165
0.555	0.20392114649137472
0.56	0.20331687946580418
0.5650000000000001	0.20271368324383213
0.5700000000000001	0.20211169754760755
0.5750000000000001	0.20151105208672085
0.5800000000000001	0.2009118672094159
0.585	0.2003142545084704
0.59	0.19971831738524085
0.595	0.1991241515750648
0.6	0.1985318456368589
0.605	0.1979414814096549
0.61	0.19735313443849775
0.615	0.19676687437195406
0.62	0.196182765333298
0.625	0.19560086626728038
0.63	0.1950212312642275
0.635	0.1944439098631145
0.64	0.19386894733504156
0.645	0.1932963849485321
0.65	0.19272626021792078
0.655	0.19215860713594646
0.66	0.19159345639172629
0.665	0.1910308355750126
0.67	0.1904707693677029
0.675	0.1899132797235094
0.68	0.18935838603647465
0.685	0.18880610529912834
0.6900000000000001	0.1882564522510375
0.6950000000000001	0.18770943951822158
0.7000000000000001	0.18716507774419358
0.7050000000000001	0.18662337571300544
0.71	0.18608434046501843
0.715	0.18554797740561077
0.72	0.18501429040750716
0.725	0.1844832819069777
0.73	0.18395495299436104
0.735	0.18342930349924583
0.74	0.18290633207064955
0.745	0.1823860362524955
0.75	0.18186841255469516
0.755	0.18135345652006235
0.76	0.18084116278737566
0.765	0.18033152515074524
0.77	0.17982453661567827
0.775	0.179320189451652
0.78	0.17881847524195663
0.785	0.17831938493050944
0.79	0.17782290886600824
0.795	0.1773290368435818
0.8	0.17683775814404692
0.805	0.17634906157097632
0.81	0.17586293548555346
0.8150000000000001	0.17537936783951774
0.8200000000000001	0.17489834620626699
0.8250000000000001	0.17441985781006683
0.8300000000000001	0.17394388955377307
0.8350000000000001	0.17347042804477733
0.84	0.17299945961968483
0.845	0.1725309703674018
0.85	0.1720649461510706
0.855	0.1716013726286405
0.86	0.17114023527231056
0.865	0.17068151938688042
0.87	0.17022521012702282
0.875	0.16977129251361592
0.88	0.1693197514489805
0.885	0.16887057173152037
0.89	0.168423738069277
0.895	0.16797923509275417
0.9	0.16753704736712544
0.905	0.1670971594034897
0.91	0.16665955566978663
0.915	0.16622422060078967
0.92	0.16579113860765887
0.925	0.16536029408669073
0.93	0.1649316714281638
0.935	0.1645052550237901
0.9400000000000001	0.16408102927442902
0.9450000000000001	0.16365897859700862
0.9500000000000001	0.16323908743095697
0.9550000000000001	0.1628213402444235
0.9600000000000001	0.16240572154020355
0.965	0.16199221586076357
0.97	0.16158080779374465
0.975	0.16117148197625786
0.98	0.16076422309967786
0.985	0.1603590159135763
0.99	0.1599558452295673
0.995	0.15955469592498875
1.	0.1591555529463718
1.005	0.1587584013119905
1.01	0.1583632261113665
1.015	0.15797001252727277
1.02	0.15757874580247208
1.025	0.1571894112705332
1.0299999999999998	0.15680199435220293
1.035	0.15641648055302695
1.0399999999999998	0.15603285546621237
1.045	0.15565110477537183
1.0499999999999998	0.1552712142557842
1.055	0.15489316977567003
1.0599999999999998	0.15451695729706483
1.065	0.15414256287746378
1.0699999999999998	0.15376997267068626
1.075	0.1533991729273457
1.0799999999999998	0.15303014999631429
1.085	0.15266289032495595
1.0899999999999999	0.15229738045992627
1.095	0.1519336070476181
1.0999999999999999	0.15157155683459902
1.105	0.1512112166679137
1.1099999999999999	0.15085257349556386
1.115	0.1504956143665958
1.1199999999999999	0.1501403264313058
1.125	0.14978669694117844
1.13	0.14943471324917898
1.135	0.14908436280953777
1.14	0.14873563317785085
1.145	0.14838851201073602
1.15	0.14804298706590283
1.155	0.147699046201885
1.16	0.1473566773777169
1.1649999999999998	0.14701586865267813
1.17	0.14667660818611095
1.1749999999999998	0.14633888423696473
1.18	0.14600268516336457
1.1849999999999998	0.1456679994223557
1.19	0.14533481556933184
1.1949999999999998	0.14500312225766987
1.2	0.14467290823820647
1.2049999999999998	0.1443441623587814
1.21	0.14401687356362253
1.2149999999999999	0.1436910308928929
1.22	0.1433666234821263
1.2249999999999999	0.14304364056159116
1.23	0.14272207145578464
1.2349999999999999	0.14240190558271199
1.24	0.14208313245341903
1.2449999999999999	0.1417657416712173
1.25	0.14144972293116354
1.255	0.14113506601935535
1.26	0.14082176081225245
1.265	0.14050979727605356
1.27	0.1401991654660773
1.275	0.13988985552591154
1.28	0.13958185768690243
1.285	0.13927516226738362
1.2899999999999998	0.13896975967201086
1.295	0.13866564039103393
1.2999999999999998	0.13836279499964976
1.305	0.1380612141572233
1.3099999999999998	0.13776088860664146
1.315	0.13746180917362133
1.3199999999999998	0.13716396676595247
1.325	0.1368673523727712
1.3299999999999998	0.13657195706396066
1.335	0.13627777198932559
1.3399999999999999	0.13598478837796216
1.345	0.13569299753747546
1.3499999999999999	0.13540239085338424
1.355	0.1351129597883006
1.3599999999999999	0.13482469588128826
1.365	0.1345375907471586
1.3699999999999999	0.13425163607579016
1.375	0.1339668236313534
1.38	0.13368314525175634
1.385	0.13340059284778388
1.39	0.1331191584025529
1.395	0.13283883397078125
1.4	0.13255961167806474
1.405	0.13228148372027324
1.41	0.13200444236282566
1.4149999999999998	0.13172847994002057
1.42	0.13145358885444422
1.4249999999999998	0.13117976157620354
1.43	0.1309069906423531
1.4349999999999998	0.1306352686562166
1.44	0.13036458828668515
1.4449999999999998	0.13009494226771767
1.45	0.12982632339752906
1.4549999999999998	0.12955872453806552
1.46	0.1292921386143679
1.4649999999999999	0.12902655861392592
1.47	0.1287619775860421
1.4749999999999999	0.1284983886412967
1.48	0.12823578495077356
1.4849999999999999	0.12797415974569526
1.49	0.12771350631662512
1.4949999999999999	0.12745381801293507
1.5	0.12719508824226503
1.505	0.12693731046988643
1.51	0.1266804782181262
1.515	0.12642458506583554
1.52	0.12616962464776812
1.525	0.12591559065403748
1.53	0.125662476829603
1.535	0.1254102769736414
1.54	0.12515898493907057
1.545	0.12490859463194152
1.5499999999999998	0.12465910001096715
1.555	0.12441049508694886
1.5599999999999998	0.12416277392226367
1.565	0.1239159306303296
1.5699999999999998	0.12366995937509884
1.575	0.12342485437056584
1.5799999999999998	0.12318060988023821
1.585	0.1229372202166414
1.5899999999999999	0.12269467974081098
1.595	0.12245298286183999
1.5999999999999999	0.12221212403632431
1.605	0.12197209776796
1.6099999999999999	0.12173289860702337
1.615	0.12149452114990501
1.6199999999999999	0.12125696003863032
1.625	0.12102020996043125
1.63	0.12078426564729103
1.635	0.12054912187539542
1.64	0.12031477346485679
1.645	0.12008121527912305
1.65	0.11984844222460321
1.655	0.119616449250227
1.66	0.11938523134702379
1.665	0.11915478354766104
1.67	0.11892510092606684
1.6749999999999998	0.11869617859699709
1.68	0.11846801171564562
1.6849999999999998	0.11824059547719598
1.69	0.11801392511641351
1.6949999999999998	0.11778799590735771
1.7	0.11756280316281688
1.7049999999999998	0.11733834223406957
1.71	0.11711460851039197
1.7149999999999999	0.11689159741875955
1.72	0.1166693044234213
1.7249999999999999	0.11644772502555586
1.73	0.11622685476283223
1.7349999999999999	0.11600668920915447
1.74	0.11578722397421146
1.7449999999999999	0.11556845470316561
1.75	0.11535037707629567
1.755	0.11513298680863532
1.76	0.11491627964959315
1.765	0.11470025138271182
1.77	0.1144848978252239
1.775	0.11427021482777423
1.78	0.11405619827408381
1.785	0.11384284408059227
1.79	0.11363014819617458
1.795	0.11341810660178919
1.7999999999999998	0.11320671531021842
1.805	0.11299597036565434
1.8099999999999998	0.11278586784348223
1.815	0.11257640384993757
1.8199999999999998	0.11236757452177572
1.825	0.11215937602604932
1.8299999999999998	0.11195180455973451
1.835	0.11174485634947373
1.8399999999999999	0.11153852765128978
1.845	0.11133281475026194
1.8499999999999999	0.11112771396030703
1.855	0.1109232216238344
1.8599999999999999	0.11071933411151684
1.865	0.11051604782197212
1.8699999999999999	0.11031335918154492
1.875	0.11011126464396827
1.88	0.10990976069017994
1.885	0.10970884382799127
1.89	0.1095085105918732
1.895	0.10930875754265033
1.9	0.10910958126732029
1.905	0.10891097837871637
1.91	0.10871294551534051
1.915	0.10851547934104663
1.92	0.10831857654484858
1.9249999999999998	0.1081222338406545
1.93	0.1079264479670404
1.9349999999999998	0.10773121568698145
1.94	0.10753653378770249
1.9449999999999998	0.10734239908032815
1.95	0.10714880839976204
1.9549999999999998	0.10695575860441867
1.96	0.1067632465759651
1.9649999999999999	0.10657126921916028
1.97	0.10637982346162182
1.9749999999999999	0.10618890625358673
1.98	0.10599851456769209
1.9849999999999999	0.10580864539882714
1.99	0.10561929576383915
1.9949999999999999	0.10543046270139933
2.	0.10524214327175196
2.005	0.10505433455652427
2.01	0.10486703365853153
2.015	0.10468023770158982
2.02	0.1044939438302885
2.025	0.10430814920982749
2.03	0.1041228510258052
2.035	0.10393804648406642
2.04	0.10375373281043775
2.045	0.10356990725061141
2.05	0.103386567069953
2.0549999999999997	0.10320370955328954
2.06	0.10302133200474899
2.065	0.1028394317475879
2.07	0.10265800612400623
2.0749999999999997	0.1024770524949635
2.08	0.10229656824002578
2.085	0.10211655075718537
2.09	0.10193699746269691
2.0949999999999998	0.10175790579090457
2.1	0.10157927319406779
2.105	0.10140109714224657
2.11	0.101223375123051
2.1149999999999998	0.10104610464156662
2.12	0.10086928322015308
2.125	0.10069290839830768
2.13	0.10051697773247996
2.135	0.10034148879594756
2.14	0.10016643917864793
2.145	0.09999182648705027
2.15	0.09981764834396523
2.155	0.09964390238844893
2.16	0.09947058627561638
2.165	0.09929769767652034
2.17	0.09912523427798856
2.175	0.0989531937824995
2.18	0.09878157390805022
2.185	0.09861037238799263
2.19	0.09843958697090499
2.195	0.09826921542048249
2.1999999999999997	0.09809925551535463
2.205	0.09792970504898828
2.21	0.09776056182955946
2.215	0.09759182367979626
2.2199999999999998	0.09742348843687759
2.225	0.09725555395226164
2.23	0.09708801809164255
2.235	0.09692087873473895
2.2399999999999998	0.09675413377519053
2.245	0.09658778112048572
2.25	0.09642181869179234
2.255	0.09625624442383324
2.26	0.09609105626481672
2.265	0.09592625217625521
2.27	0.09576183013290704
2.275	0.09559778812260378
2.28	0.09543412414619895
2.285	0.09527083621740506
2.29	0.09510792236270349
2.295	0.09494538062122972
2.3	0.09478320904466854
2.305	0.0946214056971271
2.31	0.09445996865506287
2.315	0.09429889600713283
2.32	0.09413818585413976
2.3249999999999997	0.09397783630886744
2.33	0.09381784549602318
2.335	0.09365821155212525
2.34	0.09349893262539968
2.3449999999999998	0.09334000687566986
2.35	0.09318143247425809
2.355	0.09302320760392753
2.36	0.09286533045870672
2.3649999999999998	0.09270779924386867
2.37	0.0925506121758046
2.375	0.09239376748190961
2.38	0.0922372634005205
2.385	0.09208109818082923
2.39	0.09192527008273835
2.395	0.09176977737682879
2.4	0.09161461834424497
2.405	0.09145979127659237
2.41	0.09130529447587557
2.415	0.09115112625439784
2.42	0.0909972849346706
2.425	0.09084376884932682
2.43	0.09069057634105447
2.435	0.09053770576247716
2.44	0.09038515547611715
2.445	0.09023292385427303
2.4499999999999997	0.09008100927895132
2.455	0.0899294101417843
2.46	0.08977812484396155
2.465	0.08962715179613763
2.4699999999999998	0.089476489418344
2.475	0.08932613613993498
2.48	0.08917609039949023
2.485	0.0890263506447541
2.4899999999999998	0.08887691533253858
2.495	0.08872778292866709
2.5	0.08857895190789929
2.505	0.0884304207538401
2.51	0.08828218795888038
2.515	0.08813425202412165
2.52	0.08798661145931003
2.525	0.08783926478274381
2.53	0.08769221052122825
2.535	0.08754544721000213
2.54	0.0873989733926455
2.545	0.08725278762103268
2.55	0.08710688845526494
2.555	0.08696127446357742
2.56	0.08681594422231113
2.565	0.08667089631582182
2.57	0.08652612933640788
2.5749999999999997	0.08638164188427665
2.58	0.08623743256743704
2.585	0.08609350000166772
2.59	0.08594984281044955
2.5949999999999998	0.08580645962489397
2.6	0.08566334908367959
2.605	0.08552050983299678
2.61	0.08537794052649185
2.6149999999999998	0.08523563982518507
2.62	0.0850936063974428
2.625	0.08495183891888043
2.63	0.08481033607233975
2.635	0.08466909654781189
2.64	0.08452811904236397
2.645	0.08438740226011675
2.65	0.08424694491216038
2.655	0.08410674571650895
2.66	0.08396680339804483
2.665	0.08382711668845588
2.67	0.0836876843261901
2.675	0.08354850505639334
2.68	0.08340957763085442
2.685	0.0832709008079575
2.69	0.083132473352627
2.695	0.08299429403627813
2.7	0.08285636163675887
2.705	0.08271867493828305
2.71	0.0825812327314186
2.715	0.08244403381300236
2.7199999999999998	0.08230707698610022
2.725	0.08217036105996142
2.73	0.08203388484995755
2.735	0.08189764717754679
2.7399999999999998	0.08176164687021578
2.745	0.08162588276142935
2.75	0.08149035369059804
2.755	0.08135505850300659
2.76	0.0812199960497838
2.765	0.08108516518785386
2.77	0.08095056477988388
2.775	0.08081619369423435
2.78	0.08068205080493009
2.785	0.08054813499160023
2.79	0.08041444513943229
2.795	0.0802809801391358
2.8	0.08014773888689561
2.8049999999999997	0.08001472028432145
2.81	0.07988192323841643
2.815	0.07974934666151963
2.82	0.07961698947127038
2.825	0.07948485059057409
2.83	0.07935292894753673
2.835	0.07922122347545056
2.84	0.0790897331127343
2.8449999999999998	0.07895845680288785
2.85	0.07882739349447405
2.855	0.07869654214105722
2.86	0.07856590170116592
2.8649999999999998	0.07843547113826324
2.87	0.07830524942069486
2.875	0.07817523552166061
2.88	0.07804542841916441
2.885	0.07791582709597915
2.89	0.07778643053961797
2.895	0.0776572377422766
2.9	0.07752824770082085
2.905	0.077399459416715
2.91	0.07727087189602336
2.915	0.07714248414933551
2.92	0.077014295191764
2.925	0.07688630404288282
2.9299999999999997	0.07675850972669267
2.935	0.07663091127160686
2.94	0.07650350771038551
2.945	0.0763762980801281
2.95	0.07624928142221023
2.955	0.07612245678227833
2.96	0.07599582321018687
2.965	0.07586937975998331
2.9699999999999998	0.07574312548986344
2.975	0.075617059462148
2.98	0.07549118074322934
2.985	0.07536548840356205
2.9899999999999998	0.0752399815176106
2.995	0.07511465916383
3.	0.07498952042461779
3.005	0.07486456438629673
3.01	0.07473979013907302
3.015	0.07461519677700626
3.02	0.07449078339797868
3.025	0.07436654910365999
3.03	0.07424249299948134
3.035	0.07411861419460032
3.04	0.07399491180186869
3.045	0.0738713849378046
3.05	0.07374803272255896
3.0549999999999997	0.07362485427988653
3.06	0.07350184873711597
3.065	0.07337901522511894
3.07	0.0732563528782799
3.075	0.07313386083446512
3.08	0.07301153823499706
3.085	0.07288938422462148
3.09	0.07276739795147932
3.0949999999999998	0.07264557856707482
3.1	0.07252392522625337
3.105	0.07240243708716981
3.11	0.07228111331125445
3.115	0.07215995306319031
3.12	0.07203895551088893
3.125	0.07191811982545107
3.13	0.07179744518114624
3.135	0.07167693075539182
3.14	0.0715565757287062
3.145	0.07143637928470055
3.15	0.07131634061004256
3.155	0.07119645889443024
3.16	0.07107673333056849
3.165	0.07095716311413514
3.17	0.0708377474437626
3.175	0.07071848552100818
3.1799999999999997	0.07059937655032446
3.185	0.07048041973903918
3.19	0.07036161429732526
3.195	0.07024295943817643
3.2	0.07012445437738048
3.205	0.07000609833349537
3.21	0.06988789052781931
3.215	0.06976983018437623
3.2199999999999998	0.06965191652987751
3.225	0.06953414879370345
3.23	0.06941652620788091
3.235	0.06929904800705096
3.24	0.06918171342845203
3.245	0.06906452171188991
3.25	0.06894747209971883
3.255	0.06883056383680819
3.26	0.06871379617052978
3.265	0.06859716835072417
3.27	0.06848067962967992
3.275	0.06836432926211493
3.28	0.06824811650514519
3.285	0.06813204061826215
3.29	0.06801610086331321
3.295	0.06790029650447754
3.3	0.06778462680823859
3.3049999999999997	0.06766909104336624
3.31	0.06755368848088994
3.315	0.06743841839407706
3.32	0.06732328005840989
3.325	0.06720827275156323
3.33	0.06709339575338079
3.335	0.06697864834585343
3.34	0.06686402981309603
3.3449999999999998	0.06674953944132617
3.35	0.06663517651883766
3.355	0.06652094033598419
3.36	0.066406830185153
3.365	0.06629284536074673
3.37	0.06617898515915462
3.375	0.0660652488787363
3.38	0.06595163581979807
3.385	0.06583814528457275
3.39	0.0657247765771932
3.395	0.06561152900367703
3.4	0.0654984018718991
3.405	0.06538539449157432
3.41	0.06527250617423298
3.415	0.0651597362332019
3.42	0.06504708398358351
3.425	0.06493454874222727
3.4299999999999997	0.06482212982772244
3.435	0.06470982656035877
3.44	0.0645976382621265
3.445	0.06448556425667351
3.45	0.06437360386930083
3.455	0.06426175642693573
3.46	0.06415002125810677
3.465	0.06403839769293002
3.4699999999999998	0.06392688506308514
3.475	0.0638154827017936
3.48	0.06370418994379853
3.485	0.06359300612534365
3.49	0.06348193058415601
3.495	0.06337096265942116
3.5	0.0632601016917613
3.505	0.06314934702322345
3.51	0.06303869799725059
3.515	0.06292815395865997
3.52	0.06281771425362953
3.525	0.06270737822967472
3.53	0.06259714523562708
3.535	0.06248701462161447
3.54	0.06237698573903637
3.545	0.062267057940555516
3.55	0.062157230580064234
3.5549999999999997	0.06204750301267425
3.56	0.06193787459468302
3.565	0.061828344683576085
3.5700000000000003	0.06171891263797986
3.575	0.06160957781766456
3.58	0.06150033958350602
3.585	0.0613911972974788
3.59	0.06128215032263195
3.5949999999999998	0.061173198023059386
3.5999999999999996	0.06106433976390162
3.605	0.060955574911294864
3.61	0.060846902832383136
3.615	0.060738322895272846
3.62	0.06062983446902576
3.625	0.060521436923635506
3.63	0.06041312963000953
3.635	0.06030491195993849
3.6399999999999997	0.060196783286094735
3.645	0.06008874298199506
3.65	0.05998079042198644
3.6550000000000002	0.05987292498122936
3.66	0.059765146035672574
3.665	0.059657452962033404
3.67	0.05954984513778346
3.675	0.059442321941113284
3.6799999999999997	0.05933488275093289
3.685	0.05922752694683239
3.69	0.059120253909076194
3.6950000000000003	0.059013063018566035
3.7	0.0589059536568406
3.705	0.0587989252060391
3.71	0.05869197704888954
3.715	0.058585108568678344
3.7199999999999998	0.058478319149241585
3.7249999999999996	0.05837160817493864
3.73	0.058264975030628406
3.735	0.05815841910165378
3.74	0.05805193977381609
3.745	0.0579455364333615
3.75	0.05783920846694967
3.755	0.05773295526164319
3.76	0.057626776204873054
3.7649999999999997	0.05752067068444296
3.77	0.05741463808846631
3.775	0.05730867780539541
3.7800000000000002	0.05720278922395474
3.785	0.057096971733146866
3.79	0.05699122472222882
3.795	0.056885547580675835
3.8	0.056779939698172834
3.8049999999999997	0.05667440046459117
3.81	0.0565689292699568
3.815	0.056463525504445986
3.8200000000000003	0.056358188558345346
3.825	0.05625291782204416
3.83	0.05614771268599489
3.835	0.05604257254072092
3.84	0.05593749677675437
3.8449999999999998	0.05583248478464654
3.8499999999999996	0.0557275359549344
3.855	0.055622649678109586
3.86	0.0555178253446062
3.865	0.05541306234477746
3.87	0.05530836006886596
3.875	0.05520371790698491
3.88	0.055099135249097514
3.885	0.05499461148498699
3.8899999999999997	0.054890146004244314
3.895	0.054785738196219715
3.9	0.05468138745003894
3.9050000000000002	0.05457709315454132
3.91	0.054472854698271116
3.915	0.054368671469469776
3.92	0.05426454285601371
3.925	0.054160468245422075
3.9299999999999997	0.05405644702482926
3.935	0.05395247858093774
3.94	0.05384856230001837
3.9450000000000003	0.053744697567872195
3.95	0.0536408837698068
3.955	0.05353712029061105
3.96	0.05343340651453448
3.965	0.05332974182526548
3.9699999999999998	0.05322612560587258
3.9749999999999996	0.053122557238832115
3.98	0.05301903610595695
3.985	0.05291556158839462
3.99	0.05281213306658852
3.995	0.052708749920252984
4.	0.05260541152835808
4.005	0.0525021172690809
4.01	0.05239886651979978
4.015	0.05229565865705792
4.02	0.052192493056517
4.025	0.052089369092970045
4.03	0.05198628614028023
4.035	0.05188324357135663
4.04	0.051780240758138196
4.045	0.05167727707155698
4.05	0.05157435188149429
4.055	0.0514714645567932
4.0600000000000005	0.05136861446518346
4.0649999999999995	0.051265800973266655
4.07	0.051163023446508575
4.075	0.051060281249164785
4.08	0.05095757374428409
4.085	0.050854900293688
4.09	0.0507522602578873
4.095	0.0506496529960868
4.1	0.05054707786616719
4.105	0.05044453422462809
4.109999999999999	0.05034202142654363
4.115	0.05023953882557695
4.12	0.05013708577388814
4.125	0.050034661622146995
4.13	0.04993226571948478
4.135	0.049829897413443736
4.14	0.04972755604997106
4.145	0.049625240973354745
4.15	0.049522951526222075
4.155	0.04942068704946419
4.16	0.04931844688223762
4.165	0.04921623036189839
4.17	0.04911403682399071
4.175	0.049011865602170177
4.18	0.04890971602824411
4.1850000000000005	0.04880758743203728
4.1899999999999995	0.04870547914141049
4.195	0.048603390482215604
4.2	0.04850132077825512
4.205	0.04839926935122855
4.21	0.04829723552071186
4.215	0.04819521860410506
4.22	0.048093217916578106
4.225	0.04799123277107441
4.23	0.047889262478222824
4.234999999999999	0.047787306346302336
4.24	0.04768536368123282
4.245	0.04758343378648569
4.25	0.04748151596308193
4.255	0.04737960950951091
4.26	0.04727771372170225
4.265	0.04717582789299868
4.27	0.047073951314062855
4.275	0.046972083272886295
4.28	0.04687022305471233
4.285	0.04676836994196373
4.29	0.04666652321424736
4.295	0.046564682148280336
4.3	0.046462846017816056
4.305	0.04636101409364879
4.3100000000000005	0.04625918564351031
4.3149999999999995	0.04615735993203098
4.32	0.04605553622071932
4.325	0.045953713767870226
4.33	0.045851891828526455
4.335	0.04575006965443088
4.34	0.04564824649396799
4.345	0.04554642159207714
4.35	0.04544459419025795
4.355	0.04534276352645963
4.359999999999999	0.04524092883503794
4.365	0.04513908934671808
4.37	0.04503724428849623
4.375	0.044935392883605506
4.38	0.04483353435145333
4.385	0.04473166790754677
4.39	0.044629792763448944
4.395	0.04452790812668219
4.4	0.0444260132006905
4.405	0.044324107184771
4.41	0.04422218927399761
4.415	0.0441202586591672
4.42	0.04401831452669854
4.425	0.04391635605860613
4.43	0.04381438243239457
4.4350000000000005	0.04371239282100702
4.4399999999999995	0.04361038639273282
4.445	0.04350836231115984
4.45	0.04340631973507978
4.455	0.04330425781840078
4.46	0.04320217571010486
4.465	0.04310007255414165
4.47	0.04299794748935377
4.475	0.04289579964939523
4.48	0.042793628162650976
4.484999999999999	0.0426914321521554
4.49	0.04258921073551008
4.495	0.042486963024777925
4.5	0.04238468812641351
4.505	0.042282385141177374
4.51	0.042180053164007685
4.515	0.04207769128401014
4.52	0.04197529858425463
4.525	0.04187287414176305
4.53	0.04177041702738574
4.535	0.04166792630568329
4.54	0.04156540103486794
4.545	0.041462840266672775
4.55	0.041360243046230837
4.555	0.04125760841202879
4.5600000000000005	0.0411549353957427
4.5649999999999995	0.04105222302213017
4.57	0.04094947030899962
4.575	0.04084667626696709
4.58	0.040743839899462606
4.585	0.040640960202543513
4.59	0.04053803616478304
4.595000000000001	0.040435066767169785
4.6	0.040332050982996366
4.605	0.04022898777767018
4.609999999999999	0.040125876108667406
4.615	0.04002271492535298
4.62	0.03991950316884424
4.625	0.03981623977191641
4.63	0.03971292365883908
4.635	0.03960955374520349
4.640000000000001	0.03950612893787949
4.645	0.03940264813476076
4.65	0.03929911022466739
4.654999999999999	0.03919551408721602
4.66	0.03909185859261764
4.665	0.03898814260157502
4.67	0.038884364965076725
4.675	0.03878052452424769
4.68	0.03867662011024003
4.6850000000000005	0.03857265054395088
4.6899999999999995	0.03846861463596825
4.695	0.038364511186316355
4.7	0.038260338984319374
4.705	0.03815609680841148
4.71	0.0380517834259399
4.715	0.0379473975929863
4.720000000000001	0.037842938054160356
4.725	0.03773840354243768
4.73	0.03763379277891576
4.734999999999999	0.03752910447264117
4.74	0.037424337320400125
4.745	0.03731949000645319
4.75	0.037214561202407334
4.755	0.037109549566938876
4.76	0.037004453745546735
4.765000000000001	0.03689927237039018
4.77	0.03679400405997477
4.775	0.03668864741898872
4.779999999999999	0.03658320103798648
4.785	0.03647766349318654
4.79	0.03637203334619088
4.795	0.0362663091437376
4.8	0.036160489417411096
4.805	0.03605457268339585
4.8100000000000005	0.03594855744218532
4.8149999999999995	0.035842442178286374
4.82	0.03573622535994409
4.825	0.035629905438827957
4.83	0.03552348084973071
4.835	0.035416950010285615
4.84	0.03531031132059621
4.845000000000001	0.03520356316294739
4.85	0.03509670390144822
4.855	0.03498973188172238
4.859999999999999	0.03488264543052382
4.865	0.03477544285540779
4.87	0.03466812244434343
4.875	0.034560682465359774
4.88	0.03445312116614423
4.885	0.034345436773660615
4.890000000000001	0.034237627493754336
4.895	0.034129691510718776
4.9	0.03402162698691366
4.904999999999999	0.03391343206230039
4.91	0.03380510485398783
4.915	0.03369664345584502
4.92	0.03358804593796502
4.925	0.033479310346237356
4.93	0.033370434701849985
4.9350000000000005	0.03326141700075329
4.9399999999999995	0.03315225521323686
4.945	0.03304294728331974
4.95	0.03293349112823694
4.955	0.0328238846379033
4.96	0.032714125674357074
4.965	0.032604212071153486
4.970000000000001	0.03249414163275759
4.975	0.03238391213399303
4.98	0.03227352131935695
4.984999999999999	0.03216296690240662
4.99	0.032052246565074195
4.995	0.03194135795702653
5.	0.03183029869492229
5.005	0.03171906636176626
5.01	0.03160765850604544
5.015000000000001	0.03149607264114783
5.02	0.03138430624444659
5.025	0.031272356756547985
5.029999999999999	0.031160221580504587
5.035	0.03104789808091137
5.04	0.030935383583079318
5.045	0.030822675372145985
5.05	0.03070977069212055
5.055	0.030596666744984805
5.0600000000000005	0.030483360689689442
5.0649999999999995	0.030369849641157725
5.07	0.03025613066929637
5.075	0.030142200797858978
5.08	0.030028057003426256
5.085	0.02991369621423613
5.09	0.029799115309060764
5.095000000000001	0.02968431111595902
5.1	0.029569280411116425
5.105	0.02945401991751941
5.109999999999999	0.029338526303656107
5.115	0.029222796182201288
5.12	0.029106826108570596
5.125	0.028990612579548367
5.13	0.028874152031737505
5.135	0.028757440840071587
5.14	0.028640475316239804
5.145	0.0285232517070148
5.15	0.028405766192609108
5.155	0.028288014884915457
5.16	0.028169993825700266
5.165	0.028051698984758112
5.17	0.0279331262579766
5.175	0.027814271465351436
5.18	0.02769513034894488
5.185	0.02757569857070565
5.19	0.027455971710325773
5.195	0.027335945262926962
5.2	0.0272156146366937
5.205	0.02709497515043861
5.21	0.026974022031059412
5.215	0.026852750410910547
5.22	0.02673115532507714
5.225	0.02660923170856126
5.23	0.02648697439332415
5.235	0.026364378105266956
5.24	0.026241437461068252
5.245	0.026118146964890603
5.25	0.025994501005002196
5.255	0.02587049385021313
5.26	0.025746119646205382
5.265	0.025621372411731184
5.27	0.025496246034608934
5.275	0.02537073426760795
5.28	0.025244830724126074
5.285	0.025118528873714577
5.29	0.024991822037441026
5.295	0.024864703382981582
5.3	0.024737165919583467
5.305	0.024609202492774006
5.31	0.02448080577885287
5.315	0.02435196827912602
5.32	0.02422268231394994
5.325	0.02409294001640694
5.33	0.023962733325797625
5.335	0.023832053980772223
5.34	0.023700893512213776
5.345	0.02356924323568995
5.35	0.023437094243687735
5.355	0.02330443739736332
5.36	0.023171263317968885
5.365	0.023037562377848493
5.37	0.022903324690992117
5.375	0.022768540103120634
5.38	0.022633198181310873
5.385	0.022497288203050664
5.39	0.022360799144783207
5.395	0.02222371966984329
5.4	0.0220860381157628
5.405	0.02194774248091807
5.41	0.02180882041047217
5.415	0.02166925918154281
5.42	0.021529045687590554
5.425	0.021388166421931795
5.43	0.02124660746032164
5.435	0.021104354442573435
5.44	0.020961392553117207
5.445	0.020817706500450287
5.45	0.02067328049535149
5.455	0.02052809822782245
5.46	0.020382142842646372
5.465	0.020235396913434362
5.47	0.020087842415088493
5.475	0.019939460694525155
5.48	0.019790232439539795
5.485	0.01964013764566665
5.49	0.019489155580871987
5.495	0.01933726474789483
5.5	0.019184442844062177
5.505	0.01903066671834827
5.51	0.018875912325454193
5.515	0.01872015467665298
5.52	0.01856336778710915
5.525	0.018405524619359397
5.53	0.018246597022630675
5.535	0.018086555667564404
5.54	0.017925369975982975
5.545	0.01776300804515287
5.55	0.017599436566093377
5.555	0.01743462073526817
5.56	0.01726852415904953
5.565	0.01710110875020744
5.57	0.016932334615551672
5.575	0.016762159933877967
5.58	0.016590540823063868
5.585	0.016417431195202264
5.59	0.016242782598396396
5.595	0.01606654404367462
5.6	0.01588866181528149
5.605	0.015709079262390714
5.61	0.015527736569920106
5.615	0.01534457050583681
5.62	0.015159514141979207
5.625	0.01497249654487124
5.63	0.014783442432517445
5.635	0.014592271792502784
5.64	0.014398899455925526
5.645	0.01420323462071243
5.65	0.014005180316853685
5.655	0.0138046328046204
5.66	0.013601480895223254
5.665	0.013395605181262574
5.67	0.013186877162133065
5.675	0.01297515824599066
5.68	0.01276029860651382
5.6850000000000005	0.012542135867783168
5.69	0.012320493584534725
5.695	0.01209517947752003
5.7	0.011865983374021737
5.705	0.011632674790926034
5.71	0.011395000081526958
5.715	0.011152679045891971
5.72	0.010905400876124972
5.725	0.010652819269616814
5.73	0.010394546492080265
5.735	0.010130146100185831
5.74	0.009859123934863918
5.745	0.009580916854727423
5.75	0.009294878475617043
5.755	0.009000260883012699
5.76	0.008696190833556109
5.765	0.008381638269868773
5.77	0.008055373878021577
5.775	0.007715910633638606
5.78	0.007361421272307761
5.785	0.006989618330260445
5.79	0.006597573652977452
5.795	0.006181435251873007
5.8	0.0057359596398891205
5.805	0.005253687221470696
5.8100000000000005	0.004723357788852635
5.815	0.004126481424170889
5.82	0.0034284730904950897
5.825	0.002547513125639404
5.83	0.0011108614474515497
5.835	0.
5.84	0.
5.845	0.
5.85	0.
5.855	0.
5.86	0.
5.865	0.
5.87	0.
5.875	0.
5.88	0.
5.885	0.
5.89	0.
5.895	0.
5.9	0.
5.905	0.
5.91	0.
5.915	0.
5.92	0.
5.925	0.
5.93	0.
5.9350000000000005	0.
5.94	0.
5.945	0.
5.95	0.
5.955	0.
5.96	0.
5.965	0.
5.97	0.
5.975	0.
5.98	0.
5.985	0.
5.99	0.
5.995	0.
6.	0.
6.005	0.
6.01	0.
6.015	0.
6.02	0.
6.025	0.
6.03	0.
6.035	0.
6.04	0.
6.045	0.
6.05	0.
6.055	0.
6.0600000000000005	0.
6.065	0.
6.07	0.
6.075	0.
6.08	0.
6.085	0.
6.09	0.
6.095	0.
6.1	0.
6.105	0.
6.11	0.
6.115	0.
6.12	0.
6.125	0.
6.13	0.
6.135	0.
6.140000000000001	0.
6.145	0.
6.15	0.
6.155	0.
6.16	0.
6.165	0.
6.17	0.
6.175	0.
6.18	0.
6.1850000000000005	0.
6.1899999999999995	0.
6.195	0.
6.2	0.
6.205	0.
6.21	0.
6.215	0.
6.22	0.
6.225	0.
6.23	0.
6.235	0.
6.24	0.
6.245	0.
6.25	0.
6.255	0.
6.26	0.
6.265000000000001	0.
6.27	0.
6.275	0.
6.28	0.
6.285	0.
6.29	0.
6.295	0.
6.3	0.
6.305	0.
6.3100000000000005	0.
6.3149999999999995	0.
6.32	0.
6.325	0.
6.33	0.
6.335	0.
6.34	0.
6.345	0.
6.35	0.
6.355	0.
6.36	0.
6.365	0.
6.37	0.
6.375	0.
6.38	0.
6.385	0.
6.390000000000001	0.
6.395	0.
6.4	0.
6.405	0.
6.41	0.
6.415	0.
6.42	0.
6.425	0.
6.43	0.
6.4350000000000005	0.
6.4399999999999995	0.
6.445	0.
6.45	0.
6.455	0.
6.46	0.
6.465	0.
6.47	0.
6.475	0.
6.48	0.
6.485	0.
6.49	0.
6.495	0.
6.5	0.
6.505	0.
6.51	0.
6.515000000000001	0.
6.52	0.
6.525	0.
6.53	0.
6.535	0.
6.54	0.
6.545	0.
6.55	0.
6.555	0.
6.5600000000000005	0.
6.5649999999999995	0.
6.57	0.
6.575	0.
6.58	0.
6.585	0.
6.59	0.
6.595	0.
6.6	0.
6.605	0.
6.61	0.
6.615	0.
6.62	0.
6.625	0.
6.63	0.
6.635	0.
6.640000000000001	0.
6.645	0.
6.65	0.
6.655	0.
6.66	0.
6.665	0.
6.67	0.
6.675	0.
6.68	0.
6.6850000000000005	0.
6.6899999999999995	0.
6.695	0.
6.7	0.
6.705	0.
6.71	0.
6.715	0.
6.72	0.
6.725	0.
6.73	0.
6.735	0.
6.74	0.
6.745	0.
6.75	0.
6.755	0.
6.76	0.
6.765000000000001	0.
6.77	0.
6.775	0.
6.78	0.
6.785	0.
6.79	0.
6.795	0.
6.8	0.
6.805	0.
6.8100000000000005	0.
6.8149999999999995	0.
6.82	0.
6.825	0.
6.83	0.
6.835	0.
6.84	0.
6.845	0.
6.85	0.
6.855	0.
6.86	0.
6.865	0.
6.87	0.
6.875	0.
6.88	0.
6.885	0.
6.890000000000001	0.
6.895	0.
6.9	0.
6.905	0.
6.91	0.
6.915	0.
6.92	0.
6.925	0.
6.93	0.
6.9350000000000005	0.
6.9399999999999995	0.
6.945	0.
6.95	0.
6.955	0.
6.96	0.
6.965	0.
6.97	0.
6.975	0.
6.98	0.
6.985	0.
6.99	0.
6.995	0.
7.	0.
7.005	0.
7.01	0.
7.015000000000001	0.
7.02	0.
7.025	0.
7.03	0.
7.035	0.
7.04	0.
7.045	0.
7.05	0.
7.055	0.
7.0600000000000005	0.
7.0649999999999995	0.
7.07	0.
7.075	0.
7.08	0.
7.085	0.
7.09	0.
7.095	0.
7.1	0.
7.105	0.
7.11	0.
7.115	0.
7.12	0.
7.125	0.
7.13	0.
7.135	0.
7.140000000000001	0.
7.145	0.
7.15	0.
7.155	0.
7.16	0.
7.165	0.
7.17	0.
7.175	0.
7.18	0.
7.1850000000000005	0.
7.1899999999999995	0.
7.195	0.
7.2	0.
7.205	0.
7.21	0.
7.215	0.
7.220000000000001	0.
7.225	0.
7.23	0.
7.234999999999999	0.
7.24	0.
7.245	0.
7.25	0.
7.255	0.
7.26	0.
7.265000000000001	0.
7.27	0.
7.275	0.
7.28	0.
7.285	0.
7.29	0.
7.295	0.
7.300000000000001	0.
7.305	0.
7.3100000000000005	0.
7.3149999999999995	0.
7.32	0.
7.325	0.
7.33	0.
7.335	0.
7.34	0.
7.345000000000001	0.
7.35	0.
7.355	0.
7.359999999999999	0.
7.365	0.
7.37	0.
7.375	0.
7.38	0.
7.385	0.
7.390000000000001	0.
7.395	0.
7.4	0.
7.405	0.
7.41	0.
7.415	0.
7.42	0.
7.425000000000001	0.
7.43	0.
7.4350000000000005	0.
7.4399999999999995	0.
7.445	0.
7.45	0.
7.455	0.
7.46	0.
7.465	0.
7.470000000000001	0.
7.475	0.
7.48	0.
7.484999999999999	0.
7.49	0.
7.495	0.
7.5	0.
7.505	0.
7.51	0.
7.515000000000001	0.
7.52	0.
7.525	0.
7.53	0.
7.535	0.
7.54	0.
7.545	0.
7.550000000000001	0.
7.555	0.
7.5600000000000005	0.
7.5649999999999995	0.
7.57	0.
7.575	0.
7.58	0.
7.585	0.
7.59	0.
7.595000000000001	0.
7.6	0.
7.605	0.
7.609999999999999	0.
7.615	0.
7.62	0.
7.625	0.
7.63	0.
7.635	0.
7.640000000000001	0.
7.645	0.
7.65	0.
7.655	0.
7.66	0.
7.665	0.
7.67	0.
7.675000000000001	0.
7.68	0.
7.685	0.
7.6899999999999995	0.
7.694999999999999	0.
7.699999999999999	0.
7.704999999999999	0.
7.71	0.
7.715	0.
7.72	0.
7.725	0.
7.7299999999999995	0.
7.734999999999999	0.
7.739999999999999	0.
7.744999999999999	0.
7.75	0.
7.755	0.
7.76	0.
7.765	0.
7.77	0.
7.7749999999999995	0.
7.779999999999999	0.
7.784999999999999	0.
7.79	0.
7.795	0.
7.8	0.
7.805	0.
7.81	0.
7.8149999999999995	0.
7.819999999999999	0.
7.824999999999999	0.
7.829999999999999	0.
7.835	0.
7.84	0.
7.845	0.
7.85	0.
7.8549999999999995	0.
7.859999999999999	0.
7.864999999999999	0.
7.869999999999999	0.
7.875	0.
7.88	0.
7.885	0.
7.89	0.
7.895	0.
7.8999999999999995	0.
7.904999999999999	0.
7.909999999999999	0.
7.915	0.
7.92	0.
7.925	0.
7.93	0.
7.935	0.
7.9399999999999995	0.
7.944999999999999	0.
7.949999999999999	0.
7.955	0.
7.96	0.
7.965	0.
7.97	0.
7.975	0.
7.9799999999999995	0.
7.984999999999999	0.
7.989999999999999	0.
7.994999999999999	0.
8.	0.
8.004999999999999	0.
8.01	0.
8.014999999999999	0.
8.02	0.
8.025	0.
8.03	0.
8.035	0.
8.04	0.
8.045	0.
8.049999999999999	0.
8.055	0.
8.059999999999999	0.
8.065	0.
8.07	0.
8.075	0.
8.08	0.
8.084999999999999	0.
8.09	0.
8.094999999999999	0.
8.1	0.
8.105	0.
8.11	0.
8.115	0.
8.12	0.
8.125	0.
8.129999999999999	0.
8.135	0.
8.139999999999999	0.
8.145	0.
8.15	0.
8.155	0.
8.16	0.
8.165	0.
8.17	0.
8.174999999999999	0.
8.18	0.
8.184999999999999	0.
8.19	0.
8.195	0.
8.2	0.
8.205	0.
8.209999999999999	0.
8.215	0.
8.219999999999999	0.
8.225	0.
8.23	0.
8.235	0.
8.24	0.
8.245	0.
8.25	0.
8.254999999999999	0.
8.26	0.
8.264999999999999	0.
8.27	0.
8.275	0.
8.28	0.
8.285	0.
8.29	0.
8.295	0.
8.299999999999999	0.
8.305	0.
8.309999999999999	0.
8.315	0.
8.32	0.
8.325	0.
8.33	0.
8.334999999999999	0.
8.34	0.
8.344999999999999	0.
8.35	0.
8.355	0.
8.36	0.
8.365	0.
8.37	0.
8.375	0.
8.379999999999999	0.
8.385	0.
8.389999999999999	0.
8.395	0.
8.4	0.
8.405	0.
8.41	0.
8.415	0.
8.42	0.
8.424999999999999	0.
8.43	0.
8.434999999999999	0.
8.44	0.
8.445	0.
8.45	0.
8.455	0.
8.459999999999999	0.
8.465	0.
8.469999999999999	0.
8.475	0.
8.48	0.
8.485	0.
8.49	0.
8.495	0.
8.5	0.
8.504999999999999	0.
8.51	0.
8.515	0.
8.52	0.
8.525	0.
8.53	0.
8.535	0.
8.54	0.
8.545	0.
8.549999999999999	0.
8.555	0.
8.559999999999999	0.
8.565	0.
8.57	0.
8.575	0.
8.58	0.
8.584999999999999	0.
8.59	0.
8.594999999999999	0.
8.6	0.
8.605	0.
8.61	0.
8.615	0.
8.62	0.
8.625	0.
8.629999999999999	0.
8.635	0.
8.64	0.
8.645	0.
8.65	0.
8.655	0.
8.66	0.
8.665	0.
8.67	0.
8.674999999999999	0.
8.68	0.
8.684999999999999	0.
8.69	0.
8.695	0.
8.7	0.
8.705	0.
8.709999999999999	0.
8.715	0.
8.719999999999999	0.
8.725	0.
8.73	0.
8.735	0.
8.74	0.
8.745	0.
8.75	0.
8.754999999999999	0.
8.76	0.
8.765	0.
8.77	0.
8.775	0.
8.78	0.
8.785	0.
8.79	0.
8.795	0.
8.799999999999999	0.
8.805	0.
8.809999999999999	0.
8.815	0.
8.82	0.
8.825	0.
8.83	0.
8.834999999999999	0.
8.84	0.
8.844999999999999	0.
8.85	0.
8.855	0.
8.86	0.
8.865	0.
8.87	0.
8.875	0.
8.879999999999999	0.
8.885	0.
8.89	0.
8.895	0.
8.9	0.
8.905	0.
8.91	0.
8.915	0.
8.92	0.
8.924999999999999	0.
8.93	0.
8.934999999999999	0.
8.94	0.
8.945	0.
8.95	0.
8.955	0.
8.959999999999999	0.
8.965	0.
8.969999999999999	0.
8.975	0.
8.98	0.
8.985	0.
8.99	0.
8.995	0.
9.	0.
9.004999999999999	0.
9.01	0.
9.015	0.
9.02	0.
9.025	0.
9.03	0.
9.035	0.
9.04	0.
9.045	0.
9.049999999999999	0.
9.055	0.
9.059999999999999	0.
9.065	0.
9.07	0.
9.075	0.
9.08	0.
9.084999999999999	0.
9.09	0.
9.094999999999999	0.
9.1	0.
9.105	0.
9.11	0.
9.115	0.
9.12	0.
9.125	0.
9.129999999999999	0.
9.135	0.
9.14	0.
9.145	0.
9.15	0.
9.155	0.
9.16	0.
9.165	0.
9.17	0.
9.174999999999999	0.
9.18	0.
9.184999999999999	0.
9.19	0.
9.195	0.
9.2	0.
9.205	0.
9.209999999999999	0.
9.215	0.
9.219999999999999	0.
9.225	0.
9.23	0.
9.235	0.
9.24	0.
9.245	0.
9.25	0.
9.254999999999999	0.
9.26	0.
9.265	0.
9.27	0.
9.275	0.
9.28	0.
9.285	0.
9.29	0.
9.295	0.
9.299999999999999	0.
9.305	0.
9.309999999999999	0.
9.315	0.
9.32	0.
9.325	0.
9.33	0.
9.334999999999999	0.
9.34	0.
9.344999999999999	0.
9.35	0.
9.355	0.
9.36	0.
9.365	0.
9.37	0.
9.375	0.
9.379999999999999	0.
9.385	0.
9.39	0.
9.395	0.
9.4	0.
9.405	0.
9.41	0.
9.415	0.
9.42	0.
9.424999999999999	0.
9.43	0.
9.434999999999999	0.
9.44	0.
9.445	0.
9.45	0.
9.455	0.
9.459999999999999	0.
9.465	0.
9.469999999999999	0.
9.475	0.
9.48	0.
9.485	0.
9.49	0.
9.495	0.
9.5	0.
9.504999999999999	0.
9.51	0.
9.515	0.
9.52	0.
9.525	0.
9.53	0.
9.535	0.
9.54	0.
9.545	0.
9.549999999999999	0.
9.555	0.
9.559999999999999	0.
9.565	0.
9.57	0.
9.575	0.
9.58	0.
9.584999999999999	0.
9.59	0.
9.594999999999999	0.
9.6	0.
9.605	0.
9.61	0.
9.615	0.
9.62	0.
9.625	0.
9.629999999999999	0.
9.635	0.
9.64	0.
9.645	0.
9.65	0.
9.655	0.
9.66	0.
9.665	0.
9.67	0.
9.674999999999999	0.
9.68	0.
9.684999999999999	0.
9.69	0.
9.695	0.
9.7	0.
9.705	0.
9.709999999999999	0.
9.715	0.
9.719999999999999	0.
9.725	0.
9.73	0.
9.735	0.
9.74	0.
9.745	0.
9.75	0.
9.754999999999999	0.
9.76	0.
9.765	0.
9.77	0.
9.774999999999999	0.
9.78	0.
9.785	0.
9.79	0.
9.795	0.
9.8	0.
9.805	0.
9.809999999999999	0.
9.815	0.
9.82	0.
9.825	0.
9.83	0.
9.834999999999999	0.
9.84	0.
9.844999999999999	0.
9.85	0.
9.855	0.
9.86	0.
9.865	0.
9.87	0.
9.875	0.
9.879999999999999	0.
9.885	0.
9.89	0.
9.895	0.
9.899999999999999	0.
9.905	0.
9.91	0.
9.915	0.
9.92	0.
9.925	0.
9.93	0.
9.934999999999999	0.
9.94	0.
9.945	0.
9.95	0.
9.955	0.
9.959999999999999	0.
9.965	0.
9.969999999999999	0.
9.975	0.
9.98	0.
9.985	0.
9.99	0.
9.995	0.
10.	0.
10.004999999999999	0.
10.01	0.
10.015	0.
10.02	0.
10.024999999999999	0.
10.03	0.
10.035	0.
10.04	0.
10.045	0.
10.05	0.
10.055	0.
10.059999999999999	0.
10.065	0.
10.07	0.
10.075	0.
10.08	0.
10.084999999999999	0.
10.09	0.
10.094999999999999	0.
10.1	0.
10.105	0.
10.11	0.
10.115	0.
10.12	0.
10.125	0.
10.129999999999999	0.
10.135	0.
10.14	0.
10.145	0.
10.149999999999999	0.
10.155	0.
10.16	0.
10.165	0.
10.17	0.
10.175	0.
10.18	0.
10.184999999999999	0.
10.19	0.
10.195	0.
10.2	0.
10.205	0.
10.209999999999999	0.
10.215	0.
10.219999999999999	0.
10.225	0.
10.23	0.
10.235	0.
10.24	0.
10.245000000000001	0.
10.250000000000002	0.
10.255	0.
10.260000000000002	0.
10.265	0.
10.270000000000001	0.
10.275	0.
10.280000000000001	0.
10.285	0.
10.290000000000001	0.
10.295000000000002	0.
10.3	0.
10.305000000000001	0.
10.31	0.
10.315000000000001	0.
10.32	0.
10.325000000000001	0.
10.330000000000002	0.
10.335	0.
10.340000000000002	0.
10.345	0.
10.350000000000001	0.
10.355	0.
10.360000000000001	0.
10.365	0.
10.370000000000001	0.
10.375000000000002	0.
10.38	0.
10.385000000000002	0.
10.39	0.
10.395000000000001	0.
10.4	0.
10.405000000000001	0.
10.41	0.
10.415000000000001	0.
10.420000000000002	0.
10.425	0.
10.430000000000001	0.
10.435	0.
10.440000000000001	0.
10.445	0.
10.450000000000001	0.
10.455000000000002	0.
10.46	0.
10.465000000000002	0.
10.47	0.
10.475000000000001	0.
10.48	0.
10.485000000000001	0.
10.49	0.
10.495000000000001	0.
10.500000000000002	0.
10.505	0.
10.510000000000002	0.
10.515	0.
10.520000000000001	0.
10.525	0.
10.530000000000001	0.
10.535	0.
10.540000000000001	0.
10.545000000000002	0.
10.55	0.
10.555000000000001	0.
10.56	0.
10.565000000000001	0.
10.57	0.
10.575000000000001	0.
10.580000000000002	0.
10.585	0.
10.590000000000002	0.
10.595	0.
10.600000000000001	0.
10.605	0.
10.610000000000001	0.
10.615	0.
10.620000000000001	0.
10.625000000000002	0.
10.63	0.
10.635000000000002	0.
10.64	0.
10.645000000000001	0.
10.65	0.
10.655000000000001	0.
10.66	0.
10.665000000000001	0.
10.670000000000002	0.
10.675	0.
10.680000000000001	0.
10.685	0.
10.690000000000001	0.
10.695	0.
10.700000000000001	0.
10.705000000000002	0.
10.71	0.
10.715000000000002	0.
10.72	0.
10.725000000000001	0.
10.73	0.
10.735000000000001	0.
10.74	0.
10.745000000000001	0.
10.750000000000002	0.
10.755	0.
10.760000000000002	0.
10.765	0.
10.770000000000001	0.
10.775	0.
10.780000000000001	0.
10.785	0.
10.790000000000001	0.
10.795000000000002	0.
10.8	0.
10.805000000000001	0.
10.81	0.
10.815000000000001	0.
10.82	0.
10.825000000000001	0.
10.830000000000002	0.
10.835	0.
10.840000000000002	0.
10.845	0.
10.850000000000001	0.
10.855	0.
10.860000000000001	0.
10.865	0.
10.870000000000001	0.
10.875000000000002	0.
10.88	0.
10.885000000000002	0.
10.89	0.
10.895000000000001	0.
10.9	0.
10.905000000000001	0.
10.91	0.
10.915000000000001	0.
10.920000000000002	0.
10.925	0.
10.930000000000001	0.
10.935	0.
10.940000000000001	0.
10.945	0.
10.950000000000001	0.
10.955000000000002	0.
10.96	0.
10.965000000000002	0.
10.97	0.
10.975000000000001	0.
10.98	0.
10.985000000000001	0.
10.99	0.
10.995000000000001	0.
11.000000000000002	0.
11.005	0.
11.010000000000002	0.
11.015	0.
11.020000000000001	0.
11.025	0.
11.030000000000001	0.
11.035	0.
11.040000000000001	0.
11.045000000000002	0.
11.05	0.
11.055000000000001	0.
11.06	0.
11.065000000000001	0.
11.07	0.
11.075000000000001	0.
11.080000000000002	0.
11.085	0.
11.090000000000002	0.
11.095	0.
11.100000000000001	0.
11.105	0.
11.110000000000001	0.
11.115	0.
11.120000000000001	0.
11.125000000000002	0.
11.13	0.
11.135000000000002	0.
11.14	0.
11.145000000000001	0.
11.15	0.
11.155000000000001	0.
11.16	0.
11.165000000000001	0.
11.170000000000002	0.
11.175	0.
11.180000000000001	0.
11.185	0.
11.190000000000001	0.
11.195	0.
11.200000000000001	0.
11.205000000000002	0.
11.21	0.
11.215000000000002	0.
11.22	0.
11.225000000000001	0.
11.23	0.
11.235000000000001	0.
11.24	0.
11.245000000000001	0.
11.250000000000002	0.
11.255	0.
11.260000000000002	0.
11.265	0.
11.270000000000001	0.
11.275	0.
11.280000000000001	0.
11.285	0.
11.290000000000001	0.
11.295000000000002	0.
11.3	0.
11.305000000000001	0.
11.31	0.
11.315000000000001	0.
11.32	0.
11.325000000000001	0.
11.330000000000002	0.
11.335	0.
11.340000000000002	0.
11.345	0.
11.350000000000001	0.
11.355	0.
11.360000000000001	0.
11.365000000000002	0.
11.370000000000001	0.
11.375000000000002	0.
11.38	0.
11.385000000000002	0.
11.39	0.
11.395000000000001	0.
11.4	0.
11.405000000000001	0.
11.41	0.
11.415000000000001	0.
11.420000000000002	0.
11.425	0.
11.430000000000001	0.
11.435	0.
11.440000000000001	0.
11.445	0.
11.450000000000001	0.
11.455000000000002	0.
11.46	0.
11.465000000000002	0.
11.47	0.
11.475000000000001	0.
11.48	0.
11.485000000000001	0.
11.490000000000002	0.
11.495000000000001	0.
11.500000000000002	0.
11.505	0.
11.510000000000002	0.
11.515	0.
11.520000000000001	0.
11.525	0.
11.530000000000001	0.
11.535	0.
11.540000000000001	0.
11.545000000000002	0.
11.55	0.
11.555000000000001	0.
11.56	0.
11.565000000000001	0.
11.57	0.
11.575000000000001	0.
11.580000000000002	0.
11.585	0.
11.590000000000002	0.
11.595	0.
11.600000000000001	0.
11.605	0.
11.610000000000001	0.
11.615000000000002	0.
11.620000000000001	0.
11.625000000000002	0.
11.63	0.
11.635000000000002	0.
11.64	0.
11.645000000000001	0.
11.65	0.
11.655000000000001	0.
11.66	0.
11.665000000000001	0.
11.670000000000002	0.
11.675	0.
11.680000000000001	0.
11.685	0.
11.690000000000001	0.
11.695	0.
11.700000000000001	0.
11.705000000000002	0.
11.71	0.
11.715000000000002	0.
11.72	0.
11.725000000000001	0.
11.73	0.
11.735000000000001	0.
11.740000000000002	0.
11.745000000000001	0.
11.750000000000002	0.
11.755	0.
11.760000000000002	0.
11.765	0.
11.770000000000001	0.
11.775	0.
11.780000000000001	0.
11.785	0.
11.790000000000001	0.
11.795000000000002	0.
11.8	0.
11.805000000000001	0.
11.81	0.
11.815000000000001	0.
11.82	0.
11.825000000000001	0.
11.830000000000002	0.
11.835	0.
11.840000000000002	0.
11.845	0.
11.850000000000001	0.
11.855	0.
11.860000000000001	0.
11.865000000000002	0.
11.870000000000001	0.
11.875000000000002	0.
11.88	0.
11.885000000000002	0.
11.89	0.
11.895000000000001	0.
11.9	0.
11.905000000000001	0.
11.91	0.
11.915000000000001	0.
11.920000000000002	0.
11.925	0.
11.930000000000001	0.
11.935	0.
11.940000000000001	0.
11.945	0.
11.950000000000001	0.
11.955000000000002	0.
11.96	0.
11.965000000000002	0.
11.97	0.
11.975000000000001	0.
11.98	0.
11.985000000000001	0.
11.990000000000002	0.
11.995000000000001	0.
12.000000000000002	0.
12.005	0.
12.010000000000002	0.
12.015	0.
12.020000000000001	0.
12.025	0.
12.030000000000001	0.
12.035	0.
12.040000000000001	0.
12.045000000000002	0.
12.05	0.
12.055000000000001	0.
12.06	0.
12.065000000000001	0.
12.07	0.
12.075000000000001	0.
12.080000000000002	0.
12.085	0.
12.090000000000002	0.
12.095	0.
12.100000000000001	0.
12.105	0.
12.110000000000001	0.
12.115000000000002	0.
12.120000000000001	0.
12.125000000000002	0.
12.13	0.
12.135000000000002	0.
12.14	0.
12.145000000000001	0.
12.15	0.
12.155000000000001	0.
12.16	0.
12.165000000000001	0.
12.170000000000002	0.
12.175	0.
12.180000000000001	0.
12.185	0.
12.190000000000001	0.
12.195	0.
12.200000000000001	0.
12.205000000000002	0.
12.21	0.
12.215000000000002	0.
12.22	0.
12.225000000000001	0.
12.23	0.
12.235000000000001	0.
12.240000000000002	0.
12.245000000000001	0.
12.25	0.
12.255	0.
12.260000000000002	0.
12.265	0.
12.270000000000001	0.
12.275000000000002	0.
12.280000000000001	0.
12.285	0.
12.290000000000001	0.
12.295000000000002	0.
12.3	0.
12.305000000000001	0.
12.31	0.
12.315000000000001	0.
12.32	0.
12.325000000000001	0.
12.330000000000002	0.
12.335	0.
12.340000000000002	0.
12.345	0.
12.350000000000001	0.
12.355	0.
12.360000000000001	0.
12.365000000000002	0.
12.370000000000001	0.
12.375	0.
12.38	0.
12.385000000000002	0.
12.39	0.
12.395000000000001	0.
12.400000000000002	0.
12.405000000000001	0.
12.41	0.
12.415000000000001	0.
12.420000000000002	0.
12.425	0.
12.430000000000001	0.
12.435	0.
12.440000000000001	0.
12.445	0.
12.450000000000001	0.
12.455000000000002	0.
12.46	0.
12.465000000000002	0.
12.47	0.
12.475000000000001	0.
12.48	0.
12.485000000000001	0.
12.490000000000002	0.
12.495000000000001	0.
12.5	0.
12.505	0.
12.510000000000002	0.
12.515	0.
12.520000000000001	0.
12.525000000000002	0.
12.530000000000001	0.
12.535	0.
12.540000000000001	0.
12.545000000000002	0.
12.55	0.
12.555000000000001	0.
12.56	0.
12.565000000000001	0.
12.57	0.
12.575000000000001	0.
12.580000000000002	0.
12.585	0.
12.590000000000002	0.
12.595	0.
12.600000000000001	0.
12.605	0.
12.610000000000001	0.
12.615000000000002	0.
12.620000000000001	0.
12.625	0.
12.63	0.
12.635000000000002	0.
12.64	0.
12.645000000000001	0.
12.650000000000002	0.
12.655000000000001	0.
12.66	0.
12.665000000000001	0.
12.670000000000002	0.
12.675	0.
12.680000000000001	0.
12.685	0.
12.690000000000001	0.
12.695	0.
12.700000000000001	0.
12.705000000000002	0.
12.71	0.
12.715000000000002	0.
12.72	0.
12.725000000000001	0.
12.73	0.
12.735000000000001	0.
12.740000000000002	0.
12.745000000000001	0.
12.75	0.
12.755	0.
12.760000000000002	0.
12.765	0.
12.770000000000001	0.
12.775000000000002	0.
12.780000000000001	0.
12.785	0.
12.790000000000001	0.
12.795000000000002	0.
12.8	0.
12.805000000000001	0.
12.810000000000002	0.
12.815000000000001	0.
12.820000000000002	0.
12.825000000000001	0.
12.830000000000002	0.
12.835	0.
12.840000000000002	0.
12.845	0.
12.850000000000001	0.
12.855000000000002	0.
12.860000000000001	0.
12.865000000000002	0.
12.870000000000001	0.
12.875000000000002	0.
12.88	0.
12.885000000000002	0.
12.890000000000002	0.
12.895000000000001	0.
12.900000000000002	0.
12.905000000000001	0.
12.910000000000002	0.
12.915000000000001	0.
12.920000000000002	0.
12.925	0.
12.930000000000001	0.
12.935000000000002	0.
12.940000000000001	0.
12.945000000000002	0.
12.950000000000001	0.
12.955000000000002	0.
12.96	0.
12.965000000000002	0.
12.97	0.
12.975000000000001	0.
12.980000000000002	0.
12.985000000000001	0.
12.990000000000002	0.
12.995000000000001	0.
13.000000000000002	0.
13.005	0.
13.010000000000002	0.
13.015000000000002	0.
13.020000000000001	0.
13.025000000000002	0.
13.030000000000001	0.
13.035000000000002	0.
13.040000000000001	0.
13.045000000000002	0.
13.05	0.
13.055000000000001	0.
13.060000000000002	0.
13.065000000000001	0.
13.070000000000002	0.
13.075000000000001	0.
13.080000000000002	0.
13.085	0.
13.090000000000002	0.
13.095	0.
13.100000000000001	0.
13.105000000000002	0.
13.110000000000001	0.
13.115000000000002	0.
13.120000000000001	0.
13.125000000000002	0.
13.13	0.
13.135000000000002	0.
13.140000000000002	0.
13.145000000000001	0.
13.150000000000002	0.
13.155000000000001	0.
13.160000000000002	0.
13.165000000000001	0.
13.170000000000002	0.
13.175	0.
13.180000000000001	0.
13.185000000000002	0.
13.190000000000001	0.
13.195000000000002	0.
13.200000000000001	0.
13.205000000000002	0.
13.21	0.
13.215000000000002	0.
13.220000000000002	0.
13.225000000000001	0.
13.230000000000002	0.
13.235000000000001	0.
13.240000000000002	0.
13.245000000000001	0.
13.250000000000002	0.
13.255	0.
13.260000000000002	0.
13.265000000000002	0.
13.270000000000001	0.
13.275000000000002	0.
13.280000000000001	0.
13.285000000000002	0.
13.290000000000001	0.
13.295000000000002	0.
13.3	0.
13.305000000000001	0.
13.310000000000002	0.
13.315000000000001	0.
13.320000000000002	0.
13.325000000000001	0.
13.330000000000002	0.
13.335	0.
13.340000000000002	0.
13.345000000000002	0.
13.350000000000001	0.
13.355000000000002	0.
13.360000000000001	0.
13.365000000000002	0.
13.370000000000001	0.
13.375000000000002	0.
13.38	0.
13.385000000000002	0.
13.39	0.
13.395000000000001	0.
13.400000000000002	0.
13.405000000000001	0.
13.410000000000002	0.
13.415000000000001	0.
13.420000000000002	0.
13.425	0.
13.430000000000001	0.
13.435000000000002	0.
13.440000000000001	0.
13.445000000000002	0.
13.450000000000001	0.
13.455000000000002	0.
13.46	0.
13.465000000000002	0.
13.470000000000002	0.
13.475000000000001	0.
13.480000000000002	0.
13.485000000000001	0.
13.490000000000002	0.
13.495000000000001	0.
13.500000000000002	0.
13.505	0.
13.510000000000002	0.
13.515	0.
13.520000000000001	0.
13.525000000000002	0.
13.530000000000001	0.
13.535000000000002	0.
13.540000000000001	0.
13.545000000000002	0.
13.55	0.
13.555000000000001	0.
13.560000000000002	0.
13.565000000000001	0.
13.570000000000002	0.
13.575000000000001	0.
13.580000000000002	0.
13.585	0.
13.590000000000002	0.
13.595000000000002	0.
13.600000000000001	0.
13.605000000000002	0.
13.610000000000001	0.
13.615000000000002	0.
13.620000000000001	0.
13.625000000000002	0.
13.63	0.
13.635000000000002	0.
13.64	0.
13.645000000000001	0.
13.650000000000002	0.
13.655000000000001	0.
13.660000000000002	0.
13.665000000000001	0.
13.670000000000002	0.
13.675	0.
13.680000000000001	0.
13.685000000000002	0.
13.690000000000001	0.
13.695000000000002	0.
13.700000000000001	0.
13.705000000000002	0.
13.71	0.
13.715000000000002	0.
13.720000000000002	0.
13.725000000000001	0.
13.730000000000002	0.
13.735000000000001	0.
13.740000000000002	0.
13.745000000000001	0.
13.750000000000002	0.
13.755	0.
13.760000000000002	0.
13.765	0.
13.770000000000001	0.
13.775000000000002	0.
13.780000000000001	0.
13.785000000000002	0.
13.790000000000001	0.
13.795000000000002	0.
13.8	0.
13.805000000000001	0.
13.810000000000002	0.
13.815000000000001	0.
13.820000000000002	0.
13.825000000000001	0.
13.830000000000002	0.
13.835	0.
13.840000000000002	0.
13.845000000000002	0.
13.850000000000001	0.
13.855000000000002	0.
13.860000000000001	0.
13.865000000000002	0.
13.870000000000001	0.
13.875000000000002	0.
13.88	0.
13.885000000000002	0.
13.89	0.
13.895000000000001	0.
13.900000000000002	0.
13.905000000000001	0.
13.910000000000002	0.
13.915000000000001	0.
13.920000000000002	0.
13.925	0.
13.930000000000001	0.
13.935000000000002	0.
13.940000000000001	0.
13.945000000000002	0.
13.950000000000001	0.
13.955000000000002	0.
13.96	0.
13.965000000000002	0.
13.970000000000002	0.
13.975000000000001	0.
13.980000000000002	0.
13.985000000000001	0.
13.990000000000002	0.
13.995000000000001	0.
14.	0.