0.005	0.
0.01	0.
0.015	0.
0.02	0.
0.025	0.
0.030000000000000002	0.
0.034999999999999996	0.
0.04	0.
0.045	0.
0.049999999999999996	0.
0.055	0.
0.06	0.
0.065	0.
0.07	0.
0.07500000000000001	0.
0.08	0.
0.085	0.
0.09000000000000001	0.
0.095	0.
0.1	0.
0.10500000000000001	0.
0.11	0.
0.115	0.
0.12000000000000001	0.
0.125	0.
0.13	0.
0.135	0.
0.14	0.
0.14500000000000002	0.
0.15	0.
0.155	0.
0.16	0.
0.165	0.
0.17	0.
0.17500000000000002	0.06340842112426742
0.18000000000000002	0.09652575590638902
0.185	0.1184644175876541
0.19	0.13505104002767468
0.195	0.14829435120581366
0.2	0.15919288547169766
0.20500000000000002	0.16833560784370905
0.21000000000000002	0.17610697587492422
0.215	0.182775393076448
0.22	0.18853739180146556
0.225	0.19354207494487602
0.23	0.1979056983860782
0.23500000000000001	0.2017208936217224
0.24000000000000002	0.2050627774198029
0.245	0.20799315482048394
0.25	0.21056350225778747
0.255	0.21281714120393957
0.26	0.2147908577896773
0.265	0.21651613303711492
0.27	0.21802009304732792
0.275	0.21932625368901287
0.28	0.2204551117958654
0.28500000000000003	0.22142461990382323
0.29000000000000004	0.2222505713790792
0.295	0.2229469157260109
0.3	0.22352601887534845
0.305	0.22399887966924426
0.31	0.22437531114762443
0.315	0.224664093308776
0.32	0.22487310257194515
0.325	0.22500942207525032
0.33	0.2250794361049981
0.335	0.22508891130542444
0.34	0.22504306681344102
0.34500000000000003	0.2249466350662825
0.35000000000000003	0.22480391471585176
0.35500000000000004	0.22461881683228802
0.36	0.22439490537804876
0.365	0.22413543277052342
0.37	0.22384337121848824
0.375	0.22352144040926067
0.38	0.2231721320340956
0.385	0.22279773156544586
0.39	0.22240033763860695
0.395	0.22198187933890615
0.4	0.22154413165298453
0.405	0.22108872930645077
0.41000000000000003	0.22061717918004267
0.41500000000000004	0.2201308714704374
0.42000000000000004	0.2196310897399494
0.425	0.21911901998095248
0.43	0.21859575880442456
0.435	0.2180623208487147
0.44	0.21751964549255032
0.445	0.21696860294620876
0.45	0.21640999978597963
0.455	0.21584458398936418
0.46	0.21527304952186455
0.465	0.21469604052026864
0.47000000000000003	0.21411415511251072
0.47500000000000003	0.21352794890955695
0.48000000000000004	0.21293793820103038
0.485	0.2123446028827475
0.49	0.21174838914140168
0.495	0.21114971191899862
0.5	0.21054895717730213
0.505	0.2099464839803886
0.51	0.2093426264116466
0.515	0.20873769534005515
0.52	0.2081319800486872
0.525	0.20752574973773977
0.53	0.20691925491262564
0.535	0.20631272866696956
0.54	0.20570638786943707
0.545	0.20510043426227847
0.55	0.20449505547893682
0.555	0.2038904259873278
0.56	0.20328670796482845
0.5650000000000001	0.20268405211034207
0.5700000000000001	0.20208259839858567
0.5750000000000001	0.2014824767810198
0.5800000000000001	0.2008838078376276
0.585	0.20028670338339905
0.59	0.199691267032818
0.595	0.19909759472577707
0.6	0.19850577521757715
0.605	0.1979158905359687
0.61	0.19732801640732844
0.615	0.19674222265463281
0.62	0.1961585735689077
0.625	0.1955771282563948
0.63	0.19499794096290016
0.635	0.19442106137716628
0.64	0.1938465349146457
0.645	0.19327440298302906
0.65	0.19270470323086591
0.655	0.19213746978038823
0.66	0.19157273344573586
0.665	0.19101052193735274
0.67	0.1904508600537372
0.675	0.1898937698612878
0.68	0.18933927086293342
0.685	0.18878738015654312
0.6900000000000001	0.18823811258355805
0.6950000000000001	0.18769148086856302
0.7000000000000001	0.18714749575050027
0.7050000000000001	0.18660616610582045
0.71	0.18606749906438055
0.715	0.18553150011824857
0.72	0.1849981732241912
0.725	0.18446752089994928
0.73	0.18393954431485487
0.735	0.18341424337513854
0.74	0.18289161680416355
0.745	0.18237166221802456
0.75	0.18185437619669365
0.755	0.18133975435101485
0.76	0.1808277913858574
0.765	0.18031848115956434
0.77	0.17981181673998015
0.775	0.17930779045730882
0.78	0.1788063939537663
0.785	0.17830761823066366
0.79	0.17781145369246995
0.795	0.1773178901886203
0.8	0.1768269170527678
0.805	0.17633852313990492
0.81	0.17585269686130456
0.8150000000000001	0.17536942621748317
0.8200000000000001	0.17488869882934152
0.8250000000000001	0.1744105019674287
0.8300000000000001	0.17393482257970036
0.8350000000000001	0.17346164731752572
0.84	0.1729909625603398
0.845	0.17252275443887027
0.85	0.17205700885700326
0.855	0.1715937115124482
0.86	0.17113284791618855
0.865	0.17067440341088713
0.87	0.17021836318816372
0.875	0.16976471230490345
0.88	0.16931343569872628
0.885	0.16886451820234177
0.89	0.16841794455740325
0.895	0.1679736994272235
0.9	0.16753176740902798
0.905	0.16709213304524614
0.91	0.16665478083440516
0.915	0.16621969524122635
0.92	0.1657868607060504
0.925	0.1653562616539004
0.93	0.1649278825029102
0.935	0.16450170767225653
0.9400000000000001	0.16407772158954037
0.9450000000000001	0.16365590869775642
0.9500000000000001	0.16323625346207654
0.9550000000000001	0.1628187403757922
0.9600000000000001	0.16240335396608888
0.965	0.16199007879971578
0.97	0.16157889948750492
0.975	0.16116980068999323
0.98	0.16076276712080345
0.985	0.16035778355164337
0.99	0.15995483481605557
0.995	0.15955390581222928
1.	0.15915498150746957
1.005	0.158758046904387
1.01	0.15836308722669706
1.015	0.1579700875534801
1.02	0.15757903319454308
1.025	0.1571899095013977
1.0299999999999998	0.15680270191130055
1.035	0.15641739594781667
1.0399999999999998	0.15603397722249382
1.045	0.15565243143597643
1.0499999999999998	0.1552727443808759
1.055	0.15489490194194483
1.0599999999999998	0.15451889009780526
1.065	0.154144694922149
1.0699999999999998	0.15377230258434624
1.075	0.1534016993509967
1.0799999999999998	0.15303287158593823
1.085	0.15266580575162886
1.0899999999999999	0.15230048840932148
1.095	0.15193690622000625
1.0999999999999999	0.15157504594437993
1.105	0.1512148944434406
1.1099999999999999	0.15085643867897663
1.115	0.15049966571339507
1.1199999999999999	0.15014456271015977
1.125	0.14979111693384461
1.13	0.14943931575012714
1.135	0.1490891466258267
1.14	0.14874059712883717
1.145	0.14839365492790133
1.15	0.14804830779266467
1.155	0.14770454359333485
1.16	0.14736235030046602
1.1649999999999998	0.14702171598473623
1.17	0.14668262881656186
1.1749999999999998	0.14634507706582667
1.18	0.14600904910149992
1.1849999999999998	0.14567453339110412
1.19	0.14534151850058466
1.1949999999999998	0.14500999309352192
1.2	0.14467994593084513
1.2049999999999998	0.1443513658702845
1.21	0.1440242418658734
1.2149999999999999	0.14369856296741743
1.22	0.1433743183198752
1.2249999999999999	0.143051497162833
1.23	0.14273008882995702
1.2349999999999999	0.142410082748279
1.24	0.14209146843772663
1.2449999999999999	0.14177423551035873
1.25	0.14145837366985772
1.255	0.14114387271078135
1.26	0.14083072251795514
1.265	0.14051891306581674
1.27	0.14020843441775938
1.275	0.13989927672534075
1.28	0.13959143022783732
1.285	0.13928488525124424
1.2899999999999998	0.13897963220789664
1.295	0.13867566159553954
1.2999999999999998	0.13837296399674698
1.305	0.138071530078255
1.3099999999999998	0.13777135059007117
1.315	0.13747241636505814
1.3199999999999998	0.13717471831792122
1.325	0.1368782474447616
1.3299999999999998	0.13658299482219097
1.335	0.13628895160670013
1.3399999999999999	0.13599610903398845
1.345	0.13570445841820927
1.3499999999999999	0.13541399115122243
1.355	0.1351246987019706
1.3599999999999999	0.13483657261577572
1.365	0.1345496045135883
1.3699999999999999	0.1342637860913405
1.375	0.13397910911919148
1.38	0.1336955654408863
1.385	0.13341314697308707
1.39	0.133131845704618
1.395	0.13285165369585353
1.4	0.13257256307795703
1.405	0.13229456605232986
1.41	0.13201765488979075
1.4149999999999998	0.13174182193001147
1.42	0.13146705958086966
1.4249999999999998	0.1311933603176823
1.43	0.13092071668263772
1.4349999999999998	0.13064912128413125
1.44	0.13037856679610013
1.4449999999999998	0.1301090459574283
1.45	0.12984055157121988
1.4549999999999998	0.12957307650423242
1.46	0.12930661368627483
1.4649999999999999	0.12904115610951494
1.47	0.12877669682792106
1.4749999999999999	0.12851322895658762
1.48	0.12825074567117625
1.4849999999999999	0.127989240207339
1.49	0.12772870586004456
1.4949999999999999	0.12746913598304313
1.5	0.12721052398821944
1.505	0.12695286334510442
1.51	0.1266961475802278
1.515	0.12644037027653796
1.52	0.1261855250729013
1.525	0.12593160566345363
1.53	0.1256786057971323
1.535	0.1254265192770617
1.54	0.12517533996001648
1.545	0.1249250617559094
1.5499999999999998	0.12467567862723958
1.555	0.12442718458855502
1.5599999999999998	0.12417957370591202
1.565	0.12393284009641982
1.5699999999999998	0.12368697792759781
1.575	0.12344198141703887
1.5799999999999998	0.12319784483178049
1.585	0.12295456248779948
1.5899999999999999	0.12271212874960723
1.595	0.12247053802966608
1.5999999999999999	0.12222978478796295
1.605	0.12198986353149024
1.6099999999999999	0.1217507688138116
1.615	0.12151249523455603
1.6199999999999999	0.12127503743897468
1.625	0.12103839011747158
1.63	0.12080254800510391
1.635	0.12056750588122982
1.64	0.12033325856896243
1.645	0.12009980093482006
1.65	0.11986712788816281
1.655	0.11963523438091477
1.66	0.11940411540695932
1.665	0.11917376600191684
1.67	0.11894418124255428
1.6749999999999998	0.11871535624643993
1.68	0.11848728617156977
1.6849999999999998	0.11825996621586857
1.69	0.11803339161685257
1.6949999999999998	0.1178075576512652
1.7	0.11758245963455576
1.7049999999999998	0.11735809292065731
1.71	0.11713445290145301
1.7149999999999999	0.11691153500649952
1.72	0.11668933470257335
1.7249999999999999	0.11646784749338686
1.73	0.11624706891911281
1.7349999999999999	0.11602699455611616
1.74	0.1158076200165251
1.7449999999999999	0.11558894094793035
1.75	0.11537095303297759
1.755	0.1151536519890506
1.76	0.11493703356792684
1.765	0.11472109355543426
1.77	0.11450582777109494
1.775	0.11429123206781999
1.78	0.11407730233155482
1.785	0.11386403448095528
1.79	0.11365142446708856
1.795	0.11343946827308084
1.7999999999999998	0.11322816191383077
1.805	0.1130175014356745
1.8099999999999998	0.11280748291607948
1.815	0.11259810246334072
1.8199999999999998	0.11238935621630347
1.825	0.11218124034401315
1.8299999999999998	0.11197375104546477
1.835	0.11176688454928824
1.8399999999999999	0.11156063711345818
1.845	0.11135500502502407
1.8499999999999999	0.11114998459980129
1.855	0.11094557218212162
1.8599999999999999	0.11074176414452479
1.865	0.11053855688751266
1.8699999999999999	0.110335946839234
1.875	0.1101339304552926
1.88	0.10993250421840056
1.885	0.10973166463817542
1.89	0.10953140825083926
1.895	0.10933173161899071
1.9	0.1091326313313364
1.905	0.10893410400242935
1.91	0.10873614627247102
1.915	0.1085387548069814
1.92	0.10834192629664435
1.9249999999999998	0.10814565745702043
1.93	0.10794994502828283
1.9349999999999998	0.107754785775065
1.94	0.10756017648612254
1.9449999999999998	0.10736611397421619
1.95	0.10717259507577423
1.9549999999999998	0.10697961665077137
1.96	0.10678717558238342
1.9649999999999999	0.10659526877691262
1.97	0.1064038931634437
1.9749999999999999	0.10621304569370799
1.98	0.10602272334182189
1.9849999999999999	0.10583292310410368
1.99	0.1056436419988683
1.9949999999999999	0.10545487706616814
2.	0.1052666253676831
2.005	0.10507888398642437
2.01	0.10489165002659369
2.015	0.10470492061336932
2.02	0.10451869289268947
2.025	0.10433296403108565
2.03	0.10414773121549788
2.035	0.1039629916530524
2.04	0.10377874257089645
2.045	0.10359498121600379
2.05	0.10341170485500646
2.0549999999999997	0.10322891077398051
2.06	0.1030465962783022
2.065	0.10286475869246493
2.07	0.10268339535989017
2.0749999999999997	0.1025025036427355
2.08	0.10232208092178002
2.085	0.10214212459616644
2.09	0.10196263208335316
2.0949999999999998	0.10178360081882794
2.1	0.10160502825599271
2.105	0.10142691186605023
2.11	0.10124924913772451
2.1149999999999998	0.1010720375772336
2.12	0.10089527470801116
2.125	0.10071895807065903
2.13	0.10054308522269861
2.135	0.1003676537384782
2.14	0.10019266120899509
2.145	0.10001810524175932
2.15	0.09984398346061697
2.155	0.09967029350564484
2.16	0.09949703303296852
2.165	0.09932419971465387
2.17	0.09915179123850835
2.175	0.09897980530802193
2.18	0.0988082396421237
2.185	0.0986370919751574
2.19	0.09846636005663251
2.195	0.0982960416511994
2.1999999999999997	0.09812613453841844
2.205	0.09795663651267564
2.21	0.0977875453830724
2.215	0.09761885897321719
2.2199999999999998	0.09745057512119319
2.225	0.09728269167936507
2.23	0.09711520651427837
2.235	0.0969481175065041
2.2399999999999998	0.0967814225505758
2.245	0.09661511955480384
2.25	0.09644920644120226
2.255	0.09628368114534502
2.26	0.09611854161622144
2.265	0.09595378581618334
2.27	0.09578941172078939
2.275	0.09562541731866966
2.28	0.09546180061145519
2.285	0.0952985596136282
2.29	0.09513569235246723
2.295	0.09497319686785698
2.3	0.0948110712122201
2.305	0.09464931345042946
2.31	0.09448792165967293
2.315	0.09432689392934547
2.32	0.09416622836094585
2.3249999999999997	0.09400592306798444
2.33	0.09384597617589675
2.335	0.0936863858218594
2.34	0.09352715015481242
2.3449999999999998	0.09336826733524826
2.35	0.093209735535182
2.355	0.09305155293802227
2.36	0.09289371773846555
2.3649999999999998	0.0927362281424455
2.37	0.09257908236697907
2.375	0.0924222786401186
2.38	0.09226581520082139
2.385	0.09210969029888728
2.39	0.0919539021948581
2.395	0.09179844915991003
2.4	0.09164332947579082
2.405	0.09148854143469559
2.41	0.09133408333922606
2.415	0.09117995350225787
2.42	0.09102615024686989
2.425	0.09087267190627321
2.43	0.09071951682370208
2.435	0.0905666833523553
2.44	0.09041416985527505
2.445	0.09026197470531269
2.4499999999999997	0.09011009628499994
2.455	0.08995853298651331
2.46	0.08980728321153619
2.465	0.08965634537125151
2.4699999999999998	0.08950571788619557
2.475	0.08935539918621667
2.48	0.08920538771039734
2.485	0.08905568190696236
2.4899999999999998	0.08890628023320818
2.495	0.08875718115543733
2.5	0.08860838314885691
2.505	0.08845988469756326
2.51	0.08831168429437941
2.515	0.0881637804408759
2.52	0.0880161716472231
2.525	0.0878688564321712
2.53	0.08772183332296546
2.535	0.08757510085524631
2.54	0.08742865757303549
2.545	0.08728250202860323
2.55	0.08713663278246868
2.555	0.08699104840327535
2.56	0.08684574746775497
2.565	0.08670072856065009
2.57	0.08655599027464846
2.5749999999999997	0.08641153121033214
2.58	0.08626734997608608
2.585	0.08612344518806574
2.59	0.08597981547010367
2.5949999999999998	0.08583645945367385
2.6	0.08569337577779396
2.605	0.08555056308901011
2.61	0.08540802004131194
2.6149999999999998	0.08526574529604926
2.62	0.08512373752191438
2.625	0.08498199539485576
2.63	0.08484051759802899
2.635	0.08469930282172367
2.64	0.08455834976333351
2.645	0.08441765712727255
2.65	0.08427722362492886
2.655	0.08413704797461351
2.66	0.08399712890149257
2.665	0.08385746513752505
2.67	0.0837180554214457
2.675	0.0835788984986607
2.68	0.0834399931212315
2.685	0.0833013380478088
2.69	0.08316293204356086
2.695	0.08302477388015848
2.7	0.08288686233568435
2.705	0.08274919619460891
2.71	0.08261177424771729
2.715	0.08247459529208515
2.7199999999999998	0.08233765813100484
2.725	0.08220096157393006
2.73	0.08206450443646916
2.735	0.08192828554027287
2.7399999999999998	0.08179230371304272
2.745	0.08165655778843595
2.75	0.08152104660605562
2.755	0.08138576901137781
2.76	0.08125072385572085
2.765	0.08111590999619193
2.77	0.08098132629561461
2.775	0.08084697162254126
2.78	0.08071284485114372
2.785	0.08057894486122359
2.79	0.08044527053812345
2.795	0.0803118207726942
2.8	0.0801785944612736
2.8049999999999997	0.08004559050561302
2.81	0.07991280781284778
2.815	0.0797802452954479
2.82	0.07964790187118707
2.825	0.07951577646308061
2.83	0.07938386799936675
2.835	0.07925217541343818
2.84	0.07912069764381983
2.8449999999999998	0.078989433634128
2.85	0.07885838233301219
2.855	0.07872754269413641
2.86	0.07859691367611155
2.8649999999999998	0.07846649424249219
2.87	0.07833628336170419
2.875	0.07820628000701342
2.88	0.07807648315650047
2.885	0.07794689179300755
2.89	0.07781750490409907
2.895	0.07768832148203839
2.9	0.07755934052372912
2.905	0.07743056103069935
2.91	0.07730198200904025
2.915	0.0771736024693933
2.92	0.0770454214268915
2.925	0.07691743790114229
2.9299999999999997	0.07678965091618017
2.935	0.07666205950042236
2.94	0.07653466268665378
2.945	0.07640745951197762
2.95	0.07628044901778577
2.955	0.07615363024971405
2.96	0.07602700225762121
2.965	0.07590056409554088
2.9699999999999998	0.07577431482166294
2.975	0.07564825349828587
2.98	0.07552237919178245
2.985	0.07539669097257998
2.9899999999999998	0.07527118791511302
2.995	0.07514586909779884
3.	0.07502073360299814
3.005	0.07489578051698646
3.01	0.07477100892992074
3.015	0.07464641793581007
3.02	0.07452200663247582
3.025	0.07439777412152562
3.03	0.07427371950832408
3.035	0.07414984190195083
3.04	0.07402614041518646
3.045	0.07390261416446536
3.05	0.07377926226985544
3.0549999999999997	0.07365608385502037
3.06	0.07353307804719027
3.065	0.07341024397714299
3.07	0.0732875807791515
3.075	0.07316508759097817
3.08	0.07304276355383005
3.085	0.0729206078123355
3.09	0.07279861951451153
3.0949999999999998	0.07267679781173532
3.1	0.07255514185872215
3.105	0.07243365081348709
3.11	0.07231232383732071
3.115	0.07219116009476204
3.12	0.07207015875356629
3.125	0.0719493189846828
3.13	0.07182863996222237
3.135	0.07170812086343267
3.14	0.07158776086866589
3.145	0.07146755916135869
3.15	0.07134751492800004
3.155	0.07122762735810036
3.16	0.07110789564418347
3.165	0.07098831898172664
3.17	0.07086889656917117
3.175	0.07074962760786477
3.1799999999999997	0.07063051130205611
3.185	0.07051154685886202
3.19	0.07039273348823752
3.195	0.07027407040295197
3.2	0.07015555681856644
3.205	0.07003719195340814
3.21	0.06991897502854412
3.215	0.06980090526774856
3.2199999999999998	0.06968298189749111
3.225	0.06956520414689855
3.23	0.06944757124774106
3.235	0.06933008243440263
3.24	0.06921273694385488
3.245	0.06909553401562876
3.25	0.06897847289180688
3.255	0.06886155281697731
3.26	0.06874477303822149
3.265	0.06862813280509303
3.27	0.06851163136958421
3.275	0.06839526798611154
3.28	0.06827904191148265
3.285	0.06816295240487963
3.29	0.068046998727835
3.295	0.06793118014420216
3.3	0.06781549592014152
3.3049999999999997	0.06769994532409092
3.31	0.06758452762673942
3.315	0.06746924210101518
3.32	0.06735408802205117
3.325	0.06723906466717121
3.33	0.06712417131585928
3.335	0.06700940724974203
3.34	0.06689477175257033
3.3449999999999998	0.06678026411017929
3.35	0.06666588361048957
3.355	0.06655162954346998
3.36	0.06643750120111422
3.365	0.06632349787743065
3.37	0.06620961886840679
3.375	0.06609586347199531
3.38	0.06598223098809125
3.385	0.06586872071850963
3.39	0.06575533196695849
3.395	0.06564206403902523
3.4	0.06552891624215564
3.405	0.06541588788561643
3.41	0.06530297828049653
3.415	0.06519018673967047
3.42	0.06507751257778249
3.425	0.06496495511121746
3.4299999999999997	0.06485251365809552
3.435	0.06474018753823625
3.44	0.06462797607314019
3.445	0.0645158785859758
3.45	0.06440389440154826
3.455	0.06429202284628702
3.46	0.06418026324821453
3.465	0.0640686149369367
3.4699999999999998	0.06395707724361709
3.475	0.06384564950094956
3.48	0.06373433104315353
3.485	0.0636231212059384
3.49	0.06351201932648147
3.495	0.0634010247434267
3.5	0.06329013679684439
3.505	0.06317935482821499
3.51	0.06306867818041462
3.515	0.0629581061976907
3.52	0.0628476382256389
3.525	0.06273727361119207
3.53	0.0626270117025859
3.535	0.06251685184934452
3.54	0.062406793402270185
3.545	0.06229683571340778
3.55	0.062186978136030004
3.5549999999999997	0.06207722002462108
3.56	0.061967560734852815
3.565	0.061857999623560506
3.5700000000000003	0.061748536048731505
3.575	0.06163916936947437
3.58	0.06152989894601283
3.585	0.06142072413964891
3.59	0.06131164431276023
3.5949999999999998	0.06120265882875702
3.5999999999999996	0.06109376705208581
3.605	0.06098496834819121
3.61	0.060876262083513405
3.615	0.06076764762544623
3.62	0.06065912434233417
3.625	0.06055069160344293
3.63	0.06044234877894894
3.635	0.060334095239902935
3.6399999999999997	0.060225930358223094
3.645	0.06011785350667419
3.65	0.0600098640588398
3.6550000000000002	0.05990196138910249
3.66	0.05979414487264093
3.665	0.05968641388537728
3.67	0.05957876780398762
3.675	0.05947120600586396
3.6799999999999997	0.05936372786910209
3.685	0.05925633277246692
3.69	0.059149020095399574
3.6950000000000003	0.059041789217971034
3.7	0.058934639520869504
3.705	0.05882757038537622
3.71	0.058720581193360606
3.715	0.05861367132724586
3.7199999999999998	0.05850684016998033
3.7249999999999996	0.05840008710504054
3.73	0.058293411516388345
3.735	0.05818681278845798
3.74	0.05808029030614118
3.745	0.057973843454755127
3.75	0.05786747162003508
3.755	0.05776117418809548
3.76	0.05765495054542285
3.7649999999999997	0.05754880007885083
3.77	0.057442722175535046
3.775	0.05733671622294129
3.7800000000000002	0.057230781608807756
3.785	0.05712491772114331
3.79	0.05701912394818882
3.795	0.056913399678408916
3.8	0.05680774430045821
3.8049999999999997	0.05670215720316747
3.81	0.056596637775520486
3.815	0.05649118540663404
3.8200000000000003	0.056385799485727764
3.825	0.05628047940210843
3.83	0.05617522454514499
3.835	0.0560700343042586
3.84	0.055964908068871784
3.8449999999999998	0.05585984522841574
3.8499999999999996	0.055754845172293746
3.855	0.05564990728985484
3.86	0.05554503097038592
3.865	0.05544021560306811
3.87	0.05533546057697114
3.875	0.05523076528102008
3.88	0.055126129103977635
3.885	0.05502155143442481
3.8899999999999997	0.054917031660713884
3.895	0.0548125691709792
3.9	0.05470816335309026
3.9050000000000002	0.05460381359463211
3.91	0.05449951928287624
3.915	0.0543952798047847
3.92	0.05429109454693828
3.925	0.054186962895549404
3.9299999999999997	0.05408288423642839
3.935	0.05397885795494806
3.94	0.05387488343603329
3.9450000000000003	0.05377096006412687
3.95	0.05366708722316312
3.955	0.0535632642965465
3.96	0.05345949066713534
3.965	0.05335576571718763
3.9699999999999998	0.05325208882835957
3.9749999999999996	0.05314845938168872
3.98	0.053044876757524013
3.985	0.05294134033555576
3.99	0.05283784949473454
3.995	0.05273440361328598
4.	0.05263100206866832
4.005	0.05252764423752843
4.01	0.052424329495706024
4.015	0.05232105721817945
4.02	0.05221782677904796
4.025	0.05211463755151907
4.03	0.05201148890784034
4.035	0.05190838021932127
4.04	0.05180531085625596
4.045	0.05170228018791894
4.05	0.05159928758253831
4.055	0.05149633240726518
4.0600000000000005	0.051393414028137144
4.0649999999999995	0.05129053181002927
4.07	0.05118768511667381
4.075	0.051084873310589245
4.08	0.05098209575303901
4.085	0.050879351804065436
4.09	0.05077664082237249
4.095	0.0506739621653435
4.1	0.05057131518903192
4.105	0.050468699248057074
4.109999999999999	0.05036611369562787
4.115	0.05026355788350755
4.12	0.05016103116194356
4.125	0.05005853287966514
4.13	0.049956062383856845
4.135	0.049853619020080585
4.14	0.049751202132289445
4.145	0.04964881106276501
4.15	0.04954644515208369
4.155	0.049444103739095246
4.16	0.04934178616087158
4.165	0.04923949175267086
4.17	0.04913721984792457
4.175	0.049034969778145816
4.18	0.048932740872964266
4.1850000000000005	0.04883053246003122
4.1899999999999995	0.04872834386499492
4.195	0.048626174411474224
4.2	0.04852402342102926
4.205	0.048421890213064527
4.21	0.04831977410486224
4.215	0.04821767441149054
4.22	0.048115590445782175
4.225	0.04801352151829431
4.23	0.04791146693724961
4.234999999999999	0.04780942600851945
4.24	0.04770739803556207
4.245	0.04760538231936708
4.25	0.04750337815845866
4.255	0.04740138484879654
4.26	0.04729940168375005
4.265	0.04719742795407799
4.27	0.04709546294783237
4.275	0.046993505950372765
4.28	0.04689155624424439
4.285	0.046789613109203695
4.29	0.046687675822119454
4.295	0.04658574365694348
4.3	0.04648381588466672
4.305	0.04638189177323548
4.3100000000000005	0.04627997058754832
4.3149999999999995	0.046178051589357255
4.32	0.046076134037265876
4.325	0.04597421718661698
4.33	0.04587230028948126
4.335	0.04577038259458922
4.34	0.04566846334727306
4.345	0.04556654178942103
4.35	0.04546461715941258
4.355	0.045362688692032735
4.359999999999999	0.04526075561848163
4.365	0.04515881716625337
4.37	0.045056872559097995
4.375	0.04495492101695267
4.38	0.044852961755897945
4.385	0.04475099398807913
4.39	0.04464901692164385
4.395	0.04454702976068133
4.4	0.04444503170515157
4.405	0.04434302195082478
4.41	0.0442409996892144
4.415	0.044138964107503675
4.42	0.04403691438846946
4.425	0.043934849710432385
4.43	0.04383276924716346
4.4350000000000005	0.04373067216782419
4.4399999999999995	0.043628557636891836
4.445	0.04352642481407885
4.45	0.04342427285425934
4.455	0.04332210090738248
4.46	0.04321990811842327
4.465	0.043117693627271456
4.47	0.0430154565686598
4.475	0.042913196072096156
4.48	0.0428109112617611
4.484999999999999	0.04270860125642092
4.49	0.042606265169369884
4.495	0.042503902108305486
4.5	0.04240151117528422
4.505	0.04229909146656941
4.51	0.04219664207260384
4.515	0.04209416207787626
4.52	0.04199165056083643
4.525	0.04188910659381122
4.53	0.04178652924288003
4.535	0.041683917567806456
4.54	0.04158127062189573
4.545	0.041478587451956164
4.55	0.04137586709812005
4.555	0.041273108593804134
4.5600000000000005	0.04117031096554982
4.5649999999999995	0.04106747323291836
4.57	0.04096459440843327
4.575	0.040861673497408
4.58	0.04075870949783717
4.585	0.04065570140031021
4.59	0.04055264818785625
4.595000000000001	0.04044954883584728
4.6	0.04034640231186447
4.605	0.04024320757555104
4.609999999999999	0.040139963578531335
4.615	0.0400366692642415
4.62	0.039933323567807905
4.625	0.03982992541589011
4.63	0.03972647372658265
4.635	0.03962296740924578
4.640000000000001	0.03951940536439285
4.645	0.03941578648346521
4.65	0.03931210964880875
4.654999999999999	0.03920837373339608
4.66	0.03910457760074938
4.665	0.03900072010477281
4.67	0.03889680008956053
4.675	0.03879281638926308
4.68	0.03868876782790691
4.6850000000000005	0.03858465321923942
4.6899999999999995	0.03848047136653618
4.695	0.03837622106243493
4.7	0.038271901088751746
4.705	0.03816751021629546
4.71	0.03806304720470615
4.715	0.03795851080222118
4.720000000000001	0.03785389974549966
4.725	0.03774921275943948
4.73	0.037644448556958574
4.734999999999999	0.03753960583878128
4.74	0.03743468329325577
4.745	0.03732967959610235
4.75	0.037224593410222585
4.755	0.03711942338544871
4.76	0.03701416815835181
4.765000000000001	0.03690882635196331
4.77	0.03680339657558355
4.775	0.0366978774244894
4.779999999999999	0.03659226747972244
4.785	0.03648656530781888
4.79	0.036380769460559334
4.795	0.03627487847469886
4.8	0.03616889087168423
4.805	0.03606280515739176
4.8100000000000005	0.035956619821836754
4.8149999999999995	0.03585033333889906
4.82	0.03574394416602289
4.825	0.035637450743883047
4.83	0.03553085149610968
4.835	0.03542414482897484
4.84	0.035317329131061996
4.845000000000001	0.035210402772920556
4.85	0.035103364106736555
4.855	0.03499621146601272
4.859999999999999	0.034888943165155284
4.865	0.03478155749922161
4.87	0.03467405274338552
4.875	0.03456642715273251
4.88	0.034458678961740985
4.885	0.03435080638395784
4.890000000000001	0.03424280761156912
4.895	0.03413468081497872
4.9	0.03402642414238473
4.904999999999999	0.03391803571936774
4.91	0.033809513648389834
4.915	0.0337008560084089
4.92	0.03359206085433338
4.925	0.03348312621658383
4.93	0.033374050100619834
4.9350000000000005	0.03326483048638001
4.9399999999999995	0.03315546532780879
4.945	0.033045952552299314
4.95	0.03293629006015379
4.955	0.03282647572404546
4.96	0.032716507388417145
4.965	0.032606382868897554
4.970000000000001	0.032496099951728696
4.975	0.03238565639310763
4.98	0.03227504991855222
4.984999999999999	0.03216427822228023
4.99	0.03205333896652297
4.995	0.031942229780832464
5.	0.0318309482613772
5.005	0.031719491970207216
5.01	0.031607858434518826
5.015000000000001	0.03149604514590709
5.02	0.03138404955954476
5.025	0.03127186909337652
5.029999999999999	0.031159501127317503
5.035	0.03104694300234672
5.04	0.030934192019693958
5.045	0.030821245439853973
5.05	0.030708100481720364
5.055	0.030594754321604658
5.0600000000000005	0.03048120409223314
5.0649999999999995	0.030367446881755432
5.07	0.03025347973270036
5.075	0.030139299640868613
5.08	0.030024903554237793
5.085	0.02991028837183976
5.09	0.02979545094258453
5.095000000000001	0.029680388063966365
5.1	0.02956509648095363
5.105	0.029449572884564748
5.109999999999999	0.029333813910624066
5.115	0.029217816138346116
5.12	0.02910157608894138
5.125	0.028985090224148063
5.13	0.028868354944726747
5.135	0.028751366588895128
5.14	0.02863412143074139
5.145	0.02851661567854066
5.15	0.02839884547305231
5.155	0.028280806885750548
5.16	0.028162495916985372
5.165	0.028043908494101474
5.17	0.027925040469460656
5.175	0.027805887618438538
5.18	0.02768644563731244
5.185	0.027566710141094887
5.19	0.027446676661307016
5.195	0.0273263406436319
5.2	0.02720569744551591
5.205	0.027084742333684072
5.21	0.02696347048153366
5.215	0.02684187696648944
5.22	0.026719956767192434
5.225	0.02659770476063459
5.23	0.026475115719187158
5.235	0.026352184307450194
5.24	0.02622890507908867
5.245	0.026105272473463403
5.25	0.025981280812149277
5.255	0.025856924295344155
5.26	0.025732196998104685
5.265	0.02560709286645501
5.27	0.02548160571331893
5.275	0.025355729214316447
5.28	0.025229456903355603
5.285	0.02510278216805769
5.29	0.02497569824500035
5.295	0.024848198214733972
5.3	0.024720274996633044
5.305	0.024591921343472635
5.31	0.02446312983582488
5.315	0.02433389287613653
5.32	0.024204202682652314
5.325	0.024074051282959887
5.33	0.02394343050731682
5.335	0.02381233198162692
5.34	0.02368074712017137
5.345	0.023548667117872974
5.35	0.02341608294233882
5.355	0.023282985325441853
5.36	0.023149364754510442
5.365	0.023015211463117868
5.37	0.022880515421422127
5.375	0.022745266325973772
5.38	0.022609453589097023
5.385	0.022473066327678485
5.39	0.022336093351401503
5.395	0.02219852315037686
5.4	0.022060343882123534
5.405	0.021921543357849165
5.41	0.021782109028040772
5.415	0.02164202796721656
5.42	0.021501286857895322
5.425	0.021359871973638648
5.43	0.02121776916118022
5.435	0.02107496382150805
5.44	0.020931440889871866
5.445	0.020787184814637177
5.45	0.020642179534871186
5.455	0.020496408456600893
5.46	0.02034985442763974
5.465	0.020202499710854277
5.47	0.020054325955767133
5.475	0.01990531416838992
5.48	0.019755444679104735
5.485	0.019604697108458476
5.49	0.0194530503307181
5.495	0.019300482434988095
5.5	0.019146970683681538
5.505	0.018992491468136315
5.51	0.018837020261126627
5.515	0.018680531566003983
5.52	0.018522998862166608
5.525	0.018364394546521726
5.53	0.018204689870596976
5.535	0.01804385487287491
5.54	0.017881858305915925
5.545	0.01771866755776299
5.55	0.01755424856707657
5.555	0.01738856573136405
5.56	0.017221581807633852
5.565	0.017053257804657117
5.57	0.01688355286599081
5.575	0.01671242414273484
5.58	0.016539826654993522
5.585	0.01636571314060792
5.59	0.016190033889937575
5.595	0.01601273656490123
5.6	0.015833766000470692
5.605	0.015653063986529298
5.61	0.01547056902761689
5.615	0.015286216077755325
5.62	0.015099936247183157
5.625	0.014911656477230426
5.63	0.01472129917898146
5.635	0.014528781830748171
5.64	0.014334016528363802
5.645	0.014136909481513013
5.65	0.013937360447739248
5.655	0.013735262094784914
5.66	0.013530499279417288
5.665	0.013322948229390516
5.67	0.013112475611941512
5.675	0.012898937469003122
5.68	0.012682177995072591
5.6850000000000005	0.012462028128449671
5.69	0.012238303919672443
5.695	0.012010804632602434
5.7	0.011779310522657653
5.705	0.011543580222345487
5.71	0.011303347645865625
5.715	0.011058318300272226
5.72	0.010808164857718985
5.725	0.010552521799457882
5.73	0.010290978882445631
5.735	0.010023073095841014
5.74	0.009748278657372812
5.745	0.009465994433127812
5.75	0.009175527919284677
5.755	0.008876074563867563
5.76	0.008566690656007334
5.765	0.008246257154704131
5.77	0.007913430457497825
5.775	0.007566573838181375
5.78	0.007203659381699954
5.785	0.006822123239582166
5.79	0.00641864379148858
5.795	0.005988785677431128
5.8	0.005526394882611401
5.805	0.005022491943410192
5.8100000000000005	0.004463035559677956
5.815	0.0038237156637696995
5.82	0.003054791061147882
5.825	0.002012835121528922
5.83	0.
5.835	0.
5.84	0.
5.845	0.
5.85	0.
5.855	0.
5.86	0.
5.865	0.
5.87	0.
5.875	0.
5.88	0.
5.885	0.
5.89	0.
5.895	0.
5.9	0.
5.905	0.
5.91	0.
5.915	0.
5.92	0.
5.925	0.
5.93	0.
5.9350000000000005	0.
5.94	0.
5.945	0.
5.95	0.
5.955	0.
5.96	0.
5.965	0.
5.97	0.
5.975	0.
5.98	0.
5.985	0.
5.99	0.
5.995	0.
6.	0.
6.005	0.
6.01	0.
6.015	0.
6.02	0.
6.025	0.
6.03	0.
6.035	0.
6.04	0.
6.045	0.
6.05	0.
6.055	0.
6.0600000000000005	0.
6.065	0.
6.07	0.
6.075	0.
6.08	0.
6.085	0.
6.09	0.
6.095	0.
6.1	0.
6.105	0.
6.11	0.
6.115	0.
6.12	0.
6.125	0.
6.13	0.
6.135	0.
6.140000000000001	0.
6.145	0.
6.15	0.
6.155	0.
6.16	0.
6.165	0.
6.17	0.
6.175	0.
6.18	0.
6.1850000000000005	0.
6.1899999999999995	0.
6.195	0.
6.2	0.
6.205	0.
6.21	0.
6.215	0.
6.22	0.
6.225	0.
6.23	0.
6.235	0.
6.24	0.
6.245	0.
6.25	0.
6.255	0.
6.26	0.
6.265000000000001	0.
6.27	0.
6.275	0.
6.28	0.
6.285	0.
6.29	0.
6.295	0.
6.3	0.
6.305	0.
6.3100000000000005	0.
6.3149999999999995	0.
6.32	0.
6.325	0.
6.33	0.
6.335	0.
6.34	0.
6.345	0.
6.35	0.
6.355	0.
6.36	0.
6.365	0.
6.37	0.
6.375	0.
6.38	0.
6.385	0.
6.390000000000001	0.
6.395	0.
6.4	0.
6.405	0.
6.41	0.
6.415	0.
6.42	0.
6.425	0.
6.43	0.
6.4350000000000005	0.
6.4399999999999995	0.
6.445	0.
6.45	0.
6.455	0.
6.46	0.
6.465	0.
6.47	0.
6.475	0.
6.48	0.
6.485	0.
6.49	0.
6.495	0.
6.5	0.
6.505	0.
6.51	0.
6.515000000000001	0.
6.52	0.
6.525	0.
6.53	0.
6.535	0.
6.54	0.
6.545	0.
6.55	0.
6.555	0.
6.5600000000000005	0.
6.5649999999999995	0.
6.57	0.
6.575	0.
6.58	0.
6.585	0.
6.59	0.
6.595	0.
6.6	0.
6.605	0.
6.61	0.
6.615	0.
6.62	0.
6.625	0.
6.63	0.
6.635	0.
6.640000000000001	0.
6.645	0.
6.65	0.
6.655	0.
6.66	0.
6.665	0.
6.67	0.
6.675	0.
6.68	0.
6.6850000000000005	0.
6.6899999999999995	0.
6.695	0.
6.7	0.
6.705	0.
6.71	0.
6.715	0.
6.72	0.
6.725	0.
6.73	0.
6.735	0.
6.74	0.
6.745	0.
6.75	0.
6.755	0.
6.76	0.
6.765000000000001	0.
6.77	0.
6.775	0.
6.78	0.
6.785	0.
6.79	0.
6.795	0.
6.8	0.
6.805	0.
6.8100000000000005	0.
6.8149999999999995	0.
6.82	0.
6.825	0.
6.83	0.
6.835	0.
6.84	0.
6.845	0.
6.85	0.
6.855	0.
6.86	0.
6.865	0.
6.87	0.
6.875	0.
6.88	0.
6.885	0.
6.890000000000001	0.
6.895	0.
6.9	0.
6.905	0.
6.91	0.
6.915	0.
6.92	0.
6.925	0.
6.93	0.
6.9350000000000005	0.
6.9399999999999995	0.
6.945	0.
6.95	0.
6.955	0.
6.96	0.
6.965	0.
6.97	0.
6.975	0.
6.98	0.
6.985	0.
6.99	0.
6.995	0.
7.	0.
7.005	0.
7.01	0.
7.015000000000001	0.
7.02	0.
7.025	0.
7.03	0.
7.035	0.
7.04	0.
7.045	0.
7.05	0.
7.055	0.
7.0600000000000005	0.
7.0649999999999995	0.
7.07	0.
7.075	0.
7.08	0.
7.085	0.
7.09	0.
7.095	0.
7.1	0.
7.105	0.
7.11	0.
7.115	0.
7.12	0.
7.125	0.
7.13	0.
7.135	0.
7.140000000000001	0.
7.145	0.
7.15	0.
7.155	0.
7.16	0.
7.165	0.
7.17	0.
7.175	0.
7.18	0.
7.1850000000000005	0.
7.1899999999999995	0.
7.195	0.
7.2	0.
7.205	0.
7.21	0.
7.215	0.
7.220000000000001	0.
7.225	0.
7.23	0.
7.234999999999999	0.
7.24	0.
7.245	0.
7.25	0.
7.255	0.
7.26	0.
7.265000000000001	0.
7.27	0.
7.275	0.
7.28	0.
7.285	0.
7.29	0.
7.295	0.
7.300000000000001	0.
7.305	0.
7.3100000000000005	0.
7.3149999999999995	0.
7.32	0.
7.325	0.
7.33	0.
7.335	0.
7.34	0.
7.345000000000001	0.
7.35	0.
7.355	0.
7.359999999999999	0.
7.365	0.
7.37	0.
7.375	0.
7.38	0.
7.385	0.
7.390000000000001	0.
7.395	0.
7.4	0.
7.405	0.
7.41	0.
7.415	0.
7.42	0.
7.425000000000001	0.
7.43	0.
7.4350000000000005	0.
7.4399999999999995	0.
7.445	0.
7.45	0.
7.455	0.
7.46	0.
7.465	0.
7.470000000000001	0.
7.475	0.
7.48	0.
7.484999999999999	0.
7.49	0.
7.495	0.
7.5	0.
7.505	0.
7.51	0.
7.515000000000001	0.
7.52	0.
7.525	0.
7.53	0.
7.535	0.
7.54	0.
7.545	0.
7.550000000000001	0.
7.555	0.
7.5600000000000005	0.
7.5649999999999995	0.
7.57	0.
7.575	0.
7.58	0.
7.585	0.
7.59	0.
7.595000000000001	0.
7.6	0.
7.605	0.
7.609999999999999	0.
7.615	0.
7.62	0.
7.625	0.
7.63	0.
7.635	0.
7.640000000000001	0.
7.645	0.
7.65	0.
7.655	0.
7.66	0.
7.665	0.
7.67	0.
7.675000000000001	0.
7.68	0.
7.685	0.
7.6899999999999995	0.
7.694999999999999	0.
7.699999999999999	0.
7.704999999999999	0.
7.71	0.
7.715	0.
7.72	0.
7.725	0.
7.7299999999999995	0.
7.734999999999999	0.
7.739999999999999	0.
7.744999999999999	0.
7.75	0.
7.755	0.
7.76	0.
7.765	0.
7.77	0.
7.7749999999999995	0.
7.779999999999999	0.
7.784999999999999	0.
7.79	0.
7.795	0.
7.8	0.
7.805	0.
7.81	0.
7.8149999999999995	0.
7.819999999999999	0.
7.824999999999999	0.
7.829999999999999	0.
7.835	0.
7.84	0.
7.845	0.
7.85	0.
7.8549999999999995	0.
7.859999999999999	0.
7.864999999999999	0.
7.869999999999999	0.
7.875	0.
7.88	0.
7.885	0.
7.89	0.
7.895	0.
7.8999999999999995	0.
7.904999999999999	0.
7.909999999999999	0.
7.915	0.
7.92	0.
7.925	0.
7.93	0.
7.935	0.
7.9399999999999995	0.
7.944999999999999	0.
7.949999999999999	0.
7.955	0.
7.96	0.
7.965	0.
7.97	0.
7.975	0.
7.9799999999999995	0.
7.984999999999999	0.
7.989999999999999	0.
7.994999999999999	0.
8.	0.
8.004999999999999	0.
8.01	0.
8.014999999999999	0.
8.02	0.
8.025	0.
8.03	0.
8.035	0.
8.04	0.
8.045	0.
8.049999999999999	0.
8.055	0.
8.059999999999999	0.
8.065	0.
8.07	0.
8.075	0.
8.08	0.
8.084999999999999	0.
8.09	0.
8.094999999999999	0.
8.1	0.
8.105	0.
8.11	0.
8.115	0.
8.12	0.
8.125	0.
8.129999999999999	0.
8.135	0.
8.139999999999999	0.
8.145	0.
8.15	0.
8.155	0.
8.16	0.
8.165	0.
8.17	0.
8.174999999999999	0.
8.18	0.
8.184999999999999	0.
8.19	0.
8.195	0.
8.2	0.
8.205	0.
8.209999999999999	0.
8.215	0.
8.219999999999999	0.
8.225	0.
8.23	0.
8.235	0.
8.24	0.
8.245	0.
8.25	0.
8.254999999999999	0.
8.26	0.
8.264999999999999	0.
8.27	0.
8.275	0.
8.28	0.
8.285	0.
8.29	0.
8.295	0.
8.299999999999999	0.
8.305	0.
8.309999999999999	0.
8.315	0.
8.32	0.
8.325	0.
8.33	0.
8.334999999999999	0.
8.34	0.
8.344999999999999	0.
8.35	0.
8.355	0.
8.36	0.
8.365	0.
8.37	0.
8.375	0.
8.379999999999999	0.
8.385	0.
8.389999999999999	0.
8.395	0.
8.4	0.
8.405	0.
8.41	0.
8.415	0.
8.42	0.
8.424999999999999	0.
8.43	0.
8.434999999999999	0.
8.44	0.
8.445	0.
8.45	0.
8.455	0.
8.459999999999999	0.
8.465	0.
8.469999999999999	0.
8.475	0.
8.48	0.
8.485	0.
8.49	0.
8.495	0.
8.5	0.
8.504999999999999	0.
8.51	0.
8.515	0.
8.52	0.
8.525	0.
8.53	0.
8.535	0.
8.54	0.
8.545	0.
8.549999999999999	0.
8.555	0.
8.559999999999999	0.
8.565	0.
8.57	0.
8.575	0.
8.58	0.
8.584999999999999	0.
8.59	0.
8.594999999999999	0.
8.6	0.
8.605	0.
8.61	0.
8.615	0.
8.62	0.
8.625	0.
8.629999999999999	0.
8.635	0.
8.64	0.
8.645	0.
8.65	0.
8.655	0.
8.66	0.
8.665	0.
8.67	0.
8.674999999999999	0.
8.68	0.
8.684999999999999	0.
8.69	0.
8.695	0.
8.7	0.
8.705	0.
8.709999999999999	0.
8.715	0.
8.719999999999999	0.
8.725	0.
8.73	0.
8.735	0.
8.74	0.
8.745	0.
8.75	0.
8.754999999999999	0.
8.76	0.
8.765	0.
8.77	0.
8.775	0.
8.78	0.
8.785	0.
8.79	0.
8.795	0.
8.799999999999999	0.
8.805	0.
8.809999999999999	0.
8.815	0.
8.82	0.
8.825	0.
8.83	0.
8.834999999999999	0.
8.84	0.
8.844999999999999	0.
8.85	0.
8.855	0.
8.86	0.
8.865	0.
8.87	0.
8.875	0.
8.879999999999999	0.
8.885	0.
8.89	0.
8.895	0.
8.9	0.
8.905	0.
8.91	0.
8.915	0.
8.92	0.
8.924999999999999	0.
8.93	0.
8.934999999999999	0.
8.94	0.
8.945	0.
8.95	0.
8.955	0.
8.959999999999999	0.
8.965	0.
8.969999999999999	0.
8.975	0.
8.98	0.
8.985	0.
8.99	0.
8.995	0.
9.	0.
9.004999999999999	0.
9.01	0.
9.015	0.
9.02	0.
9.025	0.
9.03	0.
9.035	0.
9.04	0.
9.045	0.
9.049999999999999	0.
9.055	0.
9.059999999999999	0.
9.065	0.
9.07	0.
9.075	0.
9.08	0.
9.084999999999999	0.
9.09	0.
9.094999999999999	0.
9.1	0.
9.105	0.
9.11	0.
9.115	0.
9.12	0.
9.125	0.
9.129999999999999	0.
9.135	0.
9.14	0.
9.145	0.
9.15	0.
9.155	0.
9.16	0.
9.165	0.
9.17	0.
9.174999999999999	0.
9.18	0.
9.184999999999999	0.
9.19	0.
9.195	0.
9.2	0.
9.205	0.
9.209999999999999	0.
9.215	0.
9.219999999999999	0.
9.225	0.
9.23	0.
9.235	0.
9.24	0.
9.245	0.
9.25	0.
9.254999999999999	0.
9.26	0.
9.265	0.
9.27	0.
9.275	0.
9.28	0.
9.285	0.
9.29	0.
9.295	0.
9.299999999999999	0.
9.305	0.
9.309999999999999	0.
9.315	0.
9.32	0.
9.325	0.
9.33	0.
9.334999999999999	0.
9.34	0.
9.344999999999999	0.
9.35	0.
9.355	0.
9.36	0.
9.365	0.
9.37	0.
9.375	0.
9.379999999999999	0.
9.385	0.
9.39	0.
9.395	0.
9.4	0.
9.405	0.
9.41	0.
9.415	0.
9.42	0.
9.424999999999999	0.
9.43	0.
9.434999999999999	0.
9.44	0.
9.445	0.
9.45	0.
9.455	0.
9.459999999999999	0.
9.465	0.
9.469999999999999	0.
9.475	0.
9.48	0.
9.485	0.
9.49	0.
9.495	0.
9.5	0.
9.504999999999999	0.
9.51	0.
9.515	0.
9.52	0.
9.525	0.
9.53	0.
9.535	0.
9.54	0.
9.545	0.
9.549999999999999	0.
9.555	0.
9.559999999999999	0.
9.565	0.
9.57	0.
9.575	0.
9.58	0.
9.584999999999999	0.
9.59	0.
9.594999999999999	0.
9.6	0.
9.605	0.
9.61	0.
9.615	0.
9.62	0.
9.625	0.
9.629999999999999	0.
9.635	0.
9.64	0.
9.645	0.
9.65	0.
9.655	0.
9.66	0.
9.665	0.
9.67	0.
9.674999999999999	0.
9.68	0.
9.684999999999999	0.
9.69	0.
9.695	0.
9.7	0.
9.705	0.
9.709999999999999	0.
9.715	0.
9.719999999999999	0.
9.725	0.
9.73	0.
9.735	0.
9.74	0.
9.745	0.
9.75	0.
9.754999999999999	0.
9.76	0.
9.765	0.
9.77	0.
9.774999999999999	0.
9.78	0.
9.785	0.
9.79	0.
9.795	0.
9.8	0.
9.805	0.
9.809999999999999	0.
9.815	0.
9.82	0.
9.825	0.
9.83	0.
9.834999999999999	0.
9.84	0.
9.844999999999999	0.
9.85	0.
9.855	0.
9.86	0.
9.865	0.
9.87	0.
9.875	0.
9.879999999999999	0.
9.885	0.
9.89	0.
9.895	0.
9.899999999999999	0.
9.905	0.
9.91	0.
9.915	0.
9.92	0.
9.925	0.
9.93	0.
9.934999999999999	0.
9.94	0.
9.945	0.
9.95	0.
9.955	0.
9.959999999999999	0.
9.965	0.
9.969999999999999	0.
9.975	0.
9.98	0.
9.985	0.
9.99	0.
9.995	0.
10.	0.
10.004999999999999	0.
10.01	0.
10.015	0.
10.02	0.
10.024999999999999	0.
10.03	0.
10.035	0.
10.04	0.
10.045	0.
10.05	0.
10.055	0.
10.059999999999999	0.
10.065	0.
10.07	0.
10.075	0.
10.08	0.
10.084999999999999	0.
10.09	0.
10.094999999999999	0.
10.1	0.
10.105	0.
10.11	0.
10.115	0.
10.12	0.
10.125	0.
10.129999999999999	0.
10.135	0.
10.14	0.
10.145	0.
10.149999999999999	0.
10.155	0.
10.16	0.
10.165	0.
10.17	0.
10.175	0.
10.18	0.
10.184999999999999	0.
10.19	0.
10.195	0.
10.2	0.
10.205	0.
10.209999999999999	0.
10.215	0.
10.219999999999999	0.
10.225	0.
10.23	0.
10.235	0.
10.24	0.
10.245000000000001	0.
10.250000000000002	0.
10.255	0.
10.260000000000002	0.
10.265	0.
10.270000000000001	0.
10.275	0.
10.280000000000001	0.
10.285	0.
10.290000000000001	0.
10.295000000000002	0.
10.3	0.
10.305000000000001	0.
10.31	0.
10.315000000000001	0.
10.32	0.
10.325000000000001	0.
10.330000000000002	0.
10.335	0.
10.340000000000002	0.
10.345	0.
10.350000000000001	0.
10.355	0.
10.360000000000001	0.
10.365	0.
10.370000000000001	0.
10.375000000000002	0.
10.38	0.
10.385000000000002	0.
10.39	0.
10.395000000000001	0.
10.4	0.
10.405000000000001	0.
10.41	0.
10.415000000000001	0.
10.420000000000002	0.
10.425	0.
10.430000000000001	0.
10.435	0.
10.440000000000001	0.
10.445	0.
10.450000000000001	0.
10.455000000000002	0.
10.46	0.
10.465000000000002	0.
10.47	0.
10.475000000000001	0.
10.48	0.
10.485000000000001	0.
10.49	0.
10.495000000000001	0.
10.500000000000002	0.
10.505	0.
10.510000000000002	0.
10.515	0.
10.520000000000001	0.
10.525	0.
10.530000000000001	0.
10.535	0.
10.540000000000001	0.
10.545000000000002	0.
10.55	0.
10.555000000000001	0.
10.56	0.
10.565000000000001	0.
10.57	0.
10.575000000000001	0.
10.580000000000002	0.
10.585	0.
10.590000000000002	0.
10.595	0.
10.600000000000001	0.
10.605	0.
10.610000000000001	0.
10.615	0.
10.620000000000001	0.
10.625000000000002	0.
10.63	0.
10.635000000000002	0.
10.64	0.
10.645000000000001	0.
10.65	0.
10.655000000000001	0.
10.66	0.
10.665000000000001	0.
10.670000000000002	0.
10.675	0.
10.680000000000001	0.
10.685	0.
10.690000000000001	0.
10.695	0.
10.700000000000001	0.
10.705000000000002	0.
10.71	0.
10.715000000000002	0.
10.72	0.
10.725000000000001	0.
10.73	0.
10.735000000000001	0.
10.74	0.
10.745000000000001	0.
10.750000000000002	0.
10.755	0.
10.760000000000002	0.
10.765	0.
10.770000000000001	0.
10.775	0.
10.780000000000001	0.
10.785	0.
10.790000000000001	0.
10.795000000000002	0.
10.8	0.
10.805000000000001	0.
10.81	0.
10.815000000000001	0.
10.82	0.
10.825000000000001	0.
10.830000000000002	0.
10.835	0.
10.840000000000002	0.
10.845	0.
10.850000000000001	0.
10.855	0.
10.860000000000001	0.
10.865	0.
10.870000000000001	0.
10.875000000000002	0.
10.88	0.
10.885000000000002	0.
10.89	0.
10.895000000000001	0.
10.9	0.
10.905000000000001	0.
10.91	0.
10.915000000000001	0.
10.920000000000002	0.
10.925	0.
10.930000000000001	0.
10.935	0.
10.940000000000001	0.
10.945	0.
10.950000000000001	0.
10.955000000000002	0.
10.96	0.
10.965000000000002	0.
10.97	0.
10.975000000000001	0.
10.98	0.
10.985000000000001	0.
10.99	0.
10.995000000000001	0.
11.000000000000002	0.
11.005	0.
11.010000000000002	0.
11.015	0.
11.020000000000001	0.
11.025	0.
11.030000000000001	0.
11.035	0.
11.040000000000001	0.
11.045000000000002	0.
11.05	0.
11.055000000000001	0.
11.06	0.
11.065000000000001	0.
11.07	0.
11.075000000000001	0.
11.080000000000002	0.
11.085	0.
11.090000000000002	0.
11.095	0.
11.100000000000001	0.
11.105	0.
11.110000000000001	0.
11.115	0.
11.120000000000001	0.
11.125000000000002	0.
11.13	0.
11.135000000000002	0.
11.14	0.
11.145000000000001	0.
11.15	0.
11.155000000000001	0.
11.16	0.
11.165000000000001	0.
11.170000000000002	0.
11.175	0.
11.180000000000001	0.
11.185	0.
11.190000000000001	0.
11.195	0.
11.200000000000001	0.
11.205000000000002	0.
11.21	0.
11.215000000000002	0.
11.22	0.
11.225000000000001	0.
11.23	0.
11.235000000000001	0.
11.24	0.
11.245000000000001	0.
11.250000000000002	0.
11.255	0.
11.260000000000002	0.
11.265	0.
11.270000000000001	0.
11.275	0.
11.280000000000001	0.
11.285	0.
11.290000000000001	0.
11.295000000000002	0.
11.3	0.
11.305000000000001	0.
11.31	0.
11.315000000000001	0.
11.32	0.
11.325000000000001	0.
11.330000000000002	0.
11.335	0.
11.340000000000002	0.
11.345	0.
11.350000000000001	0.
11.355	0.
11.360000000000001	0.
11.365000000000002	0.
11.370000000000001	0.
11.375000000000002	0.
11.38	0.
11.385000000000002	0.
11.39	0.
11.395000000000001	0.
11.4	0.
11.405000000000001	0.
11.41	0.
11.415000000000001	0.
11.420000000000002	0.
11.425	0.
11.430000000000001	0.
11.435	0.
11.440000000000001	0.
11.445	0.
11.450000000000001	0.
11.455000000000002	0.
11.46	0.
11.465000000000002	0.
11.47	0.
11.475000000000001	0.
11.48	0.
11.485000000000001	0.
11.490000000000002	0.
11.495000000000001	0.
11.500000000000002	0.
11.505	0.
11.510000000000002	0.
11.515	0.
11.520000000000001	0.
11.525	0.
11.530000000000001	0.
11.535	0.
11.540000000000001	0.
11.545000000000002	0.
11.55	0.
11.555000000000001	0.
11.56	0.
11.565000000000001	0.
11.57	0.
11.575000000000001	0.
11.580000000000002	0.
11.585	0.
11.590000000000002	0.
11.595	0.
11.600000000000001	0.
11.605	0.
11.610000000000001	0.
11.615000000000002	0.
11.620000000000001	0.
11.625000000000002	0.
11.63	0.
11.635000000000002	0.
11.64	0.
11.645000000000001	0.
11.65	0.
11.655000000000001	0.
11.66	0.
11.665000000000001	0.
11.670000000000002	0.
11.675	0.
11.680000000000001	0.
11.685	0.
11.690000000000001	0.
11.695	0.
11.700000000000001	0.
11.705000000000002	0.
11.71	0.
11.715000000000002	0.
11.72	0.
11.725000000000001	0.
11.73	0.
11.735000000000001	0.
11.740000000000002	0.
11.745000000000001	0.
11.750000000000002	0.
11.755	0.
11.760000000000002	0.
11.765	0.
11.770000000000001	0.
11.775	0.
11.780000000000001	0.
11.785	0.
11.790000000000001	0.
11.795000000000002	0.
11.8	0.
11.805000000000001	0.
11.81	0.
11.815000000000001	0.
11.82	0.
11.825000000000001	0.
11.830000000000002	0.
11.835	0.
11.840000000000002	0.
11.845	0.
11.850000000000001	0.
11.855	0.
11.860000000000001	0.
11.865000000000002	0.
11.870000000000001	0.
11.875000000000002	0.
11.88	0.
11.885000000000002	0.
11.89	0.
11.895000000000001	0.
11.9	0.
11.905000000000001	0.
11.91	0.
11.915000000000001	0.
11.920000000000002	0.
11.925	0.
11.930000000000001	0.
11.935	0.
11.940000000000001	0.
11.945	0.
11.950000000000001	0.
11.955000000000002	0.
11.96	0.
11.965000000000002	0.
11.97	0.
11.975000000000001	0.
11.98	0.
11.985000000000001	0.
11.990000000000002	0.
11.995000000000001	0.
12.000000000000002	0.
12.005	0.
12.010000000000002	0.
12.015	0.
12.020000000000001	0.
12.025	0.
12.030000000000001	0.
12.035	0.
12.040000000000001	0.
12.045000000000002	0.
12.05	0.
12.055000000000001	0.
12.06	0.
12.065000000000001	0.
12.07	0.
12.075000000000001	0.
12.080000000000002	0.
12.085	0.
12.090000000000002	0.
12.095	0.
12.100000000000001	0.
12.105	0.
12.110000000000001	0.
12.115000000000002	0.
12.120000000000001	0.
12.125000000000002	0.
12.13	0.
12.135000000000002	0.
12.14	0.
12.145000000000001	0.
12.15	0.
12.155000000000001	0.
12.16	0.
12.165000000000001	0.
12.170000000000002	0.
12.175	0.
12.180000000000001	0.
12.185	0.
12.190000000000001	0.
12.195	0.
12.200000000000001	0.
12.205000000000002	0.
12.21	0.
12.215000000000002	0.
12.22	0.
12.225000000000001	0.
12.23	0.
12.235000000000001	0.
12.240000000000002	0.
12.245000000000001	0.
12.25	0.
12.255	0.
12.260000000000002	0.
12.265	0.
12.270000000000001	0.
12.275000000000002	0.
12.280000000000001	0.
12.285	0.
12.290000000000001	0.
12.295000000000002	0.
12.3	0.
12.305000000000001	0.
12.31	0.
12.315000000000001	0.
12.32	0.
12.325000000000001	0.
12.330000000000002	0.
12.335	0.
12.340000000000002	0.
12.345	0.
12.350000000000001	0.
12.355	0.
12.360000000000001	0.
12.365000000000002	0.
12.370000000000001	0.
12.375	0.
12.38	0.
12.385000000000002	0.
12.39	0.
12.395000000000001	0.
12.400000000000002	0.
12.405000000000001	0.
12.41	0.
12.415000000000001	0.
12.420000000000002	0.
12.425	0.
12.430000000000001	0.
12.435	0.
12.440000000000001	0.
12.445	0.
12.450000000000001	0.
12.455000000000002	0.
12.46	0.
12.465000000000002	0.
12.47	0.
12.475000000000001	0.
12.48	0.
12.485000000000001	0.
12.490000000000002	0.
12.495000000000001	0.
12.5	0.
12.505	0.
12.510000000000002	0.
12.515	0.
12.520000000000001	0.
12.525000000000002	0.
12.530000000000001	0.
12.535	0.
12.540000000000001	0.
12.545000000000002	0.
12.55	0.
12.555000000000001	0.
12.56	0.
12.565000000000001	0.
12.57	0.
12.575000000000001	0.
12.580000000000002	0.
12.585	0.
12.590000000000002	0.
12.595	0.
12.600000000000001	0.
12.605	0.
12.610000000000001	0.
12.615000000000002	0.
12.620000000000001	0.
12.625	0.
12.63	0.
12.635000000000002	0.
12.64	0.
12.645000000000001	0.
12.650000000000002	0.
12.655000000000001	0.
12.66	0.
12.665000000000001	0.
12.670000000000002	0.
12.675	0.
12.680000000000001	0.
12.685	0.
12.690000000000001	0.
12.695	0.
12.700000000000001	0.
12.705000000000002	0.
12.71	0.
12.715000000000002	0.
12.72	0.
12.725000000000001	0.
12.73	0.
12.735000000000001	0.
12.740000000000002	0.
12.745000000000001	0.
12.75	0.
12.755	0.
12.760000000000002	0.
12.765	0.
12.770000000000001	0.
12.775000000000002	0.
12.780000000000001	0.
12.785	0.
12.790000000000001	0.
12.795000000000002	0.
12.8	0.
12.805000000000001	0.
12.810000000000002	0.
12.815000000000001	0.
12.820000000000002	0.
12.825000000000001	0.
12.830000000000002	0.
12.835	0.
12.840000000000002	0.
12.845	0.
12.850000000000001	0.
12.855000000000002	0.
12.860000000000001	0.
12.865000000000002	0.
12.870000000000001	0.
12.875000000000002	0.
12.88	0.
12.885000000000002	0.
12.890000000000002	0.
12.895000000000001	0.
12.900000000000002	0.
12.905000000000001	0.
12.910000000000002	0.
12.915000000000001	0.
12.920000000000002	0.
12.925	0.
12.930000000000001	0.
12.935000000000002	0.
12.940000000000001	0.
12.945000000000002	0.
12.950000000000001	0.
12.955000000000002	0.
12.96	0.
12.965000000000002	0.
12.97	0.
12.975000000000001	0.
12.980000000000002	0.
12.985000000000001	0.
12.990000000000002	0.
12.995000000000001	0.
13.000000000000002	0.
13.005	0.
13.010000000000002	0.
13.015000000000002	0.
13.020000000000001	0.
13.025000000000002	0.
13.030000000000001	0.
13.035000000000002	0.
13.040000000000001	0.
13.045000000000002	0.
13.05	0.
13.055000000000001	0.
13.060000000000002	0.
13.065000000000001	0.
13.070000000000002	0.
13.075000000000001	0.
13.080000000000002	0.
13.085	0.
13.090000000000002	0.
13.095	0.
13.100000000000001	0.
13.105000000000002	0.
13.110000000000001	0.
13.115000000000002	0.
13.120000000000001	0.
13.125000000000002	0.
13.13	0.
13.135000000000002	0.
13.140000000000002	0.
13.145000000000001	0.
13.150000000000002	0.
13.155000000000001	0.
13.160000000000002	0.
13.165000000000001	0.
13.170000000000002	0.
13.175	0.
13.180000000000001	0.
13.185000000000002	0.
13.190000000000001	0.
13.195000000000002	0.
13.200000000000001	0.
13.205000000000002	0.
13.21	0.
13.215000000000002	0.
13.220000000000002	0.
13.225000000000001	0.
13.230000000000002	0.
13.235000000000001	0.
13.240000000000002	0.
13.245000000000001	0.
13.250000000000002	0.
13.255	0.
13.260000000000002	0.
13.265000000000002	0.
13.270000000000001	0.
13.275000000000002	0.
13.280000000000001	0.
13.285000000000002	0.
13.290000000000001	0.
13.295000000000002	0.
13.3	0.
13.305000000000001	0.
13.310000000000002	0.
13.315000000000001	0.
13.320000000000002	0.
13.325000000000001	0.
13.330000000000002	0.
13.335	0.
13.340000000000002	0.
13.345000000000002	0.
13.350000000000001	0.
13.355000000000002	0.
13.360000000000001	0.
13.365000000000002	0.
13.370000000000001	0.
13.375000000000002	0.
13.38	0.
13.385000000000002	0.
13.39	0.
13.395000000000001	0.
13.400000000000002	0.
13.405000000000001	0.
13.410000000000002	0.
13.415000000000001	0.
13.420000000000002	0.
13.425	0.
13.430000000000001	0.
13.435000000000002	0.
13.440000000000001	0.
13.445000000000002	0.
13.450000000000001	0.
13.455000000000002	0.
13.46	0.
13.465000000000002	0.
13.470000000000002	0.
13.475000000000001	0.
13.480000000000002	0.
13.485000000000001	0.
13.490000000000002	0.
13.495000000000001	0.
13.500000000000002	0.
13.505	0.
13.510000000000002	0.
13.515	0.
13.520000000000001	0.
13.525000000000002	0.
13.530000000000001	0.
13.535000000000002	0.
13.540000000000001	0.
13.545000000000002	0.
13.55	0.
13.555000000000001	0.
13.560000000000002	0.
13.565000000000001	0.
13.570000000000002	0.
13.575000000000001	0.
13.580000000000002	0.
13.585	0.
13.590000000000002	0.
13.595000000000002	0.
13.600000000000001	0.
13.605000000000002	0.
13.610000000000001	0.
13.615000000000002	0.
13.620000000000001	0.
13.625000000000002	0.
13.63	0.
13.635000000000002	0.
13.64	0.
13.645000000000001	0.
13.650000000000002	0.
13.655000000000001	0.
13.660000000000002	0.
13.665000000000001	0.
13.670000000000002	0.
13.675	0.
13.680000000000001	0.
13.685000000000002	0.
13.690000000000001	0.
13.695000000000002	0.
13.700000000000001	0.
13.705000000000002	0.
13.71	0.
13.715000000000002	0.
13.720000000000002	0.
13.725000000000001	0.
13.730000000000002	0.
13.735000000000001	0.
13.740000000000002	0.
13.745000000000001	0.
13.750000000000002	0.
13.755	0.
13.760000000000002	0.
13.765	0.
13.770000000000001	0.
13.775000000000002	0.
13.780000000000001	0.
13.785000000000002	0.
13.790000000000001	0.
13.795000000000002	0.
13.8	0.
13.805000000000001	0.
13.810000000000002	0.
13.815000000000001	0.
13.820000000000002	0.
13.825000000000001	0.
13.830000000000002	0.
13.835	0.
13.840000000000002	0.
13.845000000000002	0.
13.850000000000001	0.
13.855000000000002	0.
13.860000000000001	0.
13.865000000000002	0.
13.870000000000001	0.
13.875000000000002	0.
13.88	0.
13.885000000000002	0.
13.89	0.
13.895000000000001	0.
13.900000000000002	0.
13.905000000000001	0.
13.910000000000002	0.
13.915000000000001	0.
13.920000000000002	0.
13.925	0.
13.930000000000001	0.
13.935000000000002	0.
13.940000000000001	0.
13.945000000000002	0.
13.950000000000001	0.
13.955000000000002	0.
13.96	0.
13.965000000000002	0.
13.970000000000002	0.
13.975000000000001	0.
13.980000000000002	0.
13.985000000000001	0.
13.990000000000002	0.
13.995000000000001	0.
14.	0.