0.005	0.
0.01	0.
0.015	0.
0.02	0.
0.025	0.
0.030000000000000002	0.
0.034999999999999996	0.
0.04	0.
0.045	0.
0.049999999999999996	0.
0.055	0.
0.06	0.
0.065	0.
0.07	0.
0.07500000000000001	0.
0.08	0.
0.085	0.
0.09000000000000001	0.
0.095	0.
0.1	0.
0.10500000000000001	0.
0.11	0.
0.115	0.
0.12000000000000001	0.
0.125	0.
0.13	0.
0.135	0.
0.14	0.
0.14500000000000002	0.
0.15	0.
0.155	0.
0.16	0.
0.165	0.
0.17	0.
0.17500000000000002	0.06810320152249895
0.18000000000000002	0.099566222208805
0.185	0.1208717276361115
0.19	0.1370983092229555
0.195	0.15010117928128006
0.2	0.16082418020935857
0.20500000000000002	0.16983124487239457
0.21000000000000002	0.17749353371952414
0.215	0.18407164402757784
0.22	0.18975718243741288
0.225	0.19469596898414596
0.23	0.19900197556468555
0.23500000000000001	0.20276618858640194
0.24000000000000002	0.20606250554526886
0.245	0.20895180587082496
0.25	0.2114848488240352
0.255	0.21370439033866112
0.26	0.2156467636935895
0.265	0.21734308237517555
0.27	0.21882017061113798
0.275	0.22010129367510306
0.28	0.2212067383763818
0.28500000000000003	0.22215427970417595
0.29000000000000004	0.22295955975426596
0.295	0.22363639822576648
0.3	0.22419704893401635
0.305	0.22465241330257862
0.31	0.22501221925386986
0.315	0.22528517203541504
0.32	0.2254790821078571
0.325	0.22560097415156363
0.33	0.2256571804294782
0.335	0.22565342111037345
0.34	0.22559487366221306
0.34500000000000003	0.22548623303629844
0.35000000000000003	0.22533176405429187
0.35500000000000004	0.22513534716375672
0.36	0.2249005185296454
0.365	0.2246305052687519
0.37	0.22432825650356558
0.375	0.22399647080503457
0.38	0.22363762050580518
0.385	0.2232539732927166
0.39	0.22284761142687376
0.395	0.22242044888921292
0.4	0.22197424670713164
0.405	0.22151062668223287
0.41000000000000003	0.22103108370918506
0.41500000000000004	0.22053699685020386
0.42000000000000004	0.22002963930805203
0.425	0.21951018742194936
0.43	0.21897972879498517
0.435	0.2184392696480598
0.44	0.21788974148369367
0.445	0.21733200713292927
0.45	0.21676686624990435
0.455	0.2161950603109977
0.46	0.2156172771689843
0.465	0.21503415520676866
0.47000000000000003	0.21444628713039096
0.47500000000000003	0.21385422343648633
0.48000000000000004	0.21325847558564076
0.485	0.2126595189095981
0.49	0.21205779527740096
0.495	0.21145371554283995
0.5	0.21084766179328712
0.505	0.21023998941797215
0.51	0.20963102901185846
0.515	0.20902108812976092
0.52	0.20841045290378407
0.525	0.20779938953602234
0.53	0.20718814567713836
0.535	0.20657695170064097
0.54	0.20596602188151206
0.545	0.20535555548724385
0.55	0.20474573778845875
0.555	0.20413674099570459
0.56	0.20352872512836723
0.5650000000000001	0.20292183882115783
0.5700000000000001	0.20231622007315123
0.5750000000000001	0.20171199694383649
0.5800000000000001	0.20110928820035803
0.585	0.20050820391970686
0.59	0.19990884604929743
0.595	0.1993113089291003
0.6	0.19871567977823576
0.605	0.19812203914865048
0.61	0.19753046134833888
0.615	0.19694101483637402
0.62	0.1963537625917117
0.625	0.19576876245775962
0.63	0.1951860674644307
0.635	0.1946057261292024
0.64	0.19402778273877697
0.645	0.19345227761266706
0.65	0.19287924734989836
0.655	0.1923087250601069
0.66	0.1917407405800101
0.665	0.1911753206763104
0.67	0.19061248923590754
0.675	0.1900522674443197
0.68	0.1894946739530137
0.685	0.18893972503653103
0.6900000000000001	0.18838743473988823
0.6950000000000001	0.18783781501708569
0.7000000000000001	0.18729087586115606
0.7050000000000001	0.18674662542635231
0.71	0.1862050701430259
0.715	0.1856662148255857
0.72	0.18513006277401095
0.725	0.1845966158693522
0.73	0.18406587466354035
0.735	0.18353783846393323
0.74	0.18301250541285344
0.745	0.18248987256245203
0.75	0.18196993594525435
0.755	0.1814526906405016
0.76	0.18093813083672403
0.765	0.18042624989060532
0.77	0.17991704038249606
0.775	0.17941049416871066
0.78	0.1789066024307575
0.785	0.17840535572186253
0.79	0.17790674401066495
0.795	0.1774107567225045
0.8	0.17691738277837846
0.805	0.17642661063153053
0.81	0.1759384283021538
0.8150000000000001	0.1754528234098667
0.8200000000000001	0.1749697832045345
0.8250000000000001	0.17448929459533305
0.8300000000000001	0.1740113441779697
0.8350000000000001	0.17353591826056058
0.84	0.17306300288790752
0.845	0.17259258386445456
0.85	0.1721246467758888
0.855	0.17165917700954364
0.86	0.171196159773619
0.865	0.17073558011531115
0.87	0.1702774229378523
0.875	0.16982167301670464
0.88	0.169368315014628
0.885	0.16891733349604685
0.89	0.16846871294048282
0.895	0.16802243775528294
0.9	0.16757849228755145
0.905	0.16713686083533866
0.91	0.16669752765835336
0.915	0.16626047698782054
0.92	0.16582569303587108
0.925	0.1653931600043909
0.93	0.16496286209326758
0.935	0.16453478350825979
0.9400000000000001	0.16410890846811452
0.9450000000000001	0.1636852212117157
0.9500000000000001	0.163263706004244
0.9550000000000001	0.1628443471433482
0.9600000000000001	0.16242712896483655
0.965	0.16201203584793084
0.97	0.16159905222015888
0.975	0.16118816256211907
0.98	0.160779351411761
0.985	0.16037260336836467
0.99	0.1599679030964057
0.995	0.159565235329085
1.	0.15916458487151103
1.005	0.15876593660374652
1.01	0.15836927548372948
1.015	0.15797458654965849
1.02	0.1575818549232134
1.025	0.1571910660584042
1.0299999999999998	0.15680220450387708
1.035	0.15641525638547046
1.0399999999999998	0.1560302069303526
1.045	0.15564704170273977
1.0499999999999998	0.15526574636197102
1.055	0.15488630666250874
1.0599999999999998	0.15450870845449666
1.065	0.15413293768605074
1.0699999999999998	0.15375898040330946
1.075	0.1533868227514803
1.0799999999999998	0.15301645097579625
1.085	0.15264785142186532
1.0899999999999999	0.1522810105363634
1.095	0.15191591486767897
1.0999999999999999	0.15155255106606072
1.105	0.15119090588393783
1.1099999999999999	0.15083096617645875
1.115	0.15047271890136127
1.1199999999999999	0.15011615111924528
1.125	0.14976124999350213
1.13	0.1494080027905483
1.135	0.1490563968795127
1.14	0.14870641973237117
1.145	0.14835805892369117
1.15	0.14801130213023292
1.155	0.14766613713122925
1.16	0.14732255180762113
1.1649999999999998	0.14698053414193643
1.17	0.1466400722180561
1.1749999999999998	0.1463011542206499
1.18	0.1459637684348901
1.1849999999999998	0.1456279032459925
1.19	0.14529354713877538
1.1949999999999998	0.1449606886971064
1.2	0.14462931660352404
1.2049999999999998	0.14429941963853346
1.21	0.1439709866802669
1.2149999999999999	0.14364400670380806
1.22	0.143318468780544
1.2249999999999999	0.1429943620777482
1.23	0.14267167585776716
1.2349999999999999	0.14235039947763758
1.24	0.14203052238813543
1.2449999999999999	0.14171203413345998
1.25	0.14139492435032616
1.255	0.14107918276747364
1.26	0.14076479920482324
1.265	0.14045176357294098
1.27	0.14014006587233072
1.275	0.1398296961925997
1.28	0.13952064471194095
1.285	0.13921290169630862
1.2899999999999998	0.1389064574987656
1.295	0.13860130255874142
1.2999999999999998	0.13829742740137466
1.305	0.13799482263667043
1.3099999999999998	0.13769347895896988
1.315	0.13739338714603108
1.3199999999999998	0.1370945380584416
1.325	0.1367969226388786
1.3299999999999998	0.13650053191132314
1.335	0.13620535698040373
1.3399999999999999	0.13591138903067082
1.345	0.13561861932585004
1.3499999999999999	0.13532703920814532
1.355	0.13503664009748384
1.3599999999999999	0.13474741349088654
1.365	0.134459350961681
1.3699999999999999	0.1341724441588271
1.375	0.13388668480618027
1.38	0.13360206470184063
1.385	0.13331857571739705
1.39	0.13303620979725708
1.395	0.13275495895800618
1.4	0.1324748152875772
1.405	0.1321957709447267
1.41	0.13191781815825107
1.4149999999999998	0.131640949226345
1.42	0.13136515651591862
1.4249999999999998	0.13109043246191115
1.43	0.13081676956670832
1.4349999999999998	0.13054416039936195
1.44	0.13027259759503784
1.4449999999999998	0.13000207385430843
1.45	0.12973258194250886
1.4549999999999998	0.1294641146891632
1.46	0.12919666498719654
1.4649999999999999	0.12893022579253516
1.47	0.12866479012324836
1.4749999999999999	0.12840035105906197
1.48	0.12813690174074344
1.4849999999999999	0.12787443536939846
1.49	0.12761294520600547
1.4949999999999999	0.12735242457068882
1.5	0.1270928668421491
1.505	0.12683426545718782
1.51	0.12657661390992797
1.515	0.12631990575143148
1.52	0.12606413458900548
1.525	0.1258092940856469
1.53	0.1255553779595268
1.535	0.12530237998339197
1.54	0.12505029398403442
1.545	0.12479911384172514
1.5499999999999998	0.1245488334896827
1.555	0.12429944691356856
1.5599999999999998	0.12405094815089673
1.565	0.12380333129054295
1.5699999999999998	0.12355659047220674
1.575	0.1233107198859217
1.5799999999999998	0.12306571377153198
1.585	0.12282156641817174
1.5899999999999999	0.12257827216379605
1.595	0.12233582539466543
1.5999999999999999	0.12209422054482516
1.605	0.12185345209569372
1.6099999999999999	0.12161351457553808
1.615	0.12137440255899222
1.6199999999999999	0.12113611066658192
1.625	0.1208986335643069
1.63	0.12066196596313403
1.635	0.12042610261854715
1.64	0.1201910383301265
1.645	0.11995676794106719
1.65	0.11972328633774641
1.655	0.11949058844930688
1.66	0.11925866924719988
1.665	0.11902752374478469
1.67	0.118797146996842
1.6749999999999998	0.11856753409927441
1.68	0.1183386801885518
1.6849999999999998	0.11811058044141441
1.69	0.11788323007440911
1.6949999999999998	0.1176566243434875
1.7	0.11743075854366497
1.7049999999999998	0.11720562800853865
1.71	0.11698122810998186
1.7149999999999999	0.11675755425771984
1.72	0.11653460189894556
1.7249999999999999	0.11631236651798924
1.73	0.11609084363586868
1.7349999999999999	0.11587002881001628
1.74	0.11564991763382132
1.7449999999999999	0.1154305057363381
1.75	0.11521178878191825
1.755	0.11499376246983409
1.76	0.11477642253393931
1.765	0.11455976474235241
1.77	0.11434378489708145
1.775	0.11412847883370113
1.78	0.11391384242102962
1.785	0.11369987156078504
1.79	0.11348656218726164
1.795	0.11327391026700587
1.7999999999999998	0.11306191179852486
1.805	0.11285056281195377
1.8099999999999998	0.11263985936868703
1.815	0.11242979756118854
1.8199999999999998	0.11222037351258482
1.825	0.11201158337640285
1.8299999999999998	0.11180342333628607
1.835	0.1115958896056688
1.8399999999999999	0.11138897842750897
1.845	0.11118268607398014
1.8499999999999999	0.11097700884620716
1.855	0.11077194307395612
1.8599999999999999	0.1105674851153843
1.865	0.11036363135676903
1.8699999999999999	0.11016037821216793
1.875	0.10995772212325591
1.88	0.10975565955895394
1.885	0.10955418701523299
1.89	0.10935330101485198
1.895	0.10915299810703803
1.9	0.10895327486730319
1.905	0.10875412789713086
1.91	0.1085555538237904
1.915	0.10835754930003205
1.92	0.1081601110038687
1.9249999999999998	0.10796323563833331
1.93	0.10776691993123064
1.9349999999999998	0.10757116063492064
1.94	0.10737595452605195
1.9449999999999998	0.10718129840536363
1.95	0.10698718909742674
1.9549999999999998	0.1067936234504586
1.96	0.10660059833601424
1.9649999999999999	0.10640811064891091
1.97	0.10621615730682403
1.9749999999999999	0.10602473525023709
1.98	0.1058338414421474
1.9849999999999999	0.10564347286781392
1.99	0.10545362653465379
1.9949999999999999	0.10526429947195058
2.	0.10507548873067138
2.005	0.10488719138327719
2.01	0.10469940452349684
2.015	0.10451212526617938
2.02	0.10432535074700641
2.025	0.1041390781224045
2.03	0.1039533045692642
2.035	0.10376802728480797
2.04	0.10358324348634552
2.045	0.10339895041116309
2.05	0.10321514531627166
2.0549999999999997	0.10303182547824867
2.06	0.10284898819305745
2.065	0.10266663077588162
2.07	0.10248475056091606
2.0749999999999997	0.10230334490122765
2.08	0.10212241116855547
2.085	0.10194194675314139
2.09	0.10176194906360209
2.0949999999999998	0.10158241552668557
2.1	0.10140334358716721
2.105	0.10122473070766916
2.11	0.1010465743684824
2.1149999999999998	0.1008688720674378
2.12	0.10069162131969213
2.125	0.10051481965764524
2.13	0.10033846463072206
2.135	0.10016255380524448
2.14	0.0999870847642644
2.145	0.09981205510744676
2.15	0.09963746245087969
2.155	0.09946330442693717
2.16	0.09928957868416356
2.165	0.09911628288708534
2.17	0.09894341471608602
2.175	0.09877097186727271
2.18	0.09859895205232323
2.185	0.09842735299835555
2.19	0.09825617244777242
2.195	0.0980854081581653
2.1999999999999997	0.09791505790212991
2.205	0.09774511946716587
2.21	0.09757559065553627
2.215	0.09740646928412128
2.2199999999999998	0.09723775318433898
2.225	0.0970694402019306
2.23	0.09690152819693607
2.235	0.09673401504347218
2.2399999999999998	0.09656689862969534
2.245	0.09640017685759365
2.25	0.09623384764295545
2.255	0.09606790891515683
2.26	0.09590235861712322
2.265	0.0957371947051497
2.27	0.09557241514883091
2.275	0.09540801793089726
2.28	0.0952440010471568
2.285	0.09508036250633636
2.29	0.09491710032998733
2.295	0.0947542125523643
2.3	0.09459169722035465
2.305	0.09442955239329531
2.31	0.09426777614293333
2.315	0.09410636655328568
2.32	0.09394532172054819
2.3249999999999997	0.0937846397529751
2.33	0.09362431877079194
2.335	0.09346435690607069
2.34	0.09330475230266154
2.3449999999999998	0.09314550311605824
2.35	0.09298660751331259
2.355	0.09282806367294957
2.36	0.09266986978484659
2.3649999999999998	0.09251202405014235
2.37	0.09235452468115316
2.375	0.09219736990126587
2.38	0.09204055794485448
2.385	0.09188408705716201
2.39	0.09172795549424272
2.395	0.09157216152284468
2.4	0.09141670342034716
2.405	0.09126157947461336
2.41	0.09110678798398845
2.415	0.09095232725713902
2.42	0.09079819561298712
2.425	0.09064439138063932
2.43	0.0904909128992863
2.435	0.0903377585181236
2.44	0.09018492659625875
2.445	0.09003241550264279
2.4499999999999997	0.08988022361598824
2.455	0.08972834932466156
2.46	0.08957679102663259
2.465	0.08942554712937713
2.4699999999999998	0.08927461604982066
2.475	0.08912399621421832
2.48	0.08897368605811767
2.485	0.08882368402626777
2.4899999999999998	0.08867398857252294
2.495	0.08852459815980936
2.5	0.08837551126000301
2.505	0.08822672635389654
2.51	0.08807824193110088
2.515	0.08793005648997289
2.52	0.08778216853755574
2.525	0.08763457658950678
2.53	0.08748727917000103
2.535	0.0873402748117157
2.54	0.08719356205568166
2.545	0.08704713945129372
2.55	0.0869010055561958
2.555	0.08675515893621406
2.56	0.08660959816532193
2.565	0.08646432182552863
2.57	0.08631932850685288
2.5749999999999997	0.08617461680723677
2.58	0.0860301853324876
2.585	0.08588603269620615
2.59	0.08574215751973788
2.5949999999999998	0.08559855843208429
2.6	0.08545523406987399
2.605	0.08531218307728594
2.61	0.08516940410597008
2.6149999999999998	0.08502689581500211
2.62	0.0848846568708448
2.625	0.0847426859472511
2.63	0.08460098172521817
2.635	0.0844595428929403
2.64	0.0843183681457407
2.645	0.08417745618600729
2.65	0.08403680572315055
2.655	0.08389641547353327
2.66	0.08375628416043239
2.665	0.08361641051395659
2.67	0.08347679327101287
2.675	0.08333743117524856
2.68	0.08319832297698228
2.685	0.08305946743317234
2.69	0.08292086330734222
2.695	0.08278250936954921
2.7	0.0826444043963087
2.705	0.08250654717055736
2.71	0.08236893648160432
2.715	0.08223157112506284
2.7199999999999998	0.08209444990282191
2.725	0.08195757162296884
2.73	0.08182093509977406
2.735	0.0816845391536034
2.7399999999999998	0.08154838261090784
2.745	0.08141246430413474
2.75	0.08127678307171732
2.755	0.0811413377579995
2.76	0.08100612721319361
2.765	0.08087115029335634
2.77	0.0807364058603079
2.775	0.0806018927816073
2.78	0.08046760993049719
2.785	0.08033355618586953
2.79	0.08019973043220821
2.795	0.08006613155954595
2.8	0.07993275846343001
2.8049999999999997	0.07979961004485882
2.81	0.07966668521026549
2.815	0.07953398287144584
2.82	0.07940150194553337
2.825	0.07926924135496137
2.83	0.07913720002739096
2.835	0.07900537689570442
2.84	0.07887377089794409
2.8449999999999998	0.07874238097727368
2.85	0.07861120608194021
2.855	0.07848024516522888
2.86	0.07834949718542847
2.8649999999999998	0.07821896110578531
2.87	0.07808863589446664
2.875	0.07795852052452348
2.88	0.07782861397384441
2.885	0.07769891522512425
2.89	0.07756942326581633
2.895	0.07744013708810932
2.9	0.07731105568887366
2.905	0.07718217806962618
2.91	0.07705350323650613
2.915	0.07692503020021825
2.92	0.07679675797601121
2.925	0.07666868558363842
2.9299999999999997	0.07654081204730831
2.935	0.07641313639567406
2.94	0.07628565766176436
2.945	0.07615837488298292
2.95	0.07603128710104422
2.955	0.07590439336195709
2.96	0.0757776927159777
2.965	0.07565118421758522
2.9699999999999998	0.07552486692544311
2.975	0.0753987399023581
2.98	0.07527280221526331
2.985	0.07514705293516595
2.9899999999999998	0.07502149113712211
2.995	0.07489611590020777
3.	0.07477092630748347
3.005	0.07464592144595665
3.01	0.07452110040655273
3.015	0.07439646228408302
3.02	0.07427200617721577
3.025	0.0741477311884395
3.03	0.07402363642403066
3.035	0.07389972099402413
3.04	0.07377598401219582
3.045	0.07365242459599676
3.05	0.07352904186656196
3.0549999999999997	0.07340583494865446
3.06	0.07328280297064498
3.065	0.07315994506448165
3.07	0.0730372603656511
3.075	0.07291474801316379
3.08	0.072792407149512
3.085	0.07267023692064437
3.09	0.07254823647593844
3.0949999999999998	0.07242640496817178
3.1	0.07230474155349124
3.105	0.07218324539138092
3.11	0.07206191564464505
3.115	0.07194075147936456
3.12	0.07181975206488489
3.125	0.07169891657377128
3.13	0.07157824418179844
3.135	0.07145773406790672
3.14	0.07133738541418816
3.145	0.0712171974058502
3.15	0.07109716923119269
3.155	0.07097730008157918
3.16	0.07085758915141173
3.165	0.07073803563810442
3.17	0.07061863874205285
3.175	0.07049939766661419
3.1799999999999997	0.0703803116180767
3.185	0.07026137980563503
3.19	0.07014260144136125
3.195	0.07002397574018662
3.2	0.06990550191986791
3.205	0.06978717920096708
3.21	0.06966900680682335
3.215	0.06955098396352817
3.2199999999999998	0.06943310989990374
3.225	0.06931538384747085
3.23	0.06919780504043337
3.235	0.06908037271564513
3.24	0.0689630861125887
3.245	0.06884594447335451
3.25	0.06872894704261195
3.255	0.06861209306758317
3.26	0.06849538179802762
3.265	0.06837881248620907
3.27	0.0682623843868776
3.275	0.06814609675724258
3.28	0.0680299488569521
3.285	0.06791393994806579
3.29	0.06779806929503474
3.295	0.06768233616467638
3.3	0.06756673982615265
3.3049999999999997	0.06745127955094535
3.31	0.06733595461283444
3.315	0.06722076428787353
3.32	0.06710570785437096
3.325	0.06699078459286172
3.33	0.0668759937860903
3.335	0.06676133471898218
3.34	0.0666468066786288
3.3449999999999998	0.06653240895425797
3.35	0.06641814083721748
3.355	0.06630400162094864
3.36	0.06618999060096756
3.365	0.06607610707483999
3.37	0.06596235034216352
3.375	0.06584871970454233
3.38	0.0657352144655662
3.385	0.06562183393078927
3.39	0.06550857740770961
3.395	0.06539544420574607
3.4	0.06528243363621786
3.405	0.06516954501232144
3.41	0.06505677764911241
3.415	0.06494413086348078
3.42	0.06483160397413232
3.425	0.06471919630156664
3.4299999999999997	0.06460690716805752
3.435	0.06449473589762796
3.44	0.06438268181603465
3.445	0.06427074425074035
3.45	0.06415892253090456
3.455	0.06404721598734914
3.46	0.06393562395254464
3.465	0.06382414576059034
3.4699999999999998	0.06371278074719394
3.475	0.06360152824964661
3.48	0.06349038760680482
3.485	0.06337935815907392
3.49	0.06326843924838203
3.495	0.0631576302181621
3.5	0.06304693041332876
3.505	0.06293633918026752
3.51	0.0628258558667981
3.515	0.06271547982217511
3.52	0.0626052103970451
3.525	0.062495046943445993
3.53	0.06238498881477666
3.535	0.06227503536577849
3.54	0.062165185952515016
3.545	0.06205543993235331
3.55	0.06194579666394618
3.5549999999999997	0.06183625550720691
3.56	0.06172681582329252
3.565	0.06161747697458198
3.5700000000000003	0.06150823832466148
3.575	0.06139909923829384
3.58	0.06129005908141045
3.585	0.061181117221087926
3.59	0.0610722730255205
3.5949999999999998	0.0609635258640109
3.5999999999999996	0.060854875106946635
3.605	0.06074632012577249
3.61	0.06063786029298826
3.615	0.06052949498211004
3.62	0.06042122356766028
3.625	0.06031304542514903
3.63	0.06020495993104915
3.635	0.060096966462778026
3.6399999999999997	0.05998906439867985
3.645	0.05988125311800616
3.65	0.059773532000889
3.6550000000000002	0.05966590042833178
3.66	0.0595583577821782
3.665	0.05945090344510386
3.67	0.05934353680058534
3.675	0.05923625723289027
3.6799999999999997	0.05912906412704962
3.685	0.059021956868835296
3.69	0.0589149348447582
3.6950000000000003	0.05880799744202465
3.7	0.05870114404852887
3.705	0.05859437405283665
3.71	0.058487686844151426
3.715	0.05838108181231455
3.7199999999999998	0.05827455834775558
3.7249999999999996	0.05816811584150355
3.73	0.058061753685149584
3.735	0.057955471270827605
3.74	0.05784926799119642
3.745	0.057743143239417934
3.75	0.05763709640914401
3.755	0.057531126894480124
3.76	0.05742523408997822
3.7649999999999997	0.05731941739061728
3.77	0.05721367619177089
3.775	0.0571080098891945
3.7800000000000002	0.057002417879007956
3.785	0.05689689955766821
3.79	0.05679145432194775
3.795	0.05668608156891799
3.8	0.05658078069592672
3.8049999999999997	0.056475551100580966
3.81	0.0563703921807134
3.815	0.05626530333437482
3.8200000000000003	0.05616028395980646
3.825	0.05605533345542277
3.83	0.055950451219781476
3.835	0.05584563665156974
3.84	0.05574088914958248
3.8449999999999998	0.05563620811269464
3.8499999999999996	0.055531592939841355
3.855	0.05542704303000416
3.86	0.05532255778218143
3.865	0.05521813659535706
3.87	0.0551137788685009
3.875	0.05500948400053052
3.88	0.054905251390288276
3.885	0.05480108043652515
3.8899999999999997	0.054696970537883347
3.895	0.054592921092848364
3.9	0.05448893149975742
3.9050000000000002	0.05438500115675949
3.91	0.054281129461794746
3.915	0.054177315812576
3.92	0.0540735596065467
3.925	0.053969860240885834
3.9299999999999997	0.05386621711247221
3.935	0.05376262961784683
3.94	0.05365909715320553
3.9450000000000003	0.05355561911437835
3.95	0.05345219489678321
3.955	0.05334882389542418
3.96	0.05324550550485736
3.965	0.0531422391191662
3.9699999999999998	0.05303902413192902
3.9749999999999996	0.052935859936217425
3.98	0.05283274592455205
3.985	0.052729681488872276
3.99	0.052626666020523884
3.995	0.05252369891022904
4.	0.05242077954806288
4.005	0.05231790732342816
4.01	0.05221508162501038
4.015	0.05211230184077905
4.02	0.05200956735795312
4.025	0.05190687756295251
4.03	0.051804231841403196
4.035	0.05170162957808326
4.04	0.05159907015691645
4.045	0.05149655296093129
4.05	0.051394077372223346
4.055	0.05129164277196669
4.0600000000000005	0.051189248540337316
4.0649999999999995	0.05108689405651164
4.07	0.050984578698632606
4.075	0.050882301843783596
4.08	0.050780062867946174
4.085	0.05067786114599131
4.09	0.050575696051624215
4.095	0.05047356695738082
4.1	0.05037147323457266
4.105	0.05026941425328064
4.109999999999999	0.05016738938228168
4.115	0.05006539798909283
4.12	0.049963439439853284
4.125	0.04986151309934764
4.13	0.0497596183309575
4.135	0.049657754496633545
4.14	0.04955592095685042
4.145	0.04945411707058819
4.15	0.04935234219529459
4.155	0.04925059568685051
4.16	0.04914887689951425
4.165	0.0490471851859392
4.17	0.048945519897082804
4.175	0.0488438803822052
4.18	0.04874226598883329
4.1850000000000005	0.04864067606269253
4.1899999999999995	0.04853910994771078
4.195	0.04843756698596268
4.2	0.04833604651762872
4.205	0.04823454788096256
4.21	0.04813307041225878
4.215	0.04803161344580446
4.22	0.0479301763138574
4.225	0.04782875834658116
4.23	0.047727358872010246
4.234999999999999	0.04762597721604433
4.24	0.04752461270235811
4.245	0.047423264652395346
4.25	0.04732193238532957
4.255	0.04722061521797479
4.26	0.04711931246479461
4.265	0.04701802343784766
4.27	0.046916747446735754
4.275	0.04681548379854478
4.28	0.04671423179783643
4.285	0.04661299074656827
4.29	0.04651175994407227
4.295	0.04641053868699442
4.3	0.046309326269263346
4.305	0.04620812198201772
4.3100000000000005	0.04610692511357125
4.3149999999999995	0.04600573494938235
4.32	0.04590455077198505
4.325	0.04580337186091351
4.33	0.04570219749271349
4.335	0.045601026940849415
4.34	0.04549985947565334
4.345	0.045398694364278194
4.35	0.045297530870647564
4.355	0.04519636825541064
4.359999999999999	0.045095205775859945
4.365	0.044994042685909966
4.37	0.04489287823600706
4.375	0.04479171167309537
4.38	0.04469054224055568
4.385	0.04458936917814507
4.39	0.04448819172192744
4.395	0.04438700910422731
4.4	0.04428582055356423
4.405	0.044184625294591794
4.41	0.044083422548017434
4.415	0.043982211530581815
4.42	0.04388099145494191
4.425	0.043779761529643045
4.43	0.04367852095903249
4.4350000000000005	0.043577268943199625
4.4399999999999995	0.04347600467791876
4.445	0.04337472735454473
4.45	0.04327343615999296
4.455	0.04317213027660447
4.46	0.04307080888213904
4.465	0.042969471149663416
4.47	0.042868116247472714
4.475	0.04276674333902924
4.48	0.042665351582907525
4.484999999999999	0.042563940132637264
4.49	0.04246250813672125
4.495	0.042361054738486864
4.5	0.042259579076041165
4.505	0.04215808028215905
4.51	0.04205655748421052
4.515	0.041955009804092086
4.52	0.04185343635810031
4.525	0.041751836256894714
4.53	0.04165020860534412
4.535	0.04154855250248627
4.54	0.04144686704142318
4.545	0.04134515130920883
4.55	0.04124340438676041
4.555	0.04114162534877959
4.5600000000000005	0.04103981326362203
4.5649999999999995	0.04093796719321388
4.57	0.04083608619294348
4.575	0.04073416931155525
4.58	0.040632215591062296
4.585	0.0405302240666151
4.59	0.04042819376637041
4.595000000000001	0.040326123711437595
4.6	0.04022401291572601
4.605	0.040121860385830724
4.609999999999999	0.04001966512091671
4.615	0.039917426112615284
4.62	0.03981514234485826
4.625	0.03971281279380987
4.63	0.03961043642769783
4.635	0.039508012206708694
4.640000000000001	0.03940553908282834
4.645	0.03930301599973805
4.65	0.039200441892670995
4.654999999999999	0.03909781568825243
4.66	0.038995136304366955
4.665	0.03889240265006198
4.67	0.03878961362532158
4.675	0.0386867681209498
4.68	0.03858386501845289
4.6850000000000005	0.03848090318984488
4.6899999999999995	0.038377881497486346
4.695	0.038274798793955504
4.7	0.0381716539218322
4.705	0.038068445713607124
4.71	0.03796517299143793
4.715	0.03786183456701378
4.720000000000001	0.03775842924134465
4.725	0.03765495580464168
4.73	0.03755141303606951
4.734999999999999	0.0374477997035802
4.74	0.03734411456374869
4.745	0.037240356361511705
4.75	0.03713652383005523
4.755	0.037032615690536876
4.76	0.03692863065188805
4.765000000000001	0.03682456741066069
4.77	0.036720424650734614
4.775	0.03661620104314857
4.779999999999999	0.036511895245845284
4.785	0.036407505903451
4.79	0.03630303164704775
4.795	0.03619847109391585
4.8	0.036093822847311614
4.805	0.03598908549619379
4.8100000000000005	0.035884257614992705
4.8149999999999995	0.0357793377632909
4.82	0.03567432448565845
4.825	0.03556921631127411
4.83	0.03546401175370243
4.835	0.03535870931062501
4.84	0.03525330746346902
4.845000000000001	0.03514780467721207
4.85	0.03504219940000511
4.855	0.03493649006288079
4.859999999999999	0.03483067507944797
4.865	0.034724752845556
4.87	0.0346187217389368
4.875	0.03451258011892709
4.88	0.034406326326057265
4.885	0.034299958681698176
4.890000000000001	0.034193475487771956
4.895	0.034086875026256874
4.9	0.03398015555892246
4.904999999999999	0.03387331532685692
4.91	0.0337663525500979
4.915	0.03365926542722996
4.92	0.033552052134920095
4.925	0.03344471082756309
4.93	0.03333723963677149
4.9350000000000005	0.03322963667093856
4.9399999999999995	0.033121900014808255
4.945	0.033014027728967846
4.95	0.0329060178493665
4.955	0.03279786838681173
4.96	0.032689577326484635
4.965	0.032581142627378185
4.970000000000001	0.03247256222179477
4.975	0.03236383401477644
4.98	0.03225495588353314
4.984999999999999	0.03214592567685174
4.99	0.03203674121455608
4.995	0.03192740028683807
5.	0.03181790065364139
5.005	0.03170824004404165
5.01	0.031598416155541854
5.015000000000001	0.0314884266534588
5.02	0.03137826917014966
5.025	0.03126794130434418
5.029999999999999	0.031157440620395157
5.035	0.031046764647524566
5.04	0.030935910879033093
5.045	0.03082487677151505
5.05	0.030713659744030966
5.055	0.030602257177262313
5.0600000000000005	0.03049066641262744
5.0649999999999995	0.030378884751415855
5.07	0.03026690945385649
5.075	0.030154737738162296
5.08	0.030042366779532696
5.085	0.02992979370921641
5.09	0.029817015613416382
5.095000000000001	0.02970402953226368
5.1	0.029590832458693893
5.105	0.029477421337328717
5.109999999999999	0.02936379306331396
5.115	0.029249944481136995
5.12	0.029135872383343846
5.125	0.02902157350931877
5.13	0.028907044543956952
5.135	0.028792282116244197
5.14	0.02867728279797076
5.145	0.028562043102185505
5.15	0.02844655948177065
5.155	0.028330828327875292
5.16	0.02821484596832681
5.165	0.028098608666013034
5.17	0.027982112617145758
5.175	0.02786535394954618
5.18	0.027748328720820722
5.185	0.02763103291649661
5.19	0.0275134624480492
5.195	0.027395613150968424
5.2	0.027277480782625107
5.205	0.027159061020153724
5.21	0.02704034945822599
5.215	0.0269213416067531
5.22	0.0268020328885142
5.225	0.026682418636679098
5.23	0.026562494092262252
5.235	0.026442254401447148
5.24	0.026321694612883587
5.245	0.02620080967479215
5.25	0.026079594432046497
5.255	0.025958043623077645
5.26	0.025836151876688983
5.265	0.025713913708770318
5.27	0.025591323518841563
5.275	0.025468375586495468
5.28	0.02534506406766992
5.285	0.02522138299078204
5.29	0.02509732625275314
5.295	0.024972887614772298
5.3	0.02484806069801184
5.305	0.02472283897903545
5.31	0.02459721578511766
5.315	0.024471184289314222
5.32	0.024344737505353094
5.325	0.02421786828226667
5.33	0.024090569298832538
5.335	0.023962833057741086
5.34	0.023834651879529958
5.345	0.02370601789622922
5.35	0.023576923044730483
5.355	0.0234473590598569
5.36	0.02331731746709812
5.365	0.023186789575034242
5.37	0.02305576646737859
5.375	0.02292423899466852
5.38	0.02279219776553265
5.385	0.022659633137563383
5.39	0.022526535207709017
5.395	0.022392893802231854
5.4	0.022258698466135086
5.405	0.022123938452052894
5.41	0.021988602708603186
5.415	0.02185267986810646
5.42	0.02171615823366429
5.425	0.02157902576559705
5.43	0.02144127006709256
5.435	0.021302878369121724
5.44	0.02116383751450987
5.445	0.02102413394114105
5.45	0.020883753664184983
5.455	0.020742682257350514
5.46	0.020600904833036796
5.465	0.020458406021333163
5.47	0.02031516994777841
5.475	0.020171180209781658
5.48	0.02002641985162431
5.485	0.01988087133790837
5.49	0.01973451652536086
5.495	0.019587336632849027
5.5	0.019439312209478525
5.505	0.019290423100602156
5.51	0.019140648411601
5.515	0.01898996646923103
5.52	0.018838354780341036
5.525	0.01868578998773691
5.53	0.01853224782296683
5.535	0.0183777030557212
5.54	0.018222129439592838
5.545	0.018065499653831002
5.55	0.017907785240761358
5.555	0.017748956538425936
5.56	0.017588982608034633
5.565	0.017427831155707358
5.57	0.0172654684479405
5.575	0.017101859220200754
5.58	0.01693696657792404
5.585	0.01677075188914552
5.59	0.01660317466788196
5.595	0.01643419244728002
5.6	0.016263760641387365
5.605	0.016091832394289966
5.61	0.015918358415222766
5.615	0.015743286797904613
5.62	0.015566562822371217
5.625	0.015388128737043752
5.63	0.015207923518694124
5.635	0.015025882607412906
5.64	0.01484193761334378
5.645	0.014656015991510334
5.65	0.014468040680239878
5.655	0.014277929698207698
5.66	0.014085595694090037
5.665	0.013890945441852981
5.67	0.013693879273519843
5.675	0.013494290439475838
5.68	0.013292064384939307
5.6850000000000005	0.01308707792862429
5.69	0.012879198326919845
5.695	0.012668282203477089
5.7	0.01245417431995769
5.705	0.012236706157858048
5.71	0.012015694274942758
5.715	0.01179093839073982
5.72	0.01156221914457834
5.725	0.011329295454966389
5.73	0.011091901390080804
5.735	0.010849742434222251
5.74	0.010602491001029446
5.745	0.010349780999473418
5.75	0.010091201195692541
5.755	0.00982628702837192
5.76	0.009554510412515704
5.765	0.009275266892983578
5.77	0.008987859253867672
5.775	0.008691476310645782
5.78	0.008385165032844763
5.785	0.008067793240375778
5.79	0.007737998659378877
5.795	0.007394117697468966
5.8	0.007034083103301779
5.805	0.006655272089762684
5.8100000000000005	0.006254272031917047
5.815	0.005826501439968306
5.82	0.0053655592020236224
5.825	0.004862017698770415
5.83	0.004300938113355577
5.835	0.0036559213947621205
5.84	0.0028709357333497995
5.845	0.0017684962708692496
5.85	0.
5.855	0.
5.86	0.
5.865	0.
5.87	0.
5.875	0.
5.88	0.
5.885	0.
5.89	0.
5.895	0.
5.9	0.
5.905	0.
5.91	0.
5.915	0.
5.92	0.
5.925	0.
5.93	0.
5.9350000000000005	0.
5.94	0.
5.945	0.
5.95	0.
5.955	0.
5.96	0.
5.965	0.
5.97	0.
5.975	0.
5.98	0.
5.985	0.
5.99	0.
5.995	0.
6.	0.
6.005	0.
6.01	0.
6.015	0.
6.02	0.
6.025	0.
6.03	0.
6.035	0.
6.04	0.
6.045	0.
6.05	0.
6.055	0.
6.0600000000000005	0.
6.065	0.
6.07	0.
6.075	0.
6.08	0.
6.085	0.
6.09	0.
6.095	0.
6.1	0.
6.105	0.
6.11	0.
6.115	0.
6.12	0.
6.125	0.
6.13	0.
6.135	0.
6.140000000000001	0.
6.145	0.
6.15	0.
6.155	0.
6.16	0.
6.165	0.
6.17	0.
6.175	0.
6.18	0.
6.1850000000000005	0.
6.1899999999999995	0.
6.195	0.
6.2	0.
6.205	0.
6.21	0.
6.215	0.
6.22	0.
6.225	0.
6.23	0.
6.235	0.
6.24	0.
6.245	0.
6.25	0.
6.255	0.
6.26	0.
6.265000000000001	0.
6.27	0.
6.275	0.
6.28	0.
6.285	0.
6.29	0.
6.295	0.
6.3	0.
6.305	0.
6.3100000000000005	0.
6.3149999999999995	0.
6.32	0.
6.325	0.
6.33	0.
6.335	0.
6.34	0.
6.345	0.
6.35	0.
6.355	0.
6.36	0.
6.365	0.
6.37	0.
6.375	0.
6.38	0.
6.385	0.
6.390000000000001	0.
6.395	0.
6.4	0.
6.405	0.
6.41	0.
6.415	0.
6.42	0.
6.425	0.
6.43	0.
6.4350000000000005	0.
6.4399999999999995	0.
6.445	0.
6.45	0.
6.455	0.
6.46	0.
6.465	0.
6.47	0.
6.475	0.
6.48	0.
6.485	0.
6.49	0.
6.495	0.
6.5	0.
6.505	0.
6.51	0.
6.515000000000001	0.
6.52	0.
6.525	0.
6.53	0.
6.535	0.
6.54	0.
6.545	0.
6.55	0.
6.555	0.
6.5600000000000005	0.
6.5649999999999995	0.
6.57	0.
6.575	0.
6.58	0.
6.585	0.
6.59	0.
6.595	0.
6.6	0.
6.605	0.
6.61	0.
6.615	0.
6.62	0.
6.625	0.
6.63	0.
6.635	0.
6.640000000000001	0.
6.645	0.
6.65	0.
6.655	0.
6.66	0.
6.665	0.
6.67	0.
6.675	0.
6.68	0.
6.6850000000000005	0.
6.6899999999999995	0.
6.695	0.
6.7	0.
6.705	0.
6.71	0.
6.715	0.
6.72	0.
6.725	0.
6.73	0.
6.735	0.
6.74	0.
6.745	0.
6.75	0.
6.755	0.
6.76	0.
6.765000000000001	0.
6.77	0.
6.775	0.
6.78	0.
6.785	0.
6.79	0.
6.795	0.
6.8	0.
6.805	0.
6.8100000000000005	0.
6.8149999999999995	0.
6.82	0.
6.825	0.
6.83	0.
6.835	0.
6.84	0.
6.845	0.
6.85	0.
6.855	0.
6.86	0.
6.865	0.
6.87	0.
6.875	0.
6.88	0.
6.885	0.
6.890000000000001	0.
6.895	0.
6.9	0.
6.905	0.
6.91	0.
6.915	0.
6.92	0.
6.925	0.
6.93	0.
6.9350000000000005	0.
6.9399999999999995	0.
6.945	0.
6.95	0.
6.955	0.
6.96	0.
6.965	0.
6.97	0.
6.975	0.
6.98	0.
6.985	0.
6.99	0.
6.995	0.
7.	0.
7.005	0.
7.01	0.
7.015000000000001	0.
7.02	0.
7.025	0.
7.03	0.
7.035	0.
7.04	0.
7.045	0.
7.05	0.
7.055	0.
7.0600000000000005	0.
7.0649999999999995	0.
7.07	0.
7.075	0.
7.08	0.
7.085	0.
7.09	0.
7.095	0.
7.1	0.
7.105	0.
7.11	0.
7.115	0.
7.12	0.
7.125	0.
7.13	0.
7.135	0.
7.140000000000001	0.
7.145	0.
7.15	0.
7.155	0.
7.16	0.
7.165	0.
7.17	0.
7.175	0.
7.18	0.
7.1850000000000005	0.
7.1899999999999995	0.
7.195	0.
7.2	0.
7.205	0.
7.21	0.
7.215	0.
7.220000000000001	0.
7.225	0.
7.23	0.
7.234999999999999	0.
7.24	0.
7.245	0.
7.25	0.
7.255	0.
7.26	0.
7.265000000000001	0.
7.27	0.
7.275	0.
7.28	0.
7.285	0.
7.29	0.
7.295	0.
7.300000000000001	0.
7.305	0.
7.3100000000000005	0.
7.3149999999999995	0.
7.32	0.
7.325	0.
7.33	0.
7.335	0.
7.34	0.
7.345000000000001	0.
7.35	0.
7.355	0.
7.359999999999999	0.
7.365	0.
7.37	0.
7.375	0.
7.38	0.
7.385	0.
7.390000000000001	0.
7.395	0.
7.4	0.
7.405	0.
7.41	0.
7.415	0.
7.42	0.
7.425000000000001	0.
7.43	0.
7.4350000000000005	0.
7.4399999999999995	0.
7.445	0.
7.45	0.
7.455	0.
7.46	0.
7.465	0.
7.470000000000001	0.
7.475	0.
7.48	0.
7.484999999999999	0.
7.49	0.
7.495	0.
7.5	0.
7.505	0.
7.51	0.
7.515000000000001	0.
7.52	0.
7.525	0.
7.53	0.
7.535	0.
7.54	0.
7.545	0.
7.550000000000001	0.
7.555	0.
7.5600000000000005	0.
7.5649999999999995	0.
7.57	0.
7.575	0.
7.58	0.
7.585	0.
7.59	0.
7.595000000000001	0.
7.6	0.
7.605	0.
7.609999999999999	0.
7.615	0.
7.62	0.
7.625	0.
7.63	0.
7.635	0.
7.640000000000001	0.
7.645	0.
7.65	0.
7.655	0.
7.66	0.
7.665	0.
7.67	0.
7.675000000000001	0.
7.68	0.
7.685	0.
7.6899999999999995	0.
7.694999999999999	0.
7.699999999999999	0.
7.704999999999999	0.
7.71	0.
7.715	0.
7.72	0.
7.725	0.
7.7299999999999995	0.
7.734999999999999	0.
7.739999999999999	0.
7.744999999999999	0.
7.75	0.
7.755	0.
7.76	0.
7.765	0.
7.77	0.
7.7749999999999995	0.
7.779999999999999	0.
7.784999999999999	0.
7.79	0.
7.795	0.
7.8	0.
7.805	0.
7.81	0.
7.8149999999999995	0.
7.819999999999999	0.
7.824999999999999	0.
7.829999999999999	0.
7.835	0.
7.84	0.
7.845	0.
7.85	0.
7.8549999999999995	0.
7.859999999999999	0.
7.864999999999999	0.
7.869999999999999	0.
7.875	0.
7.88	0.
7.885	0.
7.89	0.
7.895	0.
7.8999999999999995	0.
7.904999999999999	0.
7.909999999999999	0.
7.915	0.
7.92	0.
7.925	0.
7.93	0.
7.935	0.
7.9399999999999995	0.
7.944999999999999	0.
7.949999999999999	0.
7.955	0.
7.96	0.
7.965	0.
7.97	0.
7.975	0.
7.9799999999999995	0.
7.984999999999999	0.
7.989999999999999	0.
7.994999999999999	0.
8.	0.
8.004999999999999	0.
8.01	0.
8.014999999999999	0.
8.02	0.
8.025	0.
8.03	0.
8.035	0.
8.04	0.
8.045	0.
8.049999999999999	0.
8.055	0.
8.059999999999999	0.
8.065	0.
8.07	0.
8.075	0.
8.08	0.
8.084999999999999	0.
8.09	0.
8.094999999999999	0.
8.1	0.
8.105	0.
8.11	0.
8.115	0.
8.12	0.
8.125	0.
8.129999999999999	0.
8.135	0.
8.139999999999999	0.
8.145	0.
8.15	0.
8.155	0.
8.16	0.
8.165	0.
8.17	0.
8.174999999999999	0.
8.18	0.
8.184999999999999	0.
8.19	0.
8.195	0.
8.2	0.
8.205	0.
8.209999999999999	0.
8.215	0.
8.219999999999999	0.
8.225	0.
8.23	0.
8.235	0.
8.24	0.
8.245	0.
8.25	0.
8.254999999999999	0.
8.26	0.
8.264999999999999	0.
8.27	0.
8.275	0.
8.28	0.
8.285	0.
8.29	0.
8.295	0.
8.299999999999999	0.
8.305	0.
8.309999999999999	0.
8.315	0.
8.32	0.
8.325	0.
8.33	0.
8.334999999999999	0.
8.34	0.
8.344999999999999	0.
8.35	0.
8.355	0.
8.36	0.
8.365	0.
8.37	0.
8.375	0.
8.379999999999999	0.
8.385	0.
8.389999999999999	0.
8.395	0.
8.4	0.
8.405	0.
8.41	0.
8.415	0.
8.42	0.
8.424999999999999	0.
8.43	0.
8.434999999999999	0.
8.44	0.
8.445	0.
8.45	0.
8.455	0.
8.459999999999999	0.
8.465	0.
8.469999999999999	0.
8.475	0.
8.48	0.
8.485	0.
8.49	0.
8.495	0.
8.5	0.
8.504999999999999	0.
8.51	0.
8.515	0.
8.52	0.
8.525	0.
8.53	0.
8.535	0.
8.54	0.
8.545	0.
8.549999999999999	0.
8.555	0.
8.559999999999999	0.
8.565	0.
8.57	0.
8.575	0.
8.58	0.
8.584999999999999	0.
8.59	0.
8.594999999999999	0.
8.6	0.
8.605	0.
8.61	0.
8.615	0.
8.62	0.
8.625	0.
8.629999999999999	0.
8.635	0.
8.64	0.
8.645	0.
8.65	0.
8.655	0.
8.66	0.
8.665	0.
8.67	0.
8.674999999999999	0.
8.68	0.
8.684999999999999	0.
8.69	0.
8.695	0.
8.7	0.
8.705	0.
8.709999999999999	0.
8.715	0.
8.719999999999999	0.
8.725	0.
8.73	0.
8.735	0.
8.74	0.
8.745	0.
8.75	0.
8.754999999999999	0.
8.76	0.
8.765	0.
8.77	0.
8.775	0.
8.78	0.
8.785	0.
8.79	0.
8.795	0.
8.799999999999999	0.
8.805	0.
8.809999999999999	0.
8.815	0.
8.82	0.
8.825	0.
8.83	0.
8.834999999999999	0.
8.84	0.
8.844999999999999	0.
8.85	0.
8.855	0.
8.86	0.
8.865	0.
8.87	0.
8.875	0.
8.879999999999999	0.
8.885	0.
8.89	0.
8.895	0.
8.9	0.
8.905	0.
8.91	0.
8.915	0.
8.92	0.
8.924999999999999	0.
8.93	0.
8.934999999999999	0.
8.94	0.
8.945	0.
8.95	0.
8.955	0.
8.959999999999999	0.
8.965	0.
8.969999999999999	0.
8.975	0.
8.98	0.
8.985	0.
8.99	0.
8.995	0.
9.	0.
9.004999999999999	0.
9.01	0.
9.015	0.
9.02	0.
9.025	0.
9.03	0.
9.035	0.
9.04	0.
9.045	0.
9.049999999999999	0.
9.055	0.
9.059999999999999	0.
9.065	0.
9.07	0.
9.075	0.
9.08	0.
9.084999999999999	0.
9.09	0.
9.094999999999999	0.
9.1	0.
9.105	0.
9.11	0.
9.115	0.
9.12	0.
9.125	0.
9.129999999999999	0.
9.135	0.
9.14	0.
9.145	0.
9.15	0.
9.155	0.
9.16	0.
9.165	0.
9.17	0.
9.174999999999999	0.
9.18	0.
9.184999999999999	0.
9.19	0.
9.195	0.
9.2	0.
9.205	0.
9.209999999999999	0.
9.215	0.
9.219999999999999	0.
9.225	0.
9.23	0.
9.235	0.
9.24	0.
9.245	0.
9.25	0.
9.254999999999999	0.
9.26	0.
9.265	0.
9.27	0.
9.275	0.
9.28	0.
9.285	0.
9.29	0.
9.295	0.
9.299999999999999	0.
9.305	0.
9.309999999999999	0.
9.315	0.
9.32	0.
9.325	0.
9.33	0.
9.334999999999999	0.
9.34	0.
9.344999999999999	0.
9.35	0.
9.355	0.
9.36	0.
9.365	0.
9.37	0.
9.375	0.
9.379999999999999	0.
9.385	0.
9.39	0.
9.395	0.
9.4	0.
9.405	0.
9.41	0.
9.415	0.
9.42	0.
9.424999999999999	0.
9.43	0.
9.434999999999999	0.
9.44	0.
9.445	0.
9.45	0.
9.455	0.
9.459999999999999	0.
9.465	0.
9.469999999999999	0.
9.475	0.
9.48	0.
9.485	0.
9.49	0.
9.495	0.
9.5	0.
9.504999999999999	0.
9.51	0.
9.515	0.
9.52	0.
9.525	0.
9.53	0.
9.535	0.
9.54	0.
9.545	0.
9.549999999999999	0.
9.555	0.
9.559999999999999	0.
9.565	0.
9.57	0.
9.575	0.
9.58	0.
9.584999999999999	0.
9.59	0.
9.594999999999999	0.
9.6	0.
9.605	0.
9.61	0.
9.615	0.
9.62	0.
9.625	0.
9.629999999999999	0.
9.635	0.
9.64	0.
9.645	0.
9.65	0.
9.655	0.
9.66	0.
9.665	0.
9.67	0.
9.674999999999999	0.
9.68	0.
9.684999999999999	0.
9.69	0.
9.695	0.
9.7	0.
9.705	0.
9.709999999999999	0.
9.715	0.
9.719999999999999	0.
9.725	0.
9.73	0.
9.735	0.
9.74	0.
9.745	0.
9.75	0.
9.754999999999999	0.
9.76	0.
9.765	0.
9.77	0.
9.774999999999999	0.
9.78	0.
9.785	0.
9.79	0.
9.795	0.
9.8	0.
9.805	0.
9.809999999999999	0.
9.815	0.
9.82	0.
9.825	0.
9.83	0.
9.834999999999999	0.
9.84	0.
9.844999999999999	0.
9.85	0.
9.855	0.
9.86	0.
9.865	0.
9.87	0.
9.875	0.
9.879999999999999	0.
9.885	0.
9.89	0.
9.895	0.
9.899999999999999	0.
9.905	0.
9.91	0.
9.915	0.
9.92	0.
9.925	0.
9.93	0.
9.934999999999999	0.
9.94	0.
9.945	0.
9.95	0.
9.955	0.
9.959999999999999	0.
9.965	0.
9.969999999999999	0.
9.975	0.
9.98	0.
9.985	0.
9.99	0.
9.995	0.
10.	0.
10.004999999999999	0.
10.01	0.
10.015	0.
10.02	0.
10.024999999999999	0.
10.03	0.
10.035	0.
10.04	0.
10.045	0.
10.05	0.
10.055	0.
10.059999999999999	0.
10.065	0.
10.07	0.
10.075	0.
10.08	0.
10.084999999999999	0.
10.09	0.
10.094999999999999	0.
10.1	0.
10.105	0.
10.11	0.
10.115	0.
10.12	0.
10.125	0.
10.129999999999999	0.
10.135	0.
10.14	0.
10.145	0.
10.149999999999999	0.
10.155	0.
10.16	0.
10.165	0.
10.17	0.
10.175	0.
10.18	0.
10.184999999999999	0.
10.19	0.
10.195	0.
10.2	0.
10.205	0.
10.209999999999999	0.
10.215	0.
10.219999999999999	0.
10.225	0.
10.23	0.
10.235	0.
10.24	0.
10.245000000000001	0.
10.250000000000002	0.
10.255	0.
10.260000000000002	0.
10.265	0.
10.270000000000001	0.
10.275	0.
10.280000000000001	0.
10.285	0.
10.290000000000001	0.
10.295000000000002	0.
10.3	0.
10.305000000000001	0.
10.31	0.
10.315000000000001	0.
10.32	0.
10.325000000000001	0.
10.330000000000002	0.
10.335	0.
10.340000000000002	0.
10.345	0.
10.350000000000001	0.
10.355	0.
10.360000000000001	0.
10.365	0.
10.370000000000001	0.
10.375000000000002	0.
10.38	0.
10.385000000000002	0.
10.39	0.
10.395000000000001	0.
10.4	0.
10.405000000000001	0.
10.41	0.
10.415000000000001	0.
10.420000000000002	0.
10.425	0.
10.430000000000001	0.
10.435	0.
10.440000000000001	0.
10.445	0.
10.450000000000001	0.
10.455000000000002	0.
10.46	0.
10.465000000000002	0.
10.47	0.
10.475000000000001	0.
10.48	0.
10.485000000000001	0.
10.49	0.
10.495000000000001	0.
10.500000000000002	0.
10.505	0.
10.510000000000002	0.
10.515	0.
10.520000000000001	0.
10.525	0.
10.530000000000001	0.
10.535	0.
10.540000000000001	0.
10.545000000000002	0.
10.55	0.
10.555000000000001	0.
10.56	0.
10.565000000000001	0.
10.57	0.
10.575000000000001	0.
10.580000000000002	0.
10.585	0.
10.590000000000002	0.
10.595	0.
10.600000000000001	0.
10.605	0.
10.610000000000001	0.
10.615	0.
10.620000000000001	0.
10.625000000000002	0.
10.63	0.
10.635000000000002	0.
10.64	0.
10.645000000000001	0.
10.65	0.
10.655000000000001	0.
10.66	0.
10.665000000000001	0.
10.670000000000002	0.
10.675	0.
10.680000000000001	0.
10.685	0.
10.690000000000001	0.
10.695	0.
10.700000000000001	0.
10.705000000000002	0.
10.71	0.
10.715000000000002	0.
10.72	0.
10.725000000000001	0.
10.73	0.
10.735000000000001	0.
10.74	0.
10.745000000000001	0.
10.750000000000002	0.
10.755	0.
10.760000000000002	0.
10.765	0.
10.770000000000001	0.
10.775	0.
10.780000000000001	0.
10.785	0.
10.790000000000001	0.
10.795000000000002	0.
10.8	0.
10.805000000000001	0.
10.81	0.
10.815000000000001	0.
10.82	0.
10.825000000000001	0.
10.830000000000002	0.
10.835	0.
10.840000000000002	0.
10.845	0.
10.850000000000001	0.
10.855	0.
10.860000000000001	0.
10.865	0.
10.870000000000001	0.
10.875000000000002	0.
10.88	0.
10.885000000000002	0.
10.89	0.
10.895000000000001	0.
10.9	0.
10.905000000000001	0.
10.91	0.
10.915000000000001	0.
10.920000000000002	0.
10.925	0.
10.930000000000001	0.
10.935	0.
10.940000000000001	0.
10.945	0.
10.950000000000001	0.
10.955000000000002	0.
10.96	0.
10.965000000000002	0.
10.97	0.
10.975000000000001	0.
10.98	0.
10.985000000000001	0.
10.99	0.
10.995000000000001	0.
11.000000000000002	0.
11.005	0.
11.010000000000002	0.
11.015	0.
11.020000000000001	0.
11.025	0.
11.030000000000001	0.
11.035	0.
11.040000000000001	0.
11.045000000000002	0.
11.05	0.
11.055000000000001	0.
11.06	0.
11.065000000000001	0.
11.07	0.
11.075000000000001	0.
11.080000000000002	0.
11.085	0.
11.090000000000002	0.
11.095	0.
11.100000000000001	0.
11.105	0.
11.110000000000001	0.
11.115	0.
11.120000000000001	0.
11.125000000000002	0.
11.13	0.
11.135000000000002	0.
11.14	0.
11.145000000000001	0.
11.15	0.
11.155000000000001	0.
11.16	0.
11.165000000000001	0.
11.170000000000002	0.
11.175	0.
11.180000000000001	0.
11.185	0.
11.190000000000001	0.
11.195	0.
11.200000000000001	0.
11.205000000000002	0.
11.21	0.
11.215000000000002	0.
11.22	0.
11.225000000000001	0.
11.23	0.
11.235000000000001	0.
11.24	0.
11.245000000000001	0.
11.250000000000002	0.
11.255	0.
11.260000000000002	0.
11.265	0.
11.270000000000001	0.
11.275	0.
11.280000000000001	0.
11.285	0.
11.290000000000001	0.
11.295000000000002	0.
11.3	0.
11.305000000000001	0.
11.31	0.
11.315000000000001	0.
11.32	0.
11.325000000000001	0.
11.330000000000002	0.
11.335	0.
11.340000000000002	0.
11.345	0.
11.350000000000001	0.
11.355	0.
11.360000000000001	0.
11.365000000000002	0.
11.370000000000001	0.
11.375000000000002	0.
11.38	0.
11.385000000000002	0.
11.39	0.
11.395000000000001	0.
11.4	0.
11.405000000000001	0.
11.41	0.
11.415000000000001	0.
11.420000000000002	0.
11.425	0.
11.430000000000001	0.
11.435	0.
11.440000000000001	0.
11.445	0.
11.450000000000001	0.
11.455000000000002	0.
11.46	0.
11.465000000000002	0.
11.47	0.
11.475000000000001	0.
11.48	0.
11.485000000000001	0.
11.490000000000002	0.
11.495000000000001	0.
11.500000000000002	0.
11.505	0.
11.510000000000002	0.
11.515	0.
11.520000000000001	0.
11.525	0.
11.530000000000001	0.
11.535	0.
11.540000000000001	0.
11.545000000000002	0.
11.55	0.
11.555000000000001	0.
11.56	0.
11.565000000000001	0.
11.57	0.
11.575000000000001	0.
11.580000000000002	0.
11.585	0.
11.590000000000002	0.
11.595	0.
11.600000000000001	0.
11.605	0.
11.610000000000001	0.
11.615000000000002	0.
11.620000000000001	0.
11.625000000000002	0.
11.63	0.
11.635000000000002	0.
11.64	0.
11.645000000000001	0.
11.65	0.
11.655000000000001	0.
11.66	0.
11.665000000000001	0.
11.670000000000002	0.
11.675	0.
11.680000000000001	0.
11.685	0.
11.690000000000001	0.
11.695	0.
11.700000000000001	0.
11.705000000000002	0.
11.71	0.
11.715000000000002	0.
11.72	0.
11.725000000000001	0.
11.73	0.
11.735000000000001	0.
11.740000000000002	0.
11.745000000000001	0.
11.750000000000002	0.
11.755	0.
11.760000000000002	0.
11.765	0.
11.770000000000001	0.
11.775	0.
11.780000000000001	0.
11.785	0.
11.790000000000001	0.
11.795000000000002	0.
11.8	0.
11.805000000000001	0.
11.81	0.
11.815000000000001	0.
11.82	0.
11.825000000000001	0.
11.830000000000002	0.
11.835	0.
11.840000000000002	0.
11.845	0.
11.850000000000001	0.
11.855	0.
11.860000000000001	0.
11.865000000000002	0.
11.870000000000001	0.
11.875000000000002	0.
11.88	0.
11.885000000000002	0.
11.89	0.
11.895000000000001	0.
11.9	0.
11.905000000000001	0.
11.91	0.
11.915000000000001	0.
11.920000000000002	0.
11.925	0.
11.930000000000001	0.
11.935	0.
11.940000000000001	0.
11.945	0.
11.950000000000001	0.
11.955000000000002	0.
11.96	0.
11.965000000000002	0.
11.97	0.
11.975000000000001	0.
11.98	0.
11.985000000000001	0.
11.990000000000002	0.
11.995000000000001	0.
12.000000000000002	0.
12.005	0.
12.010000000000002	0.
12.015	0.
12.020000000000001	0.
12.025	0.
12.030000000000001	0.
12.035	0.
12.040000000000001	0.
12.045000000000002	0.
12.05	0.
12.055000000000001	0.
12.06	0.
12.065000000000001	0.
12.07	0.
12.075000000000001	0.
12.080000000000002	0.
12.085	0.
12.090000000000002	0.
12.095	0.
12.100000000000001	0.
12.105	0.
12.110000000000001	0.
12.115000000000002	0.
12.120000000000001	0.
12.125000000000002	0.
12.13	0.
12.135000000000002	0.
12.14	0.
12.145000000000001	0.
12.15	0.
12.155000000000001	0.
12.16	0.
12.165000000000001	0.
12.170000000000002	0.
12.175	0.
12.180000000000001	0.
12.185	0.
12.190000000000001	0.
12.195	0.
12.200000000000001	0.
12.205000000000002	0.
12.21	0.
12.215000000000002	0.
12.22	0.
12.225000000000001	0.
12.23	0.
12.235000000000001	0.
12.240000000000002	0.
12.245000000000001	0.
12.25	0.
12.255	0.
12.260000000000002	0.
12.265	0.
12.270000000000001	0.
12.275000000000002	0.
12.280000000000001	0.
12.285	0.
12.290000000000001	0.
12.295000000000002	0.
12.3	0.
12.305000000000001	0.
12.31	0.
12.315000000000001	0.
12.32	0.
12.325000000000001	0.
12.330000000000002	0.
12.335	0.
12.340000000000002	0.
12.345	0.
12.350000000000001	0.
12.355	0.
12.360000000000001	0.
12.365000000000002	0.
12.370000000000001	0.
12.375	0.
12.38	0.
12.385000000000002	0.
12.39	0.
12.395000000000001	0.
12.400000000000002	0.
12.405000000000001	0.
12.41	0.
12.415000000000001	0.
12.420000000000002	0.
12.425	0.
12.430000000000001	0.
12.435	0.
12.440000000000001	0.
12.445	0.
12.450000000000001	0.
12.455000000000002	0.
12.46	0.
12.465000000000002	0.
12.47	0.
12.475000000000001	0.
12.48	0.
12.485000000000001	0.
12.490000000000002	0.
12.495000000000001	0.
12.5	0.
12.505	0.
12.510000000000002	0.
12.515	0.
12.520000000000001	0.
12.525000000000002	0.
12.530000000000001	0.
12.535	0.
12.540000000000001	0.
12.545000000000002	0.
12.55	0.
12.555000000000001	0.
12.56	0.
12.565000000000001	0.
12.57	0.
12.575000000000001	0.
12.580000000000002	0.
12.585	0.
12.590000000000002	0.
12.595	0.
12.600000000000001	0.
12.605	0.
12.610000000000001	0.
12.615000000000002	0.
12.620000000000001	0.
12.625	0.
12.63	0.
12.635000000000002	0.
12.64	0.
12.645000000000001	0.
12.650000000000002	0.
12.655000000000001	0.
12.66	0.
12.665000000000001	0.
12.670000000000002	0.
12.675	0.
12.680000000000001	0.
12.685	0.
12.690000000000001	0.
12.695	0.
12.700000000000001	0.
12.705000000000002	0.
12.71	0.
12.715000000000002	0.
12.72	0.
12.725000000000001	0.
12.73	0.
12.735000000000001	0.
12.740000000000002	0.
12.745000000000001	0.
12.75	0.
12.755	0.
12.760000000000002	0.
12.765	0.
12.770000000000001	0.
12.775000000000002	0.
12.780000000000001	0.
12.785	0.
12.790000000000001	0.
12.795000000000002	0.
12.8	0.
12.805000000000001	0.
12.810000000000002	0.
12.815000000000001	0.
12.820000000000002	0.
12.825000000000001	0.
12.830000000000002	0.
12.835	0.
12.840000000000002	0.
12.845	0.
12.850000000000001	0.
12.855000000000002	0.
12.860000000000001	0.
12.865000000000002	0.
12.870000000000001	0.
12.875000000000002	0.
12.88	0.
12.885000000000002	0.
12.890000000000002	0.
12.895000000000001	0.
12.900000000000002	0.
12.905000000000001	0.
12.910000000000002	0.
12.915000000000001	0.
12.920000000000002	0.
12.925	0.
12.930000000000001	0.
12.935000000000002	0.
12.940000000000001	0.
12.945000000000002	0.
12.950000000000001	0.
12.955000000000002	0.
12.96	0.
12.965000000000002	0.
12.97	0.
12.975000000000001	0.
12.980000000000002	0.
12.985000000000001	0.
12.990000000000002	0.
12.995000000000001	0.
13.000000000000002	0.
13.005	0.
13.010000000000002	0.
13.015000000000002	0.
13.020000000000001	0.
13.025000000000002	0.
13.030000000000001	0.
13.035000000000002	0.
13.040000000000001	0.
13.045000000000002	0.
13.05	0.
13.055000000000001	0.
13.060000000000002	0.
13.065000000000001	0.
13.070000000000002	0.
13.075000000000001	0.
13.080000000000002	0.
13.085	0.
13.090000000000002	0.
13.095	0.
13.100000000000001	0.
13.105000000000002	0.
13.110000000000001	0.
13.115000000000002	0.
13.120000000000001	0.
13.125000000000002	0.
13.13	0.
13.135000000000002	0.
13.140000000000002	0.
13.145000000000001	0.
13.150000000000002	0.
13.155000000000001	0.
13.160000000000002	0.
13.165000000000001	0.
13.170000000000002	0.
13.175	0.
13.180000000000001	0.
13.185000000000002	0.
13.190000000000001	0.
13.195000000000002	0.
13.200000000000001	0.
13.205000000000002	0.
13.21	0.
13.215000000000002	0.
13.220000000000002	0.
13.225000000000001	0.
13.230000000000002	0.
13.235000000000001	0.
13.240000000000002	0.
13.245000000000001	0.
13.250000000000002	0.
13.255	0.
13.260000000000002	0.
13.265000000000002	0.
13.270000000000001	0.
13.275000000000002	0.
13.280000000000001	0.
13.285000000000002	0.
13.290000000000001	0.
13.295000000000002	0.
13.3	0.
13.305000000000001	0.
13.310000000000002	0.
13.315000000000001	0.
13.320000000000002	0.
13.325000000000001	0.
13.330000000000002	0.
13.335	0.
13.340000000000002	0.
13.345000000000002	0.
13.350000000000001	0.
13.355000000000002	0.
13.360000000000001	0.
13.365000000000002	0.
13.370000000000001	0.
13.375000000000002	0.
13.38	0.
13.385000000000002	0.
13.39	0.
13.395000000000001	0.
13.400000000000002	0.
13.405000000000001	0.
13.410000000000002	0.
13.415000000000001	0.
13.420000000000002	0.
13.425	0.
13.430000000000001	0.
13.435000000000002	0.
13.440000000000001	0.
13.445000000000002	0.
13.450000000000001	0.
13.455000000000002	0.
13.46	0.
13.465000000000002	0.
13.470000000000002	0.
13.475000000000001	0.
13.480000000000002	0.
13.485000000000001	0.
13.490000000000002	0.
13.495000000000001	0.
13.500000000000002	0.
13.505	0.
13.510000000000002	0.
13.515	0.
13.520000000000001	0.
13.525000000000002	0.
13.530000000000001	0.
13.535000000000002	0.
13.540000000000001	0.
13.545000000000002	0.
13.55	0.
13.555000000000001	0.
13.560000000000002	0.
13.565000000000001	0.
13.570000000000002	0.
13.575000000000001	0.
13.580000000000002	0.
13.585	0.
13.590000000000002	0.
13.595000000000002	0.
13.600000000000001	0.
13.605000000000002	0.
13.610000000000001	0.
13.615000000000002	0.
13.620000000000001	0.
13.625000000000002	0.
13.63	0.
13.635000000000002	0.
13.64	0.
13.645000000000001	0.
13.650000000000002	0.
13.655000000000001	0.
13.660000000000002	0.
13.665000000000001	0.
13.670000000000002	0.
13.675	0.
13.680000000000001	0.
13.685000000000002	0.
13.690000000000001	0.
13.695000000000002	0.
13.700000000000001	0.
13.705000000000002	0.
13.71	0.
13.715000000000002	0.
13.720000000000002	0.
13.725000000000001	0.
13.730000000000002	0.
13.735000000000001	0.
13.740000000000002	0.
13.745000000000001	0.
13.750000000000002	0.
13.755	0.
13.760000000000002	0.
13.765	0.
13.770000000000001	0.
13.775000000000002	0.
13.780000000000001	0.
13.785000000000002	0.
13.790000000000001	0.
13.795000000000002	0.
13.8	0.
13.805000000000001	0.
13.810000000000002	0.
13.815000000000001	0.
13.820000000000002	0.
13.825000000000001	0.
13.830000000000002	0.
13.835	0.
13.840000000000002	0.
13.845000000000002	0.
13.850000000000001	0.
13.855000000000002	0.
13.860000000000001	0.
13.865000000000002	0.
13.870000000000001	0.
13.875000000000002	0.
13.88	0.
13.885000000000002	0.
13.89	0.
13.895000000000001	0.
13.900000000000002	0.
13.905000000000001	0.
13.910000000000002	0.
13.915000000000001	0.
13.920000000000002	0.
13.925	0.
13.930000000000001	0.
13.935000000000002	0.
13.940000000000001	0.
13.945000000000002	0.
13.950000000000001	0.
13.955000000000002	0.
13.96	0.
13.965000000000002	0.
13.970000000000002	0.
13.975000000000001	0.
13.980000000000002	0.
13.985000000000001	0.
13.990000000000002	0.
13.995000000000001	0.
14.	0.