0.005	0.
0.01	0.
0.015	0.
0.02	0.
0.025	0.
0.030000000000000002	0.
0.034999999999999996	0.
0.04	0.
0.045	0.
0.049999999999999996	0.
0.055	0.
0.06	0.
0.065	0.
0.07	0.
0.07500000000000001	0.
0.08	0.
0.085	0.
0.09000000000000001	0.
0.095	0.
0.1	0.
0.10500000000000001	0.
0.11	0.
0.115	0.
0.12000000000000001	0.
0.125	0.
0.13	0.
0.135	0.
0.14	0.
0.14500000000000002	0.
0.15	0.
0.155	0.06581168845560632
0.16	0.10852713551033757
0.165	0.13529664110367917
0.17	0.15502785262426627
0.17500000000000002	0.17048902283649608
0.18000000000000002	0.1830071704415683
0.185	0.19334988885479953
0.19	0.20201186366081836
0.195	0.20933514280992793
0.2	0.21556819079237227
0.20500000000000002	0.22089817820629995
0.21000000000000002	0.22547008537295948
0.215	0.2293987079032476
0.22	0.23277656992728563
0.225	0.23567934495998638
0.23	0.23816968926872528
0.23500000000000001	0.24030002566552894
0.24000000000000002	0.24211461116384336
0.245	0.24365110267283338
0.25	0.24494176257217692
0.255	0.24601440064102562
0.26	0.24689311950594986
0.265	0.24759891134119705
0.27	0.24815014037171057
0.275	0.2485629365999259
0.28	0.24885151973732508
0.28500000000000003	0.24902846770252682
0.29000000000000004	0.2491049406841981
0.295	0.2490908692840162
0.3	0.24899511339877273
0.305	0.24882559709713956
0.31	0.24858942367401585
0.315	0.2482929742377004
0.32	0.24794199254065394
0.325	0.2475416582586252
0.33	0.24709665052252394
0.335	0.24661120318832697
0.34	0.24608915307428372
0.34500000000000003	0.24553398218793387
0.35000000000000003	0.2449488547975627
0.35500000000000004	0.24433665006557018
0.36	0.24369999084865634
0.365	0.2430412691768304
0.37	0.24236266884624988
0.375	0.2416661854968397
0.38	0.24095364449199966
0.385	0.24022671687280348
0.39	0.23948693362116397
0.395	0.238735698434439
0.4	0.23797429918677585
0.405	0.2372039182293798
0.41000000000000003	0.23642564166215055
0.41500000000000004	0.2356404676922498
0.42000000000000004	0.23484931418063368
0.425	0.23405302546511889
0.43	0.2332523785377557
0.435	0.2324480886449725
0.44	0.23164081437085052
0.445	0.23083116225685932
0.45	0.23001969100528147
0.455	0.2292069153081608
0.46	0.2283933093389795
0.465	0.22757930994012712
0.47000000000000003	0.22676531953565035
0.47500000000000003	0.2259517087955883
0.48000000000000004	0.225138819075412
0.485	0.2243269646516001
0.49	0.22351643477224226
0.495	0.2227074955395877
0.5	0.22190039163976216
0.505	0.22109534793334518
0.51	0.2202925709191525
0.515	0.21949225008236442
0.52	0.21869455913702104
0.525	0.21789965717201928
0.53	0.2171076897087956
0.535	0.2163187896781872
0.54	0.21553307832320354
0.545	0.214750666033871
0.55	0.21397165311972202
0.555	0.21319613052500053
0.56	0.21242418049122228
0.5650000000000001	0.2116558771712861
0.5700000000000001	0.2108912871990051
0.5750000000000001	0.21013047021753567
0.5800000000000001	0.2093734793699448
0.585	0.20862036175482754
0.59	0.20787115884965934
0.595	0.20712590690437727
0.6	0.20638463730739084
0.605	0.2056473769261319
0.61	0.20491414842404002
0.615	0.20418497055570867
0.62	0.2034598584418122
0.625	0.20273882382530237
0.63	0.20202187531018342
0.635	0.20130901858419248
0.64	0.20060025662648515
0.645	0.19989558990140602
0.65	0.19919501653932423
0.655	0.1984985325054603
0.66	0.19780613175752185
0.665	0.19711780639293514
0.67	0.19643354678637778
0.675	0.19575334171831119
0.68	0.19507717849507242
0.685	0.19440504306114698
0.6900000000000001	0.19373692010413404
0.6950000000000001	0.1930727931528725
0.7000000000000001	0.19241264466924568
0.7050000000000001	0.19175645613396788
0.71	0.19110420812692322
0.715	0.1904558804022372
0.72	0.1898114519585341
0.725	0.1891709011046842
0.73	0.18853420552129485
0.735	0.18790134231823546
0.74	0.18727228808848165
0.745	0.18664701895847366
0.75	0.1860255106352222
0.755	0.18540773845038602
0.76	0.18479367740149855
0.765	0.18418330219054285
0.77	0.1835765872599654
0.775	0.18297350682643632
0.78	0.18237403491234674
0.785	0.18177814537525383
0.79	0.1811858119354036
0.795	0.18059700820149133
0.8	0.1800117076945917
0.805	0.1794298838706466
0.81	0.17885151014131367
0.8150000000000001	0.17827655989356092
0.8200000000000001	0.17770500650776055
0.8250000000000001	0.17713682337472322
0.8300000000000001	0.17657198391144951
0.8350000000000001	0.17601046157579792
0.84	0.17545222988021617
0.845	0.17489726240439185
0.85	0.17434553280707224
0.855	0.17379701483701374
0.86	0.17325168234312183
0.865	0.17270950928384443
0.87	0.17217046973588887
0.875	0.17163453790223207
0.88	0.1711016881194992
0.885	0.17057189486468757
0.89	0.17004513276212008
0.895	0.16952137658844013
0.9	0.16900060128636415
0.905	0.16848278192333452
0.91	0.1679678937946673
0.915	0.16745591232325388
0.92	0.1669468131193362
0.925	0.16644057196975953
0.93	0.16593716484260534
0.935	0.16543656788896952
0.9400000000000001	0.16493875744569944
0.9450000000000001	0.1644437100373693
0.9500000000000001	0.16395140237809153
0.9550000000000001	0.16346181137286908
0.9600000000000001	0.1629749141190378
0.965	0.16249068790728163
0.97	0.16200911022270031
0.975	0.1615301587453329
0.98	0.16105381135075522
0.985	0.16058004611055715
0.99	0.16010884129230857
0.995	0.15964017535989358
1.	0.1591740269733125
1.005	0.15871037498852758
1.01	0.15824919845721727
1.015	0.15779047662621748
1.02	0.15733418893729123
1.025	0.15688031502613892
1.0299999999999998	0.1564288347220441
1.035	0.15597972804696894
1.0399999999999998	0.1555329752146953
1.045	0.15508855662988902
1.0499999999999998	0.15464645288721013
1.055	0.15420664477019935
1.0599999999999998	0.15376911325014733
1.065	0.15333383948505688
1.0699999999999998	0.152900804818327
1.075	0.15246999077762347
1.0799999999999998	0.1520413790735168
1.085	0.15161495159821028
1.0899999999999999	0.1511906904241769
1.095	0.150768577802807
1.0999999999999999	0.15034859616298749
1.105	0.14993072810964544
1.1099999999999999	0.14951495642237203
1.115	0.1491012640539068
1.1199999999999999	0.14868963412864747
1.125	0.14828004994117178
1.13	0.14787249495471871
1.135	0.1474669527996897
1.14	0.14706340727203518
1.145	0.14666184233182053
1.15	0.14626224210160982
1.155	0.1458645908649484
1.16	0.14546887306478656
1.1649999999999998	0.14507507330192407
1.17	0.1446831763334781
1.1749999999999998	0.14429316707132253
1.18	0.14390503058048565
1.1849999999999998	0.14351875207766357
1.19	0.14313431692963724
1.1949999999999998	0.14275171065171097
1.2	0.14237091890619105
1.2049999999999998	0.14199192750087145
1.21	0.14161472238745787
1.2149999999999999	0.1412392896600841
1.22	0.1408656155537683
1.2249999999999999	0.14049368644295113
1.23	0.14012348883991577
1.2349999999999999	0.13975500939340338
1.24	0.13938823488704244
1.2449999999999999	0.13902315223793854
1.25	0.13865974849515997
1.255	0.13829801083836252
1.26	0.13793792657628237
1.265	0.13757948314533816
1.27	0.13722266810821115
1.275	0.13686746915245043
1.28	0.1365138740890553
1.285	0.1361618708511323
1.2899999999999998	0.13581144749247134
1.295	0.13546259218626372
1.2999999999999998	0.13511529322368532
1.305	0.13476953901261626
1.3099999999999998	0.1344253180763012
1.315	0.1340826190520292
1.3199999999999998	0.13374143068988578
1.325	0.13340174185142184
1.3299999999999998	0.1330635415084261
1.335	0.13272681874163028
1.3399999999999999	0.1323915627395123
1.345	0.1320577627970431
1.3499999999999999	0.13172540831446916
1.355	0.1313944887961124
1.3599999999999999	0.13106499384919099
1.365	0.13073691318263828
1.3699999999999999	0.1304102366059202
1.375	0.13008495402791043
1.38	0.12976105545573421
1.385	0.12943853099366268
1.39	0.12911737084196598
1.395	0.1287975652958471
1.4	0.12847910474434215
1.405	0.1281619796692329
1.41	0.1278461806440015
1.4149999999999998	0.12753169833276634
1.42	0.12721852348926033
1.4249999999999998	0.12690664695578605
1.43	0.12659605966220455
1.4349999999999998	0.12628675262494582
1.44	0.12597871694600785
1.4449999999999998	0.1256719438119801
1.45	0.12536642449307125
1.4549999999999998	0.1250621503421715
1.46	0.12475911279387626
1.4649999999999999	0.12445730336359453
1.47	0.12415671364659299
1.4749999999999999	0.12385733531710334
1.48	0.12355916012741554
1.4849999999999999	0.1232621799069886
1.49	0.12296638656159055
1.4949999999999999	0.12267177207240887
1.5	0.12237832849519974
1.505	0.12208604795945417
1.51	0.12179492266754688
1.515	0.12150494489392204
1.52	0.12121610698427716
1.525	0.12092840135475055
1.53	0.12064182049114515
1.535	0.12035635694811281
1.54	0.12007200334839882
1.545	0.11978875238208964
1.5499999999999998	0.1195065968058119
1.555	0.1192255294420449
1.5599999999999998	0.11894554317833123
1.565	0.11866663096657576
1.5699999999999998	0.11838878582231792
1.575	0.11811200082401649
1.5799999999999998	0.11783626911237148
1.585	0.11756158388958897
1.5899999999999999	0.11728793841874172
1.595	0.11701532602305942
1.5999999999999999	0.11674374008527959
1.605	0.11647317404698695
1.6099999999999999	0.11620362140795143
1.615	0.1159350757254983
1.6199999999999999	0.11566753061386438
1.625	0.11540097974357634
1.63	0.11513541684083116
1.635	0.11487083568688097
1.64	0.11460723011742921
1.645	0.11434459402204479
1.65	0.11408292134355837
1.655	0.11382220607749544
1.66	0.11356244227147874
1.665	0.11330362402469497
1.67	0.11304574548730272
1.6749999999999998	0.11278880085989848
1.68	0.11253278439296366
1.6849999999999998	0.11227769038633281
1.69	0.11202351318863779
1.6949999999999998	0.11177024719681414
1.7	0.11151788685555077
1.7049999999999998	0.11126642665680733
1.71	0.11101586113927193
1.7149999999999999	0.11076618488789361
1.72	0.1105173925333653
1.7249999999999999	0.11026947875164538
1.73	0.11002243826347413
1.7349999999999999	0.10977626583389921
1.74	0.10953095627179255
1.7449999999999999	0.10928650442940327
1.75	0.10904290520188643
1.755	0.10880015352685808
1.76	0.10855824438393383
1.765	0.1083171727943034
1.77	0.10807693382028251
1.775	0.1078375225648832
1.78	0.10759893417138959
1.785	0.10736116382293567
1.79	0.10712420674207751
1.795	0.10688805819041529
1.7999999999999998	0.10665271346814215
1.805	0.10641816791368515
1.8099999999999998	0.10618441690327637
1.815	0.1059514558505822
1.8199999999999998	0.10571928020630295
1.825	0.10548788545780328
1.8299999999999998	0.1052572671287328
1.835	0.10502742077863371
1.8399999999999999	0.10479834200260249
1.845	0.10457002643090685
1.8499999999999999	0.10434246972862661
1.855	0.10411566759530264
1.8599999999999999	0.10388961576459022
1.865	0.10366431000390317
1.8699999999999999	0.10343974611407807
1.875	0.10321591992902729
1.88	0.1029928273154208
1.885	0.10277046417233028
1.89	0.10254882643092662
1.895	0.10232791005414696
1.9	0.10210771103637145
1.905	0.10188822540311494
1.91	0.10166944921071504
1.915	0.10145137854601743
1.92	0.10123400952608232
1.9249999999999998	0.10101733829787796
1.93	0.10080136103797817
1.9349999999999998	0.10058607395228211
1.94	0.10037147327571147
1.9449999999999998	0.10015755527192821
1.95	0.0999443162330543
1.9549999999999998	0.09973175247938969
1.96	0.09951986035912809
1.9649999999999999	0.09930863624810413
1.97	0.09909807654949622
1.9749999999999999	0.09888817769357436
1.98	0.09867893613743646
1.9849999999999999	0.09847034836474404
1.99	0.09826241088546606
1.9949999999999999	0.0980551202356122
2.	0.0978484729770063
2.005	0.097642465697011
2.01	0.09743709500829069
2.015	0.09723235754857412
2.02	0.09702824998040749
2.025	0.09682476899091408
2.03	0.09662191129156197
2.035	0.0964196736179395
2.04	0.09621805272950867
2.045	0.09601704540937982
2.05	0.09581664846411478
2.0549999999999997	0.09561685872346366
2.06	0.0954176730401677
2.065	0.09521908828974995
2.07	0.09502110137027414
2.0749999999999997	0.09482370920215655
2.08	0.09462690872794076
2.085	0.09443069691210154
2.09	0.09423507074083527
2.0949999999999998	0.094040027221844
2.1	0.09384556338415412
2.105	0.09365167627791315
2.11	0.0934583629741844
2.1149999999999998	0.09326562056475692
2.12	0.09307344616195952
2.125	0.09288183689846555
2.13	0.09269078992710156
2.135	0.09250030242067196
2.14	0.09231037157176246
2.145	0.09212099459257125
2.15	0.09193216871471914
2.155	0.09174389118907651
2.16	0.09155615928559185
2.165	0.09136897029310859
2.17	0.09118232151919332
2.175	0.09099621028998005
2.18	0.09081063394998772
2.185	0.09062558986195425
2.19	0.09044107540668243
2.195	0.09025708798286795
2.1999999999999997	0.09007362500693625
2.205	0.08989068391289803
2.21	0.08970826215217342
2.215	0.08952635719344879
2.2199999999999998	0.0893449665225156
2.225	0.08916408764211871
2.23	0.08898371807181742
2.235	0.08880385534781161
2.2399999999999998	0.08862449702281548
2.245	0.0884456406659055
2.25	0.08826728386237305
2.255	0.08808942421358347
2.26	0.08791205933683104
2.265	0.08773518686520293
2.27	0.08755880444744457
2.275	0.08738290974780968
2.28	0.08720750044593924
2.285	0.08703257423671537
2.29	0.08685812883013806
2.295	0.08668416195118536
2.3	0.08651067133969072
2.305	0.0863376547502112
2.31	0.0861651099518946
2.315	0.08599303472836206
2.32	0.08582142687758221
2.3249999999999997	0.0856502842117442
2.33	0.0854796045571341
2.335	0.08530938575401623
2.34	0.08513962565651918
2.3449999999999998	0.08497032213251285
2.35	0.08480147306348094
2.355	0.08463307634442627
2.36	0.08446512988373651
2.3649999999999998	0.08429763160308322
2.37	0.0841305794373026
2.375	0.08396397133428592
2.38	0.0837978052548723
2.385	0.0836320791727334
2.39	0.08346679107426956
2.395	0.0833019389585109
2.4	0.08313752083698943
2.405	0.0829735347336562
2.41	0.08280997868476711
2.415	0.08264685073879269
2.42	0.08248414895628815
2.425	0.0823218714098258
2.43	0.08216001618387525
2.435	0.08199858137471328
2.44	0.08183756509031728
2.445	0.08167696545028601
2.4499999999999997	0.08151678058572348
2.455	0.081357008639159
2.46	0.0811976477644428
2.465	0.08103869612666569
2.4699999999999998	0.08088015190205618
2.475	0.08072201327788978
2.48	0.08056427845241022
2.485	0.08040694563472818
2.4899999999999998	0.08025001304473676
2.495	0.08009347891302633
2.5	0.0799373414807957
2.505	0.07978159899976521
2.51	0.07962624973209752
2.515	0.07947129195030421
2.52	0.07931672393717042
2.525	0.07916254398567124
2.53	0.07900875039888533
2.535	0.0788553414899184
2.54	0.07870231558182304
2.545	0.0785496710075149
2.55	0.07839740610970211
2.555	0.07824551924079955
2.56	0.07809400876285495
2.565	0.07794287304747236
2.57	0.07779211047573999
2.5749999999999997	0.07764171943814978
2.58	0.07749169833452603
2.585	0.07734204557394851
2.59	0.07719275957468848
2.5949999999999998	0.07704383876412577
2.6	0.07689528157868511
2.605	0.0767470864637624
2.61	0.07659925187365473
2.6149999999999998	0.07645177627149098
2.62	0.07630465812916233
2.625	0.07615789592725891
2.63	0.07601148815499349
2.635	0.07586543331014363
2.64	0.07571972989898008
2.645	0.07557437643620306
2.65	0.07542937144487732
2.655	0.0752847134563649
2.66	0.07514040101026807
2.665	0.07499643265435989
2.67	0.07485280694452072
2.675	0.07470952244468536
2.68	0.07456657772676849
2.685	0.07442397137061574
2.69	0.07428170196393576
2.695	0.07413976810224404
2.7	0.07399816838880185
2.705	0.07385690143455872
2.71	0.07371596585809152
2.715	0.07357536028555416
2.7199999999999998	0.07343508335061029
2.725	0.07329513369438409
2.73	0.07315550996540221
2.735	0.07301621081953794
2.7399999999999998	0.0728772349199552
2.745	0.07273858093705557
2.75	0.07260024754842297
2.755	0.07246223343877116
2.76	0.07232453729988997
2.765	0.07218715783059328
2.77	0.07205009373666427
2.775	0.07191334373080942
2.78	0.07177690653259916
2.785	0.07164078086842551
2.79	0.07150496547144598
2.795	0.07136945908153386
2.8	0.0712342604452339
2.8049999999999997	0.07109936831570746
2.81	0.07096478145268587
2.815	0.07083049862242406
2.82	0.0706965185976482
2.825	0.07056284015751721
2.83	0.07042946208756441
2.835	0.07029638317965915
2.84	0.07016360223195864
2.8449999999999998	0.07003111804886113
2.85	0.06989892944096116
2.855	0.06976703522500606
2.86	0.06963543422384955
2.8649999999999998	0.06950412526640776
2.87	0.06937310718761606
2.875	0.06924237882838709
2.88	0.06911193903556465
2.885	0.0689817866618833
2.89	0.06885192056592429
2.895	0.0687223396120774
2.9	0.06859304267049532
2.905	0.06846402861705199
2.91	0.06833529633330726
2.915	0.06820684470646032
2.92	0.06807867262931229
2.925	0.06795077900022825
2.9299999999999997	0.06782316272309129
2.935	0.06769582270727224
2.94	0.06756875786758264
2.945	0.06744196712424289
2.95	0.06731544940283758
2.955	0.06718920363428456
2.96	0.06706322875479107
2.965	0.06693752370582139
2.9699999999999998	0.06681208743405567
2.975	0.06668691889135808
2.98	0.06656201703473563
2.985	0.06643738082630467
2.9899999999999998	0.06631300923325674
2.995	0.06618890122781866
3.	0.0660650557872216
3.005	0.06594147189366409
3.01	0.06581814853427743
3.015	0.0656950847010943
3.02	0.06557227939100936
3.025	0.06544973160575025
3.03	0.06532744035184189
3.035	0.06520540464057419
3.04	0.06508362348796855
3.045	0.06496209591474524
3.05	0.064840820946292
3.0549999999999997	0.0647197976126301
3.06	0.06459902494838422
3.065	0.0644785019927494
3.07	0.06435822778946083
3.075	0.06423820138676228
3.08	0.06411842183737501
3.085	0.06399888819846718
3.09	0.06387959953162434
3.0949999999999998	0.06376055490281758
3.1	0.0636417533823755
3.105	0.06352319404495281
3.11	0.06340487596950263
3.115	0.06328679823924584
3.12	0.06316895994164322
3.125	0.06305136016836489
3.13	0.06293399801526439
3.135	0.06281687258234862
3.14	0.0626999829737494
3.145	0.06258332829769772
3.15	0.06246690766649325
3.155	0.06235072019647919
3.16	0.062234765008014975
3.165	0.06211904122544626
3.17	0.06200354797708282
3.175	0.06188828439516799
3.1799999999999997	0.06177324961585364
3.185	0.06165844277917479
3.19	0.061543863029022663
3.195	0.06142950951311876
3.2	0.06131538138299021
3.205	0.061201477793942874
3.21	0.06108779790503726
3.215	0.06097434087906381
3.2199999999999998	0.0608611058825163
3.225	0.06074809208556952
3.23	0.06063529866205225
3.235	0.06052272478942491
3.24	0.06041036964875493
3.245	0.06029823242469239
3.25	0.0601863123054471
3.255	0.06007460848276293
3.26	0.05996312015189794
3.265	0.059851846511597556
3.27	0.0597407867640731
3.275	0.059629940114979754
3.28	0.059519305773392366
3.285	0.05940888295178309
3.29	0.05929867086599974
3.295	0.05918866873524237
3.3	0.059078875782043086
3.3049999999999997	0.05896929123224133
3.31	0.058859914314964595
3.315	0.05875074426260656
3.32	0.05864178031080371
3.325	0.058533021698415025
3.33	0.058424467667502485
3.335	0.0583161174633081
3.34	0.05820797033423281
3.3449999999999998	0.05810002553181707
3.35	0.05799228231072025
3.355	0.057884739928699434
3.36	0.057777397646588076
3.365	0.057670254728279594
3.37	0.057563310440703015
3.375	0.057456564053805885
3.38	0.0573500148405337
3.385	0.05724366207680977
3.39	0.0571375050415171
3.395	0.05703154301647828
3.4	0.05692577528643525
3.405	0.056820201139032536
3.41	0.056714819864796345
3.415	0.05660963075711658
3.42	0.056504633112228725
3.425	0.05639982622919346
3.4299999999999997	0.056295209409880094
3.435	0.05619078195894788
3.44	0.05608654318382781
3.445	0.055982492394701905
3.45	0.055878628904491426
3.455	0.05577495202883281
3.46	0.05567146108606144
3.465	0.05556815539719793
3.4699999999999998	0.05546503428592697
3.475	0.05536209707857899
3.48	0.055259343104116426
3.485	0.05515677169411406
3.49	0.055054382182742924
3.495	0.054952173906753984
3.5	0.05485014620545936
3.505	0.05474829842071778
3.51	0.054646629896917105
3.515	0.05454513998095714
3.52	0.054443828022234235
3.525	0.05434269337262458
3.53	0.054241735386469044
3.535	0.05414095342055482
3.54	0.05404034683410174
3.545	0.053939914988744654
3.55	0.053839657248518955
3.5549999999999997	0.05373957297984508
3.56	0.05363966155151169
3.565	0.053539922334660144
3.5700000000000003	0.05344035470277011
3.575	0.05334095803164512
3.58	0.05324173169939328
3.585	0.053142675086418185
3.59	0.053043787575398474
3.5949999999999998	0.05294506855127552
3.5999999999999996	0.052846517401239496
3.605	0.05274813351471034
3.61	0.05264991628332964
3.615	0.05255186510093974
3.62	0.052453979363572566
3.625	0.0523562584694351
3.63	0.05225870181889448
3.635	0.05216130881446267
3.6399999999999997	0.05206407886078549
3.645	0.05196701136462369
3.65	0.051870105734842895
3.6550000000000002	0.05177336138239904
3.66	0.051676777720323766
3.665	0.051580354163710526
3.67	0.051484090129699955
3.675	0.051387985037468845
3.6799999999999997	0.05129203830821603
3.685	0.05119624936514618
3.69	0.05110061763345884
3.6950000000000003	0.05100514254033572
3.7	0.050909823514923895
3.705	0.05081465998832621
3.71	0.0507196513935884
3.715	0.05062479716568345
3.7199999999999998	0.05053009674149817
3.7249999999999996	0.0504355495598247
3.73	0.05034115506134368
3.735	0.050246912688611034
3.74	0.0501528218860496
3.745	0.050058882099930944
3.75	0.04996509277836949
3.755	0.04987145337130154
3.76	0.04977796333048071
3.7649999999999997	0.04968462210946093
3.77	0.04959142916358596
3.775	0.049498383949974856
3.7800000000000002	0.04940548592751381
3.785	0.04931273455684081
3.79	0.04922012930033408
3.795	0.0491276696221006
3.8	0.0490353549879618
3.8049999999999997	0.04894318486545024
3.81	0.04885115872378306
3.815	0.048759276033863305
3.8200000000000003	0.048667536268261695
3.825	0.048575938901207184
3.83	0.04848448340857415
3.835	0.048393169267872606
3.84	0.0483019959582319
3.8449999999999998	0.04821096296039532
3.8499999999999996	0.048120069756705366
3.855	0.048029315831094904
3.86	0.04793870066906917
3.865	0.047848223757703603
3.87	0.04775788458562558
3.875	0.047667682643008996
3.88	0.04757761742155578
3.885	0.04748768841449058
3.8899999999999997	0.04739789511655046
3.895	0.04730823702396733
3.9	0.04721871363446536
3.9050000000000002	0.047129324447242764
3.91	0.047040068962964456
3.915	0.04695094668375227
3.92	0.04686195711317197
3.925	0.04677309975622203
3.9299999999999997	0.046684374119327104
3.935	0.046595779710319835
3.94	0.046507316038437836
3.9450000000000003	0.04641898261431068
3.95	0.04633077894994535
3.955	0.04624270455872107
3.96	0.04615475895537753
3.965	0.04606694165600118
3.9699999999999998	0.04597925217801868
3.9749999999999996	0.04589169004018625
3.98	0.0458042547625764
3.985	0.045716945866569415
3.99	0.04562976287484446
3.995	0.04554270531136558
4.	0.045455772701378294
4.005	0.04536896457138904
4.01	0.04528228044916563
4.015	0.045195719863720236
4.02	0.045109282345302926
4.025	0.04502296742538831
4.03	0.044936774636668134
4.035	0.04485070351304101
4.04	0.04476475358960278
4.045	0.04467892440263331
4.05	0.044593215489591616
4.055	0.04450762638910199
4.0600000000000005	0.04442215664094494
4.0649999999999995	0.0443368057860478
4.07	0.044251573366477455
4.075	0.044166458925425076
4.08	0.044081462007201706
4.085	0.043996582157222734
4.09	0.04391181892200651
4.095	0.04382717184915572
4.1	0.04374264048735179
4.105	0.04365822438635037
4.109999999999999	0.04357392309695672
4.115	0.04348973617103561
4.12	0.04340566316148507
4.125	0.0433217036222354
4.13	0.04323785710824127
4.135	0.04315412317546116
4.14	0.04307050138086215
4.145	0.0429869912824005
4.15	0.04290359243901552
4.155	0.04282030441061975
4.16	0.042737126758088766
4.165	0.042654059043251674
4.17	0.042571100828885974
4.175	0.042488251678699615
4.18	0.04240551115732871
4.1850000000000005	0.0423228788303267
4.1899999999999995	0.042240354264149745
4.195	0.04215793702615658
4.2	0.04207562668458981
4.205	0.04199342280857421
4.21	0.04191132496810085
4.215	0.04182933273402468
4.22	0.04174744567804379
4.225	0.04166566337270276
4.23	0.04158398539138189
4.234999999999999	0.04150241130827259
4.24	0.04142094069838947
4.245	0.04133957313754594
4.25	0.041258308202349894
4.255	0.04117714547019466
4.26	0.041096084519249766
4.265	0.04101512492844806
4.27	0.04093426627748533
4.275	0.040853508146798556
4.28	0.04077285011756476
4.285	0.04069229177168794
4.29	0.04061183269179862
4.295	0.04053147246122937
4.3	0.04045121066401263
4.305	0.04037104688488089
4.3100000000000005	0.040290980709240753
4.3149999999999995	0.04021101172317189
4.32	0.04013113951341962
4.325	0.04005136366738255
4.33	0.03997168377310178
4.335	0.039892099419253195
4.34	0.03981261019513996
4.345	0.03973321569067863
4.35	0.0396539154963943
4.355	0.0395747092034076
4.359999999999999	0.03949559640342727
4.365	0.03941657668873949
4.37	0.03933764965219845
4.375	0.03925881488721777
4.38	0.03918007198776374
4.385	0.03910142054833354
4.39	0.03902286016396538
4.395	0.03894439043020785
4.4	0.038866010943130525
4.405	0.03878772129929445
4.41	0.038709521095760965
4.415	0.03863140993006684
4.42	0.03855338740022584
4.425	0.03847545310471058
4.43	0.038397606642450496
4.4350000000000005	0.038319847612814456
4.4399999999999995	0.03824217561560383
4.445	0.03816459025104846
4.45	0.038087091119790056
4.455	0.038009677822867904
4.46	0.03793234996172393
4.465	0.037855107138178835
4.47	0.03777794895442761
4.475	0.03770087501303142
4.48	0.037623884916902
4.484999999999999	0.03754697826929703
4.49	0.037470154673806544
4.495	0.03739341373434557
4.5	0.03731675505514265
4.505	0.037240178240728755
4.51	0.037163682895922895
4.515	0.037087268625837166
4.52	0.03701093503584749
4.525	0.036934681731595496
4.53	0.036858508318970626
4.535	0.03678241440410637
4.54	0.036706399593367516
4.545	0.0366304634933374
4.55	0.03655460571080787
4.555	0.03647882585277059
4.5600000000000005	0.03640312352640423
4.5649999999999995	0.03632749833906659
4.57	0.03625194989828068
4.575	0.03617647781172562
4.58	0.03610108168722322
4.585	0.03602576113273301
4.59	0.035950515756334754
4.595000000000001	0.03587534516621893
4.6	0.03580024897067918
4.605	0.03572522677809727
4.609999999999999	0.03565027819693287
4.615	0.03557540283571373
4.62	0.035500600303018576
4.625	0.03542587020748152
4.63	0.03535121215775494
4.635	0.035276625762518374
4.640000000000001	0.03520211063046545
4.645	0.03512766637027846
4.65	0.03505329259063413
4.654999999999999	0.03497898890017634
4.66	0.034904754907513706
4.665	0.03483059022120442
4.67	0.03475649444974886
4.675	0.034682467201564864
4.68	0.03460850808499195
4.6850000000000005	0.03453461670826517
4.6899999999999995	0.034460792679511014
4.695	0.03438703560673291
4.7	0.034313345097796766
4.705	0.034239720760417695
4.71	0.03416616220215492
4.715	0.034092669030385374
4.720000000000001	0.03401924085230576
4.725	0.033945877274909685
4.73	0.033872577904973326
4.734999999999999	0.0337993423490497
4.74	0.03372617021345338
4.745	0.03365306110424108
4.75	0.033580014627206285
4.755	0.03350703038785981
4.76	0.03343410799141315
4.765000000000001	0.0333612470427792
4.77	0.03328844714653793
4.775	0.03321570790694387
4.779999999999999	0.033143028927888285
4.785	0.03307040981290795
4.79	0.032997850165155516
4.795	0.03292534958738799
4.8	0.032852907681954466
4.805	0.032780524050784556
4.8100000000000005	0.03270819829536322
4.8149999999999995	0.03263593001672685
4.82	0.03256371881543733
4.825	0.03249156429157787
4.83	0.03241946604472662
4.835	0.03234742367395048
4.84	0.032275436777783675
4.845000000000001	0.032203504954209934
4.85	0.03213162780065505
4.855	0.032059804913962216
4.859999999999999	0.031988035890378554
4.865	0.0319163203255414
4.87	0.031844657814454544
4.875	0.03177304795147912
4.88	0.03170149033031091
4.885	0.03162998454396367
4.890000000000001	0.031558530184760375
4.895	0.03148712684430008
4.9	0.031415774113455294
4.904999999999999	0.03134447158234463
4.91	0.03127321884031428
4.915	0.031202015475929216
4.92	0.031130861076946778
4.925	0.031059755230291693
4.93	0.03098869752206066
4.9350000000000005	0.0309176875374711
4.9399999999999995	0.030846724860869396
4.945	0.030775809075695475
4.95	0.030704939764470217
4.955	0.03063411650877382
4.96	0.030563338889218573
4.965	0.030492606485444988
4.970000000000001	0.030421918876084104
4.975	0.030351275638747663
4.98	0.03028067634999741
4.984999999999999	0.03021012058533252
4.99	0.03013960791916952
4.995	0.03006913792480499
5.	0.029998710174417128
5.005	0.02992832423901922
5.01	0.029857979688454054
5.015000000000001	0.029787676091361105
5.02	0.02971741301516296
5.025	0.029647190026030872
5.029999999999999	0.02957700668886857
5.035	0.029506862567286775
5.04	0.02943675722357621
5.045	0.029366690218690546
5.05	0.029296661112205146
5.055	0.02922666946230976
5.0600000000000005	0.029156714825777297
5.0649999999999995	0.02908679675792746
5.07	0.02901691481261983
5.075	0.02894706854220844
5.08	0.028877257497527686
5.085	0.02880748122785484
5.09	0.02873773928089617
5.095000000000001	0.02866803120274371
5.1	0.028598356537858433
5.105	0.02852871482903154
5.109999999999999	0.028459105617364634
5.115	0.028389528442237223
5.12	0.02831998284127403
5.125	0.02825046835031262
5.13	0.028180984503383286
5.135	0.02811153083266504
5.14	0.028042106868464967
5.145	0.0279727121391754
5.15	0.027903346171251807
5.155	0.027834008489174993
5.16	0.02776469861540981
5.165	0.027695416070390555
5.17	0.027626160372467505
5.175	0.027556931037881302
5.18	0.027487727580726574
5.185	0.027418549512913667
5.19	0.027349396344135732
5.195	0.02728026758182917
5.2	0.02721116273113831
5.205	0.027142081294867153
5.21	0.027073022773461453
5.215	0.027003986664950914
5.22	0.026934972464911423
5.225	0.026865979666436644
5.23	0.02679700776008756
5.235	0.02672805623384958
5.24	0.0266591245730896
5.245	0.026590212260524528
5.25	0.026521318776166477
5.255	0.026452443597275783
5.26	0.026383586198329555
5.265	0.02631474605096284
5.27	0.026245922623928972
5.275	0.026177115383049628
5.28	0.026108323791167395
5.285	0.026039547308098213
5.29	0.025970785390581733
5.295	0.025902037492229545
5.3	0.025833303063470953
5.305	0.025764581551510686
5.31	0.02569587240026764
5.315	0.025627175050318897
5.32	0.02555848893885682
5.325	0.025489813499622937
5.33	0.025421148162850755
5.335	0.025352492355219074
5.34	0.025283845499784012
5.345	0.025215207015922052
5.35	0.025146576319266582
5.355	0.025077952821653277
5.36	0.02500933593105452
5.365	0.02494072505151639
5.37	0.024872119583082934
5.375	0.024803518921753347
5.38	0.024734922459388745
5.385	0.024666329583668902
5.39	0.02459773967799736
5.395	0.02452915212145283
5.4	0.024460566288710045
5.405	0.02439198154995259
5.41	0.024323397270821674
5.415	0.024254812812326665
5.42	0.024186227530760367
5.425	0.0241176407776436
5.43	0.024049051899619086
5.435	0.023980460238385945
5.44	0.02391186513061052
5.445	0.023843265907844125
5.45	0.023774661896439377
5.455	0.023706052417443294
5.46	0.023637436786537312
5.465	0.023568814313922222
5.47	0.023500184304237143
5.475	0.02343154605645361
5.48	0.023362898863792555
5.485	0.023294242013613544
5.49	0.023225574787321467
5.495	0.023156896460258918
5.5	0.02308820630160369
5.505	0.023019503574256958
5.51	0.022950787534748145
5.515	0.022882057433105958
5.52	0.022813312512757616
5.525	0.022744552010402166
5.53	0.022675775155904087
5.535	0.022606981172168847
5.54	0.022538169275010015
5.545	0.022469338673038138
5.55	0.022400488567523174
5.555	0.02233161815226759
5.56	0.02226272661346716
5.565	0.022193813129585148
5.57	0.022124876871197623
5.575	0.02205591700086984
5.58	0.02198693267298868
5.585	0.021917923033633067
5.59	0.02184888722041525
5.595	0.021779824362316697
5.6	0.021710733579547583
5.605	0.021641613983368915
5.61	0.021572464675929996
5.615	0.02150328475011291
5.62	0.02143407328933289
5.625	0.021364829367387497
5.63	0.0212955520482592
5.635	0.021226240385936283
5.64	0.021156893424221786
5.645	0.021087510196540125
5.65	0.02101808972574331
5.655	0.020948631023893195
5.66	0.02087913309207439
5.665	0.02080959492016518
5.67	0.020740015486629088
5.675	0.020670393758285555
5.68	0.020600728690089706
5.6850000000000005	0.02053101922489534
5.69	0.02046126429320639
5.695	0.020391462812950813
5.7	0.020321613689212502
5.705	0.020251715813984245
5.71	0.02018176806589683
5.715	0.020111769309959334
5.72	0.02004171839727205
5.725	0.019971614164744387
5.73	0.01990145543481153
5.735	0.019831241015126302
5.74	0.019760969698263964
5.745	0.019690640261393652
5.75	0.01962025146597417
5.755	0.019549802057408097
5.76	0.019479290764711443
5.765	0.019408716300166728
5.77	0.019338077358960044
5.775	0.019267372618818376
5.78	0.019196600739633238
5.785	0.01912576036307286
5.79	0.01905485011218829
5.795	0.01898386859099915
5.8	0.01891281438408234
5.805	0.01884168605613599
5.8100000000000005	0.018770482151542218
5.815	0.018699201193904055
5.82	0.01862784168558753
5.825	0.018556402107235474
5.83	0.01848488091726822
5.835	0.018413276551386543
5.84	0.018341587422041686
5.845	0.01826981191789338
5.85	0.018197948403259365
5.855	0.018125995217548988
5.86	0.01805395067466638
5.865	0.017981813062411398
5.87	0.01790958064185523
5.875	0.017837251646699418
5.88	0.017764824282611474
5.885	0.017692296726544373
5.89	0.01761966712603486
5.895	0.017546933598477137
5.9	0.017474094230378164
5.905	0.01740114707658203
5.91	0.01732809015947869
5.915	0.0172549214681821
5.92	0.01718163895768553
5.925	0.01710824054798091
5.93	0.017034724123161017
5.9350000000000005	0.0169610875304892
5.94	0.016887328579426455
5.945	0.01681344504064761
5.95	0.01673943464500299
5.955	0.016665295082458724
5.96	0.016591024000997216
5.965	0.01651661900547866
5.97	0.01644207765645982
5.975	0.016367397468985162
5.98	0.016292575911315974
5.985	0.016217610403629696
5.99	0.016142498316669727
5.995	0.016067236970338423
6.	0.01599182363224964
6.005	0.01591625551622336
6.01	0.015840529780725945
6.015	0.015764643527250228
6.02	0.01568859379863866
6.025	0.015612377577339421
6.03	0.015535991783599996
6.035	0.015459433273586069
6.04	0.015382698837436721
6.045	0.01530578519723048
6.05	0.015228689004882515
6.055	0.01515140683995286
6.0600000000000005	0.015073935207371002
6.065	0.014996270535061295
6.07	0.014918409171477203
6.075	0.014840347383033563
6.08	0.014762081351429467
6.085	0.014683607170860188
6.09	0.01460492084511358
6.095	0.014526018284536582
6.1	0.014446895302875856
6.105	0.014367547613979799
6.11	0.014287970828352965
6.115	0.014208160449561082
6.12	0.014128111870471948
6.125	0.014047820369327566
6.13	0.01396728110563629
6.135	0.013886489115874126
6.140000000000001	0.013805439308987021
6.145	0.013724126461678905
6.15	0.013642545213477943
6.155	0.013560690061560498
6.16	0.013478555355328943
6.165	0.013396135290717256
6.17	0.013313423904214517
6.175	0.013230415066592187
6.18	0.013147102476304334
6.1850000000000005	0.013063479652554208
6.1899999999999995	0.012979539927998052
6.195	0.01289527644106473
6.2	0.01281068212786518
6.205	0.012725749713668948
6.21	0.012640471703910486
6.215	0.01255484037470327
6.22	0.012468847762824154
6.225	0.01238248565512509
6.23	0.012295745577345465
6.235	0.012208618782267847
6.24	0.012121096237184483
6.245	0.012033168610610694
6.25	0.011944826258201797
6.255	0.011856059207803048
6.26	0.01176685714357988
6.265000000000001	0.011677209389139121
6.27	0.011587104889585958
6.275	0.011496532192414591
6.28	0.011405479427142285
6.285	0.011313934283600719
6.29	0.011221883988738487
6.295	0.011129315281859646
6.3	0.011036214388113315
6.305	0.010942566990123899
6.3100000000000005	0.010848358197580165
6.3149999999999995	0.010753572514603951
6.32	0.010658193804690802
6.325	0.010562205253017189
6.33	0.010465589325851328
6.335	0.010368327726797492
6.34	0.010270401349559997
6.345	0.010171790226909012
6.35	0.010072473475418581
6.355	0.009972429235597761
6.36	0.00987163460690294
6.365	0.009770065577090155
6.37	0.009667696945299816
6.375	0.009564502238176856
6.38	0.009460453618266881
6.385	0.009355521783735436
6.390000000000001	0.009249675858471841
6.395	0.009142883271356577
6.4	0.009035109623390306
6.405	0.008926318541168958
6.41	0.008816471514929657
6.415	0.008705527719130753
6.42	0.008593443813260456
6.425	0.008480173720072212
6.43	0.008365668378093603
6.4350000000000005	0.008249875464673987
6.4399999999999995	0.008132739085119281
6.445	0.008014199422755565
6.45	0.007894192343718695
6.455	0.007772648949154236
6.46	0.007649495065906444
6.465	0.007524650665192719
6.47	0.007398029196351935
6.475	0.007269536819981766
6.48	0.007139071521309754
6.485	0.007006522080140842
6.49	0.006871766867880815
6.495	0.006734672434966609
6.5	0.006595091842122657
6.505	0.006452862676467406
6.51	0.006307804676412608
6.515000000000001	0.006159716866920789
6.52	0.0060083740758315836
6.525	0.005853522659546486
6.53	0.005694875207293278
6.535	0.005532103908868664
6.54	0.005364832149220292
6.545	0.005192623713846055
6.55	0.005014968719013897
6.555	0.0048312649641742735
6.5600000000000005	0.004640792743837335
6.5649999999999995	0.004442680076716082
6.57	0.004235853481643247
6.575	0.0040189662033851044
6.58	0.003790289814587969
6.585	0.003547543389972353
6.59	0.0032876097466325548
6.595	0.003006031433250446
6.6	0.0026960327176663032
6.605	0.002346373183961178
6.61	0.0019356745837439224
6.615	0.0014116254430236925
6.62	0.0004929554785642341
6.625	0.
6.63	0.
6.635	0.
6.640000000000001	0.
6.645	0.
6.65	0.
6.655	0.
6.66	0.
6.665	0.
6.67	0.
6.675	0.
6.68	0.
6.6850000000000005	0.
6.6899999999999995	0.
6.695	0.
6.7	0.
6.705	0.
6.71	0.
6.715	0.
6.72	0.
6.725	0.
6.73	0.
6.735	0.
6.74	0.
6.745	0.
6.75	0.
6.755	0.
6.76	0.
6.765000000000001	0.
6.77	0.
6.775	0.
6.78	0.
6.785	0.
6.79	0.
6.795	0.
6.8	0.
6.805	0.
6.8100000000000005	0.
6.8149999999999995	0.
6.82	0.
6.825	0.
6.83	0.
6.835	0.
6.84	0.
6.845	0.
6.85	0.
6.855	0.
6.86	0.
6.865	0.
6.87	0.
6.875	0.
6.88	0.
6.885	0.
6.890000000000001	0.
6.895	0.
6.9	0.
6.905	0.
6.91	0.
6.915	0.
6.92	0.
6.925	0.
6.93	0.
6.9350000000000005	0.
6.9399999999999995	0.
6.945	0.
6.95	0.
6.955	0.
6.96	0.
6.965	0.
6.97	0.
6.975	0.
6.98	0.
6.985	0.
6.99	0.
6.995	0.
7.	0.
7.005	0.
7.01	0.
7.015000000000001	0.
7.02	0.
7.025	0.
7.03	0.
7.035	0.
7.04	0.
7.045	0.
7.05	0.
7.055	0.
7.0600000000000005	0.
7.0649999999999995	0.
7.07	0.
7.075	0.
7.08	0.
7.085	0.
7.09	0.
7.095	0.
7.1	0.
7.105	0.
7.11	0.
7.115	0.
7.12	0.
7.125	0.
7.13	0.
7.135	0.
7.140000000000001	0.
7.145	0.
7.15	0.
7.155	0.
7.16	0.
7.165	0.
7.17	0.
7.175	0.
7.18	0.
7.1850000000000005	0.
7.1899999999999995	0.
7.195	0.
7.2	0.
7.205	0.
7.21	0.
7.215	0.
7.220000000000001	0.
7.225	0.
7.23	0.
7.234999999999999	0.
7.24	0.
7.245	0.
7.25	0.
7.255	0.
7.26	0.
7.265000000000001	0.
7.27	0.
7.275	0.
7.28	0.
7.285	0.
7.29	0.
7.295	0.
7.300000000000001	0.
7.305	0.
7.3100000000000005	0.
7.3149999999999995	0.
7.32	0.
7.325	0.
7.33	0.
7.335	0.
7.34	0.
7.345000000000001	0.
7.35	0.
7.355	0.
7.359999999999999	0.
7.365	0.
7.37	0.
7.375	0.
7.38	0.
7.385	0.
7.390000000000001	0.
7.395	0.
7.4	0.
7.405	0.
7.41	0.
7.415	0.
7.42	0.
7.425000000000001	0.
7.43	0.
7.4350000000000005	0.
7.4399999999999995	0.
7.445	0.
7.45	0.
7.455	0.
7.46	0.
7.465	0.
7.470000000000001	0.
7.475	0.
7.48	0.
7.484999999999999	0.
7.49	0.
7.495	0.
7.5	0.
7.505	0.
7.51	0.
7.515000000000001	0.
7.52	0.
7.525	0.
7.53	0.
7.535	0.
7.54	0.
7.545	0.
7.550000000000001	0.
7.555	0.
7.5600000000000005	0.
7.5649999999999995	0.
7.57	0.
7.575	0.
7.58	0.
7.585	0.
7.59	0.
7.595000000000001	0.
7.6	0.
7.605	0.
7.609999999999999	0.
7.615	0.
7.62	0.
7.625	0.
7.63	0.
7.635	0.
7.640000000000001	0.
7.645	0.
7.65	0.
7.655	0.
7.66	0.
7.665	0.
7.67	0.
7.675000000000001	0.
7.68	0.
7.685	0.
7.6899999999999995	0.
7.694999999999999	0.
7.699999999999999	0.
7.704999999999999	0.
7.71	0.
7.715	0.
7.72	0.
7.725	0.
7.7299999999999995	0.
7.734999999999999	0.
7.739999999999999	0.
7.744999999999999	0.
7.75	0.
7.755	0.
7.76	0.
7.765	0.
7.77	0.
7.7749999999999995	0.
7.779999999999999	0.
7.784999999999999	0.
7.79	0.
7.795	0.
7.8	0.
7.805	0.
7.81	0.
7.8149999999999995	0.
7.819999999999999	0.
7.824999999999999	0.
7.829999999999999	0.
7.835	0.
7.84	0.
7.845	0.
7.85	0.
7.8549999999999995	0.
7.859999999999999	0.
7.864999999999999	0.
7.869999999999999	0.
7.875	0.
7.88	0.
7.885	0.
7.89	0.
7.895	0.
7.8999999999999995	0.
7.904999999999999	0.
7.909999999999999	0.
7.915	0.
7.92	0.
7.925	0.
7.93	0.
7.935	0.
7.9399999999999995	0.
7.944999999999999	0.
7.949999999999999	0.
7.955	0.
7.96	0.
7.965	0.
7.97	0.
7.975	0.
7.9799999999999995	0.
7.984999999999999	0.
7.989999999999999	0.
7.994999999999999	0.
8.	0.
8.004999999999999	0.
8.01	0.
8.014999999999999	0.
8.02	0.
8.025	0.
8.03	0.
8.035	0.
8.04	0.
8.045	0.
8.049999999999999	0.
8.055	0.
8.059999999999999	0.
8.065	0.
8.07	0.
8.075	0.
8.08	0.
8.084999999999999	0.
8.09	0.
8.094999999999999	0.
8.1	0.
8.105	0.
8.11	0.
8.115	0.
8.12	0.
8.125	0.
8.129999999999999	0.
8.135	0.
8.139999999999999	0.
8.145	0.
8.15	0.
8.155	0.
8.16	0.
8.165	0.
8.17	0.
8.174999999999999	0.
8.18	0.
8.184999999999999	0.
8.19	0.
8.195	0.
8.2	0.
8.205	0.
8.209999999999999	0.
8.215	0.
8.219999999999999	0.
8.225	0.
8.23	0.
8.235	0.
8.24	0.
8.245	0.
8.25	0.
8.254999999999999	0.
8.26	0.
8.264999999999999	0.
8.27	0.
8.275	0.
8.28	0.
8.285	0.
8.29	0.
8.295	0.
8.299999999999999	0.
8.305	0.
8.309999999999999	0.
8.315	0.
8.32	0.
8.325	0.
8.33	0.
8.334999999999999	0.
8.34	0.
8.344999999999999	0.
8.35	0.
8.355	0.
8.36	0.
8.365	0.
8.37	0.
8.375	0.
8.379999999999999	0.
8.385	0.
8.389999999999999	0.
8.395	0.
8.4	0.
8.405	0.
8.41	0.
8.415	0.
8.42	0.
8.424999999999999	0.
8.43	0.
8.434999999999999	0.
8.44	0.
8.445	0.
8.45	0.
8.455	0.
8.459999999999999	0.
8.465	0.
8.469999999999999	0.
8.475	0.
8.48	0.
8.485	0.
8.49	0.
8.495	0.
8.5	0.
8.504999999999999	0.
8.51	0.
8.515	0.
8.52	0.
8.525	0.
8.53	0.
8.535	0.
8.54	0.
8.545	0.
8.549999999999999	0.
8.555	0.
8.559999999999999	0.
8.565	0.
8.57	0.
8.575	0.
8.58	0.
8.584999999999999	0.
8.59	0.
8.594999999999999	0.
8.6	0.
8.605	0.
8.61	0.
8.615	0.
8.62	0.
8.625	0.
8.629999999999999	0.
8.635	0.
8.64	0.
8.645	0.
8.65	0.
8.655	0.
8.66	0.
8.665	0.
8.67	0.
8.674999999999999	0.
8.68	0.
8.684999999999999	0.
8.69	0.
8.695	0.
8.7	0.
8.705	0.
8.709999999999999	0.
8.715	0.
8.719999999999999	0.
8.725	0.
8.73	0.
8.735	0.
8.74	0.
8.745	0.
8.75	0.
8.754999999999999	0.
8.76	0.
8.765	0.
8.77	0.
8.775	0.
8.78	0.
8.785	0.
8.79	0.
8.795	0.
8.799999999999999	0.
8.805	0.
8.809999999999999	0.
8.815	0.
8.82	0.
8.825	0.
8.83	0.
8.834999999999999	0.
8.84	0.
8.844999999999999	0.
8.85	0.
8.855	0.
8.86	0.
8.865	0.
8.87	0.
8.875	0.
8.879999999999999	0.
8.885	0.
8.89	0.
8.895	0.
8.9	0.
8.905	0.
8.91	0.
8.915	0.
8.92	0.
8.924999999999999	0.
8.93	0.
8.934999999999999	0.
8.94	0.
8.945	0.
8.95	0.
8.955	0.
8.959999999999999	0.
8.965	0.
8.969999999999999	0.
8.975	0.
8.98	0.
8.985	0.
8.99	0.
8.995	0.
9.	0.
9.004999999999999	0.
9.01	0.
9.015	0.
9.02	0.
9.025	0.
9.03	0.
9.035	0.
9.04	0.
9.045	0.
9.049999999999999	0.
9.055	0.
9.059999999999999	0.
9.065	0.
9.07	0.
9.075	0.
9.08	0.
9.084999999999999	0.
9.09	0.
9.094999999999999	0.
9.1	0.
9.105	0.
9.11	0.
9.115	0.
9.12	0.
9.125	0.
9.129999999999999	0.
9.135	0.
9.14	0.
9.145	0.
9.15	0.
9.155	0.
9.16	0.
9.165	0.
9.17	0.
9.174999999999999	0.
9.18	0.
9.184999999999999	0.
9.19	0.
9.195	0.
9.2	0.
9.205	0.
9.209999999999999	0.
9.215	0.
9.219999999999999	0.
9.225	0.
9.23	0.
9.235	0.
9.24	0.
9.245	0.
9.25	0.
9.254999999999999	0.
9.26	0.
9.265	0.
9.27	0.
9.275	0.
9.28	0.
9.285	0.
9.29	0.
9.295	0.
9.299999999999999	0.
9.305	0.
9.309999999999999	0.
9.315	0.
9.32	0.
9.325	0.
9.33	0.
9.334999999999999	0.
9.34	0.
9.344999999999999	0.
9.35	0.
9.355	0.
9.36	0.
9.365	0.
9.37	0.
9.375	0.
9.379999999999999	0.
9.385	0.
9.39	0.
9.395	0.
9.4	0.
9.405	0.
9.41	0.
9.415	0.
9.42	0.
9.424999999999999	0.
9.43	0.
9.434999999999999	0.
9.44	0.
9.445	0.
9.45	0.
9.455	0.
9.459999999999999	0.
9.465	0.
9.469999999999999	0.
9.475	0.
9.48	0.
9.485	0.
9.49	0.
9.495	0.
9.5	0.
9.504999999999999	0.
9.51	0.
9.515	0.
9.52	0.
9.525	0.
9.53	0.
9.535	0.
9.54	0.
9.545	0.
9.549999999999999	0.
9.555	0.
9.559999999999999	0.
9.565	0.
9.57	0.
9.575	0.
9.58	0.
9.584999999999999	0.
9.59	0.
9.594999999999999	0.
9.6	0.
9.605	0.
9.61	0.
9.615	0.
9.62	0.
9.625	0.
9.629999999999999	0.
9.635	0.
9.64	0.
9.645	0.
9.65	0.
9.655	0.
9.66	0.
9.665	0.
9.67	0.
9.674999999999999	0.
9.68	0.
9.684999999999999	0.
9.69	0.
9.695	0.
9.7	0.
9.705	0.
9.709999999999999	0.
9.715	0.
9.719999999999999	0.
9.725	0.
9.73	0.
9.735	0.
9.74	0.
9.745	0.
9.75	0.
9.754999999999999	0.
9.76	0.
9.765	0.
9.77	0.
9.774999999999999	0.
9.78	0.
9.785	0.
9.79	0.
9.795	0.
9.8	0.
9.805	0.
9.809999999999999	0.
9.815	0.
9.82	0.
9.825	0.
9.83	0.
9.834999999999999	0.
9.84	0.
9.844999999999999	0.
9.85	0.
9.855	0.
9.86	0.
9.865	0.
9.87	0.
9.875	0.
9.879999999999999	0.
9.885	0.
9.89	0.
9.895	0.
9.899999999999999	0.
9.905	0.
9.91	0.
9.915	0.
9.92	0.
9.925	0.
9.93	0.
9.934999999999999	0.
9.94	0.
9.945	0.
9.95	0.
9.955	0.
9.959999999999999	0.
9.965	0.
9.969999999999999	0.
9.975	0.
9.98	0.
9.985	0.
9.99	0.
9.995	0.
10.	0.
10.004999999999999	0.
10.01	0.
10.015	0.
10.02	0.
10.024999999999999	0.
10.03	0.
10.035	0.
10.04	0.
10.045	0.
10.05	0.
10.055	0.
10.059999999999999	0.
10.065	0.
10.07	0.
10.075	0.
10.08	0.
10.084999999999999	0.
10.09	0.
10.094999999999999	0.
10.1	0.
10.105	0.
10.11	0.
10.115	0.
10.12	0.
10.125	0.
10.129999999999999	0.
10.135	0.
10.14	0.
10.145	0.
10.149999999999999	0.
10.155	0.
10.16	0.
10.165	0.
10.17	0.
10.175	0.
10.18	0.
10.184999999999999	0.
10.19	0.
10.195	0.
10.2	0.
10.205	0.
10.209999999999999	0.
10.215	0.
10.219999999999999	0.
10.225	0.
10.23	0.
10.235	0.
10.24	0.
10.245000000000001	0.
10.250000000000002	0.
10.255	0.
10.260000000000002	0.
10.265	0.
10.270000000000001	0.
10.275	0.
10.280000000000001	0.
10.285	0.
10.290000000000001	0.
10.295000000000002	0.
10.3	0.
10.305000000000001	0.
10.31	0.
10.315000000000001	0.
10.32	0.
10.325000000000001	0.
10.330000000000002	0.
10.335	0.
10.340000000000002	0.
10.345	0.
10.350000000000001	0.
10.355	0.
10.360000000000001	0.
10.365	0.
10.370000000000001	0.
10.375000000000002	0.
10.38	0.
10.385000000000002	0.
10.39	0.
10.395000000000001	0.
10.4	0.
10.405000000000001	0.
10.41	0.
10.415000000000001	0.
10.420000000000002	0.
10.425	0.
10.430000000000001	0.
10.435	0.
10.440000000000001	0.
10.445	0.
10.450000000000001	0.
10.455000000000002	0.
10.46	0.
10.465000000000002	0.
10.47	0.
10.475000000000001	0.
10.48	0.
10.485000000000001	0.
10.49	0.
10.495000000000001	0.
10.500000000000002	0.
10.505	0.
10.510000000000002	0.
10.515	0.
10.520000000000001	0.
10.525	0.
10.530000000000001	0.
10.535	0.
10.540000000000001	0.
10.545000000000002	0.
10.55	0.
10.555000000000001	0.
10.56	0.
10.565000000000001	0.
10.57	0.
10.575000000000001	0.
10.580000000000002	0.
10.585	0.
10.590000000000002	0.
10.595	0.
10.600000000000001	0.
10.605	0.
10.610000000000001	0.
10.615	0.
10.620000000000001	0.
10.625000000000002	0.
10.63	0.
10.635000000000002	0.
10.64	0.
10.645000000000001	0.
10.65	0.
10.655000000000001	0.
10.66	0.
10.665000000000001	0.
10.670000000000002	0.
10.675	0.
10.680000000000001	0.
10.685	0.
10.690000000000001	0.
10.695	0.
10.700000000000001	0.
10.705000000000002	0.
10.71	0.
10.715000000000002	0.
10.72	0.
10.725000000000001	0.
10.73	0.
10.735000000000001	0.
10.74	0.
10.745000000000001	0.
10.750000000000002	0.
10.755	0.
10.760000000000002	0.
10.765	0.
10.770000000000001	0.
10.775	0.
10.780000000000001	0.
10.785	0.
10.790000000000001	0.
10.795000000000002	0.
10.8	0.
10.805000000000001	0.
10.81	0.
10.815000000000001	0.
10.82	0.
10.825000000000001	0.
10.830000000000002	0.
10.835	0.
10.840000000000002	0.
10.845	0.
10.850000000000001	0.
10.855	0.
10.860000000000001	0.
10.865	0.
10.870000000000001	0.
10.875000000000002	0.
10.88	0.
10.885000000000002	0.
10.89	0.
10.895000000000001	0.
10.9	0.
10.905000000000001	0.
10.91	0.
10.915000000000001	0.
10.920000000000002	0.
10.925	0.
10.930000000000001	0.
10.935	0.
10.940000000000001	0.
10.945	0.
10.950000000000001	0.
10.955000000000002	0.
10.96	0.
10.965000000000002	0.
10.97	0.
10.975000000000001	0.
10.98	0.
10.985000000000001	0.
10.99	0.
10.995000000000001	0.
11.000000000000002	0.
11.005	0.
11.010000000000002	0.
11.015	0.
11.020000000000001	0.
11.025	0.
11.030000000000001	0.
11.035	0.
11.040000000000001	0.
11.045000000000002	0.
11.05	0.
11.055000000000001	0.
11.06	0.
11.065000000000001	0.
11.07	0.
11.075000000000001	0.
11.080000000000002	0.
11.085	0.
11.090000000000002	0.
11.095	0.
11.100000000000001	0.
11.105	0.
11.110000000000001	0.
11.115	0.
11.120000000000001	0.
11.125000000000002	0.
11.13	0.
11.135000000000002	0.
11.14	0.
11.145000000000001	0.
11.15	0.
11.155000000000001	0.
11.16	0.
11.165000000000001	0.
11.170000000000002	0.
11.175	0.
11.180000000000001	0.
11.185	0.
11.190000000000001	0.
11.195	0.
11.200000000000001	0.
11.205000000000002	0.
11.21	0.
11.215000000000002	0.
11.22	0.
11.225000000000001	0.
11.23	0.
11.235000000000001	0.
11.24	0.
11.245000000000001	0.
11.250000000000002	0.
11.255	0.
11.260000000000002	0.
11.265	0.
11.270000000000001	0.
11.275	0.
11.280000000000001	0.
11.285	0.
11.290000000000001	0.
11.295000000000002	0.
11.3	0.
11.305000000000001	0.
11.31	0.
11.315000000000001	0.
11.32	0.
11.325000000000001	0.
11.330000000000002	0.
11.335	0.
11.340000000000002	0.
11.345	0.
11.350000000000001	0.
11.355	0.
11.360000000000001	0.
11.365000000000002	0.
11.370000000000001	0.
11.375000000000002	0.
11.38	0.
11.385000000000002	0.
11.39	0.
11.395000000000001	0.
11.4	0.
11.405000000000001	0.
11.41	0.
11.415000000000001	0.
11.420000000000002	0.
11.425	0.
11.430000000000001	0.
11.435	0.
11.440000000000001	0.
11.445	0.
11.450000000000001	0.
11.455000000000002	0.
11.46	0.
11.465000000000002	0.
11.47	0.
11.475000000000001	0.
11.48	0.
11.485000000000001	0.
11.490000000000002	0.
11.495000000000001	0.
11.500000000000002	0.
11.505	0.
11.510000000000002	0.
11.515	0.
11.520000000000001	0.
11.525	0.
11.530000000000001	0.
11.535	0.
11.540000000000001	0.
11.545000000000002	0.
11.55	0.
11.555000000000001	0.
11.56	0.
11.565000000000001	0.
11.57	0.
11.575000000000001	0.
11.580000000000002	0.
11.585	0.
11.590000000000002	0.
11.595	0.
11.600000000000001	0.
11.605	0.
11.610000000000001	0.
11.615000000000002	0.
11.620000000000001	0.
11.625000000000002	0.
11.63	0.
11.635000000000002	0.
11.64	0.
11.645000000000001	0.
11.65	0.
11.655000000000001	0.
11.66	0.
11.665000000000001	0.
11.670000000000002	0.
11.675	0.
11.680000000000001	0.
11.685	0.
11.690000000000001	0.
11.695	0.
11.700000000000001	0.
11.705000000000002	0.
11.71	0.
11.715000000000002	0.
11.72	0.
11.725000000000001	0.
11.73	0.
11.735000000000001	0.
11.740000000000002	0.
11.745000000000001	0.
11.750000000000002	0.
11.755	0.
11.760000000000002	0.
11.765	0.
11.770000000000001	0.
11.775	0.
11.780000000000001	0.
11.785	0.
11.790000000000001	0.
11.795000000000002	0.
11.8	0.
11.805000000000001	0.
11.81	0.
11.815000000000001	0.
11.82	0.
11.825000000000001	0.
11.830000000000002	0.
11.835	0.
11.840000000000002	0.
11.845	0.
11.850000000000001	0.
11.855	0.
11.860000000000001	0.
11.865000000000002	0.
11.870000000000001	0.
11.875000000000002	0.
11.88	0.
11.885000000000002	0.
11.89	0.
11.895000000000001	0.
11.9	0.
11.905000000000001	0.
11.91	0.
11.915000000000001	0.
11.920000000000002	0.
11.925	0.
11.930000000000001	0.
11.935	0.
11.940000000000001	0.
11.945	0.
11.950000000000001	0.
11.955000000000002	0.
11.96	0.
11.965000000000002	0.
11.97	0.
11.975000000000001	0.
11.98	0.
11.985000000000001	0.
11.990000000000002	0.
11.995000000000001	0.
12.000000000000002	0.
12.005	0.
12.010000000000002	0.
12.015	0.
12.020000000000001	0.
12.025	0.
12.030000000000001	0.
12.035	0.
12.040000000000001	0.
12.045000000000002	0.
12.05	0.
12.055000000000001	0.
12.06	0.
12.065000000000001	0.
12.07	0.
12.075000000000001	0.
12.080000000000002	0.
12.085	0.
12.090000000000002	0.
12.095	0.
12.100000000000001	0.
12.105	0.
12.110000000000001	0.
12.115000000000002	0.
12.120000000000001	0.
12.125000000000002	0.
12.13	0.
12.135000000000002	0.
12.14	0.
12.145000000000001	0.
12.15	0.
12.155000000000001	0.
12.16	0.
12.165000000000001	0.
12.170000000000002	0.
12.175	0.
12.180000000000001	0.
12.185	0.
12.190000000000001	0.
12.195	0.
12.200000000000001	0.
12.205000000000002	0.
12.21	0.
12.215000000000002	0.
12.22	0.
12.225000000000001	0.
12.23	0.
12.235000000000001	0.
12.240000000000002	0.
12.245000000000001	0.
12.25	0.
12.255	0.
12.260000000000002	0.
12.265	0.
12.270000000000001	0.
12.275000000000002	0.
12.280000000000001	0.
12.285	0.
12.290000000000001	0.
12.295000000000002	0.
12.3	0.
12.305000000000001	0.
12.31	0.
12.315000000000001	0.
12.32	0.
12.325000000000001	0.
12.330000000000002	0.
12.335	0.
12.340000000000002	0.
12.345	0.
12.350000000000001	0.
12.355	0.
12.360000000000001	0.
12.365000000000002	0.
12.370000000000001	0.
12.375	0.
12.38	0.
12.385000000000002	0.
12.39	0.
12.395000000000001	0.
12.400000000000002	0.
12.405000000000001	0.
12.41	0.
12.415000000000001	0.
12.420000000000002	0.
12.425	0.
12.430000000000001	0.
12.435	0.
12.440000000000001	0.
12.445	0.
12.450000000000001	0.
12.455000000000002	0.
12.46	0.
12.465000000000002	0.
12.47	0.
12.475000000000001	0.
12.48	0.
12.485000000000001	0.
12.490000000000002	0.
12.495000000000001	0.
12.5	0.
12.505	0.
12.510000000000002	0.
12.515	0.
12.520000000000001	0.
12.525000000000002	0.
12.530000000000001	0.
12.535	0.
12.540000000000001	0.
12.545000000000002	0.
12.55	0.
12.555000000000001	0.
12.56	0.
12.565000000000001	0.
12.57	0.
12.575000000000001	0.
12.580000000000002	0.
12.585	0.
12.590000000000002	0.
12.595	0.
12.600000000000001	0.
12.605	0.
12.610000000000001	0.
12.615000000000002	0.
12.620000000000001	0.
12.625	0.
12.63	0.
12.635000000000002	0.
12.64	0.
12.645000000000001	0.
12.650000000000002	0.
12.655000000000001	0.
12.66	0.
12.665000000000001	0.
12.670000000000002	0.
12.675	0.
12.680000000000001	0.
12.685	0.
12.690000000000001	0.
12.695	0.
12.700000000000001	0.
12.705000000000002	0.
12.71	0.
12.715000000000002	0.
12.72	0.
12.725000000000001	0.
12.73	0.
12.735000000000001	0.
12.740000000000002	0.
12.745000000000001	0.
12.75	0.
12.755	0.
12.760000000000002	0.
12.765	0.
12.770000000000001	0.
12.775000000000002	0.
12.780000000000001	0.
12.785	0.
12.790000000000001	0.
12.795000000000002	0.
12.8	0.
12.805000000000001	0.
12.810000000000002	0.
12.815000000000001	0.
12.820000000000002	0.
12.825000000000001	0.
12.830000000000002	0.
12.835	0.
12.840000000000002	0.
12.845	0.
12.850000000000001	0.
12.855000000000002	0.
12.860000000000001	0.
12.865000000000002	0.
12.870000000000001	0.
12.875000000000002	0.
12.88	0.
12.885000000000002	0.
12.890000000000002	0.
12.895000000000001	0.
12.900000000000002	0.
12.905000000000001	0.
12.910000000000002	0.
12.915000000000001	0.
12.920000000000002	0.
12.925	0.
12.930000000000001	0.
12.935000000000002	0.
12.940000000000001	0.
12.945000000000002	0.
12.950000000000001	0.
12.955000000000002	0.
12.96	0.
12.965000000000002	0.
12.97	0.
12.975000000000001	0.
12.980000000000002	0.
12.985000000000001	0.
12.990000000000002	0.
12.995000000000001	0.
13.000000000000002	0.
13.005	0.
13.010000000000002	0.
13.015000000000002	0.
13.020000000000001	0.
13.025000000000002	0.
13.030000000000001	0.
13.035000000000002	0.
13.040000000000001	0.
13.045000000000002	0.
13.05	0.
13.055000000000001	0.
13.060000000000002	0.
13.065000000000001	0.
13.070000000000002	0.
13.075000000000001	0.
13.080000000000002	0.
13.085	0.
13.090000000000002	0.
13.095	0.
13.100000000000001	0.
13.105000000000002	0.
13.110000000000001	0.
13.115000000000002	0.
13.120000000000001	0.
13.125000000000002	0.
13.13	0.
13.135000000000002	0.
13.140000000000002	0.
13.145000000000001	0.
13.150000000000002	0.
13.155000000000001	0.
13.160000000000002	0.
13.165000000000001	0.
13.170000000000002	0.
13.175	0.
13.180000000000001	0.
13.185000000000002	0.
13.190000000000001	0.
13.195000000000002	0.
13.200000000000001	0.
13.205000000000002	0.
13.21	0.
13.215000000000002	0.
13.220000000000002	0.
13.225000000000001	0.
13.230000000000002	0.
13.235000000000001	0.
13.240000000000002	0.
13.245000000000001	0.
13.250000000000002	0.
13.255	0.
13.260000000000002	0.
13.265000000000002	0.
13.270000000000001	0.
13.275000000000002	0.
13.280000000000001	0.
13.285000000000002	0.
13.290000000000001	0.
13.295000000000002	0.
13.3	0.
13.305000000000001	0.
13.310000000000002	0.
13.315000000000001	0.
13.320000000000002	0.
13.325000000000001	0.
13.330000000000002	0.
13.335	0.
13.340000000000002	0.
13.345000000000002	0.
13.350000000000001	0.
13.355000000000002	0.
13.360000000000001	0.
13.365000000000002	0.
13.370000000000001	0.
13.375000000000002	0.
13.38	0.
13.385000000000002	0.
13.39	0.
13.395000000000001	0.
13.400000000000002	0.
13.405000000000001	0.
13.410000000000002	0.
13.415000000000001	0.
13.420000000000002	0.
13.425	0.
13.430000000000001	0.
13.435000000000002	0.
13.440000000000001	0.
13.445000000000002	0.
13.450000000000001	0.
13.455000000000002	0.
13.46	0.
13.465000000000002	0.
13.470000000000002	0.
13.475000000000001	0.
13.480000000000002	0.
13.485000000000001	0.
13.490000000000002	0.
13.495000000000001	0.
13.500000000000002	0.
13.505	0.
13.510000000000002	0.
13.515	0.
13.520000000000001	0.
13.525000000000002	0.
13.530000000000001	0.
13.535000000000002	0.
13.540000000000001	0.
13.545000000000002	0.
13.55	0.
13.555000000000001	0.
13.560000000000002	0.
13.565000000000001	0.
13.570000000000002	0.
13.575000000000001	0.
13.580000000000002	0.
13.585	0.
13.590000000000002	0.
13.595000000000002	0.
13.600000000000001	0.
13.605000000000002	0.
13.610000000000001	0.
13.615000000000002	0.
13.620000000000001	0.
13.625000000000002	0.
13.63	0.
13.635000000000002	0.
13.64	0.
13.645000000000001	0.
13.650000000000002	0.
13.655000000000001	0.
13.660000000000002	0.
13.665000000000001	0.
13.670000000000002	0.
13.675	0.
13.680000000000001	0.
13.685000000000002	0.
13.690000000000001	0.
13.695000000000002	0.
13.700000000000001	0.
13.705000000000002	0.
13.71	0.
13.715000000000002	0.
13.720000000000002	0.
13.725000000000001	0.
13.730000000000002	0.
13.735000000000001	0.
13.740000000000002	0.
13.745000000000001	0.
13.750000000000002	0.
13.755	0.
13.760000000000002	0.
13.765	0.
13.770000000000001	0.
13.775000000000002	0.
13.780000000000001	0.
13.785000000000002	0.
13.790000000000001	0.
13.795000000000002	0.
13.8	0.
13.805000000000001	0.
13.810000000000002	0.
13.815000000000001	0.
13.820000000000002	0.
13.825000000000001	0.
13.830000000000002	0.
13.835	0.
13.840000000000002	0.
13.845000000000002	0.
13.850000000000001	0.
13.855000000000002	0.
13.860000000000001	0.
13.865000000000002	0.
13.870000000000001	0.
13.875000000000002	0.
13.88	0.
13.885000000000002	0.
13.89	0.
13.895000000000001	0.
13.900000000000002	0.
13.905000000000001	0.
13.910000000000002	0.
13.915000000000001	0.
13.920000000000002	0.
13.925	0.
13.930000000000001	0.
13.935000000000002	0.
13.940000000000001	0.
13.945000000000002	0.
13.950000000000001	0.
13.955000000000002	0.
13.96	0.
13.965000000000002	0.
13.970000000000002	0.
13.975000000000001	0.
13.980000000000002	0.
13.985000000000001	0.
13.990000000000002	0.
13.995000000000001	0.
14.	0.