0.005	0.
0.01	0.
0.015	0.
0.02	0.
0.025	0.
0.030000000000000002	0.
0.034999999999999996	0.
0.04	0.
0.045	0.
0.049999999999999996	0.
0.055	0.
0.06	0.
0.065	0.
0.07	0.
0.07500000000000001	0.
0.08	0.
0.085	0.
0.09000000000000001	0.
0.095	0.
0.1	0.
0.10500000000000001	0.
0.11	0.
0.115	0.
0.12000000000000001	0.
0.125	0.
0.13	0.
0.135	0.
0.14	0.
0.14500000000000002	0.
0.15	0.
0.155	0.
0.16	0.
0.165	0.
0.17	0.
0.17500000000000002	0.06329569774371349
0.18000000000000002	0.09645430728609646
0.185	0.11840818192355894
0.19	0.13500335341183992
0.195	0.14825234051685396
0.2	0.15915500419099193
0.20500000000000002	0.1683009107234478
0.21000000000000002	0.1760748350694075
0.215	0.18274536626168175
0.22	0.18850915333891044
0.225	0.19351537677060313
0.23	0.1978803462999934
0.23500000000000001	0.20169673215907308
0.24000000000000002	0.2050396797865266
0.245	0.2079710159637466
0.25	0.21054223395398333
0.255	0.21279666848992743
0.26	0.21477111631304358
0.265	0.21649706705197289
0.27	0.21800165387262438
0.275	0.21930839850629355
0.28	0.22043780269694507
0.28500000000000003	0.22140782313116697
0.29000000000000004	0.2222342567094773
0.295	0.22293105596850807
0.3	0.22351058945715901
0.305	0.22398385829220313
0.31	0.2243606775002207
0.315	0.22464982882398182
0.32	0.22485919022152462
0.325	0.22499584619550275
0.33	0.22506618224496142
0.335	0.22507596609828232
0.34	0.22503041786425038
0.34500000000000003	0.22493427085404602
0.35000000000000003	0.2247918245082929
0.35500000000000004	0.22460699061102105
0.36	0.22438333377279518
0.365	0.2241241070004744
0.37	0.2238322830413226
0.375	0.22351058207424931
0.38	0.2231614962422052
0.385	0.22278731143169134
0.39	0.22239012665996244
0.395	0.22197187136378604
0.4	0.22153432085557132
0.405	0.22107911016168555
0.41000000000000003	0.22060774644214837
0.41500000000000004	0.22012162015350895
0.42000000000000004	0.2196220150991158
0.425	0.2191101174961244
0.43	0.21858702416536682
0.435	0.2180537499416794
0.44	0.21751123438703152
0.445	0.21696034788350635
0.45	0.21640189716888067
0.455	0.21583663037216475
0.46	0.21526524160113844
0.465	0.2146883751265222
0.47000000000000003	0.2141066292027771
0.47500000000000003	0.21352055955997581
0.48000000000000004	0.21293068260019957
0.485	0.21233747832576153
0.49	0.2117413930236918
0.495	0.21114284173150538
0.5	0.21054221050100957
0.505	0.2099398584822566
0.51	0.2093361198395757
0.515	0.2087313055194083
0.52	0.20812570487812995
0.525	0.20751958718584249
0.53	0.20691320301454197
0.535	0.20630678552129778
0.54	0.20570055163474812
0.545	0.20509470315540473
0.55	0.20448942777142648
0.555	0.20388490000381387
0.56	0.2032812820795595
0.5650000000000001	0.20267872474614462
0.5700000000000001	0.20207736802433957
0.5750000000000001	0.20147734190970887
0.5800000000000001	0.2008787670242754
0.585	0.20028175522377287
0.59	0.19968641016122884
0.595	0.19909282781428084
0.6	0.19850109697381665
0.605	0.19791129970213506
0.61	0.19732351175856677
0.615	0.19673780299788485
0.62	0.19615423774164628
0.625	0.1955728751257139
0.63	0.19499376942417804
0.635	0.1944169703532126
0.64	0.1938425233543576
0.645	0.19327046986083088
0.65	0.1927008475458514
0.655	0.19213369055509646
0.66	0.19156902972547732
0.665	0.19100689278916524
0.67	0.19044730456676068
0.675	0.1898902871444948
0.68	0.18933586004526648
0.685	0.18878404038627422
0.6900000000000001	0.1882348430279431
0.6950000000000001	0.18768828071213597
0.7000000000000001	0.18714436419560734
0.7050000000000001	0.18660310237159733
0.71	0.18606450238635994
0.715	0.18552856974751114
0.72	0.18499530842763773
0.725	0.184464720958733
0.73	0.18393680852519026
0.735	0.18341157104687497
0.74	0.18288900726076676
0.745	0.1823691147959884
0.75	0.18185189024543497
0.755	0.1813373292325543
0.76	0.1808254264740038
0.765	0.18031617584009046
0.77	0.17980957040971218
0.775	0.1793056025245319
0.78	0.17880426383710024
0.785	0.17830554535951665
0.79	0.17780943750635453
0.795	0.17731593013702784
0.8	0.17682501259481526
0.805	0.1763366737439761
0.81	0.17585090200499787
0.8150000000000001	0.1753676853874158
0.8200000000000001	0.17488701152055824
0.8250000000000001	0.17440886768364117
0.8300000000000001	0.17393324083281095
0.8350000000000001	0.17346011762737504
0.84	0.17298948445475287
0.845	0.17252132745322366
0.85	0.17205563253402834
0.855	0.171592385402196
0.86	0.17113157157601683
0.865	0.17067317640452884
0.87	0.17021718508661474
0.875	0.1697635826856961
0.88	0.16931235414546655
0.885	0.16886348430528392
0.89	0.16841695791289904
0.895	0.1679727596373221
0.9	0.16753087408190528
0.905	0.16709128579472263
0.91	0.16665397928005568
0.915	0.16621893900764043
0.92	0.16578614942368347
0.925	0.16535559495812724
0.93	0.16492726003440236
0.935	0.1645011290763438
0.9400000000000001	0.16407718651683428
0.9450000000000001	0.1636554168036245
0.9500000000000001	0.16323580440627675
0.9550000000000001	0.16281833382289382
0.9600000000000001	0.16240298958503827
0.965	0.16198975626387624
0.97	0.16157861847481586
0.975	0.16116956088202694
0.98	0.16076256820382528
0.985	0.16035762521586916
0.99	0.15995471675494535
0.995	0.1595538277245308
1.	0.1591549430845872
1.005	0.15875804790836961
1.01	0.15836312728230356
1.015	0.1579701664115111
1.02	0.15757915057054242
1.025	0.15719006511495293
1.0299999999999998	0.1568028954857566
1.035	0.15641762720927366
1.0399999999999998	0.1560342459004365
1.045	0.1556527372631748
1.0499999999999998	0.1552730870932654
1.055	0.15489528127847377
1.0599999999999998	0.15451930580037207
1.065	0.1541451467354841
1.0699999999999998	0.1537727902564971
1.075	0.15340222263237366
1.0799999999999998	0.1530334302299705
1.085	0.15266639951475514
1.0899999999999999	0.15230111705019064
1.095	0.15193756950021747
1.0999999999999999	0.1515757436279583
1.105	0.15121562629720642
1.1099999999999999	0.1508572044718499
1.115	0.15050046521708554
1.1199999999999999	0.1501453956987924
1.125	0.14979198318377254
1.13	0.1494402150401126
1.135	0.14909007873693345
1.14	0.14874156184439855
1.145	0.14839465203345584
1.15	0.14804933707593837
1.155	0.14770560484417483
1.16	0.14736344331077458
1.1649999999999998	0.14702284054859838
1.17	0.1466837847299746
1.1749999999999998	0.14634626412693855
1.18	0.146010267110341
1.1849999999999998	0.145675782149724
1.19	0.14534279781279497
1.1949999999999998	0.14501130276516153
1.2	0.1446812857693796
1.2049999999999998	0.14435273568546572
1.21	0.14402564146874522
1.2149999999999999	0.14369999217104548
1.22	0.1433757769389121
1.2249999999999999	0.14305298501383615
1.23	0.14273160573082402
1.2349999999999999	0.14241162851906036
1.24	0.1420930428996572
1.2449999999999999	0.14177583848656478
1.25	0.1414600049847655
1.255	0.1411455321904918
1.26	0.1408324099902764
1.265	0.14052062835993367
1.27	0.14021017736426397
1.275	0.13990104715636859
1.28	0.1395932279768149
1.285	0.13928671015325658
1.2899999999999998	0.1389814840993291
1.295	0.13867754031418325
1.2999999999999998	0.13837486938161903
1.305	0.13807346196988632
1.3099999999999998	0.13777330883028735
1.315	0.13747440079669965
1.3199999999999998	0.1371767287855166
1.325	0.13688028379393025
1.3299999999999998	0.13658505689957984
1.335	0.13629103926060904
1.3399999999999999	0.13599822211376297
1.345	0.13570659677414765
1.3499999999999999	0.13541615463497383
1.355	0.135126887166424
1.3599999999999999	0.1348387859148763
1.365	0.1345518425024143
1.3699999999999999	0.13426604862612426
1.375	0.1339813960573002
1.38	0.13369787664069266
1.385	0.13341548229386854
1.39	0.13313420500700954
1.395	0.13285403684135544
1.4	0.13257496992913104
1.405	0.1322969964726339
1.41	0.13202010874393053
1.4149999999999998	0.13174429908353347
1.42	0.13146955990010922
1.4249999999999998	0.13119588367032706
1.43	0.13092326293695292
1.4349999999999998	0.13065169030960963
1.44	0.13038115846300147
1.4449999999999998	0.13011166013682735
1.45	0.12984318813532364
1.4549999999999998	0.12957573532586544
1.46	0.12930929463932186
1.4649999999999999	0.12904385906873247
1.47	0.12877942166890302
1.4749999999999999	0.12851597555550376
1.48	0.12825351390546588
1.4849999999999999	0.12799202995494896
1.49	0.12773151699980545
1.4949999999999999	0.127471968394649
1.5	0.1272133775521797
1.505	0.12695573794248108
1.51	0.1266990430930489
1.515	0.1264432865876904
1.52	0.12618846206571632
1.525	0.12593456322223406
1.53	0.12568158380682734
1.535	0.12542951762334606
1.54	0.12517835852928894
1.545	0.12492810043541298
1.5499999999999998	0.12467873730462657
1.555	0.12443026315237209
1.5599999999999998	0.12418267204533481
1.565	0.12393595810132899
1.5699999999999998	0.12369011548859855
1.575	0.12344513842514356
1.5799999999999998	0.12320102117892272
1.585	0.12295775806629808
1.5899999999999999	0.12271534345267075
1.595	0.12247377175093468
1.5999999999999999	0.122233037421831
1.605	0.12199313497296474
1.6099999999999999	0.12175405895843973
1.615	0.12151580397840558
1.6199999999999999	0.1212783646787725
1.625	0.1210417357506499
1.63	0.12080591192943656
1.635	0.12057088799529962
1.64	0.12033665877180703
1.645	0.12010321912592635
1.65	0.11987056396780701
1.655	0.11963868824969058
1.66	0.11940758696609868
1.665	0.11917725515322834
1.67	0.11894768788829851
1.6749999999999998	0.11871888028936246
1.68	0.11849082751501346
1.6849999999999998	0.11826352476365956
1.69	0.1180369672733812
1.6949999999999998	0.11781115032132759
1.7	0.11758606922348218
1.7049999999999998	0.11736171933421455
1.71	0.11713809604593461
1.7149999999999999	0.11691519478870256
1.72	0.11669301102973485
1.7249999999999999	0.116471540273252
1.73	0.11625077805963104
1.7349999999999999	0.11603071996608644
1.74	0.11581136160506375
1.7449999999999999	0.11559269862432965
1.75	0.11537472670737249
1.755	0.1151574415718112
1.76	0.11494083896973421
1.765	0.11472491468764427
1.77	0.11450966454530004
1.775	0.11429508439621862
1.78	0.11408117012655535
1.785	0.11386791765552146
1.79	0.11365532293450446
1.795	0.11344338194698318
1.7999999999999998	0.11323209070844023
1.805	0.11302144526539394
1.8099999999999998	0.11281144169578841
1.815	0.11260207610842102
1.8199999999999998	0.11239334464231437
1.825	0.11218524346683707
1.8299999999999998	0.11197776878167909
1.835	0.11177091681555243
1.8399999999999999	0.111564683826894
1.845	0.11135906610316187
1.8499999999999999	0.11115405996052317
1.855	0.1109496617435957
1.8599999999999999	0.11074586782521374
1.865	0.11054267460628173
1.8699999999999999	0.11034007851537203
1.875	0.11013807600833563
1.88	0.10993666356823187
1.885	0.1097358377050715
1.89	0.10953559495527386
1.895	0.10933593188188678
1.9	0.10913684507393429
1.905	0.10893833114625
1.91	0.10874038673919496
1.915	0.1085430085189296
1.92	0.10834619317612125
1.9249999999999998	0.10814993742682476
1.93	0.10795423801146313
1.9349999999999998	0.10775909169507351
1.94	0.10756449526641876
1.9449999999999998	0.10737044553891381
1.95	0.10717693934908769
1.9549999999999998	0.10698397355707182
1.96	0.10679154504658551
1.9649999999999999	0.10659965072409282
1.97	0.10640828751888079
1.9749999999999999	0.10621745238314358
1.98	0.10602714229108363
1.9849999999999999	0.10583735423943043
1.99	0.1056480852466101
1.9949999999999999	0.1054593323531529
2.	0.10527109262074191
2.005	0.10508336313289744
2.01	0.10489614099388794
2.015	0.10470942332931578
2.02	0.10452320728509512
2.025	0.1043374900283685
2.03	0.10415226874611604
2.035	0.10396754064564989
2.04	0.10378330295455755
2.045	0.10359955291979557
2.05	0.10341628780842688
2.0549999999999997	0.10323350490675118
2.06	0.1030512015202717
2.065	0.10286937497375034
2.07	0.10268802261096212
2.0749999999999997	0.1025071417941149
2.08	0.10232672990426071
2.085	0.10214678434083375
2.09	0.10196730252144619
2.0949999999999998	0.10178828188174428
2.1	0.10160971987552264
2.105	0.10143161397406276
2.11	0.10125396166625866
2.1149999999999998	0.10107676045870068
2.12	0.10090000787480136
2.125	0.10072370145558851
2.13	0.10054783875858295
2.135	0.10037241735851754
2.14	0.10019743484655162
2.145	0.10002288883022442
2.15	0.09984877693379653
2.155	0.09967509679747408
2.16	0.09950184607743087
2.165	0.0993290224459931
2.17	0.09915662359122279
2.175	0.0989846472167463
2.18	0.09881309104173877
2.185	0.09864195280059289
2.19	0.09847123024311949
2.195	0.09830092113414236
2.1999999999999997	0.0981310232532807
2.205	0.09796153439516185
2.21	0.09779245236908685
2.215	0.0976237749987569
2.2199999999999998	0.09745550012257297
2.225	0.09728762559300726
2.23	0.09712014927660438
2.235	0.09695306905426622
2.2399999999999998	0.09678638282062912
2.245	0.09662008848417539
2.25	0.09645418396701383
2.255	0.09628866720502327
2.26	0.09612353614727437
2.265	0.09595878875622765
2.27	0.09579442300762184
2.275	0.09563043689023164
2.28	0.09546682840589298
2.285	0.09530359556917976
2.29	0.09514073640749639
2.295	0.0949782489608285
2.3	0.09481613128198223
2.305	0.09465438143567201
2.31	0.09449299749934895
2.315	0.09433197756267568
2.32	0.09417131972700601
2.3249999999999997	0.09401102210618534
2.33	0.09385108282580908
2.335	0.09369150002301344
2.34	0.09353227184705099
2.3449999999999998	0.0933733964584097
2.35	0.09321487202925198
2.355	0.09305669674320344
2.36	0.09289886879501494
2.3649999999999998	0.0927413863906782
2.37	0.09258424774749943
2.375	0.09242745109350613
2.38	0.09227099466786429
2.385	0.09211487672040304
2.39	0.09195909551192688
2.395	0.09180364931351098
2.4	0.09164853640728687
2.405	0.09149375508536055
2.41	0.09133930365044486
2.415	0.09118518041566614
2.42	0.09103138370411937
2.425	0.09087791184902665
2.43	0.09072476319392708
2.435	0.09057193609201214
2.44	0.0904194289064401
2.445	0.09026724001023011
2.4499999999999997	0.09011536778599631
2.455	0.08996381062585895
2.46	0.08981256693171724
2.465	0.08966163511495032
2.4699999999999998	0.08951101359602982
2.475	0.0893607008050098
2.48	0.08921069518096207
2.485	0.0890609951722749
2.4899999999999998	0.08891159923641019
2.495	0.08876250583965571
2.5	0.08861371345729473
2.505	0.088465220573587
2.51	0.0883170256813536
2.515	0.08816912728237741
2.52	0.08802152388691015
2.525	0.08787421401355376
2.53	0.08772719618992962
2.535	0.0875804689515431
2.54	0.08743403084262316
2.545	0.08728788041556615
2.55	0.0871420162307901
2.555	0.08699643685720698
2.56	0.08685114087148456
2.565	0.08670612685845139
2.57	0.08656139341093265
2.5749999999999997	0.08641693912958355
2.58	0.08627276262284485
2.585	0.08612886250691332
2.59	0.08598523740566996
2.5949999999999998	0.08584188595080618
2.6	0.0856988067813296
2.605	0.08555599854377832
2.61	0.08541345989226372
2.6149999999999998	0.08527118948819458
2.62	0.0851291860003068
2.625	0.08498744810470268
2.63	0.08484597448456559
2.635	0.08470476383011911
2.64	0.08456381483899289
2.645	0.08442312621554388
2.65	0.08428269667130853
2.655	0.08414252492457877
2.66	0.08400260970061216
2.665	0.08386294973145875
2.67	0.08372354375584441
2.675	0.08358439051922076
2.68	0.08344548877376268
2.685	0.08330683727819477
2.69	0.08316843479761549
2.695	0.08303028010381398
2.7	0.0828923719750174
2.705	0.08275470919564128
2.71	0.08261729055643391
2.715	0.0824801148546975
2.7199999999999998	0.08234318089368615
2.725	0.08220648748287827
2.73	0.08207003343790427
2.735	0.08193381758062188
2.7399999999999998	0.08179783873851888
2.745	0.08166209574545442
2.75	0.08152658744114008
2.755	0.08139131267098633
2.76	0.08125627028635019
2.765	0.08112145914429378
2.77	0.08098687810785439
2.775	0.08085252604552892
2.78	0.08071840183152208
2.785	0.0805845043457299
2.79	0.08045083247336089
2.795	0.08031738510555853
2.8	0.08018416113844876
2.8049999999999997	0.08005115947402684
2.81	0.07991837901923007
2.815	0.07978581868668565
2.82	0.07965347739427929
2.825	0.07952135406494586
2.83	0.07938944762687167
2.835	0.07925775701362836
2.84	0.0791262811637131
2.8449999999999998	0.07899501902069227
2.85	0.07886396953337946
2.855	0.07873313165533706
2.86	0.0786025043452424
2.8649999999999998	0.07847208656673339
2.87	0.07834187728805903
2.875	0.07821187548276345
2.88	0.07808208012872679
2.885	0.07795249020897822
2.89	0.07782310471101325
2.895	0.07769392262711154
2.9	0.07756494295423491
2.905	0.07743616469378706
2.91	0.07730758685206097
2.915	0.07717920843961933
2.92	0.0770510284715951
2.925	0.07692304596766199
2.9299999999999997	0.07679525995171754
2.935	0.07666766945238918
2.94	0.07654027350234832
2.945	0.07641307113878995
2.95	0.07628606140297964
2.955	0.07615924334059465
2.96	0.07603261600164495
2.965	0.0759061784400184
2.9699999999999998	0.07577992971389626
2.975	0.07565386888566468
2.98	0.0755279950217471
2.985	0.07540230719243485
2.9899999999999998	0.07527680447217124
2.995	0.0751514859394502
3.	0.07502635067660993
3.005	0.0749013977699142
3.01	0.07477662630949544
3.015	0.07465203538943714
3.02	0.07452762410739412
3.025	0.07440339156512123
3.03	0.07427933686791256
3.035	0.07415545912485726
3.04	0.07403175744877348
3.045	0.07390823095595588
3.05	0.07378487876657891
3.0549999999999997	0.07366170000423028
3.06	0.0735386937962055
3.065	0.0734158592731933
3.07	0.07329319556944747
3.075	0.07317070182278411
3.08	0.07304837717440579
3.085	0.07292622076878548
3.09	0.07280423175404697
3.0949999999999998	0.07268240928150976
3.1	0.07256075250593685
3.105	0.07243926058522464
3.11	0.0723179326806922
3.115	0.07219676795684186
3.12	0.07207576558141161
3.125	0.07195492472532729
3.13	0.07183424456275123
3.135	0.07171372427072581
3.14	0.07159336302979077
3.145	0.07147316002323713
3.15	0.07135311443750146
3.155	0.07123322546212044
3.16	0.07111349228959314
3.165	0.07099391411535076
3.17	0.07087449013783702
3.175	0.07075521955825843
3.1799999999999997	0.07063610158096192
3.185	0.07051713541302704
3.19	0.07039832026427087
3.195	0.0702796553475129
3.2	0.07016113987821235
3.205	0.07004277307473711
3.21	0.0699245541580601
3.215	0.06980648235196477
3.2199999999999998	0.06968855688282281
3.225	0.06957077697981527
3.23	0.06945314187454124
3.235	0.06933565080144469
3.24	0.06921830299737637
3.245	0.06910109770190606
3.25	0.0689840341570681
3.255	0.06886711160732108
3.26	0.06875032929976799
3.265	0.06863368648392172
3.27	0.06851718241168736
3.275	0.06840081633745286
3.28	0.06828458751798519
3.285	0.06816849521234426
3.29	0.0680525386820949
3.295	0.06793671719104642
3.3	0.0678210300052657
3.3049999999999997	0.06770547639315373
3.31	0.06759005562531585
3.315	0.06747476697466888
3.32	0.0673596097162179
3.325	0.06724458312728254
3.33	0.06712968648729017
3.335	0.06701491907782381
3.34	0.06690028018252474
3.3449999999999998	0.0667857690871603
3.35	0.06667138507966994
3.355	0.06655712744988986
3.36	0.06644299548974124
3.365	0.06632898849319616
3.37	0.06621510575618479
3.375	0.06610134657656493
3.38	0.06598771025419219
3.385	0.0658741960907712
3.39	0.06576080338994558
3.395	0.06564753145728257
3.4	0.06553437960015515
3.405	0.06542134712766581
3.41	0.0653084333509032
3.415	0.0651956375826371
3.42	0.06508295913740968
3.425	0.06497039733162252
3.4299999999999997	0.06485795148326139
3.435	0.06474562091207936
3.44	0.0646334049394438
3.445	0.06452130288849445
3.45	0.06440931408388999
3.455	0.06429743785207769
3.46	0.06418567352093094
3.465	0.06407402042002715
3.4699999999999998	0.06396247788034289
3.475	0.06385104523454567
3.48	0.06373972181674568
3.485	0.06362850696257352
3.49	0.06351740000913553
3.495	0.06340640029495248
3.5	0.06329550715997624
3.505	0.06318471994565175
3.51	0.06307403799473194
3.515	0.06296346065137885
3.52	0.06285298726108751
3.525	0.0627426171706751
3.53	0.06263234972824831
3.535	0.06252218428323836
3.54	0.06241212018645706
3.545	0.06230215678974121
3.55	0.06219229344623668
3.5549999999999997	0.06208252951041673
3.56	0.061972864337773506
3.565	0.06186329728501575
3.5700000000000003	0.061753827710058294
3.575	0.061644454971928414
3.58	0.06153517843063405
3.585	0.0614259974475166
3.59	0.0613169113847134
3.5949999999999998	0.061207919605554224
3.5999999999999996	0.061099021474353615
3.605	0.060990216356515324
3.61	0.06088150361826901
3.615	0.06077288262685234
3.62	0.06066435275060301
3.625	0.06055591335868362
3.63	0.06044756382095877
3.635	0.06033930350851537
3.6399999999999997	0.06023113179308115
3.645	0.060123048047356464
3.65	0.06001505164467179
3.6550000000000002	0.059907141959372454
3.66	0.059799318366441104
3.665	0.059691580241716606
3.67	0.059583926961725035
3.675	0.059476357903759346
3.6799999999999997	0.05936887244568607
3.685	0.05926146996623855
3.69	0.05915414984456098
3.6950000000000003	0.059046911460730024
3.7	0.05893975419521023
3.705	0.058832677429170095
3.71	0.058725680544294924
3.715	0.05861876292288571
3.7199999999999998	0.05851192394776286
3.7249999999999996	0.0584051630021932
3.73	0.05829847947006171
3.735	0.05819187273551375
3.74	0.058085342183414525
3.745	0.05797888719886367
3.75	0.057872507167440246
3.755	0.057766201475137
3.76	0.05765996950817895
3.7649999999999997	0.057553810653355124
3.77	0.05744772429753994
3.775	0.05734170982811137
3.7800000000000002	0.05723576663260108
3.785	0.057129894098848055
3.79	0.05702409161496289
3.795	0.056918358569131
3.8	0.05681269434994552
3.8049999999999997	0.056707098345967176
3.81	0.05660156994606876
3.815	0.05649610853915376
3.8200000000000003	0.056390713514221626
3.825	0.05628538426045615
3.83	0.056180120166982025
3.835	0.05607492062305992
3.84	0.0559697850178977
3.8449999999999998	0.055864712740749285
3.8499999999999996	0.055759703180866454
3.855	0.05565475572735802
3.86	0.05554986976924406
3.865	0.055445044695577
3.87	0.05534027989525554
3.875	0.05523557475693021
3.88	0.055130928669198456
3.885	0.05502634102036461
3.8899999999999997	0.05492181119866141
3.895	0.05481733859195721
3.9	0.054712922587891316
3.9050000000000002	0.054608562573848225
3.91	0.05450425793688091
3.915	0.05440000806375334
3.92	0.05429581234076949
3.925	0.054191670153962875
3.9299999999999997	0.0540875808888827
3.935	0.05398354393066891
3.94	0.05387955866406465
3.9450000000000003	0.05377562447316905
3.95	0.05367174074178089
3.955	0.053567906852984654
3.96	0.053464122189454906
3.965	0.05336038613317527
3.9699999999999998	0.0532566980656066
3.9749999999999996	0.05315305736744009
3.98	0.05304946341881909
3.985	0.05294591559923481
3.99	0.05284241328727024
3.995	0.05273895586095253
4.	0.05263554269749056
4.005	0.052532173173206444
4.01	0.05242884666373284
4.015	0.05232556254372962
4.02	0.052222320187078536
4.025	0.052119118966623156
4.03	0.05201595825441687
4.035	0.051912837421423275
4.04	0.051809755837697785
4.045	0.05170671287218894
4.05	0.05160370789286403
4.055	0.051500740266562976
4.0600000000000005	0.051397809359047156
4.0649999999999995	0.051294914534858294
4.07	0.05119205515744317
4.075	0.051089230589035126
4.08	0.05098644019054224
4.085	0.050883683321709415
4.09	0.05078095934095267
4.095	0.0506782676053228
4.1	0.0505756074705336
4.105	0.05047297829089164
4.109999999999999	0.05037037941924426
4.115	0.05026781020710178
4.12	0.050165270004302015
4.125	0.050062758159319674
4.13	0.049960274018873374
4.135	0.04985781692829181
4.14	0.049755386231110324
4.145	0.04965298126926241
4.15	0.049550601383008
4.155	0.049448245910838406
4.16	0.0493459141893801
4.165	0.04924360555359198
4.17	0.0491413193365611
4.175	0.049039054869367125
4.18	0.048936811481291254
4.1850000000000005	0.04883458849955963
4.1899999999999995	0.04873238524947501
4.195	0.04863020105427693
4.2	0.04852803523507831
4.205	0.048425887110929766
4.21	0.0483237559986775
4.215	0.04822164121302799
4.22	0.04811954206635917
4.225	0.04801745786878352
4.23	0.047915387928161926
4.234999999999999	0.04781333154991996
4.24	0.04771128803707402
4.245	0.047609256690210815
4.25	0.047507236807352284
4.255	0.04740522768408607
4.26	0.04730322861328192
4.265	0.04720123888527159
4.27	0.04709925778762301
4.275	0.04699728460526457
4.28	0.046895318620243515
4.285	0.04679335911186734
4.29	0.046691405356507724
4.295	0.04658945662759545
4.3	0.04648751219572076
4.305	0.04638557132827947
4.3100000000000005	0.04628363328966706
4.3149999999999995	0.04618169734114602
4.32	0.046079762740776485
4.325	0.045977828743427526
4.33	0.04587589460061767
4.335	0.045773959560544586
4.34	0.04567202286801243
4.345	0.04557008376438872
4.35	0.045468141487487325
4.355	0.04536619527152563
4.359999999999999	0.0452642443471619
4.365	0.045162287941321884
4.37	0.04506032527715906
4.375	0.044958355574103284
4.38	0.04485637804758946
4.385	0.04475439190912805
4.39	0.044652396366355894
4.395	0.044550390622709886
4.4	0.044448373877555784
4.405	0.044346345326019644
4.41	0.044244304158996425
4.415	0.04414224956304244
4.42	0.04404018072028978
4.425	0.04393809680841237
4.43	0.04383599700047537
4.4350000000000005	0.0437338804650553
4.4399999999999995	0.043631746365900004
4.445	0.043529593862043456
4.45	0.04342742210768033
4.455	0.04332523025205288
4.46	0.04322301743944907
4.465	0.04312078280900828
4.47	0.04301852549478081
4.475	0.04291624462551774
4.48	0.042813939324662424
4.484999999999999	0.04271160871021449
4.49	0.042609251894738825
4.495	0.04250686798514751
4.5	0.04240445608267144
4.505	0.042302015282886955
4.51	0.042199544675346576
4.515	0.0420970433437695
4.52	0.04199451036577349
4.525	0.041891944812879216
4.53	0.04178934575032453
4.535	0.041686712236964546
4.54	0.0415840433253032
4.545	0.04148133806126037
4.55	0.04137859548407915
4.555	0.04127581462628331
4.5600000000000005	0.041172994513480894
4.5649999999999995	0.041070134164368305
4.57	0.04096723259052122
4.575	0.040864288796285925
4.58	0.0407613017787223
4.585	0.040658270527459836
4.59	0.04055519402448917
4.595000000000001	0.040452071244251285
4.6	0.04034890115330367
4.605	0.04024568271028008
4.609999999999999	0.04014241486574699
4.615	0.04003909656208294
4.62	0.03993572673339624
4.625	0.03983230430522025
4.63	0.03972882819456781
4.635	0.039625297309738954
4.640000000000001	0.03952171055008199
4.645	0.03941806680591267
4.65	0.039314364958423664
4.654999999999999	0.03921060387939581
4.66	0.039106782431172105
4.665	0.0390028994665003
4.67	0.038898953828210556
4.675	0.0387949443492116
4.68	0.038690869852304896
4.6850000000000005	0.038586729149946014
4.6899999999999995	0.03848252104411698
4.695	0.038378244326169784
4.7	0.03827389777656687
4.705	0.0381694801647489
4.71	0.038064990249049246
4.715	0.037960426776268784
4.720000000000001	0.0378557884816761
4.725	0.037751074088739664
4.73	0.03764628230890226
4.734999999999999	0.037541411841440796
4.74	0.03743646137321237
4.745	0.037331429578388774
4.75	0.037226315118422296
4.755	0.03712111664144358
4.76	0.03701583278253225
4.765000000000001	0.03691046216307109
4.77	0.036805003390724365
4.775	0.03669945505912992
4.779999999999999	0.036593815747645274
4.785	0.0364880840210308
4.79	0.03638225842937438
4.795	0.03627633750766269
4.8	0.036170319775506304
4.805	0.036064203737011885
4.8100000000000005	0.03595798788029864
4.8149999999999995	0.0358516706773529
4.82	0.0357452505837143
4.825	0.0356387260381122
4.83	0.03553209546219339
4.835	0.035425357260224964
4.84	0.035318509818721
4.845000000000001	0.03521155150616395
4.85	0.03510448067261339
4.855	0.034997295649474625
4.859999999999999	0.03488999474888936
4.865	0.034782576263725745
4.87	0.03467503846686467
4.875	0.03456737961113144
4.88	0.034459597928666236
4.885	0.03435169163058366
4.890000000000001	0.03424365890667882
4.895	0.03413549792486067
4.9	0.03402720683088755
4.904999999999999	0.033918783747685054
4.91	0.03381022677515273
4.915	0.033701533989625006
4.92	0.033592703443293376
4.925	0.03348373316383615
4.93	0.03337462115389139
4.9350000000000005	0.03326536539058905
4.9399999999999995	0.033155963824947135
4.945	0.03304641438139967
4.95	0.03293671495730107
4.955	0.032826863422154115
4.96	0.03271685761736176
4.965	0.032606695355308586
4.970000000000001	0.03249637441904209
4.975	0.03238589256141467
4.98	0.032275247504580905
4.984999999999999	0.032164436939329695
4.99	0.03205345852440147
4.995	0.03194230988570353
5.	0.0318309886158362
5.005	0.031719492273095534
5.01	0.031607818380855836
5.015000000000001	0.03149596442688818
5.02	0.03138392786237078
5.025	0.03127170610128626
5.029999999999999	0.031159296519343366
5.035	0.031046696453360494
5.04	0.030933903200274223
5.045	0.030820914016218025
5.05	0.03070772611559863
5.055	0.030594336670139693
5.0600000000000005	0.03048074280794053
5.0649999999999995	0.030366941612351633
5.07	0.03025293012099889
5.075	0.030138705324771455
5.08	0.03002426416651169
5.085	0.029909603540080303
5.09	0.029794720289007863
5.095000000000001	0.02967961120540376
5.1	0.029564273028642212
5.105	0.02944870244407362
5.109999999999999	0.029332896081686242
5.115	0.029216850514721206
5.12	0.029100562258330173
5.125	0.028984027767960663
5.13	0.02886724343801091
5.135	0.028750205600146364
5.14	0.028632910521754124
5.145	0.028515354404247538
5.15	0.028397533381337957
5.155	0.028279443517327543
5.16	0.028161080805133316
5.165	0.02804244116457369
5.17	0.027923520440230366
5.175	0.027804314399484095
5.18	0.02768481873050964
5.185	0.0275650290399014
5.19	0.027444940850580645
5.195	0.02732454959942901
5.2	0.02720385063485968
5.205	0.027082839214246236
5.21	0.026961510501467164
5.215	0.026839859564154352
5.22	0.02671788137083678
5.225	0.026595570788169536
5.23	0.02647292257790134
5.235	0.026349931393672945
5.24	0.02622659177786949
5.245	0.026102898158312068
5.25	0.025978844844639755
5.255	0.02585442602479972
5.26	0.025729635761224137
5.265	0.025604467986935515
5.27	0.025478916501472975
5.275	0.025352974966709133
5.28	0.025226636902298556
5.285	0.02509989568122682
5.29	0.02497274452498066
5.295	0.02484517649851521
5.3	0.024717184505139406
5.305	0.024588761281024794
5.31	0.024459899389633482
5.315	0.02433059121573792
5.32	0.02420082895930284
5.325	0.024070604629022396
5.33	0.02393991003566208
5.335	0.023808736784932307
5.34	0.02367707627024726
5.345	0.02354491966494332
5.35	0.023412257914264392
5.355	0.02327908172690811
5.36	0.023145381566225146
5.365	0.023011147640972052
5.37	0.022876369895485388
5.375	0.022741037999628656
5.38	0.022605141337959052
5.385	0.02246866899860058
5.39	0.022331609761331597
5.395	0.022193952085234354
5.4	0.022055684095500377
5.405	0.021916793569835506
5.41	0.02177726792375548
5.415	0.02163709419547441
5.42	0.02149625902963019
5.425	0.021354748660354417
5.43	0.02121254889331398
5.435	0.021069645086562127
5.44	0.020926022130640817
5.445	0.020781664427208288
5.45	0.020636555866531108
5.455	0.020490679803589176
5.46	0.020344019032886098
5.465	0.020196555761387087
5.47	0.020048271580161196
5.475	0.019899147433925766
5.48	0.01974916358876203
5.485	0.01959829959780364
5.49	0.01944653426446745
5.495	0.019293845603423645
5.5	0.01914021079882808
5.505	0.01898560615958255
5.51	0.018830007071714727
5.515	0.018673387947061252
5.52	0.018515722168504296
5.525	0.01835698203101646
5.53	0.018197138678349756
5.535	0.018036162035007672
5.54	0.017874020732839464
5.545	0.01771068203191562
5.55	0.017546111735092875
5.555	0.017380274095642804
5.56	0.017213131717182
5.565	0.017044645445142385
5.57	0.016874774248996433
5.575	0.016703475094043227
5.58	0.016530702801809502
5.585	0.016356409897699972
5.59	0.01618054644438468
5.595	0.016003059859482964
5.6	0.01582389471539428
5.605	0.015642992519367946
5.61	0.01546029147123149
5.615	0.015275726195898285
5.62	0.015089227447516203
5.625	0.014900721781435072
5.63	0.014710131189493957
5.635	0.014517372693733422
5.64	0.014322357892291398
5.645	0.014124992450775583
5.65	0.01392517553052307
5.655	0.013722799144187304
5.66	0.013517747427039681
5.665	0.013309895809720869
5.67	0.013099110076230087
5.675	0.012885245286836745
5.68	0.012668144541140116
5.6850000000000005	0.012447637551871704
5.69	0.012223538992540145
5.695	0.011995646573263127
5.7	0.011763738788714305
5.705	0.011527572266449923
5.71	0.011286878626121658
5.715	0.011041360734019737
5.72	0.01079068820491199
5.725	0.010534491957067118
5.73	0.010272357565545495
5.735	0.010003817072535046
5.74	0.00972833879301332
5.745	0.009445314482147759
5.75	0.00915404297795505
5.755	0.008853709059644171
5.76	0.008543355691533886
5.765	0.008221846932919902
5.77	0.007887817366591297
5.775	0.0075396015249531295
5.78	0.007175132704550924
5.785	0.00679179318751357
5.79	0.006386183894007209
5.795	0.005953753180336837
5.8	0.00548816261742521
5.805	0.004980118307115535
5.8100000000000005	0.004414986182935476
5.815	0.0037671581686323967
5.82	0.0029832346984254815
5.825	0.0019017641183570087
5.83	0.
5.835	0.
5.84	0.
5.845	0.
5.85	0.
5.855	0.
5.86	0.
5.865	0.
5.87	0.
5.875	0.
5.88	0.
5.885	0.
5.89	0.
5.895	0.
5.9	0.
5.905	0.
5.91	0.
5.915	0.
5.92	0.
5.925	0.
5.93	0.
5.9350000000000005	0.
5.94	0.
5.945	0.
5.95	0.
5.955	0.
5.96	0.
5.965	0.
5.97	0.
5.975	0.
5.98	0.
5.985	0.
5.99	0.
5.995	0.
6.	0.
6.005	0.
6.01	0.
6.015	0.
6.02	0.
6.025	0.
6.03	0.
6.035	0.
6.04	0.
6.045	0.
6.05	0.
6.055	0.
6.0600000000000005	0.
6.065	0.
6.07	0.
6.075	0.
6.08	0.
6.085	0.
6.09	0.
6.095	0.
6.1	0.
6.105	0.
6.11	0.
6.115	0.
6.12	0.
6.125	0.
6.13	0.
6.135	0.
6.140000000000001	0.
6.145	0.
6.15	0.
6.155	0.
6.16	0.
6.165	0.
6.17	0.
6.175	0.
6.18	0.
6.1850000000000005	0.
6.1899999999999995	0.
6.195	0.
6.2	0.
6.205	0.
6.21	0.
6.215	0.
6.22	0.
6.225	0.
6.23	0.
6.235	0.
6.24	0.
6.245	0.
6.25	0.
6.255	0.
6.26	0.
6.265000000000001	0.
6.27	0.
6.275	0.
6.28	0.
6.285	0.
6.29	0.
6.295	0.
6.3	0.
6.305	0.
6.3100000000000005	0.
6.3149999999999995	0.
6.32	0.
6.325	0.
6.33	0.
6.335	0.
6.34	0.
6.345	0.
6.35	0.
6.355	0.
6.36	0.
6.365	0.
6.37	0.
6.375	0.
6.38	0.
6.385	0.
6.390000000000001	0.
6.395	0.
6.4	0.
6.405	0.
6.41	0.
6.415	0.
6.42	0.
6.425	0.
6.43	0.
6.4350000000000005	0.
6.4399999999999995	0.
6.445	0.
6.45	0.
6.455	0.
6.46	0.
6.465	0.
6.47	0.
6.475	0.
6.48	0.
6.485	0.
6.49	0.
6.495	0.
6.5	0.
6.505	0.
6.51	0.
6.515000000000001	0.
6.52	0.
6.525	0.
6.53	0.
6.535	0.
6.54	0.
6.545	0.
6.55	0.
6.555	0.
6.5600000000000005	0.
6.5649999999999995	0.
6.57	0.
6.575	0.
6.58	0.
6.585	0.
6.59	0.
6.595	0.
6.6	0.
6.605	0.
6.61	0.
6.615	0.
6.62	0.
6.625	0.
6.63	0.
6.635	0.
6.640000000000001	0.
6.645	0.
6.65	0.
6.655	0.
6.66	0.
6.665	0.
6.67	0.
6.675	0.
6.68	0.
6.6850000000000005	0.
6.6899999999999995	0.
6.695	0.
6.7	0.
6.705	0.
6.71	0.
6.715	0.
6.72	0.
6.725	0.
6.73	0.
6.735	0.
6.74	0.
6.745	0.
6.75	0.
6.755	0.
6.76	0.
6.765000000000001	0.
6.77	0.
6.775	0.
6.78	0.
6.785	0.
6.79	0.
6.795	0.
6.8	0.
6.805	0.
6.8100000000000005	0.
6.8149999999999995	0.
6.82	0.
6.825	0.
6.83	0.
6.835	0.
6.84	0.
6.845	0.
6.85	0.
6.855	0.
6.86	0.
6.865	0.
6.87	0.
6.875	0.
6.88	0.
6.885	0.
6.890000000000001	0.
6.895	0.
6.9	0.
6.905	0.
6.91	0.
6.915	0.
6.92	0.
6.925	0.
6.93	0.
6.9350000000000005	0.
6.9399999999999995	0.
6.945	0.
6.95	0.
6.955	0.
6.96	0.
6.965	0.
6.97	0.
6.975	0.
6.98	0.
6.985	0.
6.99	0.
6.995	0.
7.	0.
7.005	0.
7.01	0.
7.015000000000001	0.
7.02	0.
7.025	0.
7.03	0.
7.035	0.
7.04	0.
7.045	0.
7.05	0.
7.055	0.
7.0600000000000005	0.
7.0649999999999995	0.
7.07	0.
7.075	0.
7.08	0.
7.085	0.
7.09	0.
7.095	0.
7.1	0.
7.105	0.
7.11	0.
7.115	0.
7.12	0.
7.125	0.
7.13	0.
7.135	0.
7.140000000000001	0.
7.145	0.
7.15	0.
7.155	0.
7.16	0.
7.165	0.
7.17	0.
7.175	0.
7.18	0.
7.1850000000000005	0.
7.1899999999999995	0.
7.195	0.
7.2	0.
7.205	0.
7.21	0.
7.215	0.
7.220000000000001	0.
7.225	0.
7.23	0.
7.234999999999999	0.
7.24	0.
7.245	0.
7.25	0.
7.255	0.
7.26	0.
7.265000000000001	0.
7.27	0.
7.275	0.
7.28	0.
7.285	0.
7.29	0.
7.295	0.
7.300000000000001	0.
7.305	0.
7.3100000000000005	0.
7.3149999999999995	0.
7.32	0.
7.325	0.
7.33	0.
7.335	0.
7.34	0.
7.345000000000001	0.
7.35	0.
7.355	0.
7.359999999999999	0.
7.365	0.
7.37	0.
7.375	0.
7.38	0.
7.385	0.
7.390000000000001	0.
7.395	0.
7.4	0.
7.405	0.
7.41	0.
7.415	0.
7.42	0.
7.425000000000001	0.
7.43	0.
7.4350000000000005	0.
7.4399999999999995	0.
7.445	0.
7.45	0.
7.455	0.
7.46	0.
7.465	0.
7.470000000000001	0.
7.475	0.
7.48	0.
7.484999999999999	0.
7.49	0.
7.495	0.
7.5	0.
7.505	0.
7.51	0.
7.515000000000001	0.
7.52	0.
7.525	0.
7.53	0.
7.535	0.
7.54	0.
7.545	0.
7.550000000000001	0.
7.555	0.
7.5600000000000005	0.
7.5649999999999995	0.
7.57	0.
7.575	0.
7.58	0.
7.585	0.
7.59	0.
7.595000000000001	0.
7.6	0.
7.605	0.
7.609999999999999	0.
7.615	0.
7.62	0.
7.625	0.
7.63	0.
7.635	0.
7.640000000000001	0.
7.645	0.
7.65	0.
7.655	0.
7.66	0.
7.665	0.
7.67	0.
7.675000000000001	0.
7.68	0.
7.685	0.
7.6899999999999995	0.
7.694999999999999	0.
7.699999999999999	0.
7.704999999999999	0.
7.71	0.
7.715	0.
7.72	0.
7.725	0.
7.7299999999999995	0.
7.734999999999999	0.
7.739999999999999	0.
7.744999999999999	0.
7.75	0.
7.755	0.
7.76	0.
7.765	0.
7.77	0.
7.7749999999999995	0.
7.779999999999999	0.
7.784999999999999	0.
7.79	0.
7.795	0.
7.8	0.
7.805	0.
7.81	0.
7.8149999999999995	0.
7.819999999999999	0.
7.824999999999999	0.
7.829999999999999	0.
7.835	0.
7.84	0.
7.845	0.
7.85	0.
7.8549999999999995	0.
7.859999999999999	0.
7.864999999999999	0.
7.869999999999999	0.
7.875	0.
7.88	0.
7.885	0.
7.89	0.
7.895	0.
7.8999999999999995	0.
7.904999999999999	0.
7.909999999999999	0.
7.915	0.
7.92	0.
7.925	0.
7.93	0.
7.935	0.
7.9399999999999995	0.
7.944999999999999	0.
7.949999999999999	0.
7.955	0.
7.96	0.
7.965	0.
7.97	0.
7.975	0.
7.9799999999999995	0.
7.984999999999999	0.
7.989999999999999	0.
7.994999999999999	0.
8.	0.
8.004999999999999	0.
8.01	0.
8.014999999999999	0.
8.02	0.
8.025	0.
8.03	0.
8.035	0.
8.04	0.
8.045	0.
8.049999999999999	0.
8.055	0.
8.059999999999999	0.
8.065	0.
8.07	0.
8.075	0.
8.08	0.
8.084999999999999	0.
8.09	0.
8.094999999999999	0.
8.1	0.
8.105	0.
8.11	0.
8.115	0.
8.12	0.
8.125	0.
8.129999999999999	0.
8.135	0.
8.139999999999999	0.
8.145	0.
8.15	0.
8.155	0.
8.16	0.
8.165	0.
8.17	0.
8.174999999999999	0.
8.18	0.
8.184999999999999	0.
8.19	0.
8.195	0.
8.2	0.
8.205	0.
8.209999999999999	0.
8.215	0.
8.219999999999999	0.
8.225	0.
8.23	0.
8.235	0.
8.24	0.
8.245	0.
8.25	0.
8.254999999999999	0.
8.26	0.
8.264999999999999	0.
8.27	0.
8.275	0.
8.28	0.
8.285	0.
8.29	0.
8.295	0.
8.299999999999999	0.
8.305	0.
8.309999999999999	0.
8.315	0.
8.32	0.
8.325	0.
8.33	0.
8.334999999999999	0.
8.34	0.
8.344999999999999	0.
8.35	0.
8.355	0.
8.36	0.
8.365	0.
8.37	0.
8.375	0.
8.379999999999999	0.
8.385	0.
8.389999999999999	0.
8.395	0.
8.4	0.
8.405	0.
8.41	0.
8.415	0.
8.42	0.
8.424999999999999	0.
8.43	0.
8.434999999999999	0.
8.44	0.
8.445	0.
8.45	0.
8.455	0.
8.459999999999999	0.
8.465	0.
8.469999999999999	0.
8.475	0.
8.48	0.
8.485	0.
8.49	0.
8.495	0.
8.5	0.
8.504999999999999	0.
8.51	0.
8.515	0.
8.52	0.
8.525	0.
8.53	0.
8.535	0.
8.54	0.
8.545	0.
8.549999999999999	0.
8.555	0.
8.559999999999999	0.
8.565	0.
8.57	0.
8.575	0.
8.58	0.
8.584999999999999	0.
8.59	0.
8.594999999999999	0.
8.6	0.
8.605	0.
8.61	0.
8.615	0.
8.62	0.
8.625	0.
8.629999999999999	0.
8.635	0.
8.64	0.
8.645	0.
8.65	0.
8.655	0.
8.66	0.
8.665	0.
8.67	0.
8.674999999999999	0.
8.68	0.
8.684999999999999	0.
8.69	0.
8.695	0.
8.7	0.
8.705	0.
8.709999999999999	0.
8.715	0.
8.719999999999999	0.
8.725	0.
8.73	0.
8.735	0.
8.74	0.
8.745	0.
8.75	0.
8.754999999999999	0.
8.76	0.
8.765	0.
8.77	0.
8.775	0.
8.78	0.
8.785	0.
8.79	0.
8.795	0.
8.799999999999999	0.
8.805	0.
8.809999999999999	0.
8.815	0.
8.82	0.
8.825	0.
8.83	0.
8.834999999999999	0.
8.84	0.
8.844999999999999	0.
8.85	0.
8.855	0.
8.86	0.
8.865	0.
8.87	0.
8.875	0.
8.879999999999999	0.
8.885	0.
8.89	0.
8.895	0.
8.9	0.
8.905	0.
8.91	0.
8.915	0.
8.92	0.
8.924999999999999	0.
8.93	0.
8.934999999999999	0.
8.94	0.
8.945	0.
8.95	0.
8.955	0.
8.959999999999999	0.
8.965	0.
8.969999999999999	0.
8.975	0.
8.98	0.
8.985	0.
8.99	0.
8.995	0.
9.	0.
9.004999999999999	0.
9.01	0.
9.015	0.
9.02	0.
9.025	0.
9.03	0.
9.035	0.
9.04	0.
9.045	0.
9.049999999999999	0.
9.055	0.
9.059999999999999	0.
9.065	0.
9.07	0.
9.075	0.
9.08	0.
9.084999999999999	0.
9.09	0.
9.094999999999999	0.
9.1	0.
9.105	0.
9.11	0.
9.115	0.
9.12	0.
9.125	0.
9.129999999999999	0.
9.135	0.
9.14	0.
9.145	0.
9.15	0.
9.155	0.
9.16	0.
9.165	0.
9.17	0.
9.174999999999999	0.
9.18	0.
9.184999999999999	0.
9.19	0.
9.195	0.
9.2	0.
9.205	0.
9.209999999999999	0.
9.215	0.
9.219999999999999	0.
9.225	0.
9.23	0.
9.235	0.
9.24	0.
9.245	0.
9.25	0.
9.254999999999999	0.
9.26	0.
9.265	0.
9.27	0.
9.275	0.
9.28	0.
9.285	0.
9.29	0.
9.295	0.
9.299999999999999	0.
9.305	0.
9.309999999999999	0.
9.315	0.
9.32	0.
9.325	0.
9.33	0.
9.334999999999999	0.
9.34	0.
9.344999999999999	0.
9.35	0.
9.355	0.
9.36	0.
9.365	0.
9.37	0.
9.375	0.
9.379999999999999	0.
9.385	0.
9.39	0.
9.395	0.
9.4	0.
9.405	0.
9.41	0.
9.415	0.
9.42	0.
9.424999999999999	0.
9.43	0.
9.434999999999999	0.
9.44	0.
9.445	0.
9.45	0.
9.455	0.
9.459999999999999	0.
9.465	0.
9.469999999999999	0.
9.475	0.
9.48	0.
9.485	0.
9.49	0.
9.495	0.
9.5	0.
9.504999999999999	0.
9.51	0.
9.515	0.
9.52	0.
9.525	0.
9.53	0.
9.535	0.
9.54	0.
9.545	0.
9.549999999999999	0.
9.555	0.
9.559999999999999	0.
9.565	0.
9.57	0.
9.575	0.
9.58	0.
9.584999999999999	0.
9.59	0.
9.594999999999999	0.
9.6	0.
9.605	0.
9.61	0.
9.615	0.
9.62	0.
9.625	0.
9.629999999999999	0.
9.635	0.
9.64	0.
9.645	0.
9.65	0.
9.655	0.
9.66	0.
9.665	0.
9.67	0.
9.674999999999999	0.
9.68	0.
9.684999999999999	0.
9.69	0.
9.695	0.
9.7	0.
9.705	0.
9.709999999999999	0.
9.715	0.
9.719999999999999	0.
9.725	0.
9.73	0.
9.735	0.
9.74	0.
9.745	0.
9.75	0.
9.754999999999999	0.
9.76	0.
9.765	0.
9.77	0.
9.774999999999999	0.
9.78	0.
9.785	0.
9.79	0.
9.795	0.
9.8	0.
9.805	0.
9.809999999999999	0.
9.815	0.
9.82	0.
9.825	0.
9.83	0.
9.834999999999999	0.
9.84	0.
9.844999999999999	0.
9.85	0.
9.855	0.
9.86	0.
9.865	0.
9.87	0.
9.875	0.
9.879999999999999	0.
9.885	0.
9.89	0.
9.895	0.
9.899999999999999	0.
9.905	0.
9.91	0.
9.915	0.
9.92	0.
9.925	0.
9.93	0.
9.934999999999999	0.
9.94	0.
9.945	0.
9.95	0.
9.955	0.
9.959999999999999	0.
9.965	0.
9.969999999999999	0.
9.975	0.
9.98	0.
9.985	0.
9.99	0.
9.995	0.
10.	0.
10.004999999999999	0.
10.01	0.
10.015	0.
10.02	0.
10.024999999999999	0.
10.03	0.
10.035	0.
10.04	0.
10.045	0.
10.05	0.
10.055	0.
10.059999999999999	0.
10.065	0.
10.07	0.
10.075	0.
10.08	0.
10.084999999999999	0.
10.09	0.
10.094999999999999	0.
10.1	0.
10.105	0.
10.11	0.
10.115	0.
10.12	0.
10.125	0.
10.129999999999999	0.
10.135	0.
10.14	0.
10.145	0.
10.149999999999999	0.
10.155	0.
10.16	0.
10.165	0.
10.17	0.
10.175	0.
10.18	0.
10.184999999999999	0.
10.19	0.
10.195	0.
10.2	0.
10.205	0.
10.209999999999999	0.
10.215	0.
10.219999999999999	0.
10.225	0.
10.23	0.
10.235	0.
10.24	0.
10.245000000000001	0.
10.250000000000002	0.
10.255	0.
10.260000000000002	0.
10.265	0.
10.270000000000001	0.
10.275	0.
10.280000000000001	0.
10.285	0.
10.290000000000001	0.
10.295000000000002	0.
10.3	0.
10.305000000000001	0.
10.31	0.
10.315000000000001	0.
10.32	0.
10.325000000000001	0.
10.330000000000002	0.
10.335	0.
10.340000000000002	0.
10.345	0.
10.350000000000001	0.
10.355	0.
10.360000000000001	0.
10.365	0.
10.370000000000001	0.
10.375000000000002	0.
10.38	0.
10.385000000000002	0.
10.39	0.
10.395000000000001	0.
10.4	0.
10.405000000000001	0.
10.41	0.
10.415000000000001	0.
10.420000000000002	0.
10.425	0.
10.430000000000001	0.
10.435	0.
10.440000000000001	0.
10.445	0.
10.450000000000001	0.
10.455000000000002	0.
10.46	0.
10.465000000000002	0.
10.47	0.
10.475000000000001	0.
10.48	0.
10.485000000000001	0.
10.49	0.
10.495000000000001	0.
10.500000000000002	0.
10.505	0.
10.510000000000002	0.
10.515	0.
10.520000000000001	0.
10.525	0.
10.530000000000001	0.
10.535	0.
10.540000000000001	0.
10.545000000000002	0.
10.55	0.
10.555000000000001	0.
10.56	0.
10.565000000000001	0.
10.57	0.
10.575000000000001	0.
10.580000000000002	0.
10.585	0.
10.590000000000002	0.
10.595	0.
10.600000000000001	0.
10.605	0.
10.610000000000001	0.
10.615	0.
10.620000000000001	0.
10.625000000000002	0.
10.63	0.
10.635000000000002	0.
10.64	0.
10.645000000000001	0.
10.65	0.
10.655000000000001	0.
10.66	0.
10.665000000000001	0.
10.670000000000002	0.
10.675	0.
10.680000000000001	0.
10.685	0.
10.690000000000001	0.
10.695	0.
10.700000000000001	0.
10.705000000000002	0.
10.71	0.
10.715000000000002	0.
10.72	0.
10.725000000000001	0.
10.73	0.
10.735000000000001	0.
10.74	0.
10.745000000000001	0.
10.750000000000002	0.
10.755	0.
10.760000000000002	0.
10.765	0.
10.770000000000001	0.
10.775	0.
10.780000000000001	0.
10.785	0.
10.790000000000001	0.
10.795000000000002	0.
10.8	0.
10.805000000000001	0.
10.81	0.
10.815000000000001	0.
10.82	0.
10.825000000000001	0.
10.830000000000002	0.
10.835	0.
10.840000000000002	0.
10.845	0.
10.850000000000001	0.
10.855	0.
10.860000000000001	0.
10.865	0.
10.870000000000001	0.
10.875000000000002	0.
10.88	0.
10.885000000000002	0.
10.89	0.
10.895000000000001	0.
10.9	0.
10.905000000000001	0.
10.91	0.
10.915000000000001	0.
10.920000000000002	0.
10.925	0.
10.930000000000001	0.
10.935	0.
10.940000000000001	0.
10.945	0.
10.950000000000001	0.
10.955000000000002	0.
10.96	0.
10.965000000000002	0.
10.97	0.
10.975000000000001	0.
10.98	0.
10.985000000000001	0.
10.99	0.
10.995000000000001	0.
11.000000000000002	0.
11.005	0.
11.010000000000002	0.
11.015	0.
11.020000000000001	0.
11.025	0.
11.030000000000001	0.
11.035	0.
11.040000000000001	0.
11.045000000000002	0.
11.05	0.
11.055000000000001	0.
11.06	0.
11.065000000000001	0.
11.07	0.
11.075000000000001	0.
11.080000000000002	0.
11.085	0.
11.090000000000002	0.
11.095	0.
11.100000000000001	0.
11.105	0.
11.110000000000001	0.
11.115	0.
11.120000000000001	0.
11.125000000000002	0.
11.13	0.
11.135000000000002	0.
11.14	0.
11.145000000000001	0.
11.15	0.
11.155000000000001	0.
11.16	0.
11.165000000000001	0.
11.170000000000002	0.
11.175	0.
11.180000000000001	0.
11.185	0.
11.190000000000001	0.
11.195	0.
11.200000000000001	0.
11.205000000000002	0.
11.21	0.
11.215000000000002	0.
11.22	0.
11.225000000000001	0.
11.23	0.
11.235000000000001	0.
11.24	0.
11.245000000000001	0.
11.250000000000002	0.
11.255	0.
11.260000000000002	0.
11.265	0.
11.270000000000001	0.
11.275	0.
11.280000000000001	0.
11.285	0.
11.290000000000001	0.
11.295000000000002	0.
11.3	0.
11.305000000000001	0.
11.31	0.
11.315000000000001	0.
11.32	0.
11.325000000000001	0.
11.330000000000002	0.
11.335	0.
11.340000000000002	0.
11.345	0.
11.350000000000001	0.
11.355	0.
11.360000000000001	0.
11.365000000000002	0.
11.370000000000001	0.
11.375000000000002	0.
11.38	0.
11.385000000000002	0.
11.39	0.
11.395000000000001	0.
11.4	0.
11.405000000000001	0.
11.41	0.
11.415000000000001	0.
11.420000000000002	0.
11.425	0.
11.430000000000001	0.
11.435	0.
11.440000000000001	0.
11.445	0.
11.450000000000001	0.
11.455000000000002	0.
11.46	0.
11.465000000000002	0.
11.47	0.
11.475000000000001	0.
11.48	0.
11.485000000000001	0.
11.490000000000002	0.
11.495000000000001	0.
11.500000000000002	0.
11.505	0.
11.510000000000002	0.
11.515	0.
11.520000000000001	0.
11.525	0.
11.530000000000001	0.
11.535	0.
11.540000000000001	0.
11.545000000000002	0.
11.55	0.
11.555000000000001	0.
11.56	0.
11.565000000000001	0.
11.57	0.
11.575000000000001	0.
11.580000000000002	0.
11.585	0.
11.590000000000002	0.
11.595	0.
11.600000000000001	0.
11.605	0.
11.610000000000001	0.
11.615000000000002	0.
11.620000000000001	0.
11.625000000000002	0.
11.63	0.
11.635000000000002	0.
11.64	0.
11.645000000000001	0.
11.65	0.
11.655000000000001	0.
11.66	0.
11.665000000000001	0.
11.670000000000002	0.
11.675	0.
11.680000000000001	0.
11.685	0.
11.690000000000001	0.
11.695	0.
11.700000000000001	0.
11.705000000000002	0.
11.71	0.
11.715000000000002	0.
11.72	0.
11.725000000000001	0.
11.73	0.
11.735000000000001	0.
11.740000000000002	0.
11.745000000000001	0.
11.750000000000002	0.
11.755	0.
11.760000000000002	0.
11.765	0.
11.770000000000001	0.
11.775	0.
11.780000000000001	0.
11.785	0.
11.790000000000001	0.
11.795000000000002	0.
11.8	0.
11.805000000000001	0.
11.81	0.
11.815000000000001	0.
11.82	0.
11.825000000000001	0.
11.830000000000002	0.
11.835	0.
11.840000000000002	0.
11.845	0.
11.850000000000001	0.
11.855	0.
11.860000000000001	0.
11.865000000000002	0.
11.870000000000001	0.
11.875000000000002	0.
11.88	0.
11.885000000000002	0.
11.89	0.
11.895000000000001	0.
11.9	0.
11.905000000000001	0.
11.91	0.
11.915000000000001	0.
11.920000000000002	0.
11.925	0.
11.930000000000001	0.
11.935	0.
11.940000000000001	0.
11.945	0.
11.950000000000001	0.
11.955000000000002	0.
11.96	0.
11.965000000000002	0.
11.97	0.
11.975000000000001	0.
11.98	0.
11.985000000000001	0.
11.990000000000002	0.
11.995000000000001	0.
12.000000000000002	0.
12.005	0.
12.010000000000002	0.
12.015	0.
12.020000000000001	0.
12.025	0.
12.030000000000001	0.
12.035	0.
12.040000000000001	0.
12.045000000000002	0.
12.05	0.
12.055000000000001	0.
12.06	0.
12.065000000000001	0.
12.07	0.
12.075000000000001	0.
12.080000000000002	0.
12.085	0.
12.090000000000002	0.
12.095	0.
12.100000000000001	0.
12.105	0.
12.110000000000001	0.
12.115000000000002	0.
12.120000000000001	0.
12.125000000000002	0.
12.13	0.
12.135000000000002	0.
12.14	0.
12.145000000000001	0.
12.15	0.
12.155000000000001	0.
12.16	0.
12.165000000000001	0.
12.170000000000002	0.
12.175	0.
12.180000000000001	0.
12.185	0.
12.190000000000001	0.
12.195	0.
12.200000000000001	0.
12.205000000000002	0.
12.21	0.
12.215000000000002	0.
12.22	0.
12.225000000000001	0.
12.23	0.
12.235000000000001	0.
12.240000000000002	0.
12.245000000000001	0.
12.25	0.
12.255	0.
12.260000000000002	0.
12.265	0.
12.270000000000001	0.
12.275000000000002	0.
12.280000000000001	0.
12.285	0.
12.290000000000001	0.
12.295000000000002	0.
12.3	0.
12.305000000000001	0.
12.31	0.
12.315000000000001	0.
12.32	0.
12.325000000000001	0.
12.330000000000002	0.
12.335	0.
12.340000000000002	0.
12.345	0.
12.350000000000001	0.
12.355	0.
12.360000000000001	0.
12.365000000000002	0.
12.370000000000001	0.
12.375	0.
12.38	0.
12.385000000000002	0.
12.39	0.
12.395000000000001	0.
12.400000000000002	0.
12.405000000000001	0.
12.41	0.
12.415000000000001	0.
12.420000000000002	0.
12.425	0.
12.430000000000001	0.
12.435	0.
12.440000000000001	0.
12.445	0.
12.450000000000001	0.
12.455000000000002	0.
12.46	0.
12.465000000000002	0.
12.47	0.
12.475000000000001	0.
12.48	0.
12.485000000000001	0.
12.490000000000002	0.
12.495000000000001	0.
12.5	0.
12.505	0.
12.510000000000002	0.
12.515	0.
12.520000000000001	0.
12.525000000000002	0.
12.530000000000001	0.
12.535	0.
12.540000000000001	0.
12.545000000000002	0.
12.55	0.
12.555000000000001	0.
12.56	0.
12.565000000000001	0.
12.57	0.
12.575000000000001	0.
12.580000000000002	0.
12.585	0.
12.590000000000002	0.
12.595	0.
12.600000000000001	0.
12.605	0.
12.610000000000001	0.
12.615000000000002	0.
12.620000000000001	0.
12.625	0.
12.63	0.
12.635000000000002	0.
12.64	0.
12.645000000000001	0.
12.650000000000002	0.
12.655000000000001	0.
12.66	0.
12.665000000000001	0.
12.670000000000002	0.
12.675	0.
12.680000000000001	0.
12.685	0.
12.690000000000001	0.
12.695	0.
12.700000000000001	0.
12.705000000000002	0.
12.71	0.
12.715000000000002	0.
12.72	0.
12.725000000000001	0.
12.73	0.
12.735000000000001	0.
12.740000000000002	0.
12.745000000000001	0.
12.75	0.
12.755	0.
12.760000000000002	0.
12.765	0.
12.770000000000001	0.
12.775000000000002	0.
12.780000000000001	0.
12.785	0.
12.790000000000001	0.
12.795000000000002	0.
12.8	0.
12.805000000000001	0.
12.810000000000002	0.
12.815000000000001	0.
12.820000000000002	0.
12.825000000000001	0.
12.830000000000002	0.
12.835	0.
12.840000000000002	0.
12.845	0.
12.850000000000001	0.
12.855000000000002	0.
12.860000000000001	0.
12.865000000000002	0.
12.870000000000001	0.
12.875000000000002	0.
12.88	0.
12.885000000000002	0.
12.890000000000002	0.
12.895000000000001	0.
12.900000000000002	0.
12.905000000000001	0.
12.910000000000002	0.
12.915000000000001	0.
12.920000000000002	0.
12.925	0.
12.930000000000001	0.
12.935000000000002	0.
12.940000000000001	0.
12.945000000000002	0.
12.950000000000001	0.
12.955000000000002	0.
12.96	0.
12.965000000000002	0.
12.97	0.
12.975000000000001	0.
12.980000000000002	0.
12.985000000000001	0.
12.990000000000002	0.
12.995000000000001	0.
13.000000000000002	0.
13.005	0.
13.010000000000002	0.
13.015000000000002	0.
13.020000000000001	0.
13.025000000000002	0.
13.030000000000001	0.
13.035000000000002	0.
13.040000000000001	0.
13.045000000000002	0.
13.05	0.
13.055000000000001	0.
13.060000000000002	0.
13.065000000000001	0.
13.070000000000002	0.
13.075000000000001	0.
13.080000000000002	0.
13.085	0.
13.090000000000002	0.
13.095	0.
13.100000000000001	0.
13.105000000000002	0.
13.110000000000001	0.
13.115000000000002	0.
13.120000000000001	0.
13.125000000000002	0.
13.13	0.
13.135000000000002	0.
13.140000000000002	0.
13.145000000000001	0.
13.150000000000002	0.
13.155000000000001	0.
13.160000000000002	0.
13.165000000000001	0.
13.170000000000002	0.
13.175	0.
13.180000000000001	0.
13.185000000000002	0.
13.190000000000001	0.
13.195000000000002	0.
13.200000000000001	0.
13.205000000000002	0.
13.21	0.
13.215000000000002	0.
13.220000000000002	0.
13.225000000000001	0.
13.230000000000002	0.
13.235000000000001	0.
13.240000000000002	0.
13.245000000000001	0.
13.250000000000002	0.
13.255	0.
13.260000000000002	0.
13.265000000000002	0.
13.270000000000001	0.
13.275000000000002	0.
13.280000000000001	0.
13.285000000000002	0.
13.290000000000001	0.
13.295000000000002	0.
13.3	0.
13.305000000000001	0.
13.310000000000002	0.
13.315000000000001	0.
13.320000000000002	0.
13.325000000000001	0.
13.330000000000002	0.
13.335	0.
13.340000000000002	0.
13.345000000000002	0.
13.350000000000001	0.
13.355000000000002	0.
13.360000000000001	0.
13.365000000000002	0.
13.370000000000001	0.
13.375000000000002	0.
13.38	0.
13.385000000000002	0.
13.39	0.
13.395000000000001	0.
13.400000000000002	0.
13.405000000000001	0.
13.410000000000002	0.
13.415000000000001	0.
13.420000000000002	0.
13.425	0.
13.430000000000001	0.
13.435000000000002	0.
13.440000000000001	0.
13.445000000000002	0.
13.450000000000001	0.
13.455000000000002	0.
13.46	0.
13.465000000000002	0.
13.470000000000002	0.
13.475000000000001	0.
13.480000000000002	0.
13.485000000000001	0.
13.490000000000002	0.
13.495000000000001	0.
13.500000000000002	0.
13.505	0.
13.510000000000002	0.
13.515	0.
13.520000000000001	0.
13.525000000000002	0.
13.530000000000001	0.
13.535000000000002	0.
13.540000000000001	0.
13.545000000000002	0.
13.55	0.
13.555000000000001	0.
13.560000000000002	0.
13.565000000000001	0.
13.570000000000002	0.
13.575000000000001	0.
13.580000000000002	0.
13.585	0.
13.590000000000002	0.
13.595000000000002	0.
13.600000000000001	0.
13.605000000000002	0.
13.610000000000001	0.
13.615000000000002	0.
13.620000000000001	0.
13.625000000000002	0.
13.63	0.
13.635000000000002	0.
13.64	0.
13.645000000000001	0.
13.650000000000002	0.
13.655000000000001	0.
13.660000000000002	0.
13.665000000000001	0.
13.670000000000002	0.
13.675	0.
13.680000000000001	0.
13.685000000000002	0.
13.690000000000001	0.
13.695000000000002	0.
13.700000000000001	0.
13.705000000000002	0.
13.71	0.
13.715000000000002	0.
13.720000000000002	0.
13.725000000000001	0.
13.730000000000002	0.
13.735000000000001	0.
13.740000000000002	0.
13.745000000000001	0.
13.750000000000002	0.
13.755	0.
13.760000000000002	0.
13.765	0.
13.770000000000001	0.
13.775000000000002	0.
13.780000000000001	0.
13.785000000000002	0.
13.790000000000001	0.
13.795000000000002	0.
13.8	0.
13.805000000000001	0.
13.810000000000002	0.
13.815000000000001	0.
13.820000000000002	0.
13.825000000000001	0.
13.830000000000002	0.
13.835	0.
13.840000000000002	0.
13.845000000000002	0.
13.850000000000001	0.
13.855000000000002	0.
13.860000000000001	0.
13.865000000000002	0.
13.870000000000001	0.
13.875000000000002	0.
13.88	0.
13.885000000000002	0.
13.89	0.
13.895000000000001	0.
13.900000000000002	0.
13.905000000000001	0.
13.910000000000002	0.
13.915000000000001	0.
13.920000000000002	0.
13.925	0.
13.930000000000001	0.
13.935000000000002	0.
13.940000000000001	0.
13.945000000000002	0.
13.950000000000001	0.
13.955000000000002	0.
13.96	0.
13.965000000000002	0.
13.970000000000002	0.
13.975000000000001	0.
13.980000000000002	0.
13.985000000000001	0.
13.990000000000002	0.
13.995000000000001	0.
14.	0.