0.005	0.
0.01	0.
0.015	0.
0.02	0.
0.025	0.
0.030000000000000002	0.
0.034999999999999996	0.
0.04	0.
0.045	0.
0.049999999999999996	0.
0.055	0.
0.06	0.
0.065	0.
0.07	0.
0.07500000000000001	0.
0.08	0.
0.085	0.
0.09000000000000001	0.
0.095	0.
0.1	0.
0.10500000000000001	0.
0.11	0.
0.115	0.
0.12000000000000001	0.
0.125	0.
0.13	0.
0.135	0.
0.14	0.
0.14500000000000002	0.
0.15	0.
0.155	0.
0.16	0.
0.165	0.05692276431232432
0.17	0.09758440155780887
0.17500000000000002	0.12279149228337938
0.18000000000000002	0.14140647919033814
0.185	0.1560589734901223
0.19	0.16798906234662622
0.195	0.1779078368513432
0.2	0.18627124011949422
0.20500000000000002	0.19339359869179393
0.21000000000000002	0.19950288513607015
0.215	0.20477073659517747
0.22	0.20933012328941242
0.225	0.21328640634152152
0.23	0.21672460207975536
0.23500000000000001	0.2197143451062615
0.24000000000000002	0.2223133905547696
0.245	0.22457015331878208
0.25	0.22652559180986115
0.255	0.2282146332289748
0.26	0.22966727047727412
0.265	0.23090941901174464
0.27	0.23196359500195934
0.275	0.2328494583177289
0.28	0.23358425180834122
0.28500000000000003	0.23418315999161998
0.29000000000000004	0.23465960439597686
0.295	0.23502548859100522
0.3	0.2352914028824452
0.305	0.23546679639116844
0.31	0.23556012255100212
0.315	0.2355789627872583
0.32	0.23553013216577037
0.325	0.2354197700525317
0.33	0.23525341824058593
0.335	0.23503608854281688
0.34	0.23477232148702035
0.34500000000000003	0.23446623746090667
0.35000000000000003	0.23412158142301157
0.35500000000000004	0.23374176210844919
0.36	0.23332988650644773
0.365	0.23288879026247014
0.37	0.23242106455573905
0.375	0.231929079918856
0.38	0.23141500739636714
0.385	0.2308808373810405
0.39	0.2303283964179496
0.395	0.22975936222564083
0.4	0.22917527714922822
0.405	0.22857756023111753
0.41000000000000003	0.22796751806035423
0.41500000000000004	0.22734635454050287
0.42000000000000004	0.2267151796979891
0.425	0.2260750176373992
0.43	0.22542681373698922
0.435	0.22477144116622563
0.44	0.22410970679732795
0.445	0.22344235657421316
0.45	0.22277008039484725
0.455	0.22209351655653764
0.46	0.2214132558080703
0.465	0.22072984504766824
0.47000000000000003	0.22004379070146263
0.47500000000000003	0.21935556181333565
0.48000000000000004	0.21866559287372672
0.485	0.21797428641200658
0.49	0.21728201537448902
0.495	0.21658912530781654
0.5	0.21589593636547783
0.505	0.21520274515338317
0.51	0.2145098264288398
0.515	0.21381743466587547
0.52	0.2131258054985493
0.525	0.21243515705280258
0.53	0.21174569117636363
0.535	0.21105759457535805
0.54	0.21037103986540978
0.545	0.20968618654434482
0.55	0.209003181892961
0.555	0.20832216180968513
0.56	0.20764325158447883
0.5650000000000001	0.20696656661683915
0.5700000000000001	0.20629221308233328
0.5750000000000001	0.2056202885516984
0.5800000000000001	0.20495088256621097
0.585	0.20428407717270233
0.59	0.2036199474212988
0.595	0.2029585618287376
0.6	0.20229998280983838
0.605	0.20164426707950034
0.61	0.2009914660274516
0.615	0.20034162606769917
0.62	0.19969478896457632
0.625	0.19905099213705832
0.63	0.19841026894291175
0.635	0.1977726489441376
0.64	0.19713815815499203
0.645	0.1965068192738825
0.65	0.19587865190017734
0.655	0.19525367273706185
0.66	0.19463189578136042
0.665	0.19401333250120095
0.67	0.19339799200240682
0.675	0.1927858811843346
0.68	0.19217700488586326
0.685	0.19157136602223687
0.6900000000000001	0.19096896571333066
0.6950000000000001	0.19036980340391357
0.7000000000000001	0.18977387697645395
0.7050000000000001	0.1891811828569014
0.71	0.18859171611400882
0.715	0.18800547055245748
0.72	0.18742243880034828
0.725	0.1868426123912715
0.73	0.1862659818414176
0.735	0.18569253672196384
0.74	0.18512226572706955
0.745	0.18455515673777398
0.75	0.1839911968819576
0.755	0.18343037259078024
0.76	0.18287266965160137
0.765	0.18231807325781718
0.77	0.1817665680556275
0.775	0.18121813818799173
0.78	0.1806727673359857
0.785	0.18013043875763496
0.79	0.17959113532441154
0.795	0.17905483955557908
0.8	0.17852153365040266
0.805	0.17799119951849793
0.81	0.17746381880829118
0.8150000000000001	0.17693937293378906
0.8200000000000001	0.17641784309973021
0.8250000000000001	0.17589921032521338
0.8300000000000001	0.17538345546589726
0.8350000000000001	0.17487055923485267
0.84	0.17436050222209395
0.845	0.17385326491301598
0.85	0.17334882770561327
0.855	0.17284717092667704
0.86	0.17234827484698015
0.865	0.17185211969550265
0.87	0.17135868567285156
0.875	0.1708679529636706
0.88	0.17037990174843212
0.885	0.16989451221444818
0.89	0.16941176456604748
0.895	0.16893163903427996
0.9	0.16845411588583617
0.905	0.16797917543148896
0.91	0.16750679803388416
0.915	0.16703696411490895
0.92	0.16656965416247319
0.925	0.16610484873685638
0.93	0.16564252847665592
0.935	0.1651826741041912
0.9400000000000001	0.16472526643071986
0.9450000000000001	0.16427028636106436
0.9500000000000001	0.16381771489805538
0.9550000000000001	0.16336753314653163
0.9600000000000001	0.16291972231712482
0.965	0.16247426372964222
0.97	0.1620311388163306
0.975	0.1615903291245035
0.98	0.16115181631993244
0.985	0.1607155821876759
0.99	0.16028160862796348
0.995	0.1598498777127032
1.	0.15942037153566374
1.005	0.15899307243330546
1.01	0.15856796280732585
1.015	0.15814502520544704
1.02	0.1577242423074744
1.025	0.15730559692501636
1.0299999999999998	0.15688907200395313
1.035	0.15647465062419327
1.0399999999999998	0.15606231600069892
1.045	0.15565205148408787
1.0499999999999998	0.15524384056054163
1.055	0.15483766685263867
1.0599999999999998	0.1544335141188975
1.065	0.15403136625443914
1.0699999999999998	0.15363120729078936
1.075	0.15323302139568443
1.0799999999999998	0.15283679287314525
1.085	0.1524425061630274
1.0899999999999999	0.15205014584097332
1.095	0.15165969661793852
1.0999999999999999	0.1512711433398198
1.105	0.15088447098707686
1.1099999999999999	0.15049966467407802
1.115	0.15011670964875817
1.1199999999999999	0.14973559129193248
1.125	0.1493562951165731
1.13	0.14897880676741757
1.135	0.14860311201996967
1.14	0.14822919678001284
1.145	0.14785704708266284
1.15	0.1474866490917108
1.155	0.1471179890987649
1.16	0.14675105352246498
1.1649999999999998	0.14638582890752208
1.17	0.14602230192400356
1.1749999999999998	0.14566045936624475
1.18	0.14530028815211848
1.1849999999999998	0.14494177532202718
1.19	0.14458490803798058
1.1949999999999998	0.14422967358264246
1.2	0.14387605935835976
1.2049999999999998	0.14352405288628703
1.21	0.14317364180526743
1.2149999999999999	0.14282481387095589
1.22	0.14247755695477532
1.2249999999999999	0.14213185904298034
1.23	0.14178770823556763
1.2349999999999999	0.1414450927453805
1.24	0.14110400089702319
1.2449999999999999	0.1407644211258835
1.25	0.1404263419771311
1.255	0.1400897521047233
1.26	0.13975464027032267
1.265	0.13942099534240307
1.27	0.13908880629515824
1.275	0.1387580622075047
1.28	0.13842875226210782
1.285	0.13810086574440383
1.2899999999999998	0.1377743920415366
1.295	0.13744932064140933
1.2999999999999998	0.13712564113166284
1.305	0.13680334319877485
1.3099999999999998	0.13648241662694982
1.315	0.13616285129725936
1.3199999999999998	0.13584463718659956
1.325	0.1355277643667696
1.3299999999999998	0.13521222300348087
1.335	0.1348980033554254
1.3399999999999999	0.13458509577331446
1.345	0.1342734906989554
1.3499999999999999	0.1339631786642963
1.355	0.13365415029051841
1.3599999999999999	0.1333463962870913
1.365	0.1330399074508904
1.3699999999999999	0.1327346746652591
1.375	0.1324306888991152
1.38	0.13212794120610866
1.385	0.13182642272362757
1.39	0.1315261246720448
1.395	0.13122703835375563
1.4	0.13092915515236309
1.405	0.1306324665317988
1.41	0.1303369640354853
1.4149999999999998	0.130042639285525
1.42	0.1297494839817901
1.4249999999999998	0.1294574899011849
1.43	0.1291666488967796
1.4349999999999998	0.12887695289701523
1.44	0.1285883939049045
1.4449999999999998	0.12830096399724766
1.45	0.12801465532379477
1.4549999999999998	0.12772946010656322
1.46	0.12744537063897352
1.4649999999999999	0.12716237928515098
1.47	0.12688047847915532
1.4749999999999999	0.12659966072419393
1.48	0.12631991859194536
1.4849999999999999	0.12604124472180223
1.49	0.12576363182012726
1.4949999999999999	0.12548707265956502
1.5	0.12521156007832862
1.505	0.12493708697949919
1.51	0.12466364633032068
1.515	0.12439123116153161
1.52	0.12411983456666333
1.525	0.12384944970139028
1.53	0.12358006978287804
1.535	0.12331168808907542
1.54	0.12304429795811814
1.545	0.12277789278768075
1.5499999999999998	0.12251246603429138
1.555	0.12224801121278832
1.5599999999999998	0.12198452189560557
1.565	0.12172199171225177
1.5699999999999998	0.12146041434859407
1.575	0.12119978354639112
1.5799999999999998	0.120940093102578
1.585	0.12068133686875118
1.5899999999999999	0.1204235087505626
1.595	0.12016660270715618
1.5999999999999999	0.11991061275058774
1.605	0.11965553294528407
1.6099999999999999	0.11940135740745515
1.615	0.11914808030458982
1.6199999999999999	0.11889569585487926
1.625	0.11864419832670126
1.63	0.11839358203808308
1.635	0.11814384135616149
1.64	0.11789497069671263
1.645	0.11764696452358411
1.65	0.11739981734824076
1.655	0.1171535237292157
1.66	0.1169080782716605
1.665	0.11666347562683331
1.67	0.11641971049160812
1.6749999999999998	0.1161767776080188
1.68	0.11593467176279103
1.6849999999999998	0.1156933877868465
1.69	0.11545292055486614
1.6949999999999998	0.11521326498484043
1.7	0.11497441603759215
1.7049999999999998	0.11473636871635
1.71	0.11449911806631509
1.7149999999999999	0.11426265917420281
1.72	0.11402698716784193
1.7249999999999999	0.11379209721574582
1.73	0.11355798452664514
1.7349999999999999	0.11332464434914223
1.74	0.11309207197127198
1.7449999999999999	0.11286026272006804
1.75	0.1126292119612131
1.755	0.11239891509861269
1.76	0.11216936757401842
1.765	0.11194056486660196
1.77	0.11171250249262925
1.775	0.11148517600506988
1.78	0.11125858099316803
1.785	0.11103271308215858
1.79	0.11080756793282596
1.795	0.11058314124119716
1.7999999999999998	0.11035942873815814
1.805	0.11013642618911891
1.8099999999999998	0.10991412939363417
1.815	0.10969253418509506
1.8199999999999998	0.10947163643036584
1.825	0.10925143202945475
1.8299999999999998	0.1090319169151828
1.835	0.10881308705285059
1.8399999999999999	0.10859493843992982
1.845	0.10837746710570254
1.8499999999999999	0.10816066911098231
1.855	0.1079445405478006
1.8599999999999999	0.10772907753906066
1.865	0.10751427623826945
1.8699999999999999	0.10730013282920474
1.875	0.10708664352563613
1.88	0.10687380457102029
1.885	0.10666161223820526
1.89	0.10645006282914858
1.895	0.10623915267462442
1.9	0.10602887813393767
1.905	0.105819235594657
1.91	0.10561022147232196
1.915	0.10540183221017956
1.92	0.1051940642789125
1.9249999999999998	0.10498691417637515
1.93	0.10478037842731501
1.9349999999999998	0.1045744535831289
1.94	0.10436913622158027
1.9449999999999998	0.10416442294658251
1.95	0.1039603103879098
1.9549999999999998	0.10375679520096166
1.96	0.10355387406651342
1.9649999999999999	0.10335154369048048
1.97	0.10314980080365702
1.9749999999999999	0.10294864216150434
1.98	0.10274806454389349
1.9849999999999999	0.10254806475486951
1.99	0.10234863962243834
1.9949999999999999	0.10214978599833623
2.	0.10195150075777668
2.005	0.1017537807992645
2.01	0.10155662304435228
2.015	0.10136002443742202
2.02	0.10116398194547804
2.025	0.10096849255793638
2.03	0.1007735532863936
2.035	0.10057916116444479
2.04	0.1003853132474464
2.045	0.10019200661233685
2.05	0.09999923835743967
2.0549999999999997	0.09980700560222613
2.06	0.09961530548715142
2.065	0.09942413517345558
2.07	0.09923349184294947
2.0749999999999997	0.09904337269785704
2.08	0.09885377496058016
2.085	0.09866469587355871
2.09	0.09847613269905078
2.0949999999999998	0.09828808271897668
2.1	0.09810054323470867
2.105	0.09791351156692017
2.11	0.09772698505538921
2.1149999999999998	0.09754096105882985
2.12	0.09735543695470765
2.125	0.09717041013910334
2.13	0.0969858780264905
2.135	0.09680183804961401
2.14	0.09661828765929373
2.145	0.09643522432428463
2.15	0.09625264553108176
2.155	0.09607054878379279
2.16	0.09588893160396218
2.165	0.095707791530408
2.17	0.09552712611908895
2.175	0.09534693294291478
2.18	0.09516720959163504
2.185	0.09498795367164853
2.19	0.09480916280588429
2.195	0.09463083463364093
2.1999999999999997	0.09445296681043656
2.205	0.09427555700787217
2.21	0.0940986029134802
2.215	0.09392210223059697
2.2199999999999998	0.0937460526782104
2.225	0.09357045199081813
2.23	0.09339529791830173
2.235	0.09322058822578683
2.2399999999999998	0.09304632069349647
2.245	0.09287249311664261
2.25	0.09269910330526998
2.255	0.09252614908414702
2.26	0.09235362829261548
2.265	0.09218153878446804
2.27	0.09200987842785202
2.275	0.09183864510509696
2.28	0.0916678367126182
2.285	0.09149745116079343
2.29	0.09132748637383506
2.295	0.09115794028967272
2.3	0.09098881085983583
2.305	0.09082009604933522
2.31	0.0906517938365401
2.315	0.09048390221307459
2.32	0.09031641918369475
2.3249999999999997	0.09014934276618279
2.33	0.08998267099122996
2.335	0.08981640190231886
2.34	0.0896505335556397
2.3449999999999998	0.08948506401994284
2.35	0.08931999137646326
2.355	0.08915531371881595
2.36	0.08899102915285749
2.3649999999999998	0.08882713579661793
2.37	0.08866363178017314
2.375	0.08850051524555895
2.38	0.08833778434666556
2.385	0.08817543724912524
2.39	0.08801347213023142
2.395	0.08785188717883162
2.4	0.08769068059523313
2.405	0.08752985059109161
2.41	0.0873693953893527
2.415	0.0872093132241109
2.42	0.08704960234055413
2.425	0.08689026099484919
2.43	0.08673128745405913
2.435	0.08657267999605944
2.44	0.08641443690942141
2.445	0.0862565564933556
2.4499999999999997	0.0860990370576067
2.455	0.0859418769223687
2.46	0.08578507441819574
2.465	0.08562862788592926
2.4699999999999998	0.08547253567659069
2.475	0.08531679615132173
2.48	0.08516140768128534
2.485	0.0850063686475871
2.4899999999999998	0.08485167744120162
2.495	0.08469733246287196
2.5	0.0845433321230595
2.505	0.08438967484183646
2.51	0.08423635904882373
2.515	0.08408338318310286
2.52	0.08393074569315523
2.525	0.08377844503676501
2.53	0.08362647968095495
2.535	0.08347484810191834
2.54	0.08332354878492775
2.545	0.083172580224275
2.55	0.08302194092319733
2.555	0.08287162939379854
2.56	0.08272164415697776
2.565	0.08257198374236879
2.57	0.08242264668826092
2.5749999999999997	0.08227363154153187
2.58	0.08212493685758168
2.585	0.08197656120025466
2.59	0.08182850314178966
2.5949999999999998	0.08168076126274046
2.6	0.08153333415190502
2.605	0.08138622040627122
2.61	0.08123941863095246
2.6149999999999998	0.08109292743910833
2.62	0.08094674545189848
2.625	0.08080087129841028
2.63	0.08065530361558916
2.635	0.08051004104819817
2.64	0.08036508224872702
2.645	0.08022042587736274
2.65	0.08007607060190304
2.655	0.07993201509770563
2.66	0.07978825804763912
2.665	0.07964479814200727
2.67	0.07950163407849861
2.675	0.07935876456213124
2.68	0.07921618830518941
2.685	0.07907390402717204
2.69	0.07893191045473733
2.695	0.07879020632163625
2.7	0.07864879036867388
2.705	0.07850766134363833
2.71	0.07836681800125579
2.715	0.07822625910313917
2.7199999999999998	0.07808598341772603
2.725	0.07794598972022761
2.73	0.07780627679258792
2.735	0.07766684342341447
2.7399999999999998	0.07752768840794054
2.745	0.07738881054796272
2.75	0.07725020865180139
2.755	0.07711188153424149
2.76	0.07697382801649022
2.765	0.0768360469261238
2.77	0.07669853709703447
2.775	0.07656129736939271
2.78	0.0764243265895898
2.785	0.07628762361019338
2.79	0.07615118728990052
2.795	0.07601501649349109
2.8	0.07587911009178294
2.8049999999999997	0.0757434669615781
2.81	0.07560808598563032
2.815	0.07547296605258728
2.82	0.07533810605695118
2.825	0.07520350489903642
2.83	0.07506916148492297
2.835	0.07493507472640945
2.84	0.07480124354097599
2.8449999999999998	0.0746676668517382
2.85	0.07453434358740355
2.855	0.07440127268223119
2.86	0.07426845307598605
2.8649999999999998	0.07413588371390725
2.87	0.07400356354664746
2.875	0.07387149153025907
2.88	0.07373966662612982
2.885	0.07360808780095139
2.89	0.07347675402668329
2.895	0.07334566428050804
2.9	0.07321481754479636
2.905	0.07308421280705822
2.91	0.07295384905992176
2.915	0.07282372530107603
2.92	0.07269384053324587
2.925	0.07256419376415167
2.9299999999999997	0.07243478400646505
2.935	0.07230561027778462
2.94	0.07217667160058228
2.945	0.07204796700218488
2.95	0.07191949551472533
2.955	0.07179125617511196
2.96	0.07166324802498951
2.965	0.07153547011071001
2.9699999999999998	0.07140792148328937
2.975	0.07128060119838019
2.98	0.0711535083162327
2.985	0.07102664190166229
2.9899999999999998	0.07090000102401427
2.995	0.07077358475713187
3.	0.07064739217932123
3.005	0.07052142237332129
3.01	0.07039567442626452
3.015	0.07027014742965304
3.02	0.07014484047931699
3.025	0.07001975267538993
3.03	0.06989488312227302
3.035	0.06977023092860281
3.04	0.06964579520722618
3.045	0.06952157507515648
3.05	0.06939756965355752
3.0549999999999997	0.069273778067701
3.06	0.06915019944694317
3.065	0.06902683292469156
3.07	0.06890367763837475
3.075	0.0687807327294136
3.08	0.06865799734319383
3.085	0.0685354706290305
3.09	0.06841315174014562
3.0949999999999998	0.06829103983363337
3.1	0.06816913407043886
3.105	0.06804743361532004
3.11	0.06792593763682826
3.115	0.06780464530727608
3.12	0.06768355580270609
3.125	0.06756266830287204
3.13	0.06744198199120208
3.135	0.06732149605477844
3.14	0.06720120968430611
3.145	0.06708112207409
3.15	0.06696123242200068
3.155	0.06684153992945821
3.16	0.06672204380139815
3.165	0.06660274324624771
3.17	0.06648363747590158
3.175	0.06636472570569289
3.1799999999999997	0.06624600715437018
3.185	0.06612748104407135
3.19	0.06600914660029801
3.195	0.06589100305189152
3.2	0.0657730496310063
3.205	0.0656552855730878
3.21	0.06553771011684473
3.215	0.06542032250422675
3.2199999999999998	0.06530312198040199
3.225	0.06518610779372884
3.23	0.0650692791957346
3.235	0.0649526354410921
3.24	0.06483617578759611
3.245	0.06471989949613802
3.25	0.06460380583068488
3.255	0.06448789405825602
3.26	0.06437216344889896
3.265	0.06425661327566677
3.27	0.06414124281459745
3.275	0.06402605134468899
3.28	0.06391103814787905
3.285	0.0637962025090208
3.29	0.06368154371586275
3.295	0.06356706105902664
3.3	0.06345275383198393
3.3049999999999997	0.06333862133103604
3.31	0.06322466285529284
3.315	0.06311087770665022
3.32	0.0629972651897691
3.325	0.06288382461205615
3.33	0.06277055528364037
3.335	0.06265745651735387
3.34	0.0625445276287104
3.3449999999999998	0.06243176793588556
3.35	0.06231917675969551
3.355	0.062206753423578134
3.36	0.062094497253570614
3.365	0.061982407578291494
3.37	0.061870483728920574
3.375	0.06175872503917706
3.38	0.06164713084530193
3.385	0.061535700486038056
3.39	0.06142443330261044
3.395	0.06131332863870616
3.4	0.06120238584045702
3.405	0.061091604256418554
3.41	0.06098098323755089
3.415	0.060870522137202475
3.42	0.06076022031108841
3.425	0.06065007711727365
3.4299999999999997	0.06054009191615245
3.435	0.06043026407043212
3.44	0.06032059294511288
3.445	0.06021107790747128
3.45	0.06010171832704047
3.455	0.059992513575592384
3.46	0.0598834630271198
3.465	0.05977456605782144
3.4699999999999998	0.05966582204607682
3.475	0.05955723037243797
3.48	0.05944879041960477
3.485	0.05934050157241
3.49	0.059232363217800704
3.495	0.05912437474482456
3.5	0.05901653554460599
3.505	0.058908845010337156
3.51	0.05880130253725472
3.515	0.05869390752262324
3.52	0.05858665936572341
3.525	0.05847955746782881
3.53	0.058372601232193795
3.535	0.058265790064032735
3.54	0.05815912337050768
3.545	0.05805260056071082
3.55	0.057946221045645244
3.5549999999999997	0.05783998423821092
3.56	0.05773388955319023
3.565	0.05762793640722508
3.5700000000000003	0.05752212421880925
3.575	0.05741645240826797
3.58	0.05731092039774076
3.585	0.05720552761116788
3.59	0.05710027347427339
3.5949999999999998	0.056995157414551474
3.5999999999999996	0.0568901788612456
3.605	0.0567853372453385
3.61	0.056680631999535526
3.615	0.056576062558245
3.62	0.05647162835756549
3.625	0.05636732883527387
3.63	0.056263163430804626
3.635	0.05615913158523585
3.6399999999999997	0.056055232741275315
3.645	0.05595146634324712
3.65	0.055847831837072565
3.6550000000000002	0.05574432867025319
3.66	0.055640956291865974
3.665	0.055537714152538276
3.67	0.05543460170443553
3.675	0.055331618401249096
3.6799999999999997	0.05522876369818008
3.685	0.055126037051921394
3.69	0.05502343792064992
3.6950000000000003	0.054920965764005354
3.7	0.054818620043077436
3.705	0.05471640022039266
3.71	0.054614305759901664
3.715	0.054512336126959174
3.7199999999999998	0.0544104907883123
3.7249999999999996	0.0543087692120885
3.73	0.0542071708677791
3.735	0.05410569522622602
3.74	0.05400434175960063
3.745	0.05390310994140301
3.75	0.05380199924643593
3.755	0.053701009150797806
3.76	0.05360013913186173
3.7649999999999997	0.05349938866826868
3.77	0.053398757239909465
3.775	0.05329824432791047
3.7800000000000002	0.053197849414622064
3.785	0.05309757198360168
3.79	0.052997411519602605
3.795	0.05289736750855887
3.8	0.05279743943756851
3.8049999999999997	0.052697626794887695
3.81	0.05259792906990419
3.815	0.052498345753140684
3.8200000000000003	0.05239887633622324
3.825	0.052299520311878914
3.83	0.05220027717391842
3.835	0.05210114641722447
3.84	0.052002127537732944
3.8449999999999998	0.05190322003242469
3.8499999999999996	0.05180442339930961
3.855	0.05170573713741137
3.86	0.051607160746758605
3.865	0.05150869372836623
3.87	0.05141033558422416
3.875	0.05131208581728156
3.88	0.05121394393143953
3.885	0.051115909431527023
3.8899999999999997	0.05101798182329976
3.895	0.050920160613413125
3.9	0.050822445309423696
3.9050000000000002	0.05072483541975822
3.91	0.050627330453717256
3.915	0.05052992992144917
3.92	0.05043263333394581
3.925	0.05033544020301782
3.9299999999999997	0.050238350041292
3.935	0.050141362362195095
3.94	0.05004447667993278
3.9450000000000003	0.04994769250948702
3.95	0.04985100936659574
3.955	0.04975442676773723
3.96	0.04965794423012698
3.965	0.04956156127169176
3.9699999999999998	0.04946527741106355
3.9749999999999996	0.04936909216756604
3.98	0.049273005061193385
3.985	0.04917701561260841
3.99	0.049081123343119544
3.995	0.04898532777466707
4.	0.04888962842982107
4.005	0.04879402483175479
4.01	0.04869851650423078
4.015	0.04860310297160069
4.02	0.04850778375877334
4.025	0.04841255839122066
4.03	0.04831742639494516
4.035	0.048222387296482844
4.04	0.048127440622867834
4.045	0.048032585901647634
4.05	0.04793782266084136
4.055	0.04784315042894519
4.0600000000000005	0.047748568734904615
4.0649999999999995	0.047654077108112154
4.07	0.047559675078387445
4.075	0.04746536217596278
4.08	0.047371137931468306
4.085	0.04727700187592086
4.09	0.04718295354071006
4.095	0.0470889924575809
4.1	0.046995118158623415
4.105	0.046901330176253024
4.109999999999999	0.04680762804320374
4.115	0.04671401129250344
4.12	0.046620479457470394
4.125	0.0465270320716898
4.13	0.04643366866901264
4.135	0.04634038878351689
4.14	0.04624719194952336
4.145	0.04615407770155117
4.15	0.04606104557433118
4.155	0.04596809510275944
4.16	0.04587522582191959
4.165	0.04578243726704046
4.17	0.04568972897348449
4.175	0.04559710047674183
4.18	0.04550455131240901
4.1850000000000005	0.04541208101618064
4.1899999999999995	0.04531968912382281
4.195	0.045227375171165915
4.2	0.045135138694090894
4.205	0.045042979228504254
4.21	0.044950896310333756
4.215	0.04485888947550659
4.22	0.044766958259926576
4.225	0.04467510219947911
4.23	0.044583320829996276
4.234999999999999	0.04449161368724319
4.24	0.04439998030691729
4.245	0.04430842022461123
4.25	0.0442169329758075
4.255	0.04412551809586829
4.26	0.04403417511999803
4.265	0.04394290358325711
4.27	0.04385170302051671
4.275	0.043760572966458765
4.28	0.04366951295555398
4.285	0.04357852252204612
4.29	0.043487601199934126
4.295	0.043396748522954935
4.3	0.04330596402456534
4.305	0.043215247237928675
4.3100000000000005	0.043124597695895155
4.3149999999999995	0.04303401493097431
4.32	0.04294349847534162
4.325	0.042853047860793525
4.33	0.042762662618744555
4.335	0.042672342280211155
4.34	0.04258208637578141
4.345	0.04249189443560921
4.35	0.042401765989385845
4.355	0.04231170056632753
4.359999999999999	0.042221697695160765
4.365	0.042131756904083655
4.37	0.042041877720775465
4.375	0.041952059672356455
4.38	0.04186230228537119
4.385	0.04177260508577346
4.39	0.04168296759891425
4.395	0.041593389349499695
4.4	0.0415038698615963
4.405	0.04141440865858903
4.41	0.041325005263178956
4.415	0.04123565919734929
4.42	0.041146369982353145
4.425	0.04105713713868325
4.43	0.040967960186063794
4.4350000000000005	0.04087883864342074
4.4399999999999995	0.04078977202885539
4.445	0.040700759859642444
4.45	0.040611801652183005
4.455	0.04052289692198989
4.46	0.04043404518368505
4.465	0.04034524595095259
4.47	0.040256498736525925
4.475	0.040167803052165954
4.48	0.040079158408627386
4.484999999999999	0.039990564315656646
4.49	0.03990202028194522
4.495	0.03981352581511921
4.5	0.03972508042171329
4.505	0.03963668360714892
4.51	0.03954833487568942
4.515	0.03946003373044902
4.52	0.03937177967334136
4.525	0.03928357220506534
4.53	0.03919541082507585
4.535	0.03910729503155437
4.54	0.039019224321399176
4.545	0.038931198190173544
4.55	0.03884321613209645
4.555	0.03875527764001546
4.5600000000000005	0.038667382205370734
4.5649999999999995	0.03857952931816817
4.57	0.038491718466964045
4.575	0.03840394913882181
4.58	0.03831622081928615
4.585	0.03822853299235873
4.59	0.03814088514047374
4.595000000000001	0.03805327674444558
4.6	0.03796570728347084
4.605	0.037878176235075826
4.609999999999999	0.03779068307508438
4.615	0.03770322727760507
4.62	0.037615808314980674
4.625	0.03752842565776779
4.63	0.0374410787746975
4.635	0.037353767132647674
4.640000000000001	0.03726649019660432
4.645	0.037179247429647816
4.65	0.03709203829288122
4.654999999999999	0.03700486224543011
4.66	0.03691771874439352
4.665	0.03683060724480671
4.67	0.03674352719962092
4.675	0.036656478059629724
4.68	0.03656945927349254
4.6850000000000005	0.03648247028764115
4.6899999999999995	0.03639551054625913
4.695	0.03630857949126804
4.7	0.03622167656226125
4.705	0.036134801196458344
4.71	0.03604795282870854
4.715	0.0359611308914007
4.720000000000001	0.035874334814444575
4.725	0.035787564025236064
4.73	0.035700817948606266
4.734999999999999	0.03561409600678195
4.74	0.03552739761933589
4.745	0.03544072220314829
4.75	0.03535406917236908
4.755	0.03526743793836624
4.76	0.03518082790967019
4.765000000000001	0.03509423849194363
4.77	0.03500766908793916
4.775	0.034921119097421426
4.779999999999999	0.034834587917151785
4.785	0.034748074940822576
4.79	0.03466157955901316
4.795	0.03457510115913475
4.8	0.03448863912537547
4.805	0.03440219283866976
4.8100000000000005	0.034315761676616346
4.8149999999999995	0.03422934501344269
4.82	0.034142942219949186
4.825	0.03405655266344657
4.83	0.03397017570771303
4.835	0.03388381071291249
4.84	0.03379745703556288
4.845000000000001	0.03371111402847773
4.85	0.03362478104067195
4.855	0.0335384574173428
4.859999999999999	0.03345214249978442
4.865	0.033365835625335016
4.87	0.03327953612730227
4.875	0.03319324333491732
4.88	0.03310695657324845
4.885	0.03302067516314155
4.890000000000001	0.0329343984211651
4.895	0.03284812565952124
4.9	0.032761856185989244
4.904999999999999	0.03267558930385044
4.91	0.03258932431180774
4.915	0.03250306050392692
4.92	0.03241679716955831
4.925	0.032330533593233866
4.93	0.03224426905464397
4.9350000000000005	0.032158002828499954
4.9399999999999995	0.03207173418449038
4.945	0.031985462387193256
4.95	0.03189918669598729
4.955	0.03181290636496269
4.96	0.03172662064284715
4.965	0.031640328772916566
4.970000000000001	0.03155402999289676
4.975	0.03146772353487626
4.98	0.0313814086252303
4.984999999999999	0.031295084484491295
4.99	0.031208750327294713
4.995	0.031122405362251523
5.	0.031036048791858926
5.005	0.030949679812403957
5.01	0.030863297613852453
5.015000000000001	0.030776901379751618
5.02	0.030690490287125408
5.025	0.030604063506344512
5.029999999999999	0.030517620201044947
5.035	0.030431159527997888
5.04	0.030344680636999077
5.045	0.030258182670753458
5.05	0.03017166476474461
5.055	0.030085126047131712
5.0600000000000005	0.029998565638613327
5.0649999999999995	0.02991198265229525
5.07	0.02982537619357926
5.075	0.029738745360028445
5.08	0.02965208924120218
5.085	0.0295654069185636
5.09	0.029478697465320662
5.095000000000001	0.02939195994626027
5.1	0.02930519341766212
5.105	0.029218396927084226
5.109999999999999	0.02913156951325332
5.115	0.029044710205903566
5.12	0.02895781802560462
5.125	0.02887089198361991
5.13	0.028783931081732585
5.135	0.028696934312072757
5.14	0.028609900656964032
5.145	0.02852282908872764
5.15	0.028435718569523684
5.155	0.028348568051149266
5.16	0.028261376474878024
5.165	0.028174142771242194
5.17	0.02808686585986186
5.175	0.027999544649225595
5.18	0.027912178036509205
5.185	0.027824764907356987
5.19	0.027737304135664578
5.195	0.02764979458337295
5.2	0.027562235100252436
5.205	0.02747462452365213
5.21	0.027386961678296587
5.215	0.027299245376032028
5.22	0.027211474415589174
5.225	0.027123647582342515
5.23	0.027035763648043488
5.235	0.02694782137057017
5.24	0.026859819493668342
5.245	0.026771756746658045
5.25	0.02668363184419175
5.255	0.026595443485927666
5.26	0.026507190356275936
5.265	0.02641887112408385
5.27	0.026330484442322243
5.275	0.02624202894778781
5.28	0.02615350326078551
5.285	0.02606490598478396
5.29	0.025976235706096553
5.295	0.025887490993525067
5.3	0.02579867039800798
5.305	0.02570977245227189
5.31	0.025620795670450044
5.315	0.02553173854768383
5.32	0.025442599559783747
5.325	0.025353377162781472
5.33	0.025264069792525025
5.335	0.02517467586429861
5.34	0.02508519377234275
5.345	0.024995621889429727
5.35	0.02490595856641957
5.355	0.02481620213178119
5.36	0.024726350891105607
5.365	0.024636403126638406
5.37	0.024546357096755587
5.375	0.02445621103545308
5.38	0.024365963151796843
5.385	0.024275611629397634
5.39	0.0241851546258432
5.395	0.02409459027210656
5.4	0.02400391667196081
5.405	0.023913131901365424
5.41	0.023822234007842096
5.415	0.023731221009826362
5.42	0.023640090895986236
5.425	0.0235488416245684
5.43	0.02345747112265784
5.435	0.023365977285486873
5.44	0.023274357975661422
5.445	0.02318261102240048
5.45	0.023090734220763565
5.455	0.022998725330798192
5.46	0.02290658207673124
5.465	0.02281430214608778
5.47	0.02272188318880235
5.475	0.02262932281629882
5.48	0.022536618600540084
5.485	0.022443768073055922
5.49	0.022350768723919757
5.495	0.0222576180007233
5.5	0.02216431330749792
5.505	0.022070852003592052
5.51	0.02197723140253942
5.515	0.0218834487708856
5.52	0.021789501326937424
5.525	0.021695386239524883
5.53	0.02160110062668521
5.535	0.021506641554326137
5.54	0.021412006034817573
5.545	0.02131719102556027
5.55	0.02122219342748707
5.555	0.02112701008353277
5.56	0.02103163777702124
5.565	0.020936073230019125
5.57	0.02084031310163247
5.575	0.020744353986219925
5.58	0.02064819241156241
5.585	0.02055182483695894
5.59	0.020455247651257058
5.595	0.020358457170794576
5.6	0.020261449637294125
5.605	0.02016422121564388
5.61	0.020066767991621857
5.615	0.01996908596951729
5.62	0.019871171069677628
5.625	0.01977301912592961
5.63	0.01967462588293273
5.635	0.01957598699341038
5.64	0.01947709801526966
5.645	0.0193779544086191
5.65	0.019278551532644187
5.655	0.019178884642371653
5.66	0.01907894888529866
5.665	0.018978739297874133
5.67	0.01887825080183493
5.675	0.018777478200389334
5.68	0.0186764161742308
5.6850000000000005	0.018575059277389127
5.69	0.018473401932887688
5.695	0.018371438428222038
5.7	0.01826916291062458
5.705	0.018166569382122348
5.71	0.018063651694373246
5.715	0.017960403543263347
5.72	0.017856818463245168
5.725	0.017752889821418115
5.73	0.01764861081133685
5.735	0.017543974446503
5.74	0.017438973553559205
5.745	0.017333600765145424
5.75	0.017227848512399353
5.755	0.01712170901708255
5.76	0.017015174283317162
5.765	0.01690823608888535
5.77	0.016800885976095317
5.775	0.016693115242156168
5.78	0.016584914929053802
5.785	0.016476275812882954
5.79	0.016367188392594066
5.795	0.016257642878135796
5.8	0.01614762917793367
5.805	0.016037136885661513
5.8100000000000005	0.015926155266269153
5.815	0.015814673241203385
5.82	0.01570267937276255
5.825	0.015590161847531056
5.83	0.015477108458825885
5.835	0.015363506588067179
5.84	0.015249343185017911
5.845	0.01513460474678224
5.85	0.015019277295479036
5.855	0.014903346354490239
5.86	0.014786796923153588
5.865	0.014669613449802723
5.87	0.014551779802988588
5.875	0.01443327924075417
5.88	0.014314094377789632
5.885	0.014194207150288223
5.89	0.014073598778297147
5.895	0.013952249725361694
5.9	0.01383013965518606
5.905	0.013707247385085922
5.91	0.01358355083588245
5.915	0.013459026977945288
5.92	0.013333651773005356
5.925	0.013207400111289555
5.93	0.01308024574358445
5.9350000000000005	0.01295216120763695
5.94	0.01282311774836562
5.945	0.012693085231202376
5.95	0.012562032047857162
5.955	0.012429925013638635
5.96	0.012296729255429326
5.965	0.01216240808922681
5.97	0.012026922886094053
5.975	0.011890232925018349
5.98	0.011752295231269565
5.985	0.011613064398326173
5.99	0.011472492391329251
5.995	0.011330528329704702
6.	0.011187118246123676
6.005	0.01104220481864425
6.01	0.010895727072279643
6.015	0.0107476200455454
6.02	0.010597814416986968
6.025	0.010446236085503767
6.03	0.010292805697371855
6.035	0.010137438111518078
6.04	0.009980041792674865
6.045	0.009820518120509198
6.05	0.009658760599749227
6.055	0.009494653953623571
6.0600000000000005	0.009328073078690722
6.065	0.009158881834396365
6.07	0.008986931634188667
6.075	0.008812059796942827
6.08	0.008634087606978423
6.085	0.008452818017156038
6.09	0.00826803291130602
6.095	0.008079489818272292
6.1	0.007886917936999726
6.105	0.007690013287532581
6.11	0.007488432741012843
6.115	0.007281786594866532
6.12	0.007069629235129477
6.125	0.0068514472469653215
6.13	0.0066266440661113795
6.135	0.006394519855890361
6.140000000000001	0.00615424465949944
6.145	0.00590482185951942
6.15	0.005645037292237994
6.155	0.005373386470191838
6.16	0.005087967172886941
6.165	0.0047863148510330225
6.17	0.004465138560313279
6.175	0.0041198723335666015
6.18	0.0037438546345819564
6.1850000000000005	0.0033266712326070406
6.1899999999999995	0.002850300104806809
6.195	0.0022779016500062625
6.2	0.0015035285424483177
6.205	0.
6.21	0.
6.215	0.
6.22	0.
6.225	0.
6.23	0.
6.235	0.
6.24	0.
6.245	0.
6.25	0.
6.255	0.
6.26	0.
6.265000000000001	0.
6.27	0.
6.275	0.
6.28	0.
6.285	0.
6.29	0.
6.295	0.
6.3	0.
6.305	0.
6.3100000000000005	0.
6.3149999999999995	0.
6.32	0.
6.325	0.
6.33	0.
6.335	0.
6.34	0.
6.345	0.
6.35	0.
6.355	0.
6.36	0.
6.365	0.
6.37	0.
6.375	0.
6.38	0.
6.385	0.
6.390000000000001	0.
6.395	0.
6.4	0.
6.405	0.
6.41	0.
6.415	0.
6.42	0.
6.425	0.
6.43	0.
6.4350000000000005	0.
6.4399999999999995	0.
6.445	0.
6.45	0.
6.455	0.
6.46	0.
6.465	0.
6.47	0.
6.475	0.
6.48	0.
6.485	0.
6.49	0.
6.495	0.
6.5	0.
6.505	0.
6.51	0.
6.515000000000001	0.
6.52	0.
6.525	0.
6.53	0.
6.535	0.
6.54	0.
6.545	0.
6.55	0.
6.555	0.
6.5600000000000005	0.
6.5649999999999995	0.
6.57	0.
6.575	0.
6.58	0.
6.585	0.
6.59	0.
6.595	0.
6.6	0.
6.605	0.
6.61	0.
6.615	0.
6.62	0.
6.625	0.
6.63	0.
6.635	0.
6.640000000000001	0.
6.645	0.
6.65	0.
6.655	0.
6.66	0.
6.665	0.
6.67	0.
6.675	0.
6.68	0.
6.6850000000000005	0.
6.6899999999999995	0.
6.695	0.
6.7	0.
6.705	0.
6.71	0.
6.715	0.
6.72	0.
6.725	0.
6.73	0.
6.735	0.
6.74	0.
6.745	0.
6.75	0.
6.755	0.
6.76	0.
6.765000000000001	0.
6.77	0.
6.775	0.
6.78	0.
6.785	0.
6.79	0.
6.795	0.
6.8	0.
6.805	0.
6.8100000000000005	0.
6.8149999999999995	0.
6.82	0.
6.825	0.
6.83	0.
6.835	0.
6.84	0.
6.845	0.
6.85	0.
6.855	0.
6.86	0.
6.865	0.
6.87	0.
6.875	0.
6.88	0.
6.885	0.
6.890000000000001	0.
6.895	0.
6.9	0.
6.905	0.
6.91	0.
6.915	0.
6.92	0.
6.925	0.
6.93	0.
6.9350000000000005	0.
6.9399999999999995	0.
6.945	0.
6.95	0.
6.955	0.
6.96	0.
6.965	0.
6.97	0.
6.975	0.
6.98	0.
6.985	0.
6.99	0.
6.995	0.
7.	0.
7.005	0.
7.01	0.
7.015000000000001	0.
7.02	0.
7.025	0.
7.03	0.
7.035	0.
7.04	0.
7.045	0.
7.05	0.
7.055	0.
7.0600000000000005	0.
7.0649999999999995	0.
7.07	0.
7.075	0.
7.08	0.
7.085	0.
7.09	0.
7.095	0.
7.1	0.
7.105	0.
7.11	0.
7.115	0.
7.12	0.
7.125	0.
7.13	0.
7.135	0.
7.140000000000001	0.
7.145	0.
7.15	0.
7.155	0.
7.16	0.
7.165	0.
7.17	0.
7.175	0.
7.18	0.
7.1850000000000005	0.
7.1899999999999995	0.
7.195	0.
7.2	0.
7.205	0.
7.21	0.
7.215	0.
7.220000000000001	0.
7.225	0.
7.23	0.
7.234999999999999	0.
7.24	0.
7.245	0.
7.25	0.
7.255	0.
7.26	0.
7.265000000000001	0.
7.27	0.
7.275	0.
7.28	0.
7.285	0.
7.29	0.
7.295	0.
7.300000000000001	0.
7.305	0.
7.3100000000000005	0.
7.3149999999999995	0.
7.32	0.
7.325	0.
7.33	0.
7.335	0.
7.34	0.
7.345000000000001	0.
7.35	0.
7.355	0.
7.359999999999999	0.
7.365	0.
7.37	0.
7.375	0.
7.38	0.
7.385	0.
7.390000000000001	0.
7.395	0.
7.4	0.
7.405	0.
7.41	0.
7.415	0.
7.42	0.
7.425000000000001	0.
7.43	0.
7.4350000000000005	0.
7.4399999999999995	0.
7.445	0.
7.45	0.
7.455	0.
7.46	0.
7.465	0.
7.470000000000001	0.
7.475	0.
7.48	0.
7.484999999999999	0.
7.49	0.
7.495	0.
7.5	0.
7.505	0.
7.51	0.
7.515000000000001	0.
7.52	0.
7.525	0.
7.53	0.
7.535	0.
7.54	0.
7.545	0.
7.550000000000001	0.
7.555	0.
7.5600000000000005	0.
7.5649999999999995	0.
7.57	0.
7.575	0.
7.58	0.
7.585	0.
7.59	0.
7.595000000000001	0.
7.6	0.
7.605	0.
7.609999999999999	0.
7.615	0.
7.62	0.
7.625	0.
7.63	0.
7.635	0.
7.640000000000001	0.
7.645	0.
7.65	0.
7.655	0.
7.66	0.
7.665	0.
7.67	0.
7.675000000000001	0.
7.68	0.
7.685	0.
7.6899999999999995	0.
7.694999999999999	0.
7.699999999999999	0.
7.704999999999999	0.
7.71	0.
7.715	0.
7.72	0.
7.725	0.
7.7299999999999995	0.
7.734999999999999	0.
7.739999999999999	0.
7.744999999999999	0.
7.75	0.
7.755	0.
7.76	0.
7.765	0.
7.77	0.
7.7749999999999995	0.
7.779999999999999	0.
7.784999999999999	0.
7.79	0.
7.795	0.
7.8	0.
7.805	0.
7.81	0.
7.8149999999999995	0.
7.819999999999999	0.
7.824999999999999	0.
7.829999999999999	0.
7.835	0.
7.84	0.
7.845	0.
7.85	0.
7.8549999999999995	0.
7.859999999999999	0.
7.864999999999999	0.
7.869999999999999	0.
7.875	0.
7.88	0.
7.885	0.
7.89	0.
7.895	0.
7.8999999999999995	0.
7.904999999999999	0.
7.909999999999999	0.
7.915	0.
7.92	0.
7.925	0.
7.93	0.
7.935	0.
7.9399999999999995	0.
7.944999999999999	0.
7.949999999999999	0.
7.955	0.
7.96	0.
7.965	0.
7.97	0.
7.975	0.
7.9799999999999995	0.
7.984999999999999	0.
7.989999999999999	0.
7.994999999999999	0.
8.	0.
8.004999999999999	0.
8.01	0.
8.014999999999999	0.
8.02	0.
8.025	0.
8.03	0.
8.035	0.
8.04	0.
8.045	0.
8.049999999999999	0.
8.055	0.
8.059999999999999	0.
8.065	0.
8.07	0.
8.075	0.
8.08	0.
8.084999999999999	0.
8.09	0.
8.094999999999999	0.
8.1	0.
8.105	0.
8.11	0.
8.115	0.
8.12	0.
8.125	0.
8.129999999999999	0.
8.135	0.
8.139999999999999	0.
8.145	0.
8.15	0.
8.155	0.
8.16	0.
8.165	0.
8.17	0.
8.174999999999999	0.
8.18	0.
8.184999999999999	0.
8.19	0.
8.195	0.
8.2	0.
8.205	0.
8.209999999999999	0.
8.215	0.
8.219999999999999	0.
8.225	0.
8.23	0.
8.235	0.
8.24	0.
8.245	0.
8.25	0.
8.254999999999999	0.
8.26	0.
8.264999999999999	0.
8.27	0.
8.275	0.
8.28	0.
8.285	0.
8.29	0.
8.295	0.
8.299999999999999	0.
8.305	0.
8.309999999999999	0.
8.315	0.
8.32	0.
8.325	0.
8.33	0.
8.334999999999999	0.
8.34	0.
8.344999999999999	0.
8.35	0.
8.355	0.
8.36	0.
8.365	0.
8.37	0.
8.375	0.
8.379999999999999	0.
8.385	0.
8.389999999999999	0.
8.395	0.
8.4	0.
8.405	0.
8.41	0.
8.415	0.
8.42	0.
8.424999999999999	0.
8.43	0.
8.434999999999999	0.
8.44	0.
8.445	0.
8.45	0.
8.455	0.
8.459999999999999	0.
8.465	0.
8.469999999999999	0.
8.475	0.
8.48	0.
8.485	0.
8.49	0.
8.495	0.
8.5	0.
8.504999999999999	0.
8.51	0.
8.515	0.
8.52	0.
8.525	0.
8.53	0.
8.535	0.
8.54	0.
8.545	0.
8.549999999999999	0.
8.555	0.
8.559999999999999	0.
8.565	0.
8.57	0.
8.575	0.
8.58	0.
8.584999999999999	0.
8.59	0.
8.594999999999999	0.
8.6	0.
8.605	0.
8.61	0.
8.615	0.
8.62	0.
8.625	0.
8.629999999999999	0.
8.635	0.
8.64	0.
8.645	0.
8.65	0.
8.655	0.
8.66	0.
8.665	0.
8.67	0.
8.674999999999999	0.
8.68	0.
8.684999999999999	0.
8.69	0.
8.695	0.
8.7	0.
8.705	0.
8.709999999999999	0.
8.715	0.
8.719999999999999	0.
8.725	0.
8.73	0.
8.735	0.
8.74	0.
8.745	0.
8.75	0.
8.754999999999999	0.
8.76	0.
8.765	0.
8.77	0.
8.775	0.
8.78	0.
8.785	0.
8.79	0.
8.795	0.
8.799999999999999	0.
8.805	0.
8.809999999999999	0.
8.815	0.
8.82	0.
8.825	0.
8.83	0.
8.834999999999999	0.
8.84	0.
8.844999999999999	0.
8.85	0.
8.855	0.
8.86	0.
8.865	0.
8.87	0.
8.875	0.
8.879999999999999	0.
8.885	0.
8.89	0.
8.895	0.
8.9	0.
8.905	0.
8.91	0.
8.915	0.
8.92	0.
8.924999999999999	0.
8.93	0.
8.934999999999999	0.
8.94	0.
8.945	0.
8.95	0.
8.955	0.
8.959999999999999	0.
8.965	0.
8.969999999999999	0.
8.975	0.
8.98	0.
8.985	0.
8.99	0.
8.995	0.
9.	0.
9.004999999999999	0.
9.01	0.
9.015	0.
9.02	0.
9.025	0.
9.03	0.
9.035	0.
9.04	0.
9.045	0.
9.049999999999999	0.
9.055	0.
9.059999999999999	0.
9.065	0.
9.07	0.
9.075	0.
9.08	0.
9.084999999999999	0.
9.09	0.
9.094999999999999	0.
9.1	0.
9.105	0.
9.11	0.
9.115	0.
9.12	0.
9.125	0.
9.129999999999999	0.
9.135	0.
9.14	0.
9.145	0.
9.15	0.
9.155	0.
9.16	0.
9.165	0.
9.17	0.
9.174999999999999	0.
9.18	0.
9.184999999999999	0.
9.19	0.
9.195	0.
9.2	0.
9.205	0.
9.209999999999999	0.
9.215	0.
9.219999999999999	0.
9.225	0.
9.23	0.
9.235	0.
9.24	0.
9.245	0.
9.25	0.
9.254999999999999	0.
9.26	0.
9.265	0.
9.27	0.
9.275	0.
9.28	0.
9.285	0.
9.29	0.
9.295	0.
9.299999999999999	0.
9.305	0.
9.309999999999999	0.
9.315	0.
9.32	0.
9.325	0.
9.33	0.
9.334999999999999	0.
9.34	0.
9.344999999999999	0.
9.35	0.
9.355	0.
9.36	0.
9.365	0.
9.37	0.
9.375	0.
9.379999999999999	0.
9.385	0.
9.39	0.
9.395	0.
9.4	0.
9.405	0.
9.41	0.
9.415	0.
9.42	0.
9.424999999999999	0.
9.43	0.
9.434999999999999	0.
9.44	0.
9.445	0.
9.45	0.
9.455	0.
9.459999999999999	0.
9.465	0.
9.469999999999999	0.
9.475	0.
9.48	0.
9.485	0.
9.49	0.
9.495	0.
9.5	0.
9.504999999999999	0.
9.51	0.
9.515	0.
9.52	0.
9.525	0.
9.53	0.
9.535	0.
9.54	0.
9.545	0.
9.549999999999999	0.
9.555	0.
9.559999999999999	0.
9.565	0.
9.57	0.
9.575	0.
9.58	0.
9.584999999999999	0.
9.59	0.
9.594999999999999	0.
9.6	0.
9.605	0.
9.61	0.
9.615	0.
9.62	0.
9.625	0.
9.629999999999999	0.
9.635	0.
9.64	0.
9.645	0.
9.65	0.
9.655	0.
9.66	0.
9.665	0.
9.67	0.
9.674999999999999	0.
9.68	0.
9.684999999999999	0.
9.69	0.
9.695	0.
9.7	0.
9.705	0.
9.709999999999999	0.
9.715	0.
9.719999999999999	0.
9.725	0.
9.73	0.
9.735	0.
9.74	0.
9.745	0.
9.75	0.
9.754999999999999	0.
9.76	0.
9.765	0.
9.77	0.
9.774999999999999	0.
9.78	0.
9.785	0.
9.79	0.
9.795	0.
9.8	0.
9.805	0.
9.809999999999999	0.
9.815	0.
9.82	0.
9.825	0.
9.83	0.
9.834999999999999	0.
9.84	0.
9.844999999999999	0.
9.85	0.
9.855	0.
9.86	0.
9.865	0.
9.87	0.
9.875	0.
9.879999999999999	0.
9.885	0.
9.89	0.
9.895	0.
9.899999999999999	0.
9.905	0.
9.91	0.
9.915	0.
9.92	0.
9.925	0.
9.93	0.
9.934999999999999	0.
9.94	0.
9.945	0.
9.95	0.
9.955	0.
9.959999999999999	0.
9.965	0.
9.969999999999999	0.
9.975	0.
9.98	0.
9.985	0.
9.99	0.
9.995	0.
10.	0.
10.004999999999999	0.
10.01	0.
10.015	0.
10.02	0.
10.024999999999999	0.
10.03	0.
10.035	0.
10.04	0.
10.045	0.
10.05	0.
10.055	0.
10.059999999999999	0.
10.065	0.
10.07	0.
10.075	0.
10.08	0.
10.084999999999999	0.
10.09	0.
10.094999999999999	0.
10.1	0.
10.105	0.
10.11	0.
10.115	0.
10.12	0.
10.125	0.
10.129999999999999	0.
10.135	0.
10.14	0.
10.145	0.
10.149999999999999	0.
10.155	0.
10.16	0.
10.165	0.
10.17	0.
10.175	0.
10.18	0.
10.184999999999999	0.
10.19	0.
10.195	0.
10.2	0.
10.205	0.
10.209999999999999	0.
10.215	0.
10.219999999999999	0.
10.225	0.
10.23	0.
10.235	0.
10.24	0.
10.245000000000001	0.
10.250000000000002	0.
10.255	0.
10.260000000000002	0.
10.265	0.
10.270000000000001	0.
10.275	0.
10.280000000000001	0.
10.285	0.
10.290000000000001	0.
10.295000000000002	0.
10.3	0.
10.305000000000001	0.
10.31	0.
10.315000000000001	0.
10.32	0.
10.325000000000001	0.
10.330000000000002	0.
10.335	0.
10.340000000000002	0.
10.345	0.
10.350000000000001	0.
10.355	0.
10.360000000000001	0.
10.365	0.
10.370000000000001	0.
10.375000000000002	0.
10.38	0.
10.385000000000002	0.
10.39	0.
10.395000000000001	0.
10.4	0.
10.405000000000001	0.
10.41	0.
10.415000000000001	0.
10.420000000000002	0.
10.425	0.
10.430000000000001	0.
10.435	0.
10.440000000000001	0.
10.445	0.
10.450000000000001	0.
10.455000000000002	0.
10.46	0.
10.465000000000002	0.
10.47	0.
10.475000000000001	0.
10.48	0.
10.485000000000001	0.
10.49	0.
10.495000000000001	0.
10.500000000000002	0.
10.505	0.
10.510000000000002	0.
10.515	0.
10.520000000000001	0.
10.525	0.
10.530000000000001	0.
10.535	0.
10.540000000000001	0.
10.545000000000002	0.
10.55	0.
10.555000000000001	0.
10.56	0.
10.565000000000001	0.
10.57	0.
10.575000000000001	0.
10.580000000000002	0.
10.585	0.
10.590000000000002	0.
10.595	0.
10.600000000000001	0.
10.605	0.
10.610000000000001	0.
10.615	0.
10.620000000000001	0.
10.625000000000002	0.
10.63	0.
10.635000000000002	0.
10.64	0.
10.645000000000001	0.
10.65	0.
10.655000000000001	0.
10.66	0.
10.665000000000001	0.
10.670000000000002	0.
10.675	0.
10.680000000000001	0.
10.685	0.
10.690000000000001	0.
10.695	0.
10.700000000000001	0.
10.705000000000002	0.
10.71	0.
10.715000000000002	0.
10.72	0.
10.725000000000001	0.
10.73	0.
10.735000000000001	0.
10.74	0.
10.745000000000001	0.
10.750000000000002	0.
10.755	0.
10.760000000000002	0.
10.765	0.
10.770000000000001	0.
10.775	0.
10.780000000000001	0.
10.785	0.
10.790000000000001	0.
10.795000000000002	0.
10.8	0.
10.805000000000001	0.
10.81	0.
10.815000000000001	0.
10.82	0.
10.825000000000001	0.
10.830000000000002	0.
10.835	0.
10.840000000000002	0.
10.845	0.
10.850000000000001	0.
10.855	0.
10.860000000000001	0.
10.865	0.
10.870000000000001	0.
10.875000000000002	0.
10.88	0.
10.885000000000002	0.
10.89	0.
10.895000000000001	0.
10.9	0.
10.905000000000001	0.
10.91	0.
10.915000000000001	0.
10.920000000000002	0.
10.925	0.
10.930000000000001	0.
10.935	0.
10.940000000000001	0.
10.945	0.
10.950000000000001	0.
10.955000000000002	0.
10.96	0.
10.965000000000002	0.
10.97	0.
10.975000000000001	0.
10.98	0.
10.985000000000001	0.
10.99	0.
10.995000000000001	0.
11.000000000000002	0.
11.005	0.
11.010000000000002	0.
11.015	0.
11.020000000000001	0.
11.025	0.
11.030000000000001	0.
11.035	0.
11.040000000000001	0.
11.045000000000002	0.
11.05	0.
11.055000000000001	0.
11.06	0.
11.065000000000001	0.
11.07	0.
11.075000000000001	0.
11.080000000000002	0.
11.085	0.
11.090000000000002	0.
11.095	0.
11.100000000000001	0.
11.105	0.
11.110000000000001	0.
11.115	0.
11.120000000000001	0.
11.125000000000002	0.
11.13	0.
11.135000000000002	0.
11.14	0.
11.145000000000001	0.
11.15	0.
11.155000000000001	0.
11.16	0.
11.165000000000001	0.
11.170000000000002	0.
11.175	0.
11.180000000000001	0.
11.185	0.
11.190000000000001	0.
11.195	0.
11.200000000000001	0.
11.205000000000002	0.
11.21	0.
11.215000000000002	0.
11.22	0.
11.225000000000001	0.
11.23	0.
11.235000000000001	0.
11.24	0.
11.245000000000001	0.
11.250000000000002	0.
11.255	0.
11.260000000000002	0.
11.265	0.
11.270000000000001	0.
11.275	0.
11.280000000000001	0.
11.285	0.
11.290000000000001	0.
11.295000000000002	0.
11.3	0.
11.305000000000001	0.
11.31	0.
11.315000000000001	0.
11.32	0.
11.325000000000001	0.
11.330000000000002	0.
11.335	0.
11.340000000000002	0.
11.345	0.
11.350000000000001	0.
11.355	0.
11.360000000000001	0.
11.365000000000002	0.
11.370000000000001	0.
11.375000000000002	0.
11.38	0.
11.385000000000002	0.
11.39	0.
11.395000000000001	0.
11.4	0.
11.405000000000001	0.
11.41	0.
11.415000000000001	0.
11.420000000000002	0.
11.425	0.
11.430000000000001	0.
11.435	0.
11.440000000000001	0.
11.445	0.
11.450000000000001	0.
11.455000000000002	0.
11.46	0.
11.465000000000002	0.
11.47	0.
11.475000000000001	0.
11.48	0.
11.485000000000001	0.
11.490000000000002	0.
11.495000000000001	0.
11.500000000000002	0.
11.505	0.
11.510000000000002	0.
11.515	0.
11.520000000000001	0.
11.525	0.
11.530000000000001	0.
11.535	0.
11.540000000000001	0.
11.545000000000002	0.
11.55	0.
11.555000000000001	0.
11.56	0.
11.565000000000001	0.
11.57	0.
11.575000000000001	0.
11.580000000000002	0.
11.585	0.
11.590000000000002	0.
11.595	0.
11.600000000000001	0.
11.605	0.
11.610000000000001	0.
11.615000000000002	0.
11.620000000000001	0.
11.625000000000002	0.
11.63	0.
11.635000000000002	0.
11.64	0.
11.645000000000001	0.
11.65	0.
11.655000000000001	0.
11.66	0.
11.665000000000001	0.
11.670000000000002	0.
11.675	0.
11.680000000000001	0.
11.685	0.
11.690000000000001	0.
11.695	0.
11.700000000000001	0.
11.705000000000002	0.
11.71	0.
11.715000000000002	0.
11.72	0.
11.725000000000001	0.
11.73	0.
11.735000000000001	0.
11.740000000000002	0.
11.745000000000001	0.
11.750000000000002	0.
11.755	0.
11.760000000000002	0.
11.765	0.
11.770000000000001	0.
11.775	0.
11.780000000000001	0.
11.785	0.
11.790000000000001	0.
11.795000000000002	0.
11.8	0.
11.805000000000001	0.
11.81	0.
11.815000000000001	0.
11.82	0.
11.825000000000001	0.
11.830000000000002	0.
11.835	0.
11.840000000000002	0.
11.845	0.
11.850000000000001	0.
11.855	0.
11.860000000000001	0.
11.865000000000002	0.
11.870000000000001	0.
11.875000000000002	0.
11.88	0.
11.885000000000002	0.
11.89	0.
11.895000000000001	0.
11.9	0.
11.905000000000001	0.
11.91	0.
11.915000000000001	0.
11.920000000000002	0.
11.925	0.
11.930000000000001	0.
11.935	0.
11.940000000000001	0.
11.945	0.
11.950000000000001	0.
11.955000000000002	0.
11.96	0.
11.965000000000002	0.
11.97	0.
11.975000000000001	0.
11.98	0.
11.985000000000001	0.
11.990000000000002	0.
11.995000000000001	0.
12.000000000000002	0.
12.005	0.
12.010000000000002	0.
12.015	0.
12.020000000000001	0.
12.025	0.
12.030000000000001	0.
12.035	0.
12.040000000000001	0.
12.045000000000002	0.
12.05	0.
12.055000000000001	0.
12.06	0.
12.065000000000001	0.
12.07	0.
12.075000000000001	0.
12.080000000000002	0.
12.085	0.
12.090000000000002	0.
12.095	0.
12.100000000000001	0.
12.105	0.
12.110000000000001	0.
12.115000000000002	0.
12.120000000000001	0.
12.125000000000002	0.
12.13	0.
12.135000000000002	0.
12.14	0.
12.145000000000001	0.
12.15	0.
12.155000000000001	0.
12.16	0.
12.165000000000001	0.
12.170000000000002	0.
12.175	0.
12.180000000000001	0.
12.185	0.
12.190000000000001	0.
12.195	0.
12.200000000000001	0.
12.205000000000002	0.
12.21	0.
12.215000000000002	0.
12.22	0.
12.225000000000001	0.
12.23	0.
12.235000000000001	0.
12.240000000000002	0.
12.245000000000001	0.
12.25	0.
12.255	0.
12.260000000000002	0.
12.265	0.
12.270000000000001	0.
12.275000000000002	0.
12.280000000000001	0.
12.285	0.
12.290000000000001	0.
12.295000000000002	0.
12.3	0.
12.305000000000001	0.
12.31	0.
12.315000000000001	0.
12.32	0.
12.325000000000001	0.
12.330000000000002	0.
12.335	0.
12.340000000000002	0.
12.345	0.
12.350000000000001	0.
12.355	0.
12.360000000000001	0.
12.365000000000002	0.
12.370000000000001	0.
12.375	0.
12.38	0.
12.385000000000002	0.
12.39	0.
12.395000000000001	0.
12.400000000000002	0.
12.405000000000001	0.
12.41	0.
12.415000000000001	0.
12.420000000000002	0.
12.425	0.
12.430000000000001	0.
12.435	0.
12.440000000000001	0.
12.445	0.
12.450000000000001	0.
12.455000000000002	0.
12.46	0.
12.465000000000002	0.
12.47	0.
12.475000000000001	0.
12.48	0.
12.485000000000001	0.
12.490000000000002	0.
12.495000000000001	0.
12.5	0.
12.505	0.
12.510000000000002	0.
12.515	0.
12.520000000000001	0.
12.525000000000002	0.
12.530000000000001	0.
12.535	0.
12.540000000000001	0.
12.545000000000002	0.
12.55	0.
12.555000000000001	0.
12.56	0.
12.565000000000001	0.
12.57	0.
12.575000000000001	0.
12.580000000000002	0.
12.585	0.
12.590000000000002	0.
12.595	0.
12.600000000000001	0.
12.605	0.
12.610000000000001	0.
12.615000000000002	0.
12.620000000000001	0.
12.625	0.
12.63	0.
12.635000000000002	0.
12.64	0.
12.645000000000001	0.
12.650000000000002	0.
12.655000000000001	0.
12.66	0.
12.665000000000001	0.
12.670000000000002	0.
12.675	0.
12.680000000000001	0.
12.685	0.
12.690000000000001	0.
12.695	0.
12.700000000000001	0.
12.705000000000002	0.
12.71	0.
12.715000000000002	0.
12.72	0.
12.725000000000001	0.
12.73	0.
12.735000000000001	0.
12.740000000000002	0.
12.745000000000001	0.
12.75	0.
12.755	0.
12.760000000000002	0.
12.765	0.
12.770000000000001	0.
12.775000000000002	0.
12.780000000000001	0.
12.785	0.
12.790000000000001	0.
12.795000000000002	0.
12.8	0.
12.805000000000001	0.
12.810000000000002	0.
12.815000000000001	0.
12.820000000000002	0.
12.825000000000001	0.
12.830000000000002	0.
12.835	0.
12.840000000000002	0.
12.845	0.
12.850000000000001	0.
12.855000000000002	0.
12.860000000000001	0.
12.865000000000002	0.
12.870000000000001	0.
12.875000000000002	0.
12.88	0.
12.885000000000002	0.
12.890000000000002	0.
12.895000000000001	0.
12.900000000000002	0.
12.905000000000001	0.
12.910000000000002	0.
12.915000000000001	0.
12.920000000000002	0.
12.925	0.
12.930000000000001	0.
12.935000000000002	0.
12.940000000000001	0.
12.945000000000002	0.
12.950000000000001	0.
12.955000000000002	0.
12.96	0.
12.965000000000002	0.
12.97	0.
12.975000000000001	0.
12.980000000000002	0.
12.985000000000001	0.
12.990000000000002	0.
12.995000000000001	0.
13.000000000000002	0.
13.005	0.
13.010000000000002	0.
13.015000000000002	0.
13.020000000000001	0.
13.025000000000002	0.
13.030000000000001	0.
13.035000000000002	0.
13.040000000000001	0.
13.045000000000002	0.
13.05	0.
13.055000000000001	0.
13.060000000000002	0.
13.065000000000001	0.
13.070000000000002	0.
13.075000000000001	0.
13.080000000000002	0.
13.085	0.
13.090000000000002	0.
13.095	0.
13.100000000000001	0.
13.105000000000002	0.
13.110000000000001	0.
13.115000000000002	0.
13.120000000000001	0.
13.125000000000002	0.
13.13	0.
13.135000000000002	0.
13.140000000000002	0.
13.145000000000001	0.
13.150000000000002	0.
13.155000000000001	0.
13.160000000000002	0.
13.165000000000001	0.
13.170000000000002	0.
13.175	0.
13.180000000000001	0.
13.185000000000002	0.
13.190000000000001	0.
13.195000000000002	0.
13.200000000000001	0.
13.205000000000002	0.
13.21	0.
13.215000000000002	0.
13.220000000000002	0.
13.225000000000001	0.
13.230000000000002	0.
13.235000000000001	0.
13.240000000000002	0.
13.245000000000001	0.
13.250000000000002	0.
13.255	0.
13.260000000000002	0.
13.265000000000002	0.
13.270000000000001	0.
13.275000000000002	0.
13.280000000000001	0.
13.285000000000002	0.
13.290000000000001	0.
13.295000000000002	0.
13.3	0.
13.305000000000001	0.
13.310000000000002	0.
13.315000000000001	0.
13.320000000000002	0.
13.325000000000001	0.
13.330000000000002	0.
13.335	0.
13.340000000000002	0.
13.345000000000002	0.
13.350000000000001	0.
13.355000000000002	0.
13.360000000000001	0.
13.365000000000002	0.
13.370000000000001	0.
13.375000000000002	0.
13.38	0.
13.385000000000002	0.
13.39	0.
13.395000000000001	0.
13.400000000000002	0.
13.405000000000001	0.
13.410000000000002	0.
13.415000000000001	0.
13.420000000000002	0.
13.425	0.
13.430000000000001	0.
13.435000000000002	0.
13.440000000000001	0.
13.445000000000002	0.
13.450000000000001	0.
13.455000000000002	0.
13.46	0.
13.465000000000002	0.
13.470000000000002	0.
13.475000000000001	0.
13.480000000000002	0.
13.485000000000001	0.
13.490000000000002	0.
13.495000000000001	0.
13.500000000000002	0.
13.505	0.
13.510000000000002	0.
13.515	0.
13.520000000000001	0.
13.525000000000002	0.
13.530000000000001	0.
13.535000000000002	0.
13.540000000000001	0.
13.545000000000002	0.
13.55	0.
13.555000000000001	0.
13.560000000000002	0.
13.565000000000001	0.
13.570000000000002	0.
13.575000000000001	0.
13.580000000000002	0.
13.585	0.
13.590000000000002	0.
13.595000000000002	0.
13.600000000000001	0.
13.605000000000002	0.
13.610000000000001	0.
13.615000000000002	0.
13.620000000000001	0.
13.625000000000002	0.
13.63	0.
13.635000000000002	0.
13.64	0.
13.645000000000001	0.
13.650000000000002	0.
13.655000000000001	0.
13.660000000000002	0.
13.665000000000001	0.
13.670000000000002	0.
13.675	0.
13.680000000000001	0.
13.685000000000002	0.
13.690000000000001	0.
13.695000000000002	0.
13.700000000000001	0.
13.705000000000002	0.
13.71	0.
13.715000000000002	0.
13.720000000000002	0.
13.725000000000001	0.
13.730000000000002	0.
13.735000000000001	0.
13.740000000000002	0.
13.745000000000001	0.
13.750000000000002	0.
13.755	0.
13.760000000000002	0.
13.765	0.
13.770000000000001	0.
13.775000000000002	0.
13.780000000000001	0.
13.785000000000002	0.
13.790000000000001	0.
13.795000000000002	0.
13.8	0.
13.805000000000001	0.
13.810000000000002	0.
13.815000000000001	0.
13.820000000000002	0.
13.825000000000001	0.
13.830000000000002	0.
13.835	0.
13.840000000000002	0.
13.845000000000002	0.
13.850000000000001	0.
13.855000000000002	0.
13.860000000000001	0.
13.865000000000002	0.
13.870000000000001	0.
13.875000000000002	0.
13.88	0.
13.885000000000002	0.
13.89	0.
13.895000000000001	0.
13.900000000000002	0.
13.905000000000001	0.
13.910000000000002	0.
13.915000000000001	0.
13.920000000000002	0.
13.925	0.
13.930000000000001	0.
13.935000000000002	0.
13.940000000000001	0.
13.945000000000002	0.
13.950000000000001	0.
13.955000000000002	0.
13.96	0.
13.965000000000002	0.
13.970000000000002	0.
13.975000000000001	0.
13.980000000000002	0.
13.985000000000001	0.
13.990000000000002	0.
13.995000000000001	0.
14.	0.