0.005	0.
0.01	0.
0.015	0.
0.02	0.
0.025	0.
0.030000000000000002	0.
0.034999999999999996	0.
0.04	0.
0.045	0.
0.049999999999999996	0.
0.055	0.
0.06	0.
0.065	0.
0.07	0.
0.07500000000000001	0.
0.08	0.
0.085	0.
0.09000000000000001	0.
0.095	0.
0.1	0.
0.10500000000000001	0.
0.11	0.
0.115	0.
0.12000000000000001	0.
0.125	0.
0.13	0.
0.135	0.
0.14	0.
0.14500000000000002	0.
0.15	0.
0.155	0.02835602531542598
0.16	0.09159123493918749
0.165	0.12266008879958268
0.17	0.14455368517295503
0.17500000000000002	0.16137977035276618
0.18000000000000002	0.17486251135002373
0.185	0.18593516265242266
0.19	0.19517550788668103
0.195	0.20297250215327584
0.2	0.2096033726308646
0.20500000000000002	0.21527404502685107
0.21000000000000002	0.2201423250904574
0.215	0.2243321182686621
0.22	0.22794262322737416
0.225	0.2310545317362892
0.23	0.23373435643623122
0.23500000000000001	0.23603753971579797
0.24000000000000002	0.2380107416855383
0.245	0.2396935591395306
0.25	0.2411198402130254
0.255	0.24231870552307014
0.26	0.24331535217193473
0.265	0.2441316944288011
0.27	0.24478687974455235
0.275	0.24529770834613385
0.28	0.24567897737174182
0.28500000000000003	0.2459437653193704
0.29000000000000004	0.24610366882706713
0.295	0.24616900104778325
0.3	0.24614895883283852
0.305	0.24605176439612114
0.31	0.24588478595811789
0.315	0.24565464096729603
0.32	0.24536728479702138
0.325	0.24502808726899877
0.33	0.24464189892259175
0.335	0.2442131086064478
0.34	0.24374569369436785
0.34500000000000003	0.2432432640063771
0.35000000000000003	0.2427091003368222
0.35500000000000004	0.24214618834537466
0.36	0.2415572484472456
0.365	0.24094476224041414
0.37	0.24031099592624255
0.375	0.23965802111208664
0.38	0.23898773332802295
0.385	0.2383018685424322
0.39	0.237602017921334
0.395	0.23688964104272758
0.4	0.23616607774868578
0.405	0.2354325587937077
0.41000000000000003	0.23469021542720786
0.41500000000000004	0.23394008803029526
0.42000000000000004	0.23318313391189752
0.425	0.23242023435618547
0.43	0.23165220100206957
0.435	0.23087978162576855
0.44	0.2301036653890638
0.445	0.2293244876085056
0.45	0.22854283409448964
0.455	0.2277592451035372
0.46	0.22697421894228637
0.465	0.2261882152574001
0.47000000000000003	0.22540165804189286
0.47500000000000003	0.22461493838508143
0.48000000000000004	0.22382841699045608
0.485	0.22304242648322928
0.49	0.2222572735270465
0.495	0.22147324076736022
0.5	0.22069058861716015
0.505	0.21990955689922204
0.51	0.21913036635759106
0.515	0.21835322004980243
0.52	0.2175783046301918
0.525	0.21680579153369947
0.53	0.21603583806862026
0.535	0.21526858842601446
0.54	0.2145041746127519
0.545	0.2137427173144887
0.55	0.21298432669436995
0.555	0.21222910313266694
0.56	0.21147713791212902
0.5650000000000001	0.210728513853363
0.5700000000000001	0.20998330590426056
0.5750000000000001	0.20924158168702156
0.5800000000000001	0.20850340200613118
0.585	0.20776882132028426
0.59	0.20703788818104368
0.595	0.20631064564075083
0.6	0.20558713163201944
0.605	0.20486737932094873
0.61	0.20415141743600487
0.615	0.2034392705743706
0.62	0.2027309594874339
0.625	0.20202650134689615
0.63	0.20132590999295769
0.635	0.20062919616580635
0.64	0.1999363677216644
0.645	0.19924742983444313
0.65	0.19856238518404187
0.655	0.19788123413220532
0.66	0.1972039748868421
0.665	0.19653060365558073
0.67	0.19586111478926646
0.675	0.19519550091617846
0.68	0.1945337530675059
0.685	0.19387586079471394
0.6900000000000001	0.1932218122793495
0.6950000000000001	0.19257159443581726
0.7000000000000001	0.1919251930074712
0.7050000000000001	0.19128259265665443
0.71	0.1906437770489314
0.715	0.19000872893194068
0.72	0.18937743020925116
0.725	0.18874986200951382
0.73	0.18812600475119623
0.735	0.1875058382032178
0.74	0.18688934154177178
0.745	0.1862764934034678
0.75	0.18566727193515165
0.755	0.1850616548405767
0.76	0.18445961942405414
0.765	0.18386114263138947
0.77	0.18326620108816039
0.775	0.1826747711355919
0.78	0.1820868288641207
0.785	0.18150235014483157
0.79	0.18092131065885197
0.795	0.1803436859248702
0.8	0.17976945132486416
0.805	0.17919858212818388
0.81	0.17863105351408032
0.8150000000000001	0.17806684059268502
0.8200000000000001	0.1775059184246892
0.8250000000000001	0.17694826203969882
0.8300000000000001	0.17639384645338818
0.8350000000000001	0.17584264668344426
0.84	0.17529463776451049
0.845	0.1747497947620768
0.85	0.1742080927854035
0.855	0.1736695069996131
0.86	0.17313401263686132
0.865	0.1726015850067668
0.87	0.1720721995060858
0.875	0.171545831627715
0.88	0.1710224569689312
0.885	0.17050205123917048
0.89	0.1699845902670979
0.895	0.16947005000715312
0.9	0.16895840654570665
0.905	0.16844963610646171
0.91	0.16794371505599845
0.915	0.16744061990723677
0.92	0.16694032732488578
0.925	0.1664428141297137
0.93	0.16594805730421364
0.935	0.1654560339854104
0.9400000000000001	0.1649667214816172
0.9450000000000001	0.16448009726731377
0.9500000000000001	0.16399613898685514
0.9550000000000001	0.163514824456456
0.9600000000000001	0.16303613166655248
0.965	0.16256003878284445
0.97	0.16208652414805097
0.975	0.16161556628276166
0.98	0.16114714388676646
0.985	0.16068123583947277
0.99	0.16021782120102873
0.995	0.15975687921229423
1.	0.15929838929546725
1.005	0.1588423310543335
1.01	0.15838868427402378
1.015	0.15793742892141316
1.02	0.15748854514458627
1.025	0.1570420132726851
1.0299999999999998	0.15659781381558305
1.035	0.1561559274634394
1.0399999999999998	0.15571633508610083
1.045	0.15527901773245226
1.0499999999999998	0.1548439566298702
1.055	0.1544111331833205
1.0599999999999998	0.15398052897452316
1.065	0.1535521257612191
1.0699999999999998	0.15312590547604973
1.075	0.15270185022569252
1.0799999999999998	0.15227994228976166
1.085	0.15186016411974196
1.0899999999999999	0.15144249833789467
1.095	0.1510269277360726
1.0999999999999999	0.15061343527453908
1.105	0.15020200408073792
1.1099999999999999	0.14979261744812689
1.115	0.14938525883472312
1.1199999999999999	0.14897991186205503
1.125	0.14857656031365177
1.13	0.1481751881338043
1.135	0.14777577942618725
1.14	0.1473783184525427
1.145	0.14698278963122074
1.15	0.14658917753588122
1.155	0.1461974668940726
1.16	0.14580764258579448
1.1649999999999998	0.14541968964214727
1.17	0.14503359324389303
1.1749999999999998	0.1446493387200388
1.18	0.1442669115464259
1.1849999999999998	0.1438862973443062
1.19	0.14350748187893722
1.1949999999999998	0.14313045105812716
1.2	0.1427551909308712
1.2049999999999998	0.14238168768589474
1.21	0.14200992765026177
1.2149999999999999	0.14163989728795998
1.22	0.1412715831985188
1.2249999999999999	0.1409049721155547
1.23	0.14054005090545466
1.2349999999999999	0.14017680656594786
1.24	0.13981522622470707
1.2449999999999999	0.13945529713804306
1.25	0.13909700668946737
1.255	0.13874034238841126
1.26	0.1383852918687986
1.265	0.13803184288777434
1.27	0.1376799833243459
1.275	0.13732970117806753
1.28	0.13698098456772673
1.285	0.13663382173005403
1.2899999999999998	0.1362882010184303
1.295	0.13594411090161396
1.2999999999999998	0.1356015399624526
1.305	0.13526047689665527
1.3099999999999998	0.1349209105115238
1.315	0.13458282972472588
1.3199999999999998	0.1342462235630554
1.325	0.13391108116125933
1.3299999999999998	0.13357739176078784
1.335	0.1332451447086382
1.3399999999999999	0.13291432945616488
1.345	0.13258493555790996
1.3499999999999999	0.13225695267043636
1.355	0.13193037055121928
1.3599999999999999	0.13160517905748229
1.365	0.13128136814508026
1.3699999999999999	0.1309589278674089
1.375	0.13063784837427275
1.38	0.1303181199108518
1.385	0.12999973281656788
1.39	0.12968267752406495
1.395	0.12936694455813424
1.4	0.12905252453470137
1.405	0.1287394081597548
1.41	0.12842758622836925
1.4149999999999998	0.12811704962368153
1.42	0.12780778931589953
1.4249999999999998	0.1274997963613199
1.43	0.12719306190134702
1.4349999999999998	0.12688757716155113
1.44	0.126583333450692
1.4449999999999998	0.12628032215981505
1.45	0.1259785347612852
1.4549999999999998	0.12567796280789098
1.46	0.1253785979319343
1.4649999999999999	0.12508043184434534
1.47	0.124783456333762
1.4749999999999999	0.12448766326569721
1.48	0.12419304458163885
1.4849999999999999	0.12389959229822949
1.49	0.12360729850637592
1.4949999999999999	0.1233161553704658
1.5	0.1230261551274997
1.505	0.1227372900863154
1.51	0.12244955262673392
1.515	0.12216293519882669
1.52	0.12187743032206362
1.525	0.12159303058459918
1.53	0.1213097286424343
1.535	0.12102751721874432
1.54	0.12074638910306104
1.545	0.12046633715055466
1.5499999999999998	0.12018735428131345
1.555	0.11990943347962466
1.5599999999999998	0.11963256779323046
1.565	0.11935675033266528
1.5699999999999998	0.11908197427052948
1.575	0.11880823284080866
1.5799999999999998	0.11853551933821183
1.585	0.11826382711748307
1.5899999999999999	0.11799314959274068
1.595	0.1177234802368348
1.5999999999999999	0.11745481258069332
1.605	0.1171871402126677
1.6099999999999999	0.11692045677794272
1.615	0.11665475597788173
1.6199999999999999	0.1163900315694042
1.625	0.11612627736441396
1.63	0.11586348722917483
1.635	0.11560165508371384
1.64	0.11534077490125468
1.645	0.11508084070762031
1.65	0.11482184658068353
1.655	0.11456378664976637
1.66	0.11430665509513033
1.665	0.11405044614739333
1.67	0.11379515408698754
1.6749999999999998	0.11354077324363632
1.68	0.11328729799581765
1.6849999999999998	0.11303472277023582
1.69	0.11278304204131004
1.6949999999999998	0.112532250330664
1.7	0.11228234220660506
1.7049999999999998	0.11203331228365306
1.71	0.11178515522201952
1.7149999999999999	0.11153786572714156
1.72	0.11129143854919518
1.7249999999999999	0.11104586848261394
1.73	0.11080115036562252
1.7349999999999999	0.11055727907977698
1.74	0.11031424954951746
1.7449999999999999	0.11007205674167629
1.75	0.10983069566509014
1.755	0.10959016137010098
1.76	0.10935044894816145
1.765	0.10911155353138507
1.77	0.10887347029212911
1.775	0.10863619444256173
1.78	0.10839972123425509
1.785	0.10816404595778581
1.79	0.10792916394230384
1.795	0.10769507055515785
1.7999999999999998	0.10746176120148636
1.805	0.10722923132382536
1.8099999999999998	0.1069974764017337
1.815	0.10676649195139377
1.8199999999999998	0.1065362735252454
1.825	0.10630681671162673
1.8299999999999998	0.10607811713437862
1.835	0.10585017045249762
1.8399999999999999	0.10562297235977051
1.845	0.10539651858442657
1.8499999999999999	0.10517080488878221
1.855	0.10494582706889839
1.8599999999999999	0.10472158095422354
1.865	0.10449806240727831
1.8699999999999999	0.10427526732330387
1.875	0.10405319162993003
1.88	0.10383183128687043
1.885	0.10361118228556553
1.89	0.10339124064890015
1.895	0.10317200243086065
1.9	0.10295346371623812
1.905	0.10273562062030893
1.91	0.1025184692885542
1.915	0.10230200589632428
1.92	0.10208622664856859
1.9249999999999998	0.10187112777953673
1.93	0.10165670555247973
1.9349999999999998	0.1014429562593677
1.94	0.1012298762206145
1.9449999999999998	0.10101746178478672
1.95	0.10080570932832328
1.9549999999999998	0.10059461525527782
1.96	0.10038417599703682
1.9649999999999999	0.10017438801205146
1.97	0.09996524778557807
1.9749999999999999	0.099756751829417
1.98	0.09954889668164606
1.9849999999999999	0.09934167890637748
1.99	0.09913509509349488
1.9949999999999999	0.09892914185841312
2.	0.09872381584181772
2.005	0.09851911370943758
2.01	0.09831503215179542
2.015	0.0981115678839679
2.02	0.09790871764535178
2.025	0.09770647819943223
2.03	0.09750484633354776
2.035	0.09730381885867902
2.04	0.09710339260919686
2.045	0.0969035644426639
2.05	0.09670433123959417
2.0549999999999997	0.0965056899032555
2.06	0.09630763735943718
2.065	0.09611017055624953
2.07	0.095913286463909
2.0749999999999997	0.09571698207452502
2.08	0.0955212544019059
2.085	0.09532610048133923
2.09	0.09513151736940914
2.0949999999999998	0.09493750214378453
2.1	0.09474405190302312
2.105	0.09455116376638427
2.11	0.09435883487363216
2.1149999999999998	0.09416706238484208
2.12	0.0939758434802167
2.125	0.09378517535990583
2.13	0.09359505524380339
2.135	0.09340548037138756
2.14	0.09321644800152654
2.145	0.09302795541230881
2.15	0.09283999990085637
2.155	0.09265257878316106
2.16	0.09246568939391117
2.165	0.09227932908631103
2.17	0.09209349523192875
2.175	0.09190818522051261
2.18	0.09172339645983404
2.185	0.09153912637553255
2.19	0.09135537241093768
2.195	0.09117213202691865
2.1999999999999997	0.09098940270173204
2.205	0.0908071819308498
2.21	0.09062546722681991
2.215	0.09044425611910752
2.2199999999999998	0.0902635461539411
2.225	0.09008333489416423
2.23	0.08990361991909415
2.235	0.08972439882436163
2.2399999999999998	0.08954566922178316
2.245	0.0893674287391994
2.25	0.08918967502034979
2.255	0.08901240572471833
2.26	0.0888356185274081
2.265	0.0886593111189879
2.27	0.08848348120537276
2.275	0.08830812650767898
2.28	0.0881332447620911
2.285	0.0879588337197343
2.29	0.08778489114654663
2.295	0.08761141482313738
2.3	0.0874384025446748
2.305	0.08726585212074939
2.31	0.08709376137525242
2.315	0.08692212814624996
2.32	0.08675095028586856
2.3249999999999997	0.08658022566016067
2.33	0.08640995214899665
2.335	0.08624012764593043
2.34	0.0860707500581103
2.3449999999999998	0.08590181730613414
2.35	0.08573332732394315
2.355	0.08556527805871442
2.36	0.08539766747074191
2.3649999999999998	0.08523049353333037
2.37	0.0850637542326723
2.375	0.08489744756775824
2.38	0.08473157155024658
2.385	0.084566124204375
2.39	0.08440110356684459
2.395	0.08423650768671528
2.4	0.08407233462530697
2.405	0.08390858245608943
2.41	0.08374524926458723
2.415	0.08358233314827285
2.42	0.0834198322164735
2.425	0.08325774459026729
2.43	0.08309606840238355
2.435	0.08293480179711449
2.44	0.08277394293020864
2.445	0.08261348996878597
2.4499999999999997	0.08245344109123541
2.455	0.08229379448712788
2.46	0.08213454835711821
2.465	0.08197570091286227
2.4699999999999998	0.08181725037691864
2.475	0.08165919498265888
2.48	0.08150153297418926
2.485	0.08134426260625019
2.4899999999999998	0.08118738214413833
2.495	0.08103088986361488
2.5	0.08087478405082268
2.505	0.08071906300220734
2.51	0.08056372502442036
2.515	0.08040876843424861
2.52	0.08025419155852864
2.525	0.08009999273406399
2.53	0.07994617030754418
2.535	0.07979272263547244
2.54	0.07963964808407327
2.545	0.07948694502922987
2.55	0.0793346118563929
2.555	0.0791826469605162
2.56	0.07903104874597222
2.565	0.07887981562647803
2.57	0.07872894602502713
2.5749999999999997	0.07857843837380717
2.58	0.0784282911141334
2.585	0.07827850269637286
2.59	0.07812907157987771
2.5949999999999998	0.07797999623290487
2.6	0.07783127513255406
2.605	0.07768290676469612
2.61	0.07753488962390387
2.6149999999999998	0.07738722221338232
2.62	0.07723990304490093
2.625	0.07709293063873114
2.63	0.07694630352357429
2.635	0.07680002023649732
2.64	0.07665407932287137
2.645	0.07650847933630144
2.65	0.07636321883856644
2.655	0.07621829639955452
2.66	0.07607371059720063
2.665	0.0759294600174226
2.67	0.07578554325406438
2.675	0.07564195890882384
2.68	0.07549870559121091
2.685	0.07535578191846665
2.69	0.07521318651551998
2.695	0.07507091801491952
2.7	0.07492897505677919
2.705	0.07478735628871969
2.71	0.07464606036581327
2.715	0.07450508595051929
2.7199999999999998	0.07436443171263854
2.725	0.07422409632924998
2.73	0.07408407848465938
2.735	0.0739443768703419
2.7399999999999998	0.07380499018489069
2.745	0.07366591713395831
2.75	0.07352715643021053
2.755	0.07338870679326791
2.76	0.07325056694965497
2.765	0.07311273563275018
2.77	0.07297521158273002
2.775	0.07283799354652491
2.78	0.07270108027776015
2.785	0.07256447053671543
2.79	0.07242816309026694
2.795	0.07229215671184301
2.8	0.07215645018137376
2.8049999999999997	0.07202104228524236
2.81	0.07188593181624008
2.815	0.07175111757351221
2.82	0.07161659836251956
2.825	0.071482372994986
2.83	0.07134844028885387
2.835	0.07121479906823751
2.84	0.07108144816337976
2.8449999999999998	0.07094838641060405
2.85	0.07081561265227324
2.855	0.07068312573674126
2.86	0.07055092451831349
2.8649999999999998	0.0704190078572013
2.87	0.07028737461947471
2.875	0.0701560236770285
2.88	0.0700249539075343
2.885	0.06989416419439665
2.89	0.06976365342671641
2.895	0.06963342049924712
2.9	0.06950346431235112
2.905	0.06937378377196572
2.91	0.06924437778955653
2.915	0.06911524528207882
2.92	0.06898638517194226
2.925	0.06885779638696655
2.9299999999999997	0.06872947786034476
2.935	0.06860142853060403
2.94	0.06847364734156723
2.945	0.0683461332423173
2.95	0.06821888518715592
2.955	0.06809190213556769
2.96	0.0679651830521848
2.965	0.06783872690674807
2.9699999999999998	0.06771253267407165
2.975	0.06758659933400582
2.98	0.06746092587140283
2.985	0.06733551127608041
2.9899999999999998	0.06721035454278637
2.995	0.06708545467116302
3.	0.06696081066571473
3.005	0.06683642153577338
3.01	0.06671228629545999
3.015	0.06658840396365641
3.02	0.066464773563969
3.025	0.06634139412469522
3.03	0.06621826467879167
3.035	0.06609538426384104
3.04	0.06597275192201907
3.045	0.0658503667000634
3.05	0.0657282276492402
3.0549999999999997	0.0656063338253137
3.06	0.06548468428851502
3.065	0.06536327810350999
3.07	0.06524211433936687
3.075	0.06512119206952886
3.08	0.06500051037178343
3.085	0.06488006832822757
3.09	0.0647598650252436
3.0949999999999998	0.06463989955346601
3.1	0.06452017100775263
3.105	0.06440067848715526
3.11	0.06428142109489227
3.115	0.06416239793831702
3.12	0.06404360812889168
3.125	0.06392505078215682
3.13	0.06380672501770542
3.135	0.06368862995915348
3.14	0.06357076473411175
3.145	0.06345312847416074
3.15	0.06333572031482056
3.155	0.06321853939552573
3.16	0.0631015848595973
3.165	0.06298485585421731
3.17	0.06286835153040084
3.175	0.06275207104297076
3.1799999999999997	0.06263601355053189
3.185	0.06252017821544353
3.19	0.06240456420379598
3.195	0.062289170685383706
3.2	0.06217399683368023
3.205	0.06205904182581332
3.21	0.06194430484253978
3.215	0.06182978506822112
3.2199999999999998	0.061715481690798435
3.225	0.06160139390176872
3.23	0.06148752089616002
3.235	0.06137386187250817
3.24	0.06126041603283247
3.245	0.061147182582612127
3.25	0.06103416073076278
3.255	0.06092134968961344
3.26	0.06080874867488283
3.265	0.060696356905657146
3.27	0.06058417360436648
3.275	0.06047219799676324
3.28	0.06036042931189856
3.285	0.06024886678210019
3.29	0.06013750964295131
3.295	0.060026357133267955
3.3	0.05991540849507645
3.3049999999999997	0.05980466297359307
3.31	0.05969411981720143
3.315	0.059583778277431776
3.32	0.05947363760893961
3.325	0.05936369706948396
3.33	0.05925395591990826
3.335	0.05914441342411807
3.34	0.05903506884906016
3.3449999999999998	0.058925921464702824
3.35	0.058816970544016335
3.355	0.05870821536295011
3.36	0.058599655200416254
3.365	0.058491289338266715
3.37	0.058383117061274185
3.375	0.0582751376571144
3.38	0.058167350416342335
3.385	0.0580597546323789
3.39	0.05795234960148555
3.395	0.057845134622749234
3.4	0.05773810899806236
3.405	0.0576312720321029
3.41	0.05752462303231662
3.415	0.05741816130889909
3.42	0.05731188617477528
3.425	0.0572057969455832
3.4299999999999997	0.05709989293965533
3.435	0.05699417347799802
3.44	0.05688863788427789
3.445	0.056783285484799044
3.45	0.05667811560848974
3.455	0.056573127586882335
3.46	0.05646832075409588
3.465	0.05636369444681834
3.4699999999999998	0.05625924800429178
3.475	0.056154980768292076
3.48	0.0560508920831136
3.485	0.05594698129555039
3.49	0.055843247754882884
3.495	0.05573969081285702
3.5	0.055636309823671085
3.505	0.05553310414395614
3.51	0.05543007313276208
3.515	0.055327216151538336
3.52	0.055224532564122214
3.525	0.05512202173671774
3.53	0.055019683037882995
3.535	0.05491751583851267
3.54	0.05481551951182229
3.545	0.054713693433333925
3.55	0.0546120369808577
3.5549999999999997	0.05451054953447918
3.56	0.05440923047654221
3.565	0.05430807919163431
3.5700000000000003	0.05420709506656916
3.575	0.05410627749037549
3.58	0.0540056258542792
3.585	0.05390513955168797
3.59	0.05380481797817759
3.5949999999999998	0.05370466053147716
3.5999999999999996	0.05360466661145536
3.605	0.05350483562009876
3.61	0.05340516696150994
3.615	0.053305660041880885
3.62	0.05320631426948495
3.625	0.053107129054663305
3.63	0.053008103809803024
3.635	0.052909237949333436
3.6399999999999997	0.052810530889705366
3.645	0.05271198204937718
3.65	0.05261359084880328
3.6550000000000002	0.05251535671041885
3.66	0.05241727905862776
3.665	0.05231935731978586
3.67	0.05222159092218948
3.675	0.052123979296060725
3.6799999999999997	0.05202652187353527
3.685	0.05192921808864781
3.69	0.051832067377320365
3.6950000000000003	0.05173506917734529
3.7	0.05163822292837564
3.705	0.051541528071910314
3.71	0.05144498405128336
3.715	0.05134859031164644
3.7199999999999998	0.05125234629995928
3.7249999999999996	0.051156251464976786
3.73	0.05106030525723441
3.735	0.05096450712903568
3.74	0.05086885653444308
3.745	0.050773352929257484
3.75	0.05067799577101492
3.755	0.05058278451896852
3.76	0.05048771863407474
3.7649999999999997	0.050392797578987306
3.77	0.05029802081803662
3.775	0.05020338781722541
3.7800000000000002	0.05010889804421068
3.785	0.050014550968293874
3.79	0.0499203460604097
3.795	0.049826282793112735
3.8	0.04973236064056197
3.8049999999999997	0.04963857907851844
3.81	0.04954493758432238
3.815	0.04945143563688883
3.8200000000000003	0.04935807271669197
3.825	0.04926484830575434
3.83	0.049171761887637014
3.835	0.049078812947426456
3.84	0.048986000971719006
3.8449999999999998	0.04889332544861729
3.8499999999999996	0.04880078586771274
3.855	0.04870838172007553
3.86	0.04861611249824403
3.865	0.0485239776962134
3.87	0.04843197680941881
3.875	0.04834010933473845
3.88	0.048248374770464335
3.885	0.048156772616301795
3.8899999999999997	0.048065302373358994
3.895	0.04797396354412715
3.9	0.047882755632482114
3.9050000000000002	0.04779167814365962
3.91	0.047700730584254905
3.915	0.04760991246220757
3.92	0.047519223286788696
3.925	0.04742866256859227
3.9299999999999997	0.04733822981952604
3.935	0.04724792455279853
3.94	0.04715774628290622
3.9450000000000003	0.04706769452562624
3.95	0.04697776879800343
3.955	0.04688796861834295
3.96	0.046798293506196124
3.965	0.046708742982346896
3.9699999999999998	0.046619316568811256
3.9749999999999996	0.04653001378881633
3.98	0.04644083416679654
3.985	0.04635177722837875
3.99	0.046262842500374546
3.995	0.046174029510767406
4.	0.046085337788707235
4.005	0.045996766864492035
4.01	0.04590831626956328
4.015	0.04581998553649688
4.02	0.04573177419898388
4.025	0.04564368179183206
4.03	0.045555707850948236
4.035	0.04546785191332848
4.04	0.0453801135170501
4.045	0.04529249220125834
4.05	0.045204987506160386
4.055	0.04511759897301147
4.0600000000000005	0.04503032614410768
4.0649999999999995	0.04494316856277062
4.07	0.04485612577334704
4.075	0.044769197321185665
4.08	0.04468238275263933
4.085	0.04459568161504608
4.09	0.04450909345672127
4.095	0.044422617826955606
4.1	0.04433625427599135
4.105	0.04425000235502126
4.109999999999999	0.044163861616176296
4.115	0.0440778316125168
4.12	0.04399191189801792
4.125	0.043906102027570976
4.13	0.04382040155695484
4.135	0.04373481004284599
4.14	0.043649327042794984
4.145	0.04356395211521978
4.15	0.043478684819399364
4.155	0.04339352471546063
4.16	0.04330847136436671
4.165	0.0432235243279123
4.17	0.04313868316871113
4.175	0.04305394745018122
4.18	0.04296931673654429
4.1850000000000005	0.04288479059280922
4.1899999999999995	0.042800368584760225
4.195	0.04271605027895733
4.2	0.0426318352427158
4.205	0.04254772304409828
4.21	0.04246371325191065
4.215	0.042379805435686035
4.22	0.0422959991656757
4.225	0.04221229401284447
4.23	0.0421286895488478
4.234999999999999	0.04204518534604317
4.24	0.041961780977458514
4.245	0.04187847601679199
4.25	0.041795270038407266
4.255	0.041712162617309985
4.26	0.04162915332915171
4.265	0.04154624175020954
4.27	0.04146342745738267
4.275	0.041380710028179224
4.28	0.04129808904070478
4.285	0.04121556407365792
4.29	0.04113313470631706
4.295	0.0410508005185246
4.3	0.040968561090686424
4.305	0.04088641600376002
4.3100000000000005	0.04080436483923424
4.3149999999999995	0.04072240717913238
4.32	0.04064054260599947
4.325	0.04055877070288377
4.33	0.040477091053332
4.335	0.04039550324138026
4.34	0.040314006851545146
4.345	0.04023260146880569
4.35	0.040151286678604015
4.355	0.04007006206682617
4.359999999999999	0.03998892721979565
4.365	0.039907881724259305
4.37	0.0398269251673825
4.375	0.039746057136741814
4.38	0.03966527722029709
4.385	0.03958458500639977
4.39	0.039503980083777486
4.395	0.03942346204151559
4.4	0.03934303046905733
4.405	0.03926268495618271
4.41	0.03918242509300935
4.415	0.03910225046997329
4.42	0.039022160677818676
4.425	0.03894215530759382
4.43	0.03886223395063187
4.4350000000000005	0.03878239619854208
4.4399999999999995	0.038702641643206914
4.445	0.03862296987675951
4.45	0.038543380491582874
4.455	0.03846387308028555
4.46	0.03838444723570734
4.465	0.03830510255089782
4.47	0.038225838619105154
4.475	0.038146655033768836
4.48	0.03806755138850245
4.484999999999999	0.0379885272770943
4.49	0.03790958229348266
4.495	0.037830716031746724
4.5	0.0377519280861063
4.505	0.03767321805089775
4.51	0.037594585520563904
4.515	0.03751603008965439
4.52	0.03743755135279485
4.525	0.03735914890469172
4.53	0.03728082234011173
4.535	0.03720257125386971
4.54	0.0371243952408268
4.545	0.03704629389585977
4.55	0.03696826681386875
4.555	0.03689031358975208
4.5600000000000005	0.03681243381840127
4.5649999999999995	0.03673462709467654
4.57	0.03665689301341786
4.575	0.03657923116940521
4.58	0.03650164115736416
4.585	0.036424122571949394
4.59	0.036346675007725766
4.595000000000001	0.03626929805916461
4.6	0.03619199132062437
4.605	0.036114754386340354
4.609999999999999	0.03603758685040933
4.615	0.03596048830678025
4.62	0.03588345834923884
4.625	0.035806496571393266
4.63	0.03572960256665936
4.635	0.03565277592825819
4.640000000000001	0.035576016249181844
4.645	0.03549932312219727
4.65	0.035422696139834516
4.654999999999999	0.035346134894346994
4.66	0.03526963897773172
4.665	0.03519320798168981
4.67	0.03511684149763063
4.675	0.03504053911663151
4.68	0.03496430042946288
4.6850000000000005	0.03488812502653125
4.6899999999999995	0.03481201249789007
4.695	0.034735962433222155
4.7	0.03465997442182035
4.705	0.034584048052565514
4.71	0.034508182913935585
4.715	0.03443237859395747
4.720000000000001	0.0343566346802167
4.725	0.03428095075982734
4.73	0.03420532641942813
4.734999999999999	0.034129761245160636
4.74	0.03405425482264971
4.745	0.03397880673698525
4.75	0.033903416572725976
4.755	0.03382808391385588
4.76	0.03375280834378329
4.765000000000001	0.03367758944532198
4.77	0.03360242680067455
4.775	0.033527319991408906
4.779999999999999	0.033452268598451344
4.785	0.033377272202059584
4.79	0.033302330381813565
4.795	0.0332274427165894
4.8	0.03315260878454377
4.805	0.033077828163105394
4.8100000000000005	0.03300310042894504
4.8149999999999995	0.0329284251579531
4.82	0.032853801925240796
4.825	0.03277923030510292
4.83	0.03270470987100142
4.835	0.032630240195561565
4.84	0.03255582085052509
4.845000000000001	0.03248145140675895
4.85	0.03240713143421397
4.855	0.03233286050191543
4.859999999999999	0.03225863817794282
4.865	0.03218446402940745
4.87	0.032110337622425995
4.875	0.032036258522109694
4.88	0.031962226292532946
4.885	0.03188824049672452
4.890000000000001	0.03181430069663076
4.895	0.03174040645310233
4.9	0.031666557325876914
4.904999999999999	0.031592752873545946
4.91	0.03151899265353193
4.915	0.03144527622207813
4.92	0.03137160313421155
4.925	0.03129797294372623
4.93	0.031224385203163098
4.9350000000000005	0.031150839463772045
4.9399999999999995	0.031077335275501307
4.945	0.03100387218696831
4.95	0.030930449745432187
4.955	0.03085706749676746
4.96	0.03078372498544627
4.965	0.03071042175450672
4.970000000000001	0.0306371573455256
4.975	0.030563931298593774
4.98	0.030490743152283836
4.984999999999999	0.030417592443637672
4.99	0.030344478708118693
4.995	0.030271401479602146
5.	0.030198360290332703
5.005	0.03012535467090502
5.01	0.030052384150229646
5.015000000000001	0.029979448255505137
5.02	0.029906546512182185
5.025	0.029833678443952866
5.029999999999999	0.02976084357269247
5.035	0.029688041418445242
5.04	0.02961527149939738
5.045	0.029542533331823724
5.05	0.02946982643007898
5.055	0.029397150306548627
5.0600000000000005	0.029324504471630746
5.0649999999999995	0.029251888433677032
5.07	0.02917930169899214
5.075	0.02910674377176485
5.08	0.029034214154058657
5.085	0.0289617123457675
5.09	0.028889237844568167
5.095000000000001	0.02881679014590498
5.1	0.028744368742935577
5.105	0.028671973126498135
5.109999999999999	0.02859960278507449
5.115	0.028527257204752306
5.12	0.028454935869169893
5.125	0.028382638259508524
5.13	0.028310363854420022
5.135	0.028238112129998102
5.14	0.02816588255974237
5.145	0.02809367461449645
5.15	0.02802148776243013
5.155	0.027949321468976447
5.16	0.02787717519679081
5.165	0.027805048405710353
5.17	0.027732940552704956
5.175	0.0276608510918309
5.18	0.027588779474181046
5.185	0.02751672514783702
5.19	0.027444687557828366
5.195	0.02737266614606804
5.2	0.02730066035131269
5.205	0.02722866960911009
5.21	0.027156693351740667
5.215	0.027084731008169365
5.22	0.02701278200399039
5.225	0.02694084576137717
5.23	0.026868921699009774
5.235	0.02679700923204617
5.24	0.0267251077720335
5.245	0.026653216726871404
5.25	0.026581335500746567
5.255	0.02650946349406528
5.26	0.02643760010339907
5.265	0.02636574472142279
5.27	0.026293896736838147
5.275	0.026222055534332968
5.28	0.026150220494487165
5.285	0.026078390993722545
5.29	0.02600656640423572
5.295	0.02593474609391172
5.3	0.02586292942627171
5.305	0.02579111576039731
5.31	0.02571930445084467
5.315	0.02564749484758061
5.32	0.025575686295907046
5.325	0.025503878136377726
5.33	0.025432069704720936
5.335	0.025360260331767744
5.34	0.025288449343352896
5.345	0.02521663606023949
5.35	0.025144819798053688
5.355	0.025072999867157955
5.36	0.025001175572595895
5.365	0.024929346213992752
5.37	0.024857511085458712
5.375	0.024785669475501558
5.38	0.024713820666928153
5.385	0.024641963936751384
5.39	0.02457009855608826
5.395	0.02449822379005572
5.4	0.024426338897680568
5.405	0.0243544431317798
5.41	0.024282535738863763
5.415	0.02421061595902512
5.42	0.024138683025820035
5.425	0.024066736166170978
5.43	0.02399477460023678
5.435	0.023922797541302252
5.44	0.023850804195655228
5.445	0.023778793762460768
5.45	0.023706765433647137
5.455	0.02363471839376117
5.46	0.023562651819861637
5.465	0.02349056488135194
5.47	0.023418456739880793
5.475	0.023346326549175737
5.48	0.023274173454923067
5.485	0.023201996594598526
5.49	0.023129795097346455
5.495	0.0230575680838065
5.5	0.02298531466597044
5.505	0.022913033947025072
5.51	0.022840725021186566
5.515	0.022768386973542006
5.52	0.022696018879871695
5.525	0.0226236198064873
5.53	0.022551188810044875
5.535	0.022478724937382278
5.54	0.022406227225317075
5.545	0.022333694700470724
5.55	0.02226112637906803
5.555	0.022188521266754316
5.56	0.022115878358377417
5.565	0.02204319663779003
5.57	0.021970475077643863
5.575	0.021897712639169318
5.58	0.021824908271947455
5.585	0.021752060913705924
5.59	0.021679169490066166
5.595	0.021606232914315616
5.6	0.021533250087163842
5.605	0.0214602198965031
5.61	0.021387141217146247
5.615	0.02131401291056147
5.62	0.021240833824618735
5.625	0.02116760279330694
5.63	0.02109431863646346
5.635	0.02102098015947244
5.64	0.020947586152987807
5.645	0.02087413539261829
5.65	0.02080062663863128
5.655	0.02072705863562215
5.66	0.020653430112198442
5.665	0.020579739780643806
5.67	0.020505986336578602
5.675	0.020432168458602636
5.68	0.020358284807939293
5.6850000000000005	0.020284334028071945
5.69	0.020210314744346664
5.695	0.02013622556360546
5.7	0.020062065073768322
5.705	0.019987831843428252
5.71	0.019913524421431645
5.715	0.019839141336446802
5.72	0.019764681096506566
5.725	0.01969014218855879
5.73	0.01961552307800135
5.735	0.01954082220818831
5.74	0.01946603799993237
5.745	0.01939116885100113
5.75	0.019316213135584088
5.755	0.019241169203755744
5.76	0.019166035380915197
5.765	0.01909080996720903
5.77	0.01901549123695418
5.775	0.018940077438015276
5.78	0.018864566791187014
5.785	0.01878895748955065
5.79	0.018713247697804317
5.795	0.01863743555158452
5.8	0.0185615191567595
5.805	0.018485496588703142
5.8100000000000005	0.018409365891542764
5.815	0.018333125077389798
5.82	0.01825677212554603
5.825	0.01818030498167679
5.83	0.018103721556961074
5.835	0.018027019727228227
5.84	0.017950197332040608
5.845	0.017873252173767933
5.85	0.017796182016625726
5.855	0.01771898458567708
5.86	0.017641657565804766
5.865	0.01756419860064841
5.87	0.017486605291510048
5.875	0.017408875196214126
5.88	0.01733100582793412
5.885	0.017252994653980572
5.89	0.01717483909454022
5.895	0.017096536521376923
5.9	0.017018084256484954
5.905	0.016939479570691435
5.91	0.01686071968221291
5.915	0.016781801755159406
5.92	0.016702722897982296
5.925	0.016623480161862526
5.93	0.016544070539046066
5.9350000000000005	0.01646449096111198
5.94	0.01638473829717525
5.945	0.016304809352026755
5.95	0.016224700864194155
5.955	0.01614440950393175
5.96	0.016063931871139595
5.965	0.015983264493183075
5.97	0.01590240382264409
5.975	0.015821346234973468
5.98	0.01574008802604834
5.985	0.015658625409634218
5.99	0.015576954514740341
5.995	0.015495071382865567
6.	0.015412971965129741
6.005	0.015330652119284272
6.01	0.015248107606594206
6.015	0.015165334088590273
6.02	0.01508232712367138
6.025	0.014999082163570102
6.03	0.014915594549650751
6.035	0.014831859509048731
6.04	0.014747872150635768
6.045	0.014663627460794935
6.05	0.014579120299010153
6.055	0.01449434539324491
6.0600000000000005	0.014409297335103132
6.065	0.014323970574763784
6.07	0.014238359415674022
6.075	0.014152458008976743
6.08	0.014066260347673323
6.085	0.013979760260494552
6.09	0.013892951405464822
6.095	0.013805827263136275
6.1	0.013718381129484416
6.105	0.013630606108429082
6.11	0.013542495103965744
6.115	0.013454040811879382
6.12	0.013365235711016025
6.125	0.013276072054076521
6.13	0.013186541857907458
6.135	0.0130966368932527
6.140000000000001	0.013006348673923635
6.145	0.012915668445359572
6.15	0.012824587172517086
6.155	0.012733095527063394
6.16	0.012641183873803448
6.165	0.012548842256288602
6.17	0.012456060381564726
6.175	0.012362827603960257
6.18	0.01226913290787764
6.1850000000000005	0.012174964889487286
6.1899999999999995	0.012080311737239552
6.195	0.011985161211120435
6.2	0.011889500620515988
6.205	0.011793316800610675
6.21	0.011696596087157538
6.215	0.011599324289525
6.22	0.011501486661828321
6.225	0.011403067872011768
6.23	0.011304051968696004
6.235	0.011204422345563708
6.24	0.01110416170309831
6.245	0.011003252007393865
6.25	0.010901674445783669
6.255	0.010799409378960515
6.26	0.01069643628927627
6.265000000000001	0.010592733724800237
6.27	0.0104882792387317
6.275	0.01038304932368651
6.28	0.010277019340311389
6.285	0.010170163439600128
6.29	0.010062454478257248
6.295	0.009953863926308043
6.3	0.009844361766066508
6.305	0.009733916381462912
6.3100000000000005	0.00962249443659275
6.3149999999999995	0.009510060742164452
6.32	0.009396578108327596
6.325	0.009282007182181485
6.33	0.009166306267936965
6.335	0.009049431127429399
6.34	0.008931334758323192
6.345	0.008811967146799228
6.35	0.008691274991160285
6.355	0.008569201391985923
6.36	0.008445685503789845
6.365	0.008320662142119703
6.37	0.008194061339054738
6.375	0.008065807838437408
6.38	0.00793582052063804
6.385	0.007804011744403246
6.390000000000001	0.007670286590774333
6.395	0.007534541990568706
6.4	0.007396665712844348
6.405	0.007256535186251201
6.41	0.007114016118247293
6.415	0.006968960868159803
6.42	0.006821206518363087
6.425	0.0066705725720153245
6.43	0.0065168581852175665
6.4350000000000005	0.006359838813086748
6.4399999999999995	0.006199262110596555
6.445	0.006034842875391402
6.45	0.005866256743987647
6.455	0.005693132243968083
6.46	0.00551504064616493
6.465	0.005331482823469277
6.47	0.005141871961443688
6.475	0.004945510399170768
6.48	0.004741557964929018
6.485	0.0045289876477875
6.49	0.004306521805534336
6.495	0.00407253732253989
6.5	0.003824918976159917
6.505	0.003560821593092251
6.51	0.003276260305147438
6.515000000000001	0.0029653472550654975
6.52	0.0026187104452605804
6.525	0.0022196728371157255
6.53	0.001732391258529055
6.535	0.001039387394965459
6.54	0.
6.545	0.
6.55	0.
6.555	0.
6.5600000000000005	0.
6.5649999999999995	0.
6.57	0.
6.575	0.
6.58	0.
6.585	0.
6.59	0.
6.595	0.
6.6	0.
6.605	0.
6.61	0.
6.615	0.
6.62	0.
6.625	0.
6.63	0.
6.635	0.
6.640000000000001	0.
6.645	0.
6.65	0.
6.655	0.
6.66	0.
6.665	0.
6.67	0.
6.675	0.
6.68	0.
6.6850000000000005	0.
6.6899999999999995	0.
6.695	0.
6.7	0.
6.705	0.
6.71	0.
6.715	0.
6.72	0.
6.725	0.
6.73	0.
6.735	0.
6.74	0.
6.745	0.
6.75	0.
6.755	0.
6.76	0.
6.765000000000001	0.
6.77	0.
6.775	0.
6.78	0.
6.785	0.
6.79	0.
6.795	0.
6.8	0.
6.805	0.
6.8100000000000005	0.
6.8149999999999995	0.
6.82	0.
6.825	0.
6.83	0.
6.835	0.
6.84	0.
6.845	0.
6.85	0.
6.855	0.
6.86	0.
6.865	0.
6.87	0.
6.875	0.
6.88	0.
6.885	0.
6.890000000000001	0.
6.895	0.
6.9	0.
6.905	0.
6.91	0.
6.915	0.
6.92	0.
6.925	0.
6.93	0.
6.9350000000000005	0.
6.9399999999999995	0.
6.945	0.
6.95	0.
6.955	0.
6.96	0.
6.965	0.
6.97	0.
6.975	0.
6.98	0.
6.985	0.
6.99	0.
6.995	0.
7.	0.
7.005	0.
7.01	0.
7.015000000000001	0.
7.02	0.
7.025	0.
7.03	0.
7.035	0.
7.04	0.
7.045	0.
7.05	0.
7.055	0.
7.0600000000000005	0.
7.0649999999999995	0.
7.07	0.
7.075	0.
7.08	0.
7.085	0.
7.09	0.
7.095	0.
7.1	0.
7.105	0.
7.11	0.
7.115	0.
7.12	0.
7.125	0.
7.13	0.
7.135	0.
7.140000000000001	0.
7.145	0.
7.15	0.
7.155	0.
7.16	0.
7.165	0.
7.17	0.
7.175	0.
7.18	0.
7.1850000000000005	0.
7.1899999999999995	0.
7.195	0.
7.2	0.
7.205	0.
7.21	0.
7.215	0.
7.220000000000001	0.
7.225	0.
7.23	0.
7.234999999999999	0.
7.24	0.
7.245	0.
7.25	0.
7.255	0.
7.26	0.
7.265000000000001	0.
7.27	0.
7.275	0.
7.28	0.
7.285	0.
7.29	0.
7.295	0.
7.300000000000001	0.
7.305	0.
7.3100000000000005	0.
7.3149999999999995	0.
7.32	0.
7.325	0.
7.33	0.
7.335	0.
7.34	0.
7.345000000000001	0.
7.35	0.
7.355	0.
7.359999999999999	0.
7.365	0.
7.37	0.
7.375	0.
7.38	0.
7.385	0.
7.390000000000001	0.
7.395	0.
7.4	0.
7.405	0.
7.41	0.
7.415	0.
7.42	0.
7.425000000000001	0.
7.43	0.
7.4350000000000005	0.
7.4399999999999995	0.
7.445	0.
7.45	0.
7.455	0.
7.46	0.
7.465	0.
7.470000000000001	0.
7.475	0.
7.48	0.
7.484999999999999	0.
7.49	0.
7.495	0.
7.5	0.
7.505	0.
7.51	0.
7.515000000000001	0.
7.52	0.
7.525	0.
7.53	0.
7.535	0.
7.54	0.
7.545	0.
7.550000000000001	0.
7.555	0.
7.5600000000000005	0.
7.5649999999999995	0.
7.57	0.
7.575	0.
7.58	0.
7.585	0.
7.59	0.
7.595000000000001	0.
7.6	0.
7.605	0.
7.609999999999999	0.
7.615	0.
7.62	0.
7.625	0.
7.63	0.
7.635	0.
7.640000000000001	0.
7.645	0.
7.65	0.
7.655	0.
7.66	0.
7.665	0.
7.67	0.
7.675000000000001	0.
7.68	0.
7.685	0.
7.6899999999999995	0.
7.694999999999999	0.
7.699999999999999	0.
7.704999999999999	0.
7.71	0.
7.715	0.
7.72	0.
7.725	0.
7.7299999999999995	0.
7.734999999999999	0.
7.739999999999999	0.
7.744999999999999	0.
7.75	0.
7.755	0.
7.76	0.
7.765	0.
7.77	0.
7.7749999999999995	0.
7.779999999999999	0.
7.784999999999999	0.
7.79	0.
7.795	0.
7.8	0.
7.805	0.
7.81	0.
7.8149999999999995	0.
7.819999999999999	0.
7.824999999999999	0.
7.829999999999999	0.
7.835	0.
7.84	0.
7.845	0.
7.85	0.
7.8549999999999995	0.
7.859999999999999	0.
7.864999999999999	0.
7.869999999999999	0.
7.875	0.
7.88	0.
7.885	0.
7.89	0.
7.895	0.
7.8999999999999995	0.
7.904999999999999	0.
7.909999999999999	0.
7.915	0.
7.92	0.
7.925	0.
7.93	0.
7.935	0.
7.9399999999999995	0.
7.944999999999999	0.
7.949999999999999	0.
7.955	0.
7.96	0.
7.965	0.
7.97	0.
7.975	0.
7.9799999999999995	0.
7.984999999999999	0.
7.989999999999999	0.
7.994999999999999	0.
8.	0.
8.004999999999999	0.
8.01	0.
8.014999999999999	0.
8.02	0.
8.025	0.
8.03	0.
8.035	0.
8.04	0.
8.045	0.
8.049999999999999	0.
8.055	0.
8.059999999999999	0.
8.065	0.
8.07	0.
8.075	0.
8.08	0.
8.084999999999999	0.
8.09	0.
8.094999999999999	0.
8.1	0.
8.105	0.
8.11	0.
8.115	0.
8.12	0.
8.125	0.
8.129999999999999	0.
8.135	0.
8.139999999999999	0.
8.145	0.
8.15	0.
8.155	0.
8.16	0.
8.165	0.
8.17	0.
8.174999999999999	0.
8.18	0.
8.184999999999999	0.
8.19	0.
8.195	0.
8.2	0.
8.205	0.
8.209999999999999	0.
8.215	0.
8.219999999999999	0.
8.225	0.
8.23	0.
8.235	0.
8.24	0.
8.245	0.
8.25	0.
8.254999999999999	0.
8.26	0.
8.264999999999999	0.
8.27	0.
8.275	0.
8.28	0.
8.285	0.
8.29	0.
8.295	0.
8.299999999999999	0.
8.305	0.
8.309999999999999	0.
8.315	0.
8.32	0.
8.325	0.
8.33	0.
8.334999999999999	0.
8.34	0.
8.344999999999999	0.
8.35	0.
8.355	0.
8.36	0.
8.365	0.
8.37	0.
8.375	0.
8.379999999999999	0.
8.385	0.
8.389999999999999	0.
8.395	0.
8.4	0.
8.405	0.
8.41	0.
8.415	0.
8.42	0.
8.424999999999999	0.
8.43	0.
8.434999999999999	0.
8.44	0.
8.445	0.
8.45	0.
8.455	0.
8.459999999999999	0.
8.465	0.
8.469999999999999	0.
8.475	0.
8.48	0.
8.485	0.
8.49	0.
8.495	0.
8.5	0.
8.504999999999999	0.
8.51	0.
8.515	0.
8.52	0.
8.525	0.
8.53	0.
8.535	0.
8.54	0.
8.545	0.
8.549999999999999	0.
8.555	0.
8.559999999999999	0.
8.565	0.
8.57	0.
8.575	0.
8.58	0.
8.584999999999999	0.
8.59	0.
8.594999999999999	0.
8.6	0.
8.605	0.
8.61	0.
8.615	0.
8.62	0.
8.625	0.
8.629999999999999	0.
8.635	0.
8.64	0.
8.645	0.
8.65	0.
8.655	0.
8.66	0.
8.665	0.
8.67	0.
8.674999999999999	0.
8.68	0.
8.684999999999999	0.
8.69	0.
8.695	0.
8.7	0.
8.705	0.
8.709999999999999	0.
8.715	0.
8.719999999999999	0.
8.725	0.
8.73	0.
8.735	0.
8.74	0.
8.745	0.
8.75	0.
8.754999999999999	0.
8.76	0.
8.765	0.
8.77	0.
8.775	0.
8.78	0.
8.785	0.
8.79	0.
8.795	0.
8.799999999999999	0.
8.805	0.
8.809999999999999	0.
8.815	0.
8.82	0.
8.825	0.
8.83	0.
8.834999999999999	0.
8.84	0.
8.844999999999999	0.
8.85	0.
8.855	0.
8.86	0.
8.865	0.
8.87	0.
8.875	0.
8.879999999999999	0.
8.885	0.
8.89	0.
8.895	0.
8.9	0.
8.905	0.
8.91	0.
8.915	0.
8.92	0.
8.924999999999999	0.
8.93	0.
8.934999999999999	0.
8.94	0.
8.945	0.
8.95	0.
8.955	0.
8.959999999999999	0.
8.965	0.
8.969999999999999	0.
8.975	0.
8.98	0.
8.985	0.
8.99	0.
8.995	0.
9.	0.
9.004999999999999	0.
9.01	0.
9.015	0.
9.02	0.
9.025	0.
9.03	0.
9.035	0.
9.04	0.
9.045	0.
9.049999999999999	0.
9.055	0.
9.059999999999999	0.
9.065	0.
9.07	0.
9.075	0.
9.08	0.
9.084999999999999	0.
9.09	0.
9.094999999999999	0.
9.1	0.
9.105	0.
9.11	0.
9.115	0.
9.12	0.
9.125	0.
9.129999999999999	0.
9.135	0.
9.14	0.
9.145	0.
9.15	0.
9.155	0.
9.16	0.
9.165	0.
9.17	0.
9.174999999999999	0.
9.18	0.
9.184999999999999	0.
9.19	0.
9.195	0.
9.2	0.
9.205	0.
9.209999999999999	0.
9.215	0.
9.219999999999999	0.
9.225	0.
9.23	0.
9.235	0.
9.24	0.
9.245	0.
9.25	0.
9.254999999999999	0.
9.26	0.
9.265	0.
9.27	0.
9.275	0.
9.28	0.
9.285	0.
9.29	0.
9.295	0.
9.299999999999999	0.
9.305	0.
9.309999999999999	0.
9.315	0.
9.32	0.
9.325	0.
9.33	0.
9.334999999999999	0.
9.34	0.
9.344999999999999	0.
9.35	0.
9.355	0.
9.36	0.
9.365	0.
9.37	0.
9.375	0.
9.379999999999999	0.
9.385	0.
9.39	0.
9.395	0.
9.4	0.
9.405	0.
9.41	0.
9.415	0.
9.42	0.
9.424999999999999	0.
9.43	0.
9.434999999999999	0.
9.44	0.
9.445	0.
9.45	0.
9.455	0.
9.459999999999999	0.
9.465	0.
9.469999999999999	0.
9.475	0.
9.48	0.
9.485	0.
9.49	0.
9.495	0.
9.5	0.
9.504999999999999	0.
9.51	0.
9.515	0.
9.52	0.
9.525	0.
9.53	0.
9.535	0.
9.54	0.
9.545	0.
9.549999999999999	0.
9.555	0.
9.559999999999999	0.
9.565	0.
9.57	0.
9.575	0.
9.58	0.
9.584999999999999	0.
9.59	0.
9.594999999999999	0.
9.6	0.
9.605	0.
9.61	0.
9.615	0.
9.62	0.
9.625	0.
9.629999999999999	0.
9.635	0.
9.64	0.
9.645	0.
9.65	0.
9.655	0.
9.66	0.
9.665	0.
9.67	0.
9.674999999999999	0.
9.68	0.
9.684999999999999	0.
9.69	0.
9.695	0.
9.7	0.
9.705	0.
9.709999999999999	0.
9.715	0.
9.719999999999999	0.
9.725	0.
9.73	0.
9.735	0.
9.74	0.
9.745	0.
9.75	0.
9.754999999999999	0.
9.76	0.
9.765	0.
9.77	0.
9.774999999999999	0.
9.78	0.
9.785	0.
9.79	0.
9.795	0.
9.8	0.
9.805	0.
9.809999999999999	0.
9.815	0.
9.82	0.
9.825	0.
9.83	0.
9.834999999999999	0.
9.84	0.
9.844999999999999	0.
9.85	0.
9.855	0.
9.86	0.
9.865	0.
9.87	0.
9.875	0.
9.879999999999999	0.
9.885	0.
9.89	0.
9.895	0.
9.899999999999999	0.
9.905	0.
9.91	0.
9.915	0.
9.92	0.
9.925	0.
9.93	0.
9.934999999999999	0.
9.94	0.
9.945	0.
9.95	0.
9.955	0.
9.959999999999999	0.
9.965	0.
9.969999999999999	0.
9.975	0.
9.98	0.
9.985	0.
9.99	0.
9.995	0.
10.	0.
10.004999999999999	0.
10.01	0.
10.015	0.
10.02	0.
10.024999999999999	0.
10.03	0.
10.035	0.
10.04	0.
10.045	0.
10.05	0.
10.055	0.
10.059999999999999	0.
10.065	0.
10.07	0.
10.075	0.
10.08	0.
10.084999999999999	0.
10.09	0.
10.094999999999999	0.
10.1	0.
10.105	0.
10.11	0.
10.115	0.
10.12	0.
10.125	0.
10.129999999999999	0.
10.135	0.
10.14	0.
10.145	0.
10.149999999999999	0.
10.155	0.
10.16	0.
10.165	0.
10.17	0.
10.175	0.
10.18	0.
10.184999999999999	0.
10.19	0.
10.195	0.
10.2	0.
10.205	0.
10.209999999999999	0.
10.215	0.
10.219999999999999	0.
10.225	0.
10.23	0.
10.235	0.
10.24	0.
10.245000000000001	0.
10.250000000000002	0.
10.255	0.
10.260000000000002	0.
10.265	0.
10.270000000000001	0.
10.275	0.
10.280000000000001	0.
10.285	0.
10.290000000000001	0.
10.295000000000002	0.
10.3	0.
10.305000000000001	0.
10.31	0.
10.315000000000001	0.
10.32	0.
10.325000000000001	0.
10.330000000000002	0.
10.335	0.
10.340000000000002	0.
10.345	0.
10.350000000000001	0.
10.355	0.
10.360000000000001	0.
10.365	0.
10.370000000000001	0.
10.375000000000002	0.
10.38	0.
10.385000000000002	0.
10.39	0.
10.395000000000001	0.
10.4	0.
10.405000000000001	0.
10.41	0.
10.415000000000001	0.
10.420000000000002	0.
10.425	0.
10.430000000000001	0.
10.435	0.
10.440000000000001	0.
10.445	0.
10.450000000000001	0.
10.455000000000002	0.
10.46	0.
10.465000000000002	0.
10.47	0.
10.475000000000001	0.
10.48	0.
10.485000000000001	0.
10.49	0.
10.495000000000001	0.
10.500000000000002	0.
10.505	0.
10.510000000000002	0.
10.515	0.
10.520000000000001	0.
10.525	0.
10.530000000000001	0.
10.535	0.
10.540000000000001	0.
10.545000000000002	0.
10.55	0.
10.555000000000001	0.
10.56	0.
10.565000000000001	0.
10.57	0.
10.575000000000001	0.
10.580000000000002	0.
10.585	0.
10.590000000000002	0.
10.595	0.
10.600000000000001	0.
10.605	0.
10.610000000000001	0.
10.615	0.
10.620000000000001	0.
10.625000000000002	0.
10.63	0.
10.635000000000002	0.
10.64	0.
10.645000000000001	0.
10.65	0.
10.655000000000001	0.
10.66	0.
10.665000000000001	0.
10.670000000000002	0.
10.675	0.
10.680000000000001	0.
10.685	0.
10.690000000000001	0.
10.695	0.
10.700000000000001	0.
10.705000000000002	0.
10.71	0.
10.715000000000002	0.
10.72	0.
10.725000000000001	0.
10.73	0.
10.735000000000001	0.
10.74	0.
10.745000000000001	0.
10.750000000000002	0.
10.755	0.
10.760000000000002	0.
10.765	0.
10.770000000000001	0.
10.775	0.
10.780000000000001	0.
10.785	0.
10.790000000000001	0.
10.795000000000002	0.
10.8	0.
10.805000000000001	0.
10.81	0.
10.815000000000001	0.
10.82	0.
10.825000000000001	0.
10.830000000000002	0.
10.835	0.
10.840000000000002	0.
10.845	0.
10.850000000000001	0.
10.855	0.
10.860000000000001	0.
10.865	0.
10.870000000000001	0.
10.875000000000002	0.
10.88	0.
10.885000000000002	0.
10.89	0.
10.895000000000001	0.
10.9	0.
10.905000000000001	0.
10.91	0.
10.915000000000001	0.
10.920000000000002	0.
10.925	0.
10.930000000000001	0.
10.935	0.
10.940000000000001	0.
10.945	0.
10.950000000000001	0.
10.955000000000002	0.
10.96	0.
10.965000000000002	0.
10.97	0.
10.975000000000001	0.
10.98	0.
10.985000000000001	0.
10.99	0.
10.995000000000001	0.
11.000000000000002	0.
11.005	0.
11.010000000000002	0.
11.015	0.
11.020000000000001	0.
11.025	0.
11.030000000000001	0.
11.035	0.
11.040000000000001	0.
11.045000000000002	0.
11.05	0.
11.055000000000001	0.
11.06	0.
11.065000000000001	0.
11.07	0.
11.075000000000001	0.
11.080000000000002	0.
11.085	0.
11.090000000000002	0.
11.095	0.
11.100000000000001	0.
11.105	0.
11.110000000000001	0.
11.115	0.
11.120000000000001	0.
11.125000000000002	0.
11.13	0.
11.135000000000002	0.
11.14	0.
11.145000000000001	0.
11.15	0.
11.155000000000001	0.
11.16	0.
11.165000000000001	0.
11.170000000000002	0.
11.175	0.
11.180000000000001	0.
11.185	0.
11.190000000000001	0.
11.195	0.
11.200000000000001	0.
11.205000000000002	0.
11.21	0.
11.215000000000002	0.
11.22	0.
11.225000000000001	0.
11.23	0.
11.235000000000001	0.
11.24	0.
11.245000000000001	0.
11.250000000000002	0.
11.255	0.
11.260000000000002	0.
11.265	0.
11.270000000000001	0.
11.275	0.
11.280000000000001	0.
11.285	0.
11.290000000000001	0.
11.295000000000002	0.
11.3	0.
11.305000000000001	0.
11.31	0.
11.315000000000001	0.
11.32	0.
11.325000000000001	0.
11.330000000000002	0.
11.335	0.
11.340000000000002	0.
11.345	0.
11.350000000000001	0.
11.355	0.
11.360000000000001	0.
11.365000000000002	0.
11.370000000000001	0.
11.375000000000002	0.
11.38	0.
11.385000000000002	0.
11.39	0.
11.395000000000001	0.
11.4	0.
11.405000000000001	0.
11.41	0.
11.415000000000001	0.
11.420000000000002	0.
11.425	0.
11.430000000000001	0.
11.435	0.
11.440000000000001	0.
11.445	0.
11.450000000000001	0.
11.455000000000002	0.
11.46	0.
11.465000000000002	0.
11.47	0.
11.475000000000001	0.
11.48	0.
11.485000000000001	0.
11.490000000000002	0.
11.495000000000001	0.
11.500000000000002	0.
11.505	0.
11.510000000000002	0.
11.515	0.
11.520000000000001	0.
11.525	0.
11.530000000000001	0.
11.535	0.
11.540000000000001	0.
11.545000000000002	0.
11.55	0.
11.555000000000001	0.
11.56	0.
11.565000000000001	0.
11.57	0.
11.575000000000001	0.
11.580000000000002	0.
11.585	0.
11.590000000000002	0.
11.595	0.
11.600000000000001	0.
11.605	0.
11.610000000000001	0.
11.615000000000002	0.
11.620000000000001	0.
11.625000000000002	0.
11.63	0.
11.635000000000002	0.
11.64	0.
11.645000000000001	0.
11.65	0.
11.655000000000001	0.
11.66	0.
11.665000000000001	0.
11.670000000000002	0.
11.675	0.
11.680000000000001	0.
11.685	0.
11.690000000000001	0.
11.695	0.
11.700000000000001	0.
11.705000000000002	0.
11.71	0.
11.715000000000002	0.
11.72	0.
11.725000000000001	0.
11.73	0.
11.735000000000001	0.
11.740000000000002	0.
11.745000000000001	0.
11.750000000000002	0.
11.755	0.
11.760000000000002	0.
11.765	0.
11.770000000000001	0.
11.775	0.
11.780000000000001	0.
11.785	0.
11.790000000000001	0.
11.795000000000002	0.
11.8	0.
11.805000000000001	0.
11.81	0.
11.815000000000001	0.
11.82	0.
11.825000000000001	0.
11.830000000000002	0.
11.835	0.
11.840000000000002	0.
11.845	0.
11.850000000000001	0.
11.855	0.
11.860000000000001	0.
11.865000000000002	0.
11.870000000000001	0.
11.875000000000002	0.
11.88	0.
11.885000000000002	0.
11.89	0.
11.895000000000001	0.
11.9	0.
11.905000000000001	0.
11.91	0.
11.915000000000001	0.
11.920000000000002	0.
11.925	0.
11.930000000000001	0.
11.935	0.
11.940000000000001	0.
11.945	0.
11.950000000000001	0.
11.955000000000002	0.
11.96	0.
11.965000000000002	0.
11.97	0.
11.975000000000001	0.
11.98	0.
11.985000000000001	0.
11.990000000000002	0.
11.995000000000001	0.
12.000000000000002	0.
12.005	0.
12.010000000000002	0.
12.015	0.
12.020000000000001	0.
12.025	0.
12.030000000000001	0.
12.035	0.
12.040000000000001	0.
12.045000000000002	0.
12.05	0.
12.055000000000001	0.
12.06	0.
12.065000000000001	0.
12.07	0.
12.075000000000001	0.
12.080000000000002	0.
12.085	0.
12.090000000000002	0.
12.095	0.
12.100000000000001	0.
12.105	0.
12.110000000000001	0.
12.115000000000002	0.
12.120000000000001	0.
12.125000000000002	0.
12.13	0.
12.135000000000002	0.
12.14	0.
12.145000000000001	0.
12.15	0.
12.155000000000001	0.
12.16	0.
12.165000000000001	0.
12.170000000000002	0.
12.175	0.
12.180000000000001	0.
12.185	0.
12.190000000000001	0.
12.195	0.
12.200000000000001	0.
12.205000000000002	0.
12.21	0.
12.215000000000002	0.
12.22	0.
12.225000000000001	0.
12.23	0.
12.235000000000001	0.
12.240000000000002	0.
12.245000000000001	0.
12.25	0.
12.255	0.
12.260000000000002	0.
12.265	0.
12.270000000000001	0.
12.275000000000002	0.
12.280000000000001	0.
12.285	0.
12.290000000000001	0.
12.295000000000002	0.
12.3	0.
12.305000000000001	0.
12.31	0.
12.315000000000001	0.
12.32	0.
12.325000000000001	0.
12.330000000000002	0.
12.335	0.
12.340000000000002	0.
12.345	0.
12.350000000000001	0.
12.355	0.
12.360000000000001	0.
12.365000000000002	0.
12.370000000000001	0.
12.375	0.
12.38	0.
12.385000000000002	0.
12.39	0.
12.395000000000001	0.
12.400000000000002	0.
12.405000000000001	0.
12.41	0.
12.415000000000001	0.
12.420000000000002	0.
12.425	0.
12.430000000000001	0.
12.435	0.
12.440000000000001	0.
12.445	0.
12.450000000000001	0.
12.455000000000002	0.
12.46	0.
12.465000000000002	0.
12.47	0.
12.475000000000001	0.
12.48	0.
12.485000000000001	0.
12.490000000000002	0.
12.495000000000001	0.
12.5	0.
12.505	0.
12.510000000000002	0.
12.515	0.
12.520000000000001	0.
12.525000000000002	0.
12.530000000000001	0.
12.535	0.
12.540000000000001	0.
12.545000000000002	0.
12.55	0.
12.555000000000001	0.
12.56	0.
12.565000000000001	0.
12.57	0.
12.575000000000001	0.
12.580000000000002	0.
12.585	0.
12.590000000000002	0.
12.595	0.
12.600000000000001	0.
12.605	0.
12.610000000000001	0.
12.615000000000002	0.
12.620000000000001	0.
12.625	0.
12.63	0.
12.635000000000002	0.
12.64	0.
12.645000000000001	0.
12.650000000000002	0.
12.655000000000001	0.
12.66	0.
12.665000000000001	0.
12.670000000000002	0.
12.675	0.
12.680000000000001	0.
12.685	0.
12.690000000000001	0.
12.695	0.
12.700000000000001	0.
12.705000000000002	0.
12.71	0.
12.715000000000002	0.
12.72	0.
12.725000000000001	0.
12.73	0.
12.735000000000001	0.
12.740000000000002	0.
12.745000000000001	0.
12.75	0.
12.755	0.
12.760000000000002	0.
12.765	0.
12.770000000000001	0.
12.775000000000002	0.
12.780000000000001	0.
12.785	0.
12.790000000000001	0.
12.795000000000002	0.
12.8	0.
12.805000000000001	0.
12.810000000000002	0.
12.815000000000001	0.
12.820000000000002	0.
12.825000000000001	0.
12.830000000000002	0.
12.835	0.
12.840000000000002	0.
12.845	0.
12.850000000000001	0.
12.855000000000002	0.
12.860000000000001	0.
12.865000000000002	0.
12.870000000000001	0.
12.875000000000002	0.
12.88	0.
12.885000000000002	0.
12.890000000000002	0.
12.895000000000001	0.
12.900000000000002	0.
12.905000000000001	0.
12.910000000000002	0.
12.915000000000001	0.
12.920000000000002	0.
12.925	0.
12.930000000000001	0.
12.935000000000002	0.
12.940000000000001	0.
12.945000000000002	0.
12.950000000000001	0.
12.955000000000002	0.
12.96	0.
12.965000000000002	0.
12.97	0.
12.975000000000001	0.
12.980000000000002	0.
12.985000000000001	0.
12.990000000000002	0.
12.995000000000001	0.
13.000000000000002	0.
13.005	0.
13.010000000000002	0.
13.015000000000002	0.
13.020000000000001	0.
13.025000000000002	0.
13.030000000000001	0.
13.035000000000002	0.
13.040000000000001	0.
13.045000000000002	0.
13.05	0.
13.055000000000001	0.
13.060000000000002	0.
13.065000000000001	0.
13.070000000000002	0.
13.075000000000001	0.
13.080000000000002	0.
13.085	0.
13.090000000000002	0.
13.095	0.
13.100000000000001	0.
13.105000000000002	0.
13.110000000000001	0.
13.115000000000002	0.
13.120000000000001	0.
13.125000000000002	0.
13.13	0.
13.135000000000002	0.
13.140000000000002	0.
13.145000000000001	0.
13.150000000000002	0.
13.155000000000001	0.
13.160000000000002	0.
13.165000000000001	0.
13.170000000000002	0.
13.175	0.
13.180000000000001	0.
13.185000000000002	0.
13.190000000000001	0.
13.195000000000002	0.
13.200000000000001	0.
13.205000000000002	0.
13.21	0.
13.215000000000002	0.
13.220000000000002	0.
13.225000000000001	0.
13.230000000000002	0.
13.235000000000001	0.
13.240000000000002	0.
13.245000000000001	0.
13.250000000000002	0.
13.255	0.
13.260000000000002	0.
13.265000000000002	0.
13.270000000000001	0.
13.275000000000002	0.
13.280000000000001	0.
13.285000000000002	0.
13.290000000000001	0.
13.295000000000002	0.
13.3	0.
13.305000000000001	0.
13.310000000000002	0.
13.315000000000001	0.
13.320000000000002	0.
13.325000000000001	0.
13.330000000000002	0.
13.335	0.
13.340000000000002	0.
13.345000000000002	0.
13.350000000000001	0.
13.355000000000002	0.
13.360000000000001	0.
13.365000000000002	0.
13.370000000000001	0.
13.375000000000002	0.
13.38	0.
13.385000000000002	0.
13.39	0.
13.395000000000001	0.
13.400000000000002	0.
13.405000000000001	0.
13.410000000000002	0.
13.415000000000001	0.
13.420000000000002	0.
13.425	0.
13.430000000000001	0.
13.435000000000002	0.
13.440000000000001	0.
13.445000000000002	0.
13.450000000000001	0.
13.455000000000002	0.
13.46	0.
13.465000000000002	0.
13.470000000000002	0.
13.475000000000001	0.
13.480000000000002	0.
13.485000000000001	0.
13.490000000000002	0.
13.495000000000001	0.
13.500000000000002	0.
13.505	0.
13.510000000000002	0.
13.515	0.
13.520000000000001	0.
13.525000000000002	0.
13.530000000000001	0.
13.535000000000002	0.
13.540000000000001	0.
13.545000000000002	0.
13.55	0.
13.555000000000001	0.
13.560000000000002	0.
13.565000000000001	0.
13.570000000000002	0.
13.575000000000001	0.
13.580000000000002	0.
13.585	0.
13.590000000000002	0.
13.595000000000002	0.
13.600000000000001	0.
13.605000000000002	0.
13.610000000000001	0.
13.615000000000002	0.
13.620000000000001	0.
13.625000000000002	0.
13.63	0.
13.635000000000002	0.
13.64	0.
13.645000000000001	0.
13.650000000000002	0.
13.655000000000001	0.
13.660000000000002	0.
13.665000000000001	0.
13.670000000000002	0.
13.675	0.
13.680000000000001	0.
13.685000000000002	0.
13.690000000000001	0.
13.695000000000002	0.
13.700000000000001	0.
13.705000000000002	0.
13.71	0.
13.715000000000002	0.
13.720000000000002	0.
13.725000000000001	0.
13.730000000000002	0.
13.735000000000001	0.
13.740000000000002	0.
13.745000000000001	0.
13.750000000000002	0.
13.755	0.
13.760000000000002	0.
13.765	0.
13.770000000000001	0.
13.775000000000002	0.
13.780000000000001	0.
13.785000000000002	0.
13.790000000000001	0.
13.795000000000002	0.
13.8	0.
13.805000000000001	0.
13.810000000000002	0.
13.815000000000001	0.
13.820000000000002	0.
13.825000000000001	0.
13.830000000000002	0.
13.835	0.
13.840000000000002	0.
13.845000000000002	0.
13.850000000000001	0.
13.855000000000002	0.
13.860000000000001	0.
13.865000000000002	0.
13.870000000000001	0.
13.875000000000002	0.
13.88	0.
13.885000000000002	0.
13.89	0.
13.895000000000001	0.
13.900000000000002	0.
13.905000000000001	0.
13.910000000000002	0.
13.915000000000001	0.
13.920000000000002	0.
13.925	0.
13.930000000000001	0.
13.935000000000002	0.
13.940000000000001	0.
13.945000000000002	0.
13.950000000000001	0.
13.955000000000002	0.
13.96	0.
13.965000000000002	0.
13.970000000000002	0.
13.975000000000001	0.
13.980000000000002	0.
13.985000000000001	0.
13.990000000000002	0.
13.995000000000001	0.
14.	0.