0.005	0.
0.01	0.
0.015	0.
0.02	0.
0.025	0.
0.030000000000000002	0.
0.034999999999999996	0.
0.04	0.
0.045	0.
0.049999999999999996	0.
0.055	0.
0.06	0.
0.065	0.
0.07	0.
0.07500000000000001	0.
0.08	0.
0.085	0.
0.09000000000000001	0.
0.095	0.
0.1	0.
0.10500000000000001	0.
0.11	0.
0.115	0.
0.12000000000000001	0.
0.125	0.
0.13	0.
0.135	0.
0.14	0.
0.14500000000000002	0.
0.15	0.
0.155	0.
0.16	0.
0.165	0.
0.17	0.
0.17500000000000002	0.06329551572977563
0.18000000000000002	0.09645419197634672
0.185	0.11840809117750772
0.19	0.1350032764714514
0.195	0.14825227270404162
0.2	0.1591549430754363
0.20500000000000002	0.16830085475241435
0.21000000000000002	0.17607478322967413
0.215	0.18274531783422512
0.22	0.18850910779929214
0.225	0.19351533372095978
0.23	0.19788030542731014
0.23500000000000001	0.20169669321531483
0.24000000000000002	0.20503964252483262
0.245	0.2079709802440955
0.25	0.21054219964320886
0.255	0.21279663551462902
0.26	0.21477108447834822
0.265	0.216497036309838
0.27	0.21800162419643732
0.275	0.21930836967362707
0.28	0.2204377748062489
0.28500000000000003	0.22140779611381348
0.29000000000000004	0.2222342304190039
0.295	0.22293103037178855
0.3	0.22351056456059457
0.305	0.2239838341026123
0.31	0.2243606538954025
0.315	0.2246498058646195
0.32	0.2248591677422786
0.325	0.22499582425151218
0.33	0.22506616093340429
0.335	0.22507594528426464
0.34	0.2250303974823676
0.34500000000000003	0.2249342509335499
0.35000000000000003	0.224791804989525
0.35500000000000004	0.22460697156747217
0.36	0.22438331514292523
0.365	0.22412408872873182
0.37	0.2238322651489955
0.375	0.22351056451284446
0.38	0.22316147913829967
0.385	0.22278729463290797
0.39	0.2223901102476831
0.395	0.221971855239561
0.4	0.22153430509873615
0.405	0.2210790947161465
0.41000000000000003	0.22060773125292968
0.41500000000000004	0.22012160526345467
0.42000000000000004	0.21962200044775027
0.425	0.21911010317501675
0.43	0.2185870100666014
0.435	0.21805373611693926
0.44	0.21751122091862915
0.445	0.21696033457236386
0.45	0.2164018841510399
0.455	0.21583661756115569
0.46	0.21526522902439257
0.465	0.21468836278763656
0.47000000000000003	0.21410661713489337
0.47500000000000003	0.21352054766913706
0.48000000000000004	0.21293067092469609
0.485	0.2123374668666921
0.49	0.21174138177928864
0.495	0.2111428306919647
0.5	0.21054219971025512
0.505	0.20993984784202235
0.51	0.2093361093453167
0.515	0.20873129522277928
0.52	0.20812569481614315
0.525	0.20751957731131496
0.53	0.2069131933220654
0.535	0.2063067760038387
0.54	0.20570054224777606
0.545	0.20509469394241645
0.55	0.20448941868003317
0.555	0.203884891078761
0.56	0.2032812734149839
0.5650000000000001	0.20267871624172762
0.5700000000000001	0.20207735963237014
0.5750000000000001	0.2014773336771397
0.5800000000000001	0.20087875890165108
0.585	0.20028174729837855
0.59	0.19968640238660404
0.595	0.19909282018991722
0.6	0.19850108949450132
0.605	0.19791129227926324
0.61	0.1973235045634874
0.615	0.1967377958992345
0.62	0.19615423082823363
0.625	0.19557286830276396
0.63	0.19499376273816357
0.635	0.19441696379690868
0.64	0.19384251697304752
0.645	0.1932704635232118
0.65	0.19270084133661863
0.655	0.19213368456119656
0.66	0.19156902381077448
0.665	0.1910068869543249
0.67	0.19044729885352327
0.675	0.1898902815511228
0.68	0.1893358545738831
0.685	0.18878403503174393
0.6900000000000001	0.1882348378317708
0.6950000000000001	0.18768827563104318
0.7000000000000001	0.18714435922705888
0.7050000000000001	0.1866030974732022
0.71	0.1860644975581934
0.715	0.18552856507065277
0.72	0.18499530386032692
0.725	0.1844647164989317
0.73	0.18393680412958086
0.735	0.18341156679843132
0.74	0.18288900307493228
0.745	0.18236911071453155
0.75	0.18185188626644597
0.755	0.18133732531395183
0.76	0.18082542273460575
0.765	0.18031617215929752
0.77	0.1798095668674029
0.775	0.17930559903920482
0.78	0.17880426044718042
0.785	0.17830554206593827
0.79	0.17780943434600774
0.795	0.17731592699071883
0.8	0.1768250096203659
0.805	0.1763366707820756
0.81	0.1758508991725514
0.8150000000000001	0.17536768264587427
0.8200000000000001	0.1748870088283363
0.8250000000000001	0.1744088650796095
0.8300000000000001	0.17393323831604435
0.8350000000000001	0.1734601152364669
0.84	0.172989482110779
0.845	0.17252132523331018
0.85	0.17205563032165405
0.855	0.1715923833112175
0.86	0.17113156952989836
0.865	0.17067317444105698
0.87	0.1702171832421594
0.875	0.16976358088491958
0.88	0.16931235242399031
0.885	0.16886348266435477
0.89	0.1684169563875083
0.895	0.16797275815218485
0.9	0.16753087267499575
0.905	0.16709128446494767
0.91	0.16665397802583962
0.915	0.16621893782844227
0.92	0.16578614835707423
0.925	0.16535559396563784
0.93	0.16492725907884392
0.935	0.16450112823053362
0.9400000000000001	0.16407718570700147
0.9450000000000001	0.1636554160663824
0.9500000000000001	0.16323580374032162
0.9550000000000001	0.16281833319145134
0.9600000000000001	0.16240298906088346
0.965	0.16198975577327843
0.97	0.1615786180529548
0.975	0.16116956056527126
0.98	0.16076256795392843
0.985	0.1603576250396365
0.99	0.15995471660634067
0.995	0.159553827602501
1.	0.1591203087898255
1.005	0.1587580479772592
1.01	0.1583631273586592
1.015	0.15797016656154458
1.02	0.15757915078239162
1.025	0.1571900653887878
1.0299999999999998	0.15680289585819823
1.035	0.15641762764425196
1.0399999999999998	0.15603424639783756
1.045	0.1556527377892518
1.0499999999999998	0.1552730876809367
1.055	0.15489528192735774
1.0599999999999998	0.154519306544366
1.065	0.15414514750561203
1.0699999999999998	0.15377279108689385
1.075	0.15340222352195274
1.0799999999999998	0.15303343114556311
1.085	0.1526664005229107
1.0899999999999999	0.1523011181169013
1.095	0.15193757059097865
1.0999999999999999	0.15157574477628386
1.105	0.15121562753669224
1.1099999999999999	0.150857205768391
1.115	0.15050046656993127
1.1199999999999999	0.15014539710773234
1.125	0.14979198461512888
1.13	0.14944021652691086
1.135	0.14909008027902676
1.14	0.14874156344133488
1.145	0.14839465365180124
1.15	0.14804933878112306
1.155	0.14770560660317752
1.16	0.14736344512303093
1.1649999999999998	0.14702284238138397
1.17	0.14668378661496162
1.1749999999999998	0.14634626609730386
1.18	0.1460102691324059
1.1849999999999998	0.1456757842232389
1.19	0.14534279990607218
1.1949999999999998	0.145011304877025
1.2	0.14468128799675203
1.2049999999999998	0.1443527379617669
1.21	0.14402564376398339
1.2149999999999999	0.14369999451596446
1.22	0.14337577933308
1.2249999999999999	0.14305298745776204
1.23	0.14273160825406325
1.2349999999999999	0.1424116310598747
1.24	0.14209304548877755
1.2449999999999999	0.1417758411235387
1.25	0.14146000763755154
1.255	0.14114553489148793
1.26	0.14083241276947017
1.265	0.14052063115464444
1.27	0.1402101802048941
1.275	0.13990105004378162
1.28	0.13959323094055218
1.285	0.13928671313255067
1.2899999999999998	0.13898148712429695
1.295	0.13867754341511976
1.2999999999999998	0.1383748724965434
1.305	0.13807346512933602
1.3099999999999998	0.13777331203473925
1.315	0.1374744040455429
1.3199999999999998	0.137176732046544
1.325	0.13688028712920905
1.3299999999999998	0.13658506024797695
1.335	0.13629104268262437
1.3399999999999999	0.13599822554885782
1.345	0.13570660028171713
1.3499999999999999	0.13541615818501554
1.355	0.13512689075776352
1.3599999999999999	0.13483878951985862
1.365	0.13455184614912138
1.3699999999999999	0.13426605231339794
1.375	0.1339813998148398
1.38	0.1336978804097615
1.385	0.13341548607385037
1.39	0.13313420882726376
1.395	0.1328540407329682
1.4	0.13257497383053887
1.405	0.13229700041372908
1.41	0.13202011272411254
1.4149999999999998	0.13174430307419852
1.42	0.13146956398749027
1.4249999999999998	0.13119588779804672
1.43	0.13092326707419905
1.4349999999999998	0.13065169451495975
1.44	0.13038116264799246
1.4449999999999998	0.13011166438814833
1.45	0.12984319242534303
1.4549999999999998	0.12957573962344757
1.46	0.1293092989753205
1.4649999999999999	0.129043863471064
1.47	0.12877942610821408
1.4749999999999999	0.1285159800315702
1.48	0.12825351841695895
1.4849999999999999	0.12799203447513904
1.49	0.12773152155622136
1.4949999999999999	0.127471972988374
1.5	0.12721338220831294
1.505	0.12695574257736966
1.51	0.1266990477932915
1.515	0.12644329134944532
1.52	0.1261884668348297
1.525	0.12593456799835337
1.53	0.12568158864744725
1.535	0.1254295224967449
1.54	0.12517836343581515
1.545	0.12492810537731915
1.5499999999999998	0.12467874225190914
1.555	0.12443026816236254
1.5599999999999998	0.12418267706060486
1.565	0.12393596314920118
1.5699999999999998	0.12369012057046905
1.575	0.12344514356822407
1.5799999999999998	0.12320102632564717
1.585	0.12295776324613703
1.5899999999999999	0.12271534866651301
1.595	0.12247377696863596
1.5999999999999999	0.12223304269891164
1.605	0.12199314028268844
1.6099999999999999	0.12175406432673938
1.615	0.12151580935006058
1.6199999999999999	0.12127837005652888
1.625	0.12104174115828506
1.63	0.12080591736889855
1.635	0.12057089349098579
1.64	0.12033666424514594
1.645	0.12010322468464353
1.65	0.11987056952825434
1.655	0.11963869384142169
1.66	0.11940759258874645
1.665	0.11917726077833947
1.67	0.1189476935696821
1.6749999999999998	0.11871888597423944
1.68	0.11849083325669477
1.6849999999999998	0.11826353053500169
1.69	0.11803697304733492
1.6949999999999998	0.11781115612293867
1.7	0.11758607508217529
1.7049999999999998	0.11736172519600424
1.71	0.11713810193393302
1.7149999999999999	0.11691520073127065
1.72	0.11669301697479274
1.7249999999999999	0.11647154624676853
1.73	0.1162507840603242
1.7349999999999999	0.11603072599440967
1.74	0.11581136766091006
1.7449999999999999	0.11559270470794554
1.75	0.11537473281853157
1.755	0.1151574477347944
1.76	0.11494084510893722
1.765	0.1147249208530894
1.77	0.1145096707639336
1.775	0.11429509061570406
1.78	0.11408117637251244
1.785	0.1138679239279484
1.79	0.11365532923277967
1.795	0.11344338827111723
1.7999999999999998	0.113232097083224
1.805	0.11302145164042879
1.8099999999999998	0.11281144809717172
1.815	0.1126020825352857
1.8199999999999998	0.11239335106832375
1.825	0.1121852499189611
1.8299999999999998	0.11197777528267433
1.835	0.11177092331599715
1.8399999999999999	0.11156469037864968
1.845	0.11135907265360771
1.8499999999999999	0.11115406656064046
1.855	0.11094966834181155
1.8599999999999999	0.11074587444907856
1.865	0.11054268125407074
1.8699999999999999	0.11034008516194885
1.875	0.11013808270488233
1.88	0.10993667026304522
1.885	0.10973584442346654
1.89	0.10953560174694005
1.895	0.10933593867098257
1.9	0.10913685188584245
1.905	0.10893833795898537
1.91	0.1087403935743799
1.915	0.10854301542446042
1.92	0.10834620005630854
1.9249999999999998	0.10814994435316044
1.93	0.10795424495913851
1.9349999999999998	0.10775909864352333
1.94	0.10756450223478026
1.9449999999999998	0.10737045252943618
1.95	0.10717694636207173
1.9549999999999998	0.10698398059064483
1.96	0.10679155207902857
1.9649999999999999	0.10659965780236161
1.97	0.1064082945935935
1.9749999999999999	0.10621745950284657
1.98	0.10602714943147505
1.9849999999999999	0.10583736137811002
1.99	0.10564809240554339
1.9949999999999999	0.10545933953508918
2.	0.10527109982177545
2.005	0.10508337033142506
2.01	0.10489614823508517
2.015	0.10470943059089984
2.02	0.10452321456726754
2.025	0.10433749733147621
2.03	0.1041522760926145
2.035	0.10396754796597739
2.04	0.10378331033920787
2.045	0.1035995603245216
2.05	0.10341629518842987
2.0549999999999997	0.10323351230329122
2.06	0.10305120895958575
2.065	0.10286938241039091
2.07	0.10268803008804048
2.0749999999999997	0.10250714926683892
2.08	0.10232673739617663
2.085	0.10214679185168425
2.09	0.10196731005135817
2.0949999999999998	0.10178828942909576
2.1	0.10160972744142187
2.105	0.10143162155693514
2.11	0.10125396926882266
2.1149999999999998	0.10107676807843587
2.12	0.10090001551252632
2.125	0.10072370908910193
2.13	0.10054784640903314
2.135	0.10037242504853308
2.14	0.10019744253245502
2.145	0.10002289653223674
2.15	0.09984878465343121
2.155	0.09967510455731358
2.16	0.09950185385341653
2.165	0.09932903023934592
2.17	0.09915663137931147
2.175	0.09898465499816193
2.18	0.09881309886252107
2.185	0.09864196063705842
2.19	0.09847123809639896
2.195	0.09830092900312629
2.1999999999999997	0.09813103111619288
2.205	0.09796154229610696
2.21	0.09779246026517038
2.215	0.09762378290851344
2.2199999999999998	0.09745550807193275
2.225	0.0972876335572678
2.23	0.09712015725593653
2.235	0.09695307704996613
2.2399999999999998	0.09678639080958816
2.245	0.09662009648762072
2.25	0.09645419200810007
2.255	0.0962886752590528
2.26	0.09612354419658092
2.265	0.09595879679966711
2.27	0.09579443108462958
2.275	0.09563044498234997
2.28	0.09546683649070142
2.285	0.0953036036906037
2.29	0.09514074452105628
2.295	0.09497825708855394
2.3	0.09481613942419391
2.305	0.09465438961161012
2.31	0.09449300566867991
2.315	0.09433198574573552
2.32	0.09417132790311626
2.3249999999999997	0.09401103031627248
2.33	0.09385109104932438
2.335	0.09369150823880193
2.34	0.09353228009746341
2.3449999999999998	0.0933734047213053
2.35	0.0932148802844074
2.355	0.09305670501193244
2.36	0.09289887709650545
2.3649999999999998	0.0927413947054253
2.37	0.09258425607483506
2.375	0.09242745939098364
2.38	0.09227100301987756
2.385	0.09211488506348214
2.39	0.0919591038672478
2.395	0.09180365768239955
2.4	0.09164854480714851
2.405	0.0914937634569141
2.41	0.09133931205389281
2.415	0.09118518883055018
2.42	0.09103139213059819
2.425	0.09087792026742184
2.43	0.09072477162309277
2.435	0.09057194453360784
2.44	0.09041943737924531
2.445	0.0902672484937402
2.4499999999999997	0.09011537626011114
2.455	0.08996381911095752
2.46	0.0898125754076343
2.465	0.08966164362206287
2.4699999999999998	0.08951102211319238
2.475	0.08936070931303633
2.48	0.0892107037189032
2.485	0.08906100370160736
2.4899999999999998	0.08891160777569011
2.495	0.08876251440897888
2.5	0.08861372201642567
2.505	0.08846522916223244
2.51	0.08831703426112202
2.515	0.08816913589152155
2.52	0.0880215324860655
2.525	0.0878742226221935
2.53	0.08772720482745719
2.535	0.08758047757862397
2.54	0.087434039478766
2.545	0.08728788906176561
2.55	0.08714202486692806
2.555	0.0869964455214866
2.56	0.08685114954509988
2.565	0.08670613554051113
2.57	0.08656140208360742
2.5749999999999997	0.08641694782931976
2.58	0.08627277131238785
2.585	0.08612887122373016
2.59	0.08598524611178861
2.5949999999999998	0.08584189466485122
2.6	0.08569881548492904
2.605	0.08555600727440872
2.61	0.0854134686312715
2.6149999999999998	0.08527119823458089
2.62	0.08512919475472285
2.625	0.08498745684803584
2.63	0.08484598323567655
2.635	0.08470477258884113
2.64	0.0845638236244489
2.645	0.08442313500830738
2.65	0.08428270547118548
2.655	0.08414253371318148
2.66	0.0840026184962221
2.665	0.08386295853415301
2.67	0.08372355256618935
2.675	0.08358439935457437
2.68	0.08344549759695341
2.685	0.08330684609025409
2.69	0.08316844363444151
2.695	0.08303028894751195
2.7	0.08289238082495927
2.705	0.08275471803300136
2.71	0.08261729938254622
2.715	0.082480123723265
2.7199999999999998	0.08234318975015818
2.725	0.08220649636322921
2.73	0.08207004230591282
2.735	0.08193382647319437
2.7399999999999998	0.08179784761832037
2.745	0.0816621046308597
2.75	0.0815265963322702
2.755	0.081391321585568
2.76	0.0812562791884818
2.765	0.08112146803365426
2.77	0.08098688702004886
2.775	0.08085253496344282
2.78	0.08071841073601285
2.785	0.08058451327314463
2.79	0.08045084140587867
2.795	0.08031739404288774
2.8	0.08018417006267792
2.8049999999999997	0.08005116842045387
2.81	0.0799183879345636
2.815	0.07978582762386648
2.82	0.0796534863360722
2.825	0.07952136301118579
2.83	0.07938945657725956
2.835	0.07925776595048681
2.84	0.07912629012193108
2.8449999999999998	0.07899502798292181
2.85	0.07886397849916447
2.855	0.07873314062507784
2.86	0.07860251331845296
2.8649999999999998	0.0784720955260607
2.87	0.07834188626837767
2.875	0.0782118844490086
2.88	0.07808208909841044
2.885	0.07795249919899117
2.89	0.07782311368679205
2.895	0.07769393162331535
2.9	0.07756495193593219
2.905	0.07743617366115994
2.91	0.0773075958395265
2.915	0.07717921742972483
2.92	0.07705103746437672
2.925	0.07692305494574116
2.9299999999999997	0.07679526894929964
2.935	0.07666767845233842
2.94	0.07654028248746152
2.945	0.07641308014296014
2.95	0.07628607040933595
2.955	0.0761592523319548
2.96	0.07603262499492809
2.965	0.07590618745191821
2.9699999999999998	0.07577993871071989
2.975	0.07565387788412777
2.98	0.07552800400496437
2.985	0.0754023161938745
2.9899999999999998	0.07527681345829727
2.995	0.07515149492689377
3.	0.07502635968193223
3.005	0.07490140678466566
3.01	0.07477663531694903
3.015	0.07465204439777405
3.02	0.07452763311665303
3.025	0.07440340056684057
3.03	0.07427934588684645
3.035	0.07415546812792376
3.04	0.07403176646048819
3.045	0.07390823996816641
3.05	0.07378488777088127
3.0549999999999997	0.07366170899242332
3.06	0.07353870279270776
3.065	0.07341586828616443
3.07	0.07329320456604957
3.075	0.07317071081104067
3.08	0.07304838617860893
3.085	0.07292622976473963
3.09	0.07280424074978585
3.0949999999999998	0.07268241826874623
3.1	0.07256076149236158
3.105	0.07243926957140381
3.11	0.07231794165793187
3.115	0.0721967769414064
3.12	0.07207577456505014
3.125	0.07195493369202495
3.13	0.07183425355248085
3.135	0.07171373324327998
3.14	0.07159337200912548
3.145	0.07147316900089874
3.15	0.07135312340593296
3.155	0.07123323443687073
3.16	0.07111350125526922
3.165	0.07099392306322685
3.17	0.07087449909992874
3.175	0.07075522851033814
3.1799999999999997	0.07063611052341426
3.185	0.0705171443537164
3.19	0.07039832921008109
3.195	0.07027966429981217
3.2	0.07016114882005275
3.205	0.07004278201466617
3.21	0.06992456308758133
3.215	0.06980649128626631
3.2199999999999998	0.06968856579968313
3.225	0.0695707859163892
3.23	0.06945315079341013
3.235	0.06933565971733277
3.24	0.06921831190208728
3.245	0.06910110660434526
3.25	0.0689840430480822
3.255	0.06886712050363632
3.26	0.06875033819260447
3.265	0.0686336953809145
3.27	0.06851719129702416
3.275	0.0684008252115816
3.28	0.06828459638897005
3.285	0.068168504072183
3.29	0.06805254754538083
3.295	0.06793672605772647
3.3	0.06782103886056831
3.3049999999999997	0.0677054852514071
3.31	0.06759006445722976
3.315	0.06747477582453482
3.32	0.06735961856196405
3.325	0.06724459196117834
3.33	0.06712969529418927
3.335	0.06701492788746659
3.34	0.0669002889944914
3.3449999999999998	0.06678577788691191
3.35	0.06667139386758775
3.355	0.06655713624047518
3.36	0.06644300428179777
3.365	0.06632899727288383
3.37	0.066215114531091
3.375	0.06610135533878479
3.38	0.06598771901731988
3.385	0.06587420483394286
3.39	0.0657608121428613
3.395	0.06564754019656945
3.4	0.06553438834128297
3.405	0.06542135584136757
3.41	0.06530844207887851
3.415	0.0651956462917889
3.42	0.0650829678406617
3.425	0.06497040603405634
3.4299999999999997	0.06485796016579069
3.435	0.06474562959529029
3.44	0.06463341360873472
3.445	0.06452131155837289
3.45	0.0644093227546301
3.455	0.06429744650930692
3.46	0.0641856821633407
3.465	0.06407402906273024
3.4699999999999998	0.06396248651602221
3.475	0.06385105385597051
3.48	0.06373973043075903
3.485	0.06362851556850324
3.49	0.06351740860094456
3.495	0.06340640888611683
3.5	0.06329551573786792
3.505	0.06318472852125137
3.51	0.06307404654876586
3.515	0.06296346921111066
3.52	0.06285299581309195
3.525	0.06274262570814045
3.53	0.06263235824999824
3.535	0.0625221927975256
3.54	0.0624121286981838
3.545	0.06230216528617044
3.55	0.062192301928342415
3.5549999999999997	0.062082537997101735
3.56	0.061972872808690814
3.565	0.0618633057401736
3.5700000000000003	0.061753836157508686
3.575	0.06164446341766542
3.58	0.06153518686589681
3.585	0.06142600587225256
3.59	0.06131691980030028
3.5949999999999998	0.0612079280055055
3.5999999999999996	0.06109902987157411
3.605	0.060990224730651715
3.61	0.06088151198297378
3.615	0.06077289098836934
3.62	0.06066436110858145
3.625	0.0605559216938554
3.63	0.060447572151264846
3.635	0.060339311816295094
3.6399999999999997	0.06023114008306513
3.645	0.060123056334556356
3.65	0.06001505991347633
3.6550000000000002	0.059907150231667344
3.66	0.05979932662155326
3.665	0.059691588485627375
3.67	0.05958393518916559
3.675	0.05947636613262818
3.6799999999999997	0.059368880644678816
3.685	0.059261478165058494
3.69	0.05915415803945105
3.6950000000000003	0.059046919630718356
3.7	0.058939762347762936
3.705	0.058832685568645834
3.71	0.05872568867893006
3.715	0.058618771033618816
3.7199999999999998	0.05851193205396637
3.7249999999999996	0.05840517110284955
3.73	0.05829848755250487
3.735	0.058191880811050097
3.74	0.058085350252097316
3.745	0.05797889523758224
3.75	0.05787251519975211
3.755	0.05776620949306787
3.76	0.057659977521440114
3.7649999999999997	0.05755381864170235
3.77	0.05744773227907335
3.775	0.057341717795945546
3.7800000000000002	0.05723577458784376
3.785	0.05712990204015376
3.79	0.05702409952533045
3.795	0.05691836646585963
3.8	0.056812702237930585
3.8049999999999997	0.05670710620802797
3.81	0.05660157780663885
3.815	0.05649611638520182
3.8200000000000003	0.056390721346729705
3.825	0.05628539208583808
3.83	0.0561801279671559
3.835	0.05607492840783961
3.84	0.05596979277961515
3.8449999999999998	0.05586472049608446
3.8499999999999996	0.055759710915584806
3.855	0.05565476346002931
3.86	0.05554987747510752
3.865	0.05544505238039426
3.87	0.055340287576432286
3.875	0.05523558242207794
3.88	0.05513093631896083
3.885	0.055026348656095056
3.8899999999999997	0.054921818805105806
3.895	0.05481734618380031
3.9	0.05471293016322684
3.9050000000000002	0.0546085701407084
3.91	0.05450426548526666
3.915	0.05440001558497133
3.92	0.054295819846396386
3.925	0.05419167764291819
3.9299999999999997	0.05408758837184454
3.935	0.053983551387244
3.94	0.05387956610355376
3.9450000000000003	0.053775631902913415
3.95	0.05367174814888244
3.955	0.05356791424241325
3.96	0.05346412955455334
3.965	0.05336039348338024
3.9699999999999998	0.053256705397564975
3.9749999999999996	0.05315306469339275
3.98	0.053049470715010545
3.985	0.05294592287902564
3.99	0.05284242054661738
3.995	0.05273896310408494
4.	0.05263554991866779
4.005	0.052532180373653065
4.01	0.052428853852277024
4.015	0.052325569708895625
4.02	0.05222232733299601
4.025	0.05211912609422483
4.03	0.05201596536169074
4.035	0.05191284451135034
4.04	0.05180976291520556
4.045	0.05170671992256141
4.05	0.05160371492752722
4.055	0.051500747274157196
4.0600000000000005	0.051397816348159577
4.0649999999999995	0.051294921501768995
4.07	0.05119206210838714
4.075	0.05108923751686003
4.08	0.05098644709819015
4.085	0.0508836902122082
4.09	0.05078096619801485
4.095	0.05067827444807943
4.1	0.05057561429139314
4.105	0.05047298509970703
4.109999999999999	0.0503703861934162
4.115	0.05026781697189099
4.12	0.05016527673969971
4.125	0.05006276486473102
4.13	0.04996028070999419
4.135	0.04985782360259311
4.14	0.04975539288283222
4.145	0.04965298789410956
4.15	0.04955060798676826
4.155	0.04944825249218468
4.16	0.049345920741145806
4.165	0.049243612083626376
4.17	0.04914132584585325
4.175	0.04903906135562726
4.18	0.04893681794529846
4.1850000000000005	0.048834594947161004
4.1899999999999995	0.048732391664283975
4.195	0.0486302074485273
4.2	0.04852804160732471
4.205	0.048425893454413914
4.21	0.04832376231904468
4.215	0.048221647503726636
4.22	0.048119548344668486
4.225	0.04801746411238905
4.23	0.047915394143223794
4.234999999999999	0.04781333775228797
4.24	0.04771129420722221
4.245	0.047609262835652914
4.25	0.047507242930353674
4.255	0.04740523378475445
4.26	0.04730323468145137
4.265	0.047201244927038276
4.27	0.04709926380347321
4.275	0.046997290596925416
4.28	0.046895324585573064
4.285	0.046793365049729314
4.29	0.0466914112655804
4.295	0.04658946251648172
4.3	0.04648751805241136
4.305	0.04638557715684567
4.3100000000000005	0.046283639088294894
4.3149999999999995	0.046181703120056206
4.32	0.046079768502414846
4.325	0.0459778344663197
4.33	0.04587590029162812
4.335	0.04577396522525774
4.34	0.045672028501831774
4.345	0.04557008938264397
4.35	0.04546814706462744
4.355	0.04536620083032554
4.359999999999999	0.04526424987297716
4.365	0.04516229344446063
4.37	0.04506033074304184
4.375	0.04495836100539757
4.38	0.044856383454967834
4.385	0.04475439729197031
4.39	0.044652401720316634
4.395	0.044550395944205345
4.4	0.04444837917293364
4.405	0.04434635058197664
4.41	0.044244309381705635
4.415	0.044142254761539386
4.42	0.04404018588219393
4.425	0.04393810195110663
4.43	0.04383600210764942
4.4350000000000005	0.04373388553805092
4.4399999999999995	0.043631751402855246
4.445	0.04352959886967687
4.45	0.04342742708334974
4.455	0.04332523520538968
4.46	0.04322302235404313
4.465	0.043120787687129014
4.47	0.04301853034542452
4.475	0.04291624944439472
4.48	0.04281394411693602
4.484999999999999	0.04271161346280214
4.49	0.04260925661313556
4.495	0.04250687267302636
4.5	0.042404460733931094
4.505	0.04230201989476668
4.51	0.04219954925896107
4.515	0.042097047889313725
4.52	0.04199451488873683
4.525	0.04189194929310806
4.53	0.0417893501957788
4.535	0.04168671664637881
4.54	0.04158404770100216
4.545	0.041481342397233695
4.55	0.04137859978356205
4.555	0.041275818891875246
4.5600000000000005	0.0411729987457361
4.5649999999999995	0.041070138359349494
4.57	0.040967236752605087
4.575	0.04086429291363039
4.58	0.0407613058626063
4.585	0.040658274576743085
4.59	0.04055519803131971
4.595000000000001	0.04045207521961789
4.6	0.04034890508104095
4.605	0.04024568660670378
4.609999999999999	0.040142418720237806
4.615	0.040039100387458344
4.62	0.03993573052042484
4.625	0.039832308050689026
4.63	0.039728831895752305
4.635	0.03962530097485176
4.640000000000001	0.0395217141700025
4.645	0.03941807039087521
4.65	0.03931436850851025
4.654999999999999	0.039210607386280655
4.66	0.03910678589572202
4.665	0.03900290289401534
4.67	0.0388989572130328
4.675	0.03879494768911024
4.68	0.038690873156160654
4.6850000000000005	0.03858673240812278
4.6899999999999995	0.03848252425513996
4.695	0.038378247495401106
4.7	0.03827390090848748
4.705	0.038169483260916175
4.71	0.03806499329949254
4.715	0.037960429777964336
4.720000000000001	0.03785579143951926
4.725	0.037751077010156245
4.73	0.037646285170152866
4.734999999999999	0.037541414668651
4.74	0.037436464154926755
4.745	0.037331432311548486
4.75	0.037226317813542374
4.755	0.037121119294902964
4.76	0.03701583537687409
4.765000000000001	0.036910464714876925
4.77	0.03680500589969966
4.775	0.0366994575252933
4.779999999999999	0.03659381816757982
4.785	0.03648808638422897
4.79	0.036382260746778916
4.795	0.03627633977860371
4.8	0.036170321998613315
4.805	0.0360642059147312
4.8100000000000005	0.03595799000835371
4.8149999999999995	0.035851672755567596
4.82	0.03574525261155519
4.825	0.03563872801195037
4.83	0.03553209738525151
4.835	0.03542535913419095
4.84	0.035318511643572255
4.845000000000001	0.03521155327726542
4.85	0.03510448239054833
4.855	0.03499729732180768
4.859999999999999	0.0348899963664302
4.865	0.034782577827866215
4.87	0.03467503998298345
4.875	0.03456738107220158
4.88	0.03445959933479241
4.885	0.03435169298124406
4.890000000000001	0.034243660206335
4.895	0.034135499171983254
4.9	0.03402720802022317
4.904999999999999	0.03391878489115385
4.91	0.033810227856829474
4.915	0.03370153501266328
4.92	0.03359270440407818
4.925	0.03348373407102465
4.93	0.033374622004645714
4.9350000000000005	0.03326536618216785
4.9399999999999995	0.03315596456303566
4.945	0.033046415061530644
4.95	0.03293671557748408
4.955	0.03282686397308051
4.96	0.03271685811550487
4.965	0.032606695793001204
4.970000000000001	0.032496374798642876
4.975	0.032385892877196856
4.98	0.03227524776586257
4.984999999999999	0.03216443713771164
4.99	0.03205345864923131
4.995	0.031942309953760975
5.	0.031830988615386364
5.005	0.03171949221654451
5.01	0.031607818252812475
5.015000000000001	0.03149596423150756
5.02	0.03138392761049836
5.025	0.03127170578418144
5.029999999999999	0.031159296135281195
5.035	0.031046695990772512
5.04	0.03093390268395467
5.045	0.030820913429659303
5.05	0.03070772546236646
5.055	0.030594335938532422
5.0600000000000005	0.030480742015389306
5.0649999999999995	0.030366940740331468
5.07	0.030252929183516512
5.075	0.03013870431810321
5.08	0.030024263076061954
5.085	0.02990960238855629
5.09	0.029794719066038602
5.095000000000001	0.02967960989946515
5.1	0.029564271658234442
5.105	0.029448700998133653
5.109999999999999	0.02933289455194347
5.115	0.02921684891036933
5.12	0.029100560583322305
5.125	0.028984026010719467
5.13	0.028867241609778313
5.135	0.028750203689084437
5.14	0.02863290853486243
5.145	0.028515352329037996
5.15	0.028397531233581696
5.155	0.028279441287129628
5.16	0.02816107848793034
5.165	0.02804243876696396
5.17	0.027923517959383776
5.175	0.027804311832608522
5.18	0.027684816076736472
5.185	0.027565026303267952
5.19	0.027444938024920366
5.195	0.027324546679075017
5.2	0.027203847629670853
5.205	0.027082836113916275
5.21	0.02696150732592223
5.215	0.026839856281052135
5.22	0.026717878013379614
5.225	0.026595567318837623
5.23	0.026472919015963315
5.235	0.02634992774295642
5.24	0.02622658802485726
5.245	0.026102894316613234
5.25	0.025978840895485186
5.255	0.025854421986071394
5.26	0.02572963161516705
5.265	0.025604463742476897
5.27	0.025478912152414858
5.275	0.025352970517233446
5.28	0.025226632351366757
5.285	0.02509989101446316
5.29	0.02497273976392129
5.295	0.0248451716207716
5.3	0.024717179520154904
5.305	0.024588756180818315
5.31	0.024459894185393845
5.315	0.02433058589304862
5.32	0.024200823518292964
5.325	0.02407059908150728
5.33	0.023939904361132226
5.335	0.023808730996698373
5.34	0.023677070361320135
5.345	0.02354491363377425
5.35	0.023412251758049035
5.355	0.02327907544466652
5.36	0.023145375163149233
5.365	0.023011141095990173
5.37	0.02287636323603416
5.375	0.022741031202413494
5.38	0.022605134407865112
5.385	0.022468661926267532
5.39	0.022331602562140004
5.395	0.022193944742363345
5.4	0.022055676604567344
5.405	0.021916785946160578
5.41	0.02177726014621519
5.415	0.021637086282736726
5.42	0.021496250958558567
5.425	0.02135474044217719
5.43	0.021212540513993156
5.435	0.021069636557588294
5.44	0.02092601343830172
5.445	0.020781655566554747
5.45	0.020636546851177166
5.455	0.020490670612200473
5.46	0.020344009680346328
5.465	0.020196546234378027
5.47	0.02004826188009076
5.475	0.01989913754494875
5.48	0.01974915352601146
5.485	0.019598289351295164
5.49	0.019446523820893534
5.495	0.01929383497752449
5.5	0.019140199968004333
5.505	0.018985595135016606
5.51	0.01882999583391305
5.515	0.018673376512161836
5.52	0.018515710515567805
5.525	0.0183569701593906
5.53	0.01819712659580791
5.535	0.018036149721828765
5.54	0.01787400819084921
5.545	0.017710669251612434
5.55	0.017546098719692038
5.555	0.017380260827873997
5.56	0.01721311819785734
5.565	0.017044631670182348
5.57	0.01687476020546729
5.575	0.016703460782234322
5.58	0.01653068821046861
5.585	0.016356395022379285
5.59	0.01618053127401314
5.595	0.01600304439486636
5.6	0.015823878934638366
5.605	0.015642976418206243
5.61	0.015460275047078855
5.615	0.015275709426961262
5.62	0.015089210333357486
5.625	0.014900704304902899
5.63	0.014710113347155414
5.635	0.014517354462972068
5.64	0.014322339264428984
5.645	0.01412497341371347
5.65	0.013925156064524052
5.655	0.013722779235381488
5.66	0.013517727056988761
5.665	0.013309874965798187
5.67	0.013099088727868887
5.675	0.012885223421774028
5.68	0.012668122128960178
5.6850000000000005	0.01244761457006622
5.69	0.012223515416944103
5.695	0.011995622368939121
5.7	0.01176371393076589
5.705	0.011527546708963504
5.71	0.011286852335211948
5.715	0.011041333664035556
5.72	0.010790660308603166
5.725	0.010534463173174646
5.73	0.01027232784048962
5.735	0.010003786337834199
5.74	0.009728306967489197
5.745	0.009445281471848609
5.75	0.009154008679719598
5.755	0.008853673356232423
5.76	0.0085433184389556
5.765	0.008221807964126557
5.77	0.007887776471522735
5.775	0.007539558456588078
5.78	0.007175087150030506
5.785	0.006791744744018214
5.79	0.006386132034681591
5.795	0.0059536971918562635
5.8	0.005488101486249115
5.805	0.004980050504537274
5.8100000000000005	0.004414909214460598
5.815	0.00376706739116413
5.82	0.0029831193407053843
5.825	0.0019015820191190908
5.83	0.
5.835	0.
5.84	0.
5.845	0.
5.85	0.
5.855	0.
5.86	0.
5.865	0.
5.87	0.
5.875	0.
5.88	0.
5.885	0.
5.89	0.
5.895	0.
5.9	0.
5.905	0.
5.91	0.
5.915	0.
5.92	0.
5.925	0.
5.93	0.
5.9350000000000005	0.
5.94	0.
5.945	0.
5.95	0.
5.955	0.
5.96	0.
5.965	0.
5.97	0.
5.975	0.
5.98	0.
5.985	0.
5.99	0.
5.995	0.
6.	0.
6.005	0.
6.01	0.
6.015	0.
6.02	0.
6.025	0.
6.03	0.
6.035	0.
6.04	0.
6.045	0.
6.05	0.
6.055	0.
6.0600000000000005	0.
6.065	0.
6.07	0.
6.075	0.
6.08	0.
6.085	0.
6.09	0.
6.095	0.
6.1	0.
6.105	0.
6.11	0.
6.115	0.
6.12	0.
6.125	0.
6.13	0.
6.135	0.
6.140000000000001	0.
6.145	0.
6.15	0.
6.155	0.
6.16	0.
6.165	0.
6.17	0.
6.175	0.
6.18	0.
6.1850000000000005	0.
6.1899999999999995	0.
6.195	0.
6.2	0.
6.205	0.
6.21	0.
6.215	0.
6.22	0.
6.225	0.
6.23	0.
6.235	0.
6.24	0.
6.245	0.
6.25	0.
6.255	0.
6.26	0.
6.265000000000001	0.
6.27	0.
6.275	0.
6.28	0.
6.285	0.
6.29	0.
6.295	0.
6.3	0.
6.305	0.
6.3100000000000005	0.
6.3149999999999995	0.
6.32	0.
6.325	0.
6.33	0.
6.335	0.
6.34	0.
6.345	0.
6.35	0.
6.355	0.
6.36	0.
6.365	0.
6.37	0.
6.375	0.
6.38	0.
6.385	0.
6.390000000000001	0.
6.395	0.
6.4	0.
6.405	0.
6.41	0.
6.415	0.
6.42	0.
6.425	0.
6.43	0.
6.4350000000000005	0.
6.4399999999999995	0.
6.445	0.
6.45	0.
6.455	0.
6.46	0.
6.465	0.
6.47	0.
6.475	0.
6.48	0.
6.485	0.
6.49	0.
6.495	0.
6.5	0.
6.505	0.
6.51	0.
6.515000000000001	0.
6.52	0.
6.525	0.
6.53	0.
6.535	0.
6.54	0.
6.545	0.
6.55	0.
6.555	0.
6.5600000000000005	0.
6.5649999999999995	0.
6.57	0.
6.575	0.
6.58	0.
6.585	0.
6.59	0.
6.595	0.
6.6	0.
6.605	0.
6.61	0.
6.615	0.
6.62	0.
6.625	0.
6.63	0.
6.635	0.
6.640000000000001	0.
6.645	0.
6.65	0.
6.655	0.
6.66	0.
6.665	0.
6.67	0.
6.675	0.
6.68	0.
6.6850000000000005	0.
6.6899999999999995	0.
6.695	0.
6.7	0.
6.705	0.
6.71	0.
6.715	0.
6.72	0.
6.725	0.
6.73	0.
6.735	0.
6.74	0.
6.745	0.
6.75	0.
6.755	0.
6.76	0.
6.765000000000001	0.
6.77	0.
6.775	0.
6.78	0.
6.785	0.
6.79	0.
6.795	0.
6.8	0.
6.805	0.
6.8100000000000005	0.
6.8149999999999995	0.
6.82	0.
6.825	0.
6.83	0.
6.835	0.
6.84	0.
6.845	0.
6.85	0.
6.855	0.
6.86	0.
6.865	0.
6.87	0.
6.875	0.
6.88	0.
6.885	0.
6.890000000000001	0.
6.895	0.
6.9	0.
6.905	0.
6.91	0.
6.915	0.
6.92	0.
6.925	0.
6.93	0.
6.9350000000000005	0.
6.9399999999999995	0.
6.945	0.
6.95	0.
6.955	0.
6.96	0.
6.965	0.
6.97	0.
6.975	0.
6.98	0.
6.985	0.
6.99	0.
6.995	0.
7.	0.
7.005	0.
7.01	0.
7.015000000000001	0.
7.02	0.
7.025	0.
7.03	0.
7.035	0.
7.04	0.
7.045	0.
7.05	0.
7.055	0.
7.0600000000000005	0.
7.0649999999999995	0.
7.07	0.
7.075	0.
7.08	0.
7.085	0.
7.09	0.
7.095	0.
7.1	0.
7.105	0.
7.11	0.
7.115	0.
7.12	0.
7.125	0.
7.13	0.
7.135	0.
7.140000000000001	0.
7.145	0.
7.15	0.
7.155	0.
7.16	0.
7.165	0.
7.17	0.
7.175	0.
7.18	0.
7.1850000000000005	0.
7.1899999999999995	0.
7.195	0.
7.2	0.
7.205	0.
7.21	0.
7.215	0.
7.220000000000001	0.
7.225	0.
7.23	0.
7.234999999999999	0.
7.24	0.
7.245	0.
7.25	0.
7.255	0.
7.26	0.
7.265000000000001	0.
7.27	0.
7.275	0.
7.28	0.
7.285	0.
7.29	0.
7.295	0.
7.300000000000001	0.
7.305	0.
7.3100000000000005	0.
7.3149999999999995	0.
7.32	0.
7.325	0.
7.33	0.
7.335	0.
7.34	0.
7.345000000000001	0.
7.35	0.
7.355	0.
7.359999999999999	0.
7.365	0.
7.37	0.
7.375	0.
7.38	0.
7.385	0.
7.390000000000001	0.
7.395	0.
7.4	0.
7.405	0.
7.41	0.
7.415	0.
7.42	0.
7.425000000000001	0.
7.43	0.
7.4350000000000005	0.
7.4399999999999995	0.
7.445	0.
7.45	0.
7.455	0.
7.46	0.
7.465	0.
7.470000000000001	0.
7.475	0.
7.48	0.
7.484999999999999	0.
7.49	0.
7.495	0.
7.5	0.
7.505	0.
7.51	0.
7.515000000000001	0.
7.52	0.
7.525	0.
7.53	0.
7.535	0.
7.54	0.
7.545	0.
7.550000000000001	0.
7.555	0.
7.5600000000000005	0.
7.5649999999999995	0.
7.57	0.
7.575	0.
7.58	0.
7.585	0.
7.59	0.
7.595000000000001	0.
7.6	0.
7.605	0.
7.609999999999999	0.
7.615	0.
7.62	0.
7.625	0.
7.63	0.
7.635	0.
7.640000000000001	0.
7.645	0.
7.65	0.
7.655	0.
7.66	0.
7.665	0.
7.67	0.
7.675000000000001	0.
7.68	0.
7.685	0.
7.6899999999999995	0.
7.694999999999999	0.
7.699999999999999	0.
7.704999999999999	0.
7.71	0.
7.715	0.
7.72	0.
7.725	0.
7.7299999999999995	0.
7.734999999999999	0.
7.739999999999999	0.
7.744999999999999	0.
7.75	0.
7.755	0.
7.76	0.
7.765	0.
7.77	0.
7.7749999999999995	0.
7.779999999999999	0.
7.784999999999999	0.
7.79	0.
7.795	0.
7.8	0.
7.805	0.
7.81	0.
7.8149999999999995	0.
7.819999999999999	0.
7.824999999999999	0.
7.829999999999999	0.
7.835	0.
7.84	0.
7.845	0.
7.85	0.
7.8549999999999995	0.
7.859999999999999	0.
7.864999999999999	0.
7.869999999999999	0.
7.875	0.
7.88	0.
7.885	0.
7.89	0.
7.895	0.
7.8999999999999995	0.
7.904999999999999	0.
7.909999999999999	0.
7.915	0.
7.92	0.
7.925	0.
7.93	0.
7.935	0.
7.9399999999999995	0.
7.944999999999999	0.
7.949999999999999	0.
7.955	0.
7.96	0.
7.965	0.
7.97	0.
7.975	0.
7.9799999999999995	0.
7.984999999999999	0.
7.989999999999999	0.
7.994999999999999	0.
8.	0.
8.004999999999999	0.
8.01	0.
8.014999999999999	0.
8.02	0.
8.025	0.
8.03	0.
8.035	0.
8.04	0.
8.045	0.
8.049999999999999	0.
8.055	0.
8.059999999999999	0.
8.065	0.
8.07	0.
8.075	0.
8.08	0.
8.084999999999999	0.
8.09	0.
8.094999999999999	0.
8.1	0.
8.105	0.
8.11	0.
8.115	0.
8.12	0.
8.125	0.
8.129999999999999	0.
8.135	0.
8.139999999999999	0.
8.145	0.
8.15	0.
8.155	0.
8.16	0.
8.165	0.
8.17	0.
8.174999999999999	0.
8.18	0.
8.184999999999999	0.
8.19	0.
8.195	0.
8.2	0.
8.205	0.
8.209999999999999	0.
8.215	0.
8.219999999999999	0.
8.225	0.
8.23	0.
8.235	0.
8.24	0.
8.245	0.
8.25	0.
8.254999999999999	0.
8.26	0.
8.264999999999999	0.
8.27	0.
8.275	0.
8.28	0.
8.285	0.
8.29	0.
8.295	0.
8.299999999999999	0.
8.305	0.
8.309999999999999	0.
8.315	0.
8.32	0.
8.325	0.
8.33	0.
8.334999999999999	0.
8.34	0.
8.344999999999999	0.
8.35	0.
8.355	0.
8.36	0.
8.365	0.
8.37	0.
8.375	0.
8.379999999999999	0.
8.385	0.
8.389999999999999	0.
8.395	0.
8.4	0.
8.405	0.
8.41	0.
8.415	0.
8.42	0.
8.424999999999999	0.
8.43	0.
8.434999999999999	0.
8.44	0.
8.445	0.
8.45	0.
8.455	0.
8.459999999999999	0.
8.465	0.
8.469999999999999	0.
8.475	0.
8.48	0.
8.485	0.
8.49	0.
8.495	0.
8.5	0.
8.504999999999999	0.
8.51	0.
8.515	0.
8.52	0.
8.525	0.
8.53	0.
8.535	0.
8.54	0.
8.545	0.
8.549999999999999	0.
8.555	0.
8.559999999999999	0.
8.565	0.
8.57	0.
8.575	0.
8.58	0.
8.584999999999999	0.
8.59	0.
8.594999999999999	0.
8.6	0.
8.605	0.
8.61	0.
8.615	0.
8.62	0.
8.625	0.
8.629999999999999	0.
8.635	0.
8.64	0.
8.645	0.
8.65	0.
8.655	0.
8.66	0.
8.665	0.
8.67	0.
8.674999999999999	0.
8.68	0.
8.684999999999999	0.
8.69	0.
8.695	0.
8.7	0.
8.705	0.
8.709999999999999	0.
8.715	0.
8.719999999999999	0.
8.725	0.
8.73	0.
8.735	0.
8.74	0.
8.745	0.
8.75	0.
8.754999999999999	0.
8.76	0.
8.765	0.
8.77	0.
8.775	0.
8.78	0.
8.785	0.
8.79	0.
8.795	0.
8.799999999999999	0.
8.805	0.
8.809999999999999	0.
8.815	0.
8.82	0.
8.825	0.
8.83	0.
8.834999999999999	0.
8.84	0.
8.844999999999999	0.
8.85	0.
8.855	0.
8.86	0.
8.865	0.
8.87	0.
8.875	0.
8.879999999999999	0.
8.885	0.
8.89	0.
8.895	0.
8.9	0.
8.905	0.
8.91	0.
8.915	0.
8.92	0.
8.924999999999999	0.
8.93	0.
8.934999999999999	0.
8.94	0.
8.945	0.
8.95	0.
8.955	0.
8.959999999999999	0.
8.965	0.
8.969999999999999	0.
8.975	0.
8.98	0.
8.985	0.
8.99	0.
8.995	0.
9.	0.
9.004999999999999	0.
9.01	0.
9.015	0.
9.02	0.
9.025	0.
9.03	0.
9.035	0.
9.04	0.
9.045	0.
9.049999999999999	0.
9.055	0.
9.059999999999999	0.
9.065	0.
9.07	0.
9.075	0.
9.08	0.
9.084999999999999	0.
9.09	0.
9.094999999999999	0.
9.1	0.
9.105	0.
9.11	0.
9.115	0.
9.12	0.
9.125	0.
9.129999999999999	0.
9.135	0.
9.14	0.
9.145	0.
9.15	0.
9.155	0.
9.16	0.
9.165	0.
9.17	0.
9.174999999999999	0.
9.18	0.
9.184999999999999	0.
9.19	0.
9.195	0.
9.2	0.
9.205	0.
9.209999999999999	0.
9.215	0.
9.219999999999999	0.
9.225	0.
9.23	0.
9.235	0.
9.24	0.
9.245	0.
9.25	0.
9.254999999999999	0.
9.26	0.
9.265	0.
9.27	0.
9.275	0.
9.28	0.
9.285	0.
9.29	0.
9.295	0.
9.299999999999999	0.
9.305	0.
9.309999999999999	0.
9.315	0.
9.32	0.
9.325	0.
9.33	0.
9.334999999999999	0.
9.34	0.
9.344999999999999	0.
9.35	0.
9.355	0.
9.36	0.
9.365	0.
9.37	0.
9.375	0.
9.379999999999999	0.
9.385	0.
9.39	0.
9.395	0.
9.4	0.
9.405	0.
9.41	0.
9.415	0.
9.42	0.
9.424999999999999	0.
9.43	0.
9.434999999999999	0.
9.44	0.
9.445	0.
9.45	0.
9.455	0.
9.459999999999999	0.
9.465	0.
9.469999999999999	0.
9.475	0.
9.48	0.
9.485	0.
9.49	0.
9.495	0.
9.5	0.
9.504999999999999	0.
9.51	0.
9.515	0.
9.52	0.
9.525	0.
9.53	0.
9.535	0.
9.54	0.
9.545	0.
9.549999999999999	0.
9.555	0.
9.559999999999999	0.
9.565	0.
9.57	0.
9.575	0.
9.58	0.
9.584999999999999	0.
9.59	0.
9.594999999999999	0.
9.6	0.
9.605	0.
9.61	0.
9.615	0.
9.62	0.
9.625	0.
9.629999999999999	0.
9.635	0.
9.64	0.
9.645	0.
9.65	0.
9.655	0.
9.66	0.
9.665	0.
9.67	0.
9.674999999999999	0.
9.68	0.
9.684999999999999	0.
9.69	0.
9.695	0.
9.7	0.
9.705	0.
9.709999999999999	0.
9.715	0.
9.719999999999999	0.
9.725	0.
9.73	0.
9.735	0.
9.74	0.
9.745	0.
9.75	0.
9.754999999999999	0.
9.76	0.
9.765	0.
9.77	0.
9.774999999999999	0.
9.78	0.
9.785	0.
9.79	0.
9.795	0.
9.8	0.
9.805	0.
9.809999999999999	0.
9.815	0.
9.82	0.
9.825	0.
9.83	0.
9.834999999999999	0.
9.84	0.
9.844999999999999	0.
9.85	0.
9.855	0.
9.86	0.
9.865	0.
9.87	0.
9.875	0.
9.879999999999999	0.
9.885	0.
9.89	0.
9.895	0.
9.899999999999999	0.
9.905	0.
9.91	0.
9.915	0.
9.92	0.
9.925	0.
9.93	0.
9.934999999999999	0.
9.94	0.
9.945	0.
9.95	0.
9.955	0.
9.959999999999999	0.
9.965	0.
9.969999999999999	0.
9.975	0.
9.98	0.
9.985	0.
9.99	0.
9.995	0.
10.	0.
10.004999999999999	0.
10.01	0.
10.015	0.
10.02	0.
10.024999999999999	0.
10.03	0.
10.035	0.
10.04	0.
10.045	0.
10.05	0.
10.055	0.
10.059999999999999	0.
10.065	0.
10.07	0.
10.075	0.
10.08	0.
10.084999999999999	0.
10.09	0.
10.094999999999999	0.
10.1	0.
10.105	0.
10.11	0.
10.115	0.
10.12	0.
10.125	0.
10.129999999999999	0.
10.135	0.
10.14	0.
10.145	0.
10.149999999999999	0.
10.155	0.
10.16	0.
10.165	0.
10.17	0.
10.175	0.
10.18	0.
10.184999999999999	0.
10.19	0.
10.195	0.
10.2	0.
10.205	0.
10.209999999999999	0.
10.215	0.
10.219999999999999	0.
10.225	0.
10.23	0.
10.235	0.
10.24	0.
10.245000000000001	0.
10.250000000000002	0.
10.255	0.
10.260000000000002	0.
10.265	0.
10.270000000000001	0.
10.275	0.
10.280000000000001	0.
10.285	0.
10.290000000000001	0.
10.295000000000002	0.
10.3	0.
10.305000000000001	0.
10.31	0.
10.315000000000001	0.
10.32	0.
10.325000000000001	0.
10.330000000000002	0.
10.335	0.
10.340000000000002	0.
10.345	0.
10.350000000000001	0.
10.355	0.
10.360000000000001	0.
10.365	0.
10.370000000000001	0.
10.375000000000002	0.
10.38	0.
10.385000000000002	0.
10.39	0.
10.395000000000001	0.
10.4	0.
10.405000000000001	0.
10.41	0.
10.415000000000001	0.
10.420000000000002	0.
10.425	0.
10.430000000000001	0.
10.435	0.
10.440000000000001	0.
10.445	0.
10.450000000000001	0.
10.455000000000002	0.
10.46	0.
10.465000000000002	0.
10.47	0.
10.475000000000001	0.
10.48	0.
10.485000000000001	0.
10.49	0.
10.495000000000001	0.
10.500000000000002	0.
10.505	0.
10.510000000000002	0.
10.515	0.
10.520000000000001	0.
10.525	0.
10.530000000000001	0.
10.535	0.
10.540000000000001	0.
10.545000000000002	0.
10.55	0.
10.555000000000001	0.
10.56	0.
10.565000000000001	0.
10.57	0.
10.575000000000001	0.
10.580000000000002	0.
10.585	0.
10.590000000000002	0.
10.595	0.
10.600000000000001	0.
10.605	0.
10.610000000000001	0.
10.615	0.
10.620000000000001	0.
10.625000000000002	0.
10.63	0.
10.635000000000002	0.
10.64	0.
10.645000000000001	0.
10.65	0.
10.655000000000001	0.
10.66	0.
10.665000000000001	0.
10.670000000000002	0.
10.675	0.
10.680000000000001	0.
10.685	0.
10.690000000000001	0.
10.695	0.
10.700000000000001	0.
10.705000000000002	0.
10.71	0.
10.715000000000002	0.
10.72	0.
10.725000000000001	0.
10.73	0.
10.735000000000001	0.
10.74	0.
10.745000000000001	0.
10.750000000000002	0.
10.755	0.
10.760000000000002	0.
10.765	0.
10.770000000000001	0.
10.775	0.
10.780000000000001	0.
10.785	0.
10.790000000000001	0.
10.795000000000002	0.
10.8	0.
10.805000000000001	0.
10.81	0.
10.815000000000001	0.
10.82	0.
10.825000000000001	0.
10.830000000000002	0.
10.835	0.
10.840000000000002	0.
10.845	0.
10.850000000000001	0.
10.855	0.
10.860000000000001	0.
10.865	0.
10.870000000000001	0.
10.875000000000002	0.
10.88	0.
10.885000000000002	0.
10.89	0.
10.895000000000001	0.
10.9	0.
10.905000000000001	0.
10.91	0.
10.915000000000001	0.
10.920000000000002	0.
10.925	0.
10.930000000000001	0.
10.935	0.
10.940000000000001	0.
10.945	0.
10.950000000000001	0.
10.955000000000002	0.
10.96	0.
10.965000000000002	0.
10.97	0.
10.975000000000001	0.
10.98	0.
10.985000000000001	0.
10.99	0.
10.995000000000001	0.
11.000000000000002	0.
11.005	0.
11.010000000000002	0.
11.015	0.
11.020000000000001	0.
11.025	0.
11.030000000000001	0.
11.035	0.
11.040000000000001	0.
11.045000000000002	0.
11.05	0.
11.055000000000001	0.
11.06	0.
11.065000000000001	0.
11.07	0.
11.075000000000001	0.
11.080000000000002	0.
11.085	0.
11.090000000000002	0.
11.095	0.
11.100000000000001	0.
11.105	0.
11.110000000000001	0.
11.115	0.
11.120000000000001	0.
11.125000000000002	0.
11.13	0.
11.135000000000002	0.
11.14	0.
11.145000000000001	0.
11.15	0.
11.155000000000001	0.
11.16	0.
11.165000000000001	0.
11.170000000000002	0.
11.175	0.
11.180000000000001	0.
11.185	0.
11.190000000000001	0.
11.195	0.
11.200000000000001	0.
11.205000000000002	0.
11.21	0.
11.215000000000002	0.
11.22	0.
11.225000000000001	0.
11.23	0.
11.235000000000001	0.
11.24	0.
11.245000000000001	0.
11.250000000000002	0.
11.255	0.
11.260000000000002	0.
11.265	0.
11.270000000000001	0.
11.275	0.
11.280000000000001	0.
11.285	0.
11.290000000000001	0.
11.295000000000002	0.
11.3	0.
11.305000000000001	0.
11.31	0.
11.315000000000001	0.
11.32	0.
11.325000000000001	0.
11.330000000000002	0.
11.335	0.
11.340000000000002	0.
11.345	0.
11.350000000000001	0.
11.355	0.
11.360000000000001	0.
11.365000000000002	0.
11.370000000000001	0.
11.375000000000002	0.
11.38	0.
11.385000000000002	0.
11.39	0.
11.395000000000001	0.
11.4	0.
11.405000000000001	0.
11.41	0.
11.415000000000001	0.
11.420000000000002	0.
11.425	0.
11.430000000000001	0.
11.435	0.
11.440000000000001	0.
11.445	0.
11.450000000000001	0.
11.455000000000002	0.
11.46	0.
11.465000000000002	0.
11.47	0.
11.475000000000001	0.
11.48	0.
11.485000000000001	0.
11.490000000000002	0.
11.495000000000001	0.
11.500000000000002	0.
11.505	0.
11.510000000000002	0.
11.515	0.
11.520000000000001	0.
11.525	0.
11.530000000000001	0.
11.535	0.
11.540000000000001	0.
11.545000000000002	0.
11.55	0.
11.555000000000001	0.
11.56	0.
11.565000000000001	0.
11.57	0.
11.575000000000001	0.
11.580000000000002	0.
11.585	0.
11.590000000000002	0.
11.595	0.
11.600000000000001	0.
11.605	0.
11.610000000000001	0.
11.615000000000002	0.
11.620000000000001	0.
11.625000000000002	0.
11.63	0.
11.635000000000002	0.
11.64	0.
11.645000000000001	0.
11.65	0.
11.655000000000001	0.
11.66	0.
11.665000000000001	0.
11.670000000000002	0.
11.675	0.
11.680000000000001	0.
11.685	0.
11.690000000000001	0.
11.695	0.
11.700000000000001	0.
11.705000000000002	0.
11.71	0.
11.715000000000002	0.
11.72	0.
11.725000000000001	0.
11.73	0.
11.735000000000001	0.
11.740000000000002	0.
11.745000000000001	0.
11.750000000000002	0.
11.755	0.
11.760000000000002	0.
11.765	0.
11.770000000000001	0.
11.775	0.
11.780000000000001	0.
11.785	0.
11.790000000000001	0.
11.795000000000002	0.
11.8	0.
11.805000000000001	0.
11.81	0.
11.815000000000001	0.
11.82	0.
11.825000000000001	0.
11.830000000000002	0.
11.835	0.
11.840000000000002	0.
11.845	0.
11.850000000000001	0.
11.855	0.
11.860000000000001	0.
11.865000000000002	0.
11.870000000000001	0.
11.875000000000002	0.
11.88	0.
11.885000000000002	0.
11.89	0.
11.895000000000001	0.
11.9	0.
11.905000000000001	0.
11.91	0.
11.915000000000001	0.
11.920000000000002	0.
11.925	0.
11.930000000000001	0.
11.935	0.
11.940000000000001	0.
11.945	0.
11.950000000000001	0.
11.955000000000002	0.
11.96	0.
11.965000000000002	0.
11.97	0.
11.975000000000001	0.
11.98	0.
11.985000000000001	0.
11.990000000000002	0.
11.995000000000001	0.
12.000000000000002	0.
12.005	0.
12.010000000000002	0.
12.015	0.
12.020000000000001	0.
12.025	0.
12.030000000000001	0.
12.035	0.
12.040000000000001	0.
12.045000000000002	0.
12.05	0.
12.055000000000001	0.
12.06	0.
12.065000000000001	0.
12.07	0.
12.075000000000001	0.
12.080000000000002	0.
12.085	0.
12.090000000000002	0.
12.095	0.
12.100000000000001	0.
12.105	0.
12.110000000000001	0.
12.115000000000002	0.
12.120000000000001	0.
12.125000000000002	0.
12.13	0.
12.135000000000002	0.
12.14	0.
12.145000000000001	0.
12.15	0.
12.155000000000001	0.
12.16	0.
12.165000000000001	0.
12.170000000000002	0.
12.175	0.
12.180000000000001	0.
12.185	0.
12.190000000000001	0.
12.195	0.
12.200000000000001	0.
12.205000000000002	0.
12.21	0.
12.215000000000002	0.
12.22	0.
12.225000000000001	0.
12.23	0.
12.235000000000001	0.
12.240000000000002	0.
12.245000000000001	0.
12.25	0.
12.255	0.
12.260000000000002	0.
12.265	0.
12.270000000000001	0.
12.275000000000002	0.
12.280000000000001	0.
12.285	0.
12.290000000000001	0.
12.295000000000002	0.
12.3	0.
12.305000000000001	0.
12.31	0.
12.315000000000001	0.
12.32	0.
12.325000000000001	0.
12.330000000000002	0.
12.335	0.
12.340000000000002	0.
12.345	0.
12.350000000000001	0.
12.355	0.
12.360000000000001	0.
12.365000000000002	0.
12.370000000000001	0.
12.375	0.
12.38	0.
12.385000000000002	0.
12.39	0.
12.395000000000001	0.
12.400000000000002	0.
12.405000000000001	0.
12.41	0.
12.415000000000001	0.
12.420000000000002	0.
12.425	0.
12.430000000000001	0.
12.435	0.
12.440000000000001	0.
12.445	0.
12.450000000000001	0.
12.455000000000002	0.
12.46	0.
12.465000000000002	0.
12.47	0.
12.475000000000001	0.
12.48	0.
12.485000000000001	0.
12.490000000000002	0.
12.495000000000001	0.
12.5	0.
12.505	0.
12.510000000000002	0.
12.515	0.
12.520000000000001	0.
12.525000000000002	0.
12.530000000000001	0.
12.535	0.
12.540000000000001	0.
12.545000000000002	0.
12.55	0.
12.555000000000001	0.
12.56	0.
12.565000000000001	0.
12.57	0.
12.575000000000001	0.
12.580000000000002	0.
12.585	0.
12.590000000000002	0.
12.595	0.
12.600000000000001	0.
12.605	0.
12.610000000000001	0.
12.615000000000002	0.
12.620000000000001	0.
12.625	0.
12.63	0.
12.635000000000002	0.
12.64	0.
12.645000000000001	0.
12.650000000000002	0.
12.655000000000001	0.
12.66	0.
12.665000000000001	0.
12.670000000000002	0.
12.675	0.
12.680000000000001	0.
12.685	0.
12.690000000000001	0.
12.695	0.
12.700000000000001	0.
12.705000000000002	0.
12.71	0.
12.715000000000002	0.
12.72	0.
12.725000000000001	0.
12.73	0.
12.735000000000001	0.
12.740000000000002	0.
12.745000000000001	0.
12.75	0.
12.755	0.
12.760000000000002	0.
12.765	0.
12.770000000000001	0.
12.775000000000002	0.
12.780000000000001	0.
12.785	0.
12.790000000000001	0.
12.795000000000002	0.
12.8	0.
12.805000000000001	0.
12.810000000000002	0.
12.815000000000001	0.
12.820000000000002	0.
12.825000000000001	0.
12.830000000000002	0.
12.835	0.
12.840000000000002	0.
12.845	0.
12.850000000000001	0.
12.855000000000002	0.
12.860000000000001	0.
12.865000000000002	0.
12.870000000000001	0.
12.875000000000002	0.
12.88	0.
12.885000000000002	0.
12.890000000000002	0.
12.895000000000001	0.
12.900000000000002	0.
12.905000000000001	0.
12.910000000000002	0.
12.915000000000001	0.
12.920000000000002	0.
12.925	0.
12.930000000000001	0.
12.935000000000002	0.
12.940000000000001	0.
12.945000000000002	0.
12.950000000000001	0.
12.955000000000002	0.
12.96	0.
12.965000000000002	0.
12.97	0.
12.975000000000001	0.
12.980000000000002	0.
12.985000000000001	0.
12.990000000000002	0.
12.995000000000001	0.
13.000000000000002	0.
13.005	0.
13.010000000000002	0.
13.015000000000002	0.
13.020000000000001	0.
13.025000000000002	0.
13.030000000000001	0.
13.035000000000002	0.
13.040000000000001	0.
13.045000000000002	0.
13.05	0.
13.055000000000001	0.
13.060000000000002	0.
13.065000000000001	0.
13.070000000000002	0.
13.075000000000001	0.
13.080000000000002	0.
13.085	0.
13.090000000000002	0.
13.095	0.
13.100000000000001	0.
13.105000000000002	0.
13.110000000000001	0.
13.115000000000002	0.
13.120000000000001	0.
13.125000000000002	0.
13.13	0.
13.135000000000002	0.
13.140000000000002	0.
13.145000000000001	0.
13.150000000000002	0.
13.155000000000001	0.
13.160000000000002	0.
13.165000000000001	0.
13.170000000000002	0.
13.175	0.
13.180000000000001	0.
13.185000000000002	0.
13.190000000000001	0.
13.195000000000002	0.
13.200000000000001	0.
13.205000000000002	0.
13.21	0.
13.215000000000002	0.
13.220000000000002	0.
13.225000000000001	0.
13.230000000000002	0.
13.235000000000001	0.
13.240000000000002	0.
13.245000000000001	0.
13.250000000000002	0.
13.255	0.
13.260000000000002	0.
13.265000000000002	0.
13.270000000000001	0.
13.275000000000002	0.
13.280000000000001	0.
13.285000000000002	0.
13.290000000000001	0.
13.295000000000002	0.
13.3	0.
13.305000000000001	0.
13.310000000000002	0.
13.315000000000001	0.
13.320000000000002	0.
13.325000000000001	0.
13.330000000000002	0.
13.335	0.
13.340000000000002	0.
13.345000000000002	0.
13.350000000000001	0.
13.355000000000002	0.
13.360000000000001	0.
13.365000000000002	0.
13.370000000000001	0.
13.375000000000002	0.
13.38	0.
13.385000000000002	0.
13.39	0.
13.395000000000001	0.
13.400000000000002	0.
13.405000000000001	0.
13.410000000000002	0.
13.415000000000001	0.
13.420000000000002	0.
13.425	0.
13.430000000000001	0.
13.435000000000002	0.
13.440000000000001	0.
13.445000000000002	0.
13.450000000000001	0.
13.455000000000002	0.
13.46	0.
13.465000000000002	0.
13.470000000000002	0.
13.475000000000001	0.
13.480000000000002	0.
13.485000000000001	0.
13.490000000000002	0.
13.495000000000001	0.
13.500000000000002	0.
13.505	0.
13.510000000000002	0.
13.515	0.
13.520000000000001	0.
13.525000000000002	0.
13.530000000000001	0.
13.535000000000002	0.
13.540000000000001	0.
13.545000000000002	0.
13.55	0.
13.555000000000001	0.
13.560000000000002	0.
13.565000000000001	0.
13.570000000000002	0.
13.575000000000001	0.
13.580000000000002	0.
13.585	0.
13.590000000000002	0.
13.595000000000002	0.
13.600000000000001	0.
13.605000000000002	0.
13.610000000000001	0.
13.615000000000002	0.
13.620000000000001	0.
13.625000000000002	0.
13.63	0.
13.635000000000002	0.
13.64	0.
13.645000000000001	0.
13.650000000000002	0.
13.655000000000001	0.
13.660000000000002	0.
13.665000000000001	0.
13.670000000000002	0.
13.675	0.
13.680000000000001	0.
13.685000000000002	0.
13.690000000000001	0.
13.695000000000002	0.
13.700000000000001	0.
13.705000000000002	0.
13.71	0.
13.715000000000002	0.
13.720000000000002	0.
13.725000000000001	0.
13.730000000000002	0.
13.735000000000001	0.
13.740000000000002	0.
13.745000000000001	0.
13.750000000000002	0.
13.755	0.
13.760000000000002	0.
13.765	0.
13.770000000000001	0.
13.775000000000002	0.
13.780000000000001	0.
13.785000000000002	0.
13.790000000000001	0.
13.795000000000002	0.
13.8	0.
13.805000000000001	0.
13.810000000000002	0.
13.815000000000001	0.
13.820000000000002	0.
13.825000000000001	0.
13.830000000000002	0.
13.835	0.
13.840000000000002	0.
13.845000000000002	0.
13.850000000000001	0.
13.855000000000002	0.
13.860000000000001	0.
13.865000000000002	0.
13.870000000000001	0.
13.875000000000002	0.
13.88	0.
13.885000000000002	0.
13.89	0.
13.895000000000001	0.
13.900000000000002	0.
13.905000000000001	0.
13.910000000000002	0.
13.915000000000001	0.
13.920000000000002	0.
13.925	0.
13.930000000000001	0.
13.935000000000002	0.
13.940000000000001	0.
13.945000000000002	0.
13.950000000000001	0.
13.955000000000002	0.
13.96	0.
13.965000000000002	0.
13.970000000000002	0.
13.975000000000001	0.
13.980000000000002	0.
13.985000000000001	0.
13.990000000000002	0.
13.995000000000001	0.
14.	0.