0.005	0.
0.01	0.
0.015	0.
0.02	0.
0.025	0.
0.030000000000000002	0.
0.034999999999999996	0.
0.04	0.
0.045	0.
0.049999999999999996	0.
0.055	0.
0.06	0.
0.065	0.
0.07	0.
0.07500000000000001	0.
0.08	0.
0.085	0.
0.09000000000000001	0.
0.095	0.
0.1	0.
0.10500000000000001	0.
0.11	0.
0.115	0.
0.12000000000000001	0.
0.125	0.
0.13	0.
0.135	0.
0.14	0.
0.14500000000000002	0.
0.15	0.
0.155	0.
0.16	0.
0.165	0.
0.17	0.
0.17500000000000002	0.06334189929471146
0.18000000000000002	0.09648358209156531
0.185	0.11843122119019658
0.19	0.13502288908449123
0.195	0.14826955021626007
0.2	0.1591705217289915
0.20500000000000002	0.1683151234675244
0.21000000000000002	0.1760880003034648
0.215	0.18275766523986808
0.22	0.1885207194977535
0.225	0.19352631175750878
0.23	0.19789072969050334
0.23500000000000001	0.20170662765586753
0.24000000000000002	0.20504913934408597
0.245	0.20798008262788262
0.25	0.21055094387476742
0.255	0.21280505238382993
0.26	0.21477920054881008
0.265	0.21650487447179315
0.27	0.21800920442396376
0.275	0.2193157097342131
0.28	0.22044489013496238
0.28500000000000003	0.22141470061171842
0.29000000000000004	0.22224093661700423
0.295	0.22293754944498417
0.3	0.22351690657176393
0.305	0.2239900081820358
0.31	0.22436666848843892
0.315	0.22465566851896532
0.32	0.2248648856012797
0.325	0.22500140367846785
0.33	0.22507160775308718
0.335	0.22508126510921034
0.34	0.22503559545724128
0.34500000000000003	0.22493933175038505
0.35000000000000003	0.2247967731060576
0.35500000000000004	0.2246118310158002
0.36	0.22438806982451406
0.365	0.22412874229770233
0.37	0.22383682096170812
0.375	0.22351502579435506
0.38	0.2231658487531573
0.385	0.22279157555524254
0.39	0.22239430506107774
0.395	0.22197596656374566
0.4	0.22153833524184768
0.405	0.22108304599876466
0.41000000000000003	0.22061160588005335
0.41500000000000004	0.2201254052354992
0.42000000000000004	0.21962572776988706
0.425	0.2191137596083439
0.43	0.2185905974856826
0.435	0.2180572561560297
0.44	0.2175146751064141
0.445	0.21696372464858213
0.45	0.21640521145401292
0.455	0.21583988358960127
0.46	0.2152684351049154
0.465	0.21469151021582103
0.47000000000000003	0.21410970712485186
0.47500000000000003	0.21352358151330225
0.48000000000000004	0.21293364973719223
0.485	0.2123403917550915
0.49	0.2117442538130835
0.495	0.2111456509093829
0.5	0.21054496905905745
0.505	0.2099425673766886
0.51	0.2093387799936788
0.515	0.2087339178245465
0.52	0.20812827019574118
0.525	0.20752210634868465
0.53	0.2069156768280206
0.535	0.20630921476484645
0.54	0.20570293706345275
0.545	0.20509704550016197
0.55	0.20449172774090715
0.555	0.20388715828467327
0.56	0.20328349933849893
0.5650000000000001	0.20268090162970023
0.5700000000000001	0.20207950516018885
0.5750000000000001	0.20147943990741213
0.5800000000000001	0.20088082647636366
0.585	0.20028377670589745
0.59	0.19968839423345194
0.595	0.19909477502091957
0.6	0.1985030078447844
0.605	0.1979131747530459
0.61	0.19732535149164804
0.615	0.19673960790232578
0.62	0.19615600829415594
0.625	0.19557461179076963
0.63	0.1949954726547143
0.635	0.1944186405908506
0.64	0.19384416103016663
0.645	0.19327207539534783
0.65	0.19270242134936025
0.655	0.192135233028414
0.66	0.19157054126010173
0.665	0.19100837376786398
0.67	0.19044875536273012
0.675	0.18989170812324904
0.68	0.18933725156406284
0.685	0.18878540279440695
0.6900000000000001	0.18823617666663556
0.6950000000000001	0.18768958591603452
0.7000000000000001	0.18714564129174507
0.7050000000000001	0.1866043516802105
0.71	0.18606572422089512
0.715	0.1855297644152418
0.72	0.1849964762290212
0.725	0.18446586218877487
0.73	0.18393792347235013
0.735	0.18341265999419779
0.74	0.18289007048572675
0.745	0.18237015257079112
0.75	0.18185290283689884
0.755	0.18133831690223404
0.76	0.18082638947876745
0.765	0.18031711443176926
0.77	0.17981048483581474
0.775	0.17930649302759838
0.78	0.17880513065577214
0.785	0.1783063887277573
0.79	0.17781025765405062
0.795	0.17731672728993514
0.8	0.17682578697477067
0.805	0.1763374255690829
0.81	0.17585163148953037
0.8150000000000001	0.17536839274188795
0.8200000000000001	0.17488769695216935
0.8250000000000001	0.17440953139592924
0.8300000000000001	0.17393388302599508
0.8350000000000001	0.17346073849843854
0.84	0.17299008419731735
0.845	0.1725219062578733
0.85	0.17205619058837981
0.855	0.17159292289084416
0.86	0.17113208868043728
0.865	0.17067367330384126
0.87	0.17021766195672536
0.875	0.1697640396998372
0.88	0.16931279147455305
0.885	0.16886390211739274
0.89	0.16841735637349978
0.895	0.16797313890982704
0.9	0.16753123432696673
0.905	0.16709162717081436
0.91	0.16665430194314473
0.915	0.16621924311189343
0.92	0.16578643512058314
0.925	0.16535586239726524
0.93	0.1649275093632751
0.935	0.16450136044043998
0.9400000000000001	0.1640774000594497
0.9450000000000001	0.1636556126662009
0.9500000000000001	0.1632359827284295
0.9550000000000001	0.1628184947421801
0.9600000000000001	0.16240313323733857
0.965	0.16198988278322612
0.97	0.16157872799318376
0.975	0.16116965353023077
0.98	0.16076264411045396
0.985	0.16035768450812585
0.99	0.15995475955862254
0.995	0.1595538541630636
1.	0.1591549532906622
1.005	0.15875804198284973
1.01	0.15836310535505857
1.015	0.1579701285999029
1.02	0.1575790969910853
1.025	0.1571899958826134
1.0299999999999998	0.15680281071399169
1.035	0.15641752701079428
1.0399999999999998	0.1560341303859837
1.045	0.1556526065425219
1.0499999999999998	0.15527294127467967
1.055	0.1548951204691994
1.0599999999999998	0.1545191301062218
1.065	0.15414495626130265
1.0699999999999998	0.15377258510559633
1.075	0.15340200290720252
1.0799999999999998	0.15303319603174542
1.085	0.1526661509432972
1.0899999999999999	0.15230085420468437
1.095	0.1519372924783716
1.0999999999999999	0.15157545252667692
1.105	0.1512153212121366
1.1099999999999999	0.15085688549789888
1.115	0.15050013244789093
1.1199999999999999	0.15014504922701719
1.125	0.1497916231012427
1.13	0.14943984143761424
1.135	0.14908969170430436
1.14	0.1487411614704981
1.145	0.14839423840630833
1.15	0.1480489102827008
1.155	0.1477051649710359
1.16	0.14736299044319368
1.1649999999999998	0.14702237477105995
1.17	0.14668330612623717
1.1749999999999998	0.1463457727797987
1.18	0.14600976310186659
1.1849999999999998	0.14567526556115987
1.19	0.1453422687246726
1.1949999999999998	0.14501076125715212
1.2	0.14468073192057873
1.2049999999999998	0.14435216957378136
1.21	0.14402506317186115
1.2149999999999999	0.14369940176561852
1.22	0.14337517450105766
1.2249999999999999	0.14305237061877604
1.23	0.14273097945339216
1.2349999999999999	0.14241099043299751
1.24	0.1420923930783807
1.2449999999999999	0.14177517700264947
1.25	0.14145933191030471
1.255	0.14114484759689347
1.26	0.14083171394813285
1.265	0.14051992093936808
1.27	0.1402094586347886
1.275	0.13990031718693918
1.28	0.13959248683579584
1.285	0.13928595790831697
1.2899999999999998	0.13898072081758645
1.295	0.13867676606220933
1.2999999999999998	0.13837408422555666
1.305	0.13807266597510634
1.3099999999999998	0.13777250206171898
1.315	0.13747358331895446
1.3199999999999998	0.13717590066229562
1.325	0.13687944508857539
1.3299999999999998	0.13658420767518786
1.335	0.13629017957931228
1.3399999999999999	0.13599735203735613
1.345	0.13570571636416434
1.3499999999999999	0.1354152639523103
1.355	0.1351259862714531
1.3599999999999999	0.13483787486754198
1.365	0.13455092136219834
1.3699999999999999	0.13426511745202102
1.375	0.1339804549077802
1.38	0.13369692557392351
1.385	0.1334145213677027
1.39	0.1331332342785594
1.395	0.13285305636747707
1.4	0.13257397976625854
1.405	0.13229599667686495
1.41	0.1320190993706927
1.4149999999999998	0.131743280188037
1.42	0.13146853153731042
1.4249999999999998	0.13119484589441346
1.43	0.13092221580208355
1.4349999999999998	0.1306506338692738
1.44	0.13038009277048218
1.4449999999999998	0.13011058524508
1.45	0.1298421040967169
1.4549999999999998	0.12957464219267764
1.46	0.12930819246330674
1.4649999999999999	0.12904274790126033
1.47	0.12877830156099848
1.4749999999999999	0.1285148465581145
1.48	0.1282523760688003
1.4849999999999999	0.1279908833291381
1.49	0.1277303616346045
1.4949999999999999	0.12747080433938163
1.5	0.12721220485587825
1.505	0.12695455665404243
1.51	0.12669785326087668
1.515	0.12644208825976488
1.52	0.12618725529002262
1.525	0.12593334804621034
1.53	0.12568036027772064
1.535	0.1254282857880809
1.54	0.12517711843449003
1.545	0.12492685212730974
1.5499999999999998	0.12467748082940487
1.555	0.12442899855574319
1.5599999999999998	0.12418139937279593
1.565	0.12393467739804838
1.5699999999999998	0.12368882679943324
1.575	0.12344384179493777
1.5799999999999998	0.12319971665192918
1.585	0.12295644568681878
1.5899999999999999	0.12271402326446466
1.595	0.12247244379769731
1.5999999999999999	0.12223170174687191
1.605	0.12199179161934436
1.6099999999999999	0.12175270796904493
1.615	0.12151444539593532
1.6199999999999999	0.12127699854561533
1.625	0.1210403621088221
1.63	0.12080453082100095
1.635	0.12056949946180513
1.64	0.12033526285469077
1.645	0.12010181586647967
1.65	0.11986915340690951
1.655	0.11963727042816419
1.66	0.1194061619245107
1.665	0.1191758229318291
1.67	0.11894624852721232
1.6749999999999998	0.1187174338285544
1.68	0.11848937399411522
1.6849999999999998	0.11826206422214525
1.69	0.11803549975046061
1.6949999999999998	0.11780967585607402
1.7	0.1175845878547666
1.7049999999999998	0.11736023110070355
1.71	0.11713660098611316
1.7149999999999999	0.11691369294077902
1.72	0.116691502431791
1.7249999999999999	0.11647002496310695
1.73	0.11624925607518526
1.7349999999999999	0.1160291913446594
1.74	0.1158098263839282
1.7449999999999999	0.115591156840828
1.75	0.11537317839826215
1.755	0.11515588677390351
1.76	0.11493927771975256
1.765	0.11472334702189603
1.77	0.11450809050011837
1.775	0.11429350400755543
1.78	0.1140795834304078
1.785	0.1138663246875802
1.79	0.11365372373035443
1.795	0.11344177654211343
1.7999999999999998	0.11323047913796282
1.805	0.11301982756450384
1.8099999999999998	0.11280981789940468
1.815	0.11260044625120076
1.8199999999999998	0.11239170875894838
1.825	0.1121836015919384
1.8299999999999998	0.11197612094934827
1.835	0.11176926306005597
1.8399999999999999	0.11156302418223815
1.845	0.11135740060314896
1.8499999999999999	0.11115238863883017
1.855	0.11094798463379214
1.8599999999999999	0.11074418496081337
1.865	0.11054098602057312
1.8699999999999999	0.11033838424144146
1.875	0.11013637607920733
1.88	0.10993495801678245
1.885	0.10973412656398068
1.89	0.10953387825721039
1.895	0.10933420965926256
1.9	0.10913511735905218
1.905	0.10893659797130396
1.91	0.10873864813638785
1.915	0.10854126452004025
1.92	0.1083444438131105
1.9249999999999998	0.10814818273131264
1.93	0.10795247801506315
1.9349999999999998	0.10775732642909476
1.94	0.10756272476240068
1.9449999999999998	0.1073686698278553
1.95	0.10717515846210447
1.9549999999999998	0.10698218752526853
1.96	0.10678975390071285
1.9649999999999999	0.1065978544948758
1.97	0.10640648623702302
1.9749999999999999	0.10621564607902836
1.98	0.1060253309952085
1.9849999999999999	0.10583553798199652
1.99	0.10564626405788036
1.9949999999999999	0.10545750626309087
2.	0.10526926165941769
2.005	0.10508152733006815
2.01	0.10489430037937277
2.015	0.10470757793264557
2.02	0.10452135713599509
2.025	0.10433563515611327
2.03	0.10415040918003808
2.035	0.10396567641507452
2.04	0.1037814340885069
2.045	0.10359767944743868
2.05	0.10341440975864417
2.0549999999999997	0.10323162230834537
2.06	0.10304931440205849
2.065	0.10286748336439538
2.07	0.10268612653892088
2.0749999999999997	0.10250524128792132
2.08	0.10232482499230408
2.085	0.10214487505136088
2.09	0.10196538888264679
2.0949999999999998	0.10178636392180022
2.1	0.1016077976223392
2.105	0.10142968745559525
2.11	0.10125203091043092
2.1149999999999998	0.10107482549314077
2.12	0.1008980687273365
2.125	0.10072175815369408
2.13	0.10054589132987823
2.135	0.10037046583034955
2.14	0.10019547924620424
2.145	0.10002092918508503
2.15	0.09984681327095621
2.155	0.09967312914399874
2.16	0.09949987446045
2.165	0.0993270468924757
2.17	0.09915464412801908
2.175	0.0989826638706422
2.18	0.09881110383941358
2.185	0.09863996176876524
2.19	0.0984692354083313
2.195	0.09829892252283519
2.1999999999999997	0.09812902089196406
2.205	0.09795952831019931
2.21	0.09779044258672216
2.215	0.09762176154527909
2.2199999999999998	0.09745348302403023
2.225	0.09728560487542914
2.23	0.09711812496612994
2.235	0.09695104117680779
2.2399999999999998	0.09678435140207409
2.245	0.0966180535503407
2.25	0.09645214554372131
2.255	0.09628662531786528
2.26	0.09612149082186285
2.265	0.09595674001815294
2.27	0.09579237088237737
2.275	0.09562838140327226
2.28	0.09546476958252742
2.285	0.09530153343475535
2.29	0.09513867098727383
2.295	0.09497618028006384
2.3	0.09481405936564356
2.305	0.09465230630897443
2.31	0.09449091918730279
2.315	0.09432989609011626
2.32	0.0941692351189901
2.3249999999999997	0.0940089343875293
2.33	0.09384899202122655
2.335	0.09368940615734488
2.34	0.09353017494490502
2.3449999999999998	0.09337129654446957
2.35	0.09321276912812398
2.355	0.09305459087935564
2.36	0.09289675999293724
2.3649999999999998	0.09273927467487587
2.37	0.09258213314225369
2.375	0.09242533362319824
2.38	0.09226887435673299
2.385	0.09211275359274594
2.39	0.0919569695918157
2.395	0.0918015206251986
2.4	0.09164640497472004
2.405	0.09149162093263152
2.41	0.09133716680160722
2.415	0.09118304089458035
2.42	0.09102924153469381
2.425	0.09087576705523429
2.43	0.09072261579948898
2.435	0.09056978612070789
2.44	0.09041727638201191
2.445	0.09026508495630324
2.4499999999999997	0.09011321022618236
2.455	0.08996165058386449
2.46	0.08981040443112262
2.465	0.0896594701791693
2.4699999999999998	0.08950884624861168
2.475	0.08935853106935016
2.48	0.08920852308052533
2.485	0.08905882073040064
2.4899999999999998	0.08890942247636098
2.495	0.08876032678471898
2.5	0.08861153213078168
2.505	0.08846303699865998
2.51	0.08831483988124261
2.515	0.08816693928015003
2.52	0.0880193337056039
2.525	0.08787202167641034
2.53	0.087725001719843
2.535	0.08757827237161392
2.54	0.08743183217577237
2.545	0.08728567968465571
2.55	0.08713981345881265
2.555	0.08699423206693832
2.56	0.08684893408581372
2.565	0.08670391810021245
2.57	0.08655918270288838
2.5749999999999997	0.08641472649444602
2.58	0.08627054808332617
2.585	0.08612664608571159
2.59	0.08598301912549149
2.5949999999999998	0.08583966583417167
2.6	0.08569658485080943
2.605	0.08555377482200216
2.61	0.08541123440176582
2.6149999999999998	0.0852689622514997
2.62	0.08512695703991909
2.625	0.08498521744302344
2.63	0.08484374214398924
2.635	0.08470252983316551
2.64	0.0845615792079571
2.645	0.08442088897282864
2.65	0.08428045783920528
2.655	0.0841402845254101
2.66	0.08400036775666302
2.665	0.08386070626495702
2.67	0.08372129878903949
2.675	0.08358214407436448
2.68	0.08344324087303116
2.685	0.08330458794368925
2.69	0.08316618405157332
2.695	0.08302802796835874
2.7	0.08289011847217254
2.705	0.08275245434749696
2.71	0.0826150343851643
2.715	0.08247785738226288
2.7199999999999998	0.08234092214210924
2.725	0.08220422747420235
2.73	0.08206777219415307
2.735	0.08193155512365533
2.7399999999999998	0.08179557509042257
2.745	0.08165983092814365
2.75	0.0815243214764397
2.755	0.0813890455808207
2.76	0.08125400209261407
2.765	0.08111918986894562
2.77	0.08098460777267712
2.775	0.08085025467237014
2.78	0.08071612944222153
2.785	0.08058223096204983
2.79	0.08044855811721512
2.795	0.0803151097985934
2.8	0.08018188490253057
2.8049999999999997	0.08004888233080847
2.81	0.07991610099056651
2.815	0.07978353979430731
2.82	0.07965119765980336
2.825	0.07951907351010144
2.83	0.07938716627343774
2.835	0.07925547488323353
2.84	0.07912399827802497
2.8449999999999998	0.07899273540144015
2.85	0.07886168520213946
2.855	0.07873084663379874
2.86	0.0786002186550533
2.8649999999999998	0.07846980022945518
2.87	0.07833959032544349
2.875	0.07820958791630023
2.88	0.07807979198011794
2.885	0.0779502014997393
2.89	0.07782081546274583
2.895	0.07769163286140073
2.9	0.07756265269263224
2.905	0.07743387395795848
2.91	0.07730529566348392
2.915	0.07717691681985578
2.92	0.07704873644221903
2.925	0.07692075355018474
2.9299999999999997	0.07679296716778747
2.935	0.07666537632345403
2.94	0.07653798004996938
2.945	0.07641077738444745
2.95	0.0762837673682772
2.955	0.07615694904709744
2.96	0.07603032147077206
2.965	0.07590388369334006
2.9699999999999998	0.07577763477297715
2.975	0.07565157377200486
2.98	0.07552569975677854
2.985	0.07540001179772789
2.9899999999999998	0.07527450896929762
2.995	0.07514919034989516
3.	0.07502405502188042
3.005	0.07489910207152968
3.01	0.07477433058899403
3.015	0.07464973966827694
3.02	0.07452532840720472
3.025	0.07440109590737339
3.03	0.07427704127414585
3.035	0.07415316361660199
3.04	0.0740294620475114
3.045	0.07390593568330002
3.05	0.07378258364402912
3.0549999999999997	0.07365940505336274
3.06	0.07353639903852043
3.065	0.07341356473026538
3.07	0.07329090126286879
3.075	0.07316840777408713
3.08	0.07304608340511055
3.085	0.07292392730056195
3.09	0.07280193860844345
3.0949999999999998	0.07268011648012804
3.1	0.07255846007031723
3.105	0.07243696853701233
3.11	0.07231564104149181
3.115	0.07219447674828125
3.12	0.07207347482512656
3.125	0.07195263444295993
3.13	0.07183195477587885
3.135	0.07171143500111296
3.14	0.07159107429900066
3.145	0.07147087185296817
3.15	0.07135082684948058
3.155	0.07123093847803846
3.16	0.07111120593113869
3.165	0.0709916284042514
3.17	0.07087220509578941
3.175	0.0707529352070917
3.1799999999999997	0.07063381794238198
3.185	0.07051485250875539
3.19	0.07039603811614892
3.195	0.07027737397731308
3.2	0.07015885930778781
3.205	0.07004049332587245
3.21	0.06992227525261198
3.215	0.06980420431176844
3.2199999999999998	0.06968627972977276
3.225	0.06956850073574133
3.23	0.06945086656141534
3.235	0.06933337644114437
3.24	0.06921602961188786
3.245	0.06909882531314795
3.25	0.06898176278697213
3.255	0.06886484127792848
3.26	0.06874806003307009
3.265	0.0686314183019222
3.27	0.068514915336447
3.275	0.06839855039103376
3.28	0.06828232272245843
3.285	0.06816623158987295
3.29	0.0680502762547785
3.295	0.06793445598100002
3.3	0.06781877003466305
3.3049999999999997	0.06770321768416991
3.31	0.06758779820018479
3.315	0.06747251085559693
3.32	0.06735735492550718
3.325	0.0672423296872043
3.33	0.06712743442013136
3.335	0.06701266840589017
3.34	0.06689803092818161
3.3449999999999998	0.06678352127281552
3.35	0.06666913872766751
3.355	0.06655488258267486
3.36	0.0664407521297856
3.365	0.0663267466629748
3.37	0.06621286547818564
3.375	0.06609910787333396
3.38	0.06598547314827227
3.385	0.0658719606047701
3.39	0.06575856954649735
3.395	0.06564529927900258
3.4	0.06553214910967835
3.405	0.0654191183477555
3.41	0.06530620630427916
3.415	0.06519341229207005
3.42	0.06508073562573137
3.425	0.0649681756216063
3.4299999999999997	0.06485573159776127
3.435	0.06474340287396683
3.44	0.0646311887716828
3.445	0.06451908861402549
3.45	0.0644071017257516
3.455	0.06429522743323286
3.46	0.06418346506445365
3.465	0.06407181394895757
3.4699999999999998	0.06396027341785895
3.475	0.06384884280380532
3.48	0.06373752144095435
3.485	0.06362630866496093
3.49	0.06351520381295904
3.495	0.06340420622352758
3.5	0.06329331523667953
3.505	0.06318253019384491
3.51	0.06307185043783801
3.515	0.06296127531285307
3.52	0.062850804164422
3.525	0.06274043633941989
3.53	0.06263017118602394
3.535	0.06252000805369794
3.54	0.06240994629317842
3.545	0.06229998525645219
3.55	0.062190124296727156
3.5549999999999997	0.06208036276842799
3.56	0.06197070002715107
3.565	0.06186113542968112
3.5700000000000003	0.06175166833393092
3.575	0.06164229809894481
3.58	0.06153302408488004
3.585	0.06142384565296932
3.59	0.061314762165520384
3.5949999999999998	0.06120577298587583
3.5999999999999996	0.06109687747841181
3.605	0.060988075008503166
3.61	0.06087936494251767
3.615	0.06077074664777686
3.62	0.060662219492549636
3.625	0.06055378284603232
3.63	0.06044543607831643
3.635	0.060337178560389955
3.6399999999999997	0.06022900966408662
3.645	0.06012092876209426
3.65	0.06001293522792294
3.6550000000000002	0.059905028435877174
3.66	0.05979720776104245
3.665	0.05968947257927906
3.67	0.05958182226716807
3.675	0.059474256202026385
3.6799999999999997	0.0593667737618603
3.685	0.059259374325360804
3.69	0.0591520572718761
3.6950000000000003	0.05904482198138961
3.7	0.058937667834506206
3.705	0.058830594212426514
3.71	0.05872360049692434
3.715	0.05861668607033242
3.7199999999999998	0.058509850315511154
3.7249999999999996	0.05840309261584555
3.73	0.05829641235520503
3.735	0.058189808917936854
3.74	0.05808328168882646
3.745	0.05797683005311309
3.75	0.05787045339641883
3.755	0.05776415110477344
3.76	0.05765792256456113
3.7649999999999997	0.05755176716251657
3.77	0.05744568428569498
3.775	0.057339673321462406
3.7800000000000002	0.05723373365746046
3.785	0.05712786468158778
3.79	0.05702206578198488
3.795	0.05691633634701324
3.8	0.05681067576521268
3.8049999999999997	0.05670508342532394
3.81	0.05659955871620574
3.815	0.05649410102687538
3.8200000000000003	0.0563887097464416
3.825	0.056283384264101254
3.83	0.05617812396910422
3.835	0.05607292825076352
3.84	0.055967796498389316
3.8449999999999998	0.05586272810129218
3.8499999999999996	0.0557577224487588
3.855	0.05565277893002741
3.86	0.05554789693425632
3.865	0.05544307585051122
3.87	0.05533831506774384
3.875	0.055233613974748325
3.88	0.0551289719601751
3.885	0.055024388412466624
3.8899999999999997	0.05491986271985689
3.895	0.054815394270356074
3.9	0.05471098245169449
3.9050000000000002	0.054606626651334256
3.91	0.054502326256422484
3.915	0.05439808065376513
3.92	0.05429388922983488
3.925	0.05418975137069669
3.9299999999999997	0.05408566646202623
3.935	0.05398163388905886
3.94	0.0538776530365784
3.9450000000000003	0.053773723288888214
3.95	0.05366984402978285
3.955	0.05356601464252095
3.96	0.05346223450980805
3.965	0.053358503013772235
3.9699999999999998	0.05325481953591702
3.9749999999999996	0.053151183457120145
3.98	0.05304759415759645
3.985	0.05294405101686676
3.99	0.052840553413742226
3.995	0.052737100726291196
4.	0.05263369233180168
4.005	0.0525303276067799
4.01	0.052427005926885664
4.015	0.052323726666963714
4.02	0.05222048920093245
4.025	0.05211729290183848
4.03	0.05201413714176116
4.035	0.05191102129183616
4.04	0.05180794472220034
4.045	0.05170490680194915
4.05	0.05160190689914297
4.055	0.051498944380755356
4.0600000000000005	0.05139601861264209
4.0649999999999995	0.05129312895950385
4.07	0.05119027478490454
4.075	0.051087455451159905
4.08	0.050984670319363795
4.085	0.050881918749375504
4.09	0.05077920009969237
4.095	0.050676513727534074
4.1	0.0505738589887462
4.105	0.05047123523775555
4.109999999999999	0.05036864182758512
4.115	0.05026607810979034
4.12	0.050163543434421566
4.125	0.05006103715002025
4.13	0.04995855860355058
4.135	0.04985610714037563
4.14	0.04975368210423717
4.145	0.04965128283721606
4.15	0.049548908679669504
4.155	0.04944655897023951
4.16	0.04934423304577446
4.165	0.04924193024132409
4.17	0.0491396498900859
4.175	0.04903739132336369
4.18	0.04893515387055304
4.1850000000000005	0.04883293685907124
4.1899999999999995	0.048730739614350475
4.195	0.0486285614597888
4.2	0.04852640171666921
4.205	0.04842425970420013
4.21	0.0483221347394045
4.215	0.04822002613711518
4.22	0.04811793320990916
4.225	0.048015855268112174
4.23	0.04791379161968683
4.234999999999999	0.04781174157024556
4.24	0.047709704423009675
4.245	0.04760767947870354
4.25	0.047505666035574
4.255	0.047403663389336444
4.26	0.04730167083308329
4.265	0.04719968765730663
4.27	0.04709771314979586
4.275	0.04699574659561571
4.28	0.046893787277052186
4.285	0.04679183447356256
4.29	0.04668988746175185
4.295	0.04658794551527094
4.3	0.04648600790480536
4.305	0.04638407389803785
4.3100000000000005	0.046282142759561204
4.3149999999999995	0.046180213750811314
4.32	0.04607828613009562
4.325	0.04597635915245536
4.33	0.045874432069650625
4.335	0.04577250413009317
4.34	0.045670574578799104
4.345	0.045568642657336074
4.35	0.045466707603749955
4.355	0.045364768652523535
4.359999999999999	0.04526282503449289
4.365	0.045160875976828566
4.37	0.04505892070293465
4.375	0.04495695843242831
4.38	0.04485498838101839
4.385	0.04475300976050025
4.39	0.044651021778681556
4.395	0.04454902363927069
4.4	0.04444701454187764
4.405	0.04434499368190773
4.41	0.044242960250488086
4.415	0.04414091343442844
4.42	0.04403885241613567
4.425	0.043936776373534804
4.43	0.043834684480006415
4.4350000000000005	0.04373257590432031
4.4399999999999995	0.04363044981055153
4.445	0.04352830535799904
4.45	0.04342614170113858
4.455	0.04332395798951269
4.46	0.04322175336766715
4.465	0.04311952697505695
4.47	0.04301727794600502
4.475	0.04291500540957338
4.48	0.0428127084894988
4.484999999999999	0.04271038630411049
4.49	0.04260803796625054
4.495	0.04250566258315847
4.5	0.04240325925642205
4.505	0.04230082708184699
4.51	0.042198365149396934
4.515	0.042095872543077076
4.52	0.0419933483408625
4.525	0.041890791614575505
4.53	0.04178820142980286
4.535	0.041685576845795304
4.54	0.041582916915376404
4.545	0.04148022068480616
4.55	0.04137748719369609
4.555	0.041274715474946204
4.5600000000000005	0.041171904554540506
4.5649999999999995	0.041069053451520406
4.57	0.040966161177841895
4.575	0.04086322673825503
4.58	0.040760249130197865
4.585	0.04065722734368563
4.59	0.040554160361158116
4.595000000000001	0.04045104715739323
4.6	0.040347886699399926
4.605	0.04024467794620106
4.609999999999999	0.04014141984880046
4.615	0.040038111350032074
4.62	0.039934751384349404
4.625	0.03983133887782055
4.63	0.03972787274788742
4.635	0.0396243519032323
4.640000000000001	0.039520775243706945
4.645	0.03941714166009555
4.65	0.03931345003403951
4.654999999999999	0.039209699237837396
4.66	0.039105888134284714
4.665	0.039002015576593385
4.67	0.03889808040813076
4.675	0.03879408146229743
4.68	0.0386900175624014
4.6850000000000005	0.03858588752142102
4.6899999999999995	0.03848169014185363
4.695	0.03837742421558681
4.7	0.038273088523636915
4.705	0.038168681836013164
4.71	0.038064202911542847
4.715	0.037959650497637824
4.720000000000001	0.03785502333013433
4.725	0.037750320133084866
4.73	0.037645539618526375
4.734999999999999	0.037540680486330025
4.74	0.037435741423941654
4.745	0.03733072110619095
4.75	0.0372256181950636
4.755	0.037120431339480425
4.76	0.037015159175041536
4.765000000000001	0.036909800323837776
4.77	0.036804353394197964
4.775	0.03669881698042718
4.779999999999999	0.036593189662553365
4.785	0.036487470006091906
4.79	0.03638165656179945
4.795	0.03627574786537157
4.8	0.036169742437190164
4.805	0.03606363878205651
4.8100000000000005	0.03595743538888302
4.8149999999999995	0.03585113073043579
4.82	0.03574472326300831
4.825	0.0356382114261248
4.83	0.03553159364225536
4.835	0.035424868316469085
4.84	0.03531803383612683
4.845000000000001	0.03521108857054652
4.85	0.03510403087067831
4.855	0.03499685906872997
4.859999999999999	0.03488957147784603
4.865	0.034782166391707364
4.87	0.03467464208418736
4.875	0.03456699680899309
4.88	0.03445922879922071
4.885	0.034351336266996074
4.890000000000001	0.03424331740307809
4.895	0.03413517037638953
4.9	0.03402689333366992
4.904999999999999	0.03391848439896113
4.91	0.033809941673200346
4.915	0.03370126323374266
4.92	0.033592447133935874
4.925	0.03348349140255546
4.93	0.033374394043417015
4.9350000000000005	0.03326515303475148
4.9399999999999995	0.03315576632878735
4.945	0.033046231851183445
4.95	0.03293654750044955
4.955	0.03282671114743268
4.96	0.03271672063473242
4.965	0.03260657377609983
4.970000000000001	0.03249626835582691
4.975	0.032385802128176246
4.98	0.032275172816650176
4.984999999999999	0.03216437811345123
4.99	0.032053415678702506
4.995	0.031942283139849606
5.	0.03183097809090796
5.005	0.03171949809172375
5.01	0.031607840667231636
5.015000000000001	0.0314960033067397
5.02	0.031383983463073764
5.025	0.031271778551804436
5.029999999999999	0.031159385950387888
5.035	0.031046802997327174
5.04	0.030934026991299227
5.045	0.030821055190215427
5.05	0.03070788481031091
5.055	0.030594513025195825
5.0600000000000005	0.03048093696482627
5.0649999999999995	0.03036715371452686
5.07	0.030253160313939438
5.075	0.0301389537559121
5.08	0.03002453098541495
5.085	0.029909888898396596
5.09	0.029795024340593095
5.095000000000001	0.029679934106306084
5.1	0.029564614937181998
5.105	0.029449063520887726
5.109999999999999	0.029333276489780388
5.115	0.02921725041955867
5.12	0.02910098182780453
5.125	0.02898446717257224
5.13	0.02886770285083024
5.135	0.0287506851969185
5.14	0.028633410480953213
5.145	0.028515874907138295
5.15	0.02839807461208461
5.155	0.028280005662989643
5.16	0.028161664055821514
5.165	0.02804304571344267
5.17	0.02792414648361304
5.175	0.0278049621369977
5.18	0.027685488365037137
5.185	0.027565720777782833
5.19	0.027445654901657453
5.195	0.02732528617712588
5.2	0.027204609956279463
5.205	0.027083621500312564
5.21	0.026962315976986683
5.215	0.026840688457911245
5.22	0.026718733915759768
5.225	0.02659644722139009
5.23	0.026473823140860133
5.235	0.02635085633230603
5.24	0.0262275413427139
5.245	0.026103872604589486
5.25	0.025979844432452843
5.255	0.025855451019238807
5.26	0.0257306864325305
5.265	0.025605544610662705
5.27	0.025480019358627225
5.275	0.025354104343876308
5.28	0.02522779309190257
5.285	0.025101078981654278
5.29	0.024973955240757285
5.295	0.02484641494054172
5.3	0.024718450990862683
5.305	0.024590056134670572
5.31	0.024461222942399143
5.315	0.02433194380601647
5.32	0.024202210932948637
5.325	0.024072016339611438
5.33	0.02394135184469271
5.335	0.02381020906216562
5.34	0.02367857939392825
5.345	0.023546454022127714
5.35	0.02341382390113479
5.355	0.023280679749093525
5.36	0.02314701203914359
5.365	0.0230128109901431
5.37	0.022878066556975732
5.375	0.02274276842037702
5.38	0.022606905976250882
5.385	0.02247046832443291
5.39	0.02233344425691533
5.395	0.0221958222454132
5.4	0.022057590428334568
5.405	0.02191873659702068
5.41	0.021779248181274025
5.415	0.021639112234100696
5.42	0.021498315415603087
5.425	0.02135684397600047
5.43	0.021214683737689265
5.435	0.021071820076270772
5.44	0.020928237900511036
5.445	0.0207839216311141
5.45	0.020638855178257403
5.455	0.02049302191776667
5.46	0.02034640466586338
5.465	0.020198985652348758
5.47	0.020050746492129203
5.475	0.019901668154927523
5.48	0.01975173093307682
5.485	0.019600914407194976
5.49	0.01944919740962297
5.495	0.019296557985404576
5.5	0.019142973350611065
5.505	0.018988419847814703
5.51	0.01883287289841535
5.515	0.01867630695161409
5.52	0.018518695429668827
5.525	0.01836001066915069
5.53	0.018200223857815657
5.535	0.01803930496667766
5.54	0.01787722267684637
5.545	0.017713944300632244
5.55	0.017549435696328917
5.555	0.017383661176073636
5.56	0.01721658340609556
5.565	0.01704816329850989
5.57	0.016878359893850888
5.575	0.016707130233280187
5.58	0.016534429219391963
5.585	0.016360209464309605
5.59	0.016184421123681375
5.595	0.016007011714865033
5.6	0.01582792591748105
5.605	0.01564710535419721
5.61	0.01546448834926118
5.615	0.015280009661987176
5.62	0.015093600191968195
5.625	0.014905186652172924
5.63	0.014714691205702783
5.635	0.01452203106094657
5.64	0.014327118019370389
5.645	0.014129857968832357
5.65	0.013930150314254661
5.655	0.013727887335950704
5.66	0.013522953463970278
5.665	0.013315224454685755
5.67	0.013104566453080176
5.675	0.012890834920600277
5.68	0.01267387340435782
5.6850000000000005	0.01245351211810482
5.69	0.012229566298287559
5.695	0.01200183429029979
5.7	0.01177009530879154
5.705	0.011534106801270686
5.71	0.011293601325911678
5.715	0.011048282829280453
5.72	0.01079782217703148
5.725	0.010541851745471328
5.73	0.010279958821266219
5.735	0.010011677471719167
5.74	0.009736478428837054
5.745	0.009453756360191039
5.75	0.009162813650861183
5.755	0.00886283945233584
5.76	0.008552882191477955
5.765	0.008231812858627377
5.77	0.007898274987485682
5.775	0.0075506149099524725
5.78	0.007186781856972542
5.785	0.006804180257496549
5.79	0.006399442906814923
5.795	0.0059680660694462736
5.8	0.0055037874097003045
5.805	0.004997443037978601
5.8100000000000005	0.004434644693627735
5.815	0.003790324999035235
5.82	0.0030126209406287486
5.825	0.0019478232801063576
5.83	0.
5.835	0.
5.84	0.
5.845	0.
5.85	0.
5.855	0.
5.86	0.
5.865	0.
5.87	0.
5.875	0.
5.88	0.
5.885	0.
5.89	0.
5.895	0.
5.9	0.
5.905	0.
5.91	0.
5.915	0.
5.92	0.
5.925	0.
5.93	0.
5.9350000000000005	0.
5.94	0.
5.945	0.
5.95	0.
5.955	0.
5.96	0.
5.965	0.
5.97	0.
5.975	0.
5.98	0.
5.985	0.
5.99	0.
5.995	0.
6.	0.
6.005	0.
6.01	0.
6.015	0.
6.02	0.
6.025	0.
6.03	0.
6.035	0.
6.04	0.
6.045	0.
6.05	0.
6.055	0.
6.0600000000000005	0.
6.065	0.
6.07	0.
6.075	0.
6.08	0.
6.085	0.
6.09	0.
6.095	0.
6.1	0.
6.105	0.
6.11	0.
6.115	0.
6.12	0.
6.125	0.
6.13	0.
6.135	0.
6.140000000000001	0.
6.145	0.
6.15	0.
6.155	0.
6.16	0.
6.165	0.
6.17	0.
6.175	0.
6.18	0.
6.1850000000000005	0.
6.1899999999999995	0.
6.195	0.
6.2	0.
6.205	0.
6.21	0.
6.215	0.
6.22	0.
6.225	0.
6.23	0.
6.235	0.
6.24	0.
6.245	0.
6.25	0.
6.255	0.
6.26	0.
6.265000000000001	0.
6.27	0.
6.275	0.
6.28	0.
6.285	0.
6.29	0.
6.295	0.
6.3	0.
6.305	0.
6.3100000000000005	0.
6.3149999999999995	0.
6.32	0.
6.325	0.
6.33	0.
6.335	0.
6.34	0.
6.345	0.
6.35	0.
6.355	0.
6.36	0.
6.365	0.
6.37	0.
6.375	0.
6.38	0.
6.385	0.
6.390000000000001	0.
6.395	0.
6.4	0.
6.405	0.
6.41	0.
6.415	0.
6.42	0.
6.425	0.
6.43	0.
6.4350000000000005	0.
6.4399999999999995	0.
6.445	0.
6.45	0.
6.455	0.
6.46	0.
6.465	0.
6.47	0.
6.475	0.
6.48	0.
6.485	0.
6.49	0.
6.495	0.
6.5	0.
6.505	0.
6.51	0.
6.515000000000001	0.
6.52	0.
6.525	0.
6.53	0.
6.535	0.
6.54	0.
6.545	0.
6.55	0.
6.555	0.
6.5600000000000005	0.
6.5649999999999995	0.
6.57	0.
6.575	0.
6.58	0.
6.585	0.
6.59	0.
6.595	0.
6.6	0.
6.605	0.
6.61	0.
6.615	0.
6.62	0.
6.625	0.
6.63	0.
6.635	0.
6.640000000000001	0.
6.645	0.
6.65	0.
6.655	0.
6.66	0.
6.665	0.
6.67	0.
6.675	0.
6.68	0.
6.6850000000000005	0.
6.6899999999999995	0.
6.695	0.
6.7	0.
6.705	0.
6.71	0.
6.715	0.
6.72	0.
6.725	0.
6.73	0.
6.735	0.
6.74	0.
6.745	0.
6.75	0.
6.755	0.
6.76	0.
6.765000000000001	0.
6.77	0.
6.775	0.
6.78	0.
6.785	0.
6.79	0.
6.795	0.
6.8	0.
6.805	0.
6.8100000000000005	0.
6.8149999999999995	0.
6.82	0.
6.825	0.
6.83	0.
6.835	0.
6.84	0.
6.845	0.
6.85	0.
6.855	0.
6.86	0.
6.865	0.
6.87	0.
6.875	0.
6.88	0.
6.885	0.
6.890000000000001	0.
6.895	0.
6.9	0.
6.905	0.
6.91	0.
6.915	0.
6.92	0.
6.925	0.
6.93	0.
6.9350000000000005	0.
6.9399999999999995	0.
6.945	0.
6.95	0.
6.955	0.
6.96	0.
6.965	0.
6.97	0.
6.975	0.
6.98	0.
6.985	0.
6.99	0.
6.995	0.
7.	0.
7.005	0.
7.01	0.
7.015000000000001	0.
7.02	0.
7.025	0.
7.03	0.
7.035	0.
7.04	0.
7.045	0.
7.05	0.
7.055	0.
7.0600000000000005	0.
7.0649999999999995	0.
7.07	0.
7.075	0.
7.08	0.
7.085	0.
7.09	0.
7.095	0.
7.1	0.
7.105	0.
7.11	0.
7.115	0.
7.12	0.
7.125	0.
7.13	0.
7.135	0.
7.140000000000001	0.
7.145	0.
7.15	0.
7.155	0.
7.16	0.
7.165	0.
7.17	0.
7.175	0.
7.18	0.
7.1850000000000005	0.
7.1899999999999995	0.
7.195	0.
7.2	0.
7.205	0.
7.21	0.
7.215	0.
7.220000000000001	0.
7.225	0.
7.23	0.
7.234999999999999	0.
7.24	0.
7.245	0.
7.25	0.
7.255	0.
7.26	0.
7.265000000000001	0.
7.27	0.
7.275	0.
7.28	0.
7.285	0.
7.29	0.
7.295	0.
7.300000000000001	0.
7.305	0.
7.3100000000000005	0.
7.3149999999999995	0.
7.32	0.
7.325	0.
7.33	0.
7.335	0.
7.34	0.
7.345000000000001	0.
7.35	0.
7.355	0.
7.359999999999999	0.
7.365	0.
7.37	0.
7.375	0.
7.38	0.
7.385	0.
7.390000000000001	0.
7.395	0.
7.4	0.
7.405	0.
7.41	0.
7.415	0.
7.42	0.
7.425000000000001	0.
7.43	0.
7.4350000000000005	0.
7.4399999999999995	0.
7.445	0.
7.45	0.
7.455	0.
7.46	0.
7.465	0.
7.470000000000001	0.
7.475	0.
7.48	0.
7.484999999999999	0.
7.49	0.
7.495	0.
7.5	0.
7.505	0.
7.51	0.
7.515000000000001	0.
7.52	0.
7.525	0.
7.53	0.
7.535	0.
7.54	0.
7.545	0.
7.550000000000001	0.
7.555	0.
7.5600000000000005	0.
7.5649999999999995	0.
7.57	0.
7.575	0.
7.58	0.
7.585	0.
7.59	0.
7.595000000000001	0.
7.6	0.
7.605	0.
7.609999999999999	0.
7.615	0.
7.62	0.
7.625	0.
7.63	0.
7.635	0.
7.640000000000001	0.
7.645	0.
7.65	0.
7.655	0.
7.66	0.
7.665	0.
7.67	0.
7.675000000000001	0.
7.68	0.
7.685	0.
7.6899999999999995	0.
7.694999999999999	0.
7.699999999999999	0.
7.704999999999999	0.
7.71	0.
7.715	0.
7.72	0.
7.725	0.
7.7299999999999995	0.
7.734999999999999	0.
7.739999999999999	0.
7.744999999999999	0.
7.75	0.
7.755	0.
7.76	0.
7.765	0.
7.77	0.
7.7749999999999995	0.
7.779999999999999	0.
7.784999999999999	0.
7.79	0.
7.795	0.
7.8	0.
7.805	0.
7.81	0.
7.8149999999999995	0.
7.819999999999999	0.
7.824999999999999	0.
7.829999999999999	0.
7.835	0.
7.84	0.
7.845	0.
7.85	0.
7.8549999999999995	0.
7.859999999999999	0.
7.864999999999999	0.
7.869999999999999	0.
7.875	0.
7.88	0.
7.885	0.
7.89	0.
7.895	0.
7.8999999999999995	0.
7.904999999999999	0.
7.909999999999999	0.
7.915	0.
7.92	0.
7.925	0.
7.93	0.
7.935	0.
7.9399999999999995	0.
7.944999999999999	0.
7.949999999999999	0.
7.955	0.
7.96	0.
7.965	0.
7.97	0.
7.975	0.
7.9799999999999995	0.
7.984999999999999	0.
7.989999999999999	0.
7.994999999999999	0.
8.	0.
8.004999999999999	0.
8.01	0.
8.014999999999999	0.
8.02	0.
8.025	0.
8.03	0.
8.035	0.
8.04	0.
8.045	0.
8.049999999999999	0.
8.055	0.
8.059999999999999	0.
8.065	0.
8.07	0.
8.075	0.
8.08	0.
8.084999999999999	0.
8.09	0.
8.094999999999999	0.
8.1	0.
8.105	0.
8.11	0.
8.115	0.
8.12	0.
8.125	0.
8.129999999999999	0.
8.135	0.
8.139999999999999	0.
8.145	0.
8.15	0.
8.155	0.
8.16	0.
8.165	0.
8.17	0.
8.174999999999999	0.
8.18	0.
8.184999999999999	0.
8.19	0.
8.195	0.
8.2	0.
8.205	0.
8.209999999999999	0.
8.215	0.
8.219999999999999	0.
8.225	0.
8.23	0.
8.235	0.
8.24	0.
8.245	0.
8.25	0.
8.254999999999999	0.
8.26	0.
8.264999999999999	0.
8.27	0.
8.275	0.
8.28	0.
8.285	0.
8.29	0.
8.295	0.
8.299999999999999	0.
8.305	0.
8.309999999999999	0.
8.315	0.
8.32	0.
8.325	0.
8.33	0.
8.334999999999999	0.
8.34	0.
8.344999999999999	0.
8.35	0.
8.355	0.
8.36	0.
8.365	0.
8.37	0.
8.375	0.
8.379999999999999	0.
8.385	0.
8.389999999999999	0.
8.395	0.
8.4	0.
8.405	0.
8.41	0.
8.415	0.
8.42	0.
8.424999999999999	0.
8.43	0.
8.434999999999999	0.
8.44	0.
8.445	0.
8.45	0.
8.455	0.
8.459999999999999	0.
8.465	0.
8.469999999999999	0.
8.475	0.
8.48	0.
8.485	0.
8.49	0.
8.495	0.
8.5	0.
8.504999999999999	0.
8.51	0.
8.515	0.
8.52	0.
8.525	0.
8.53	0.
8.535	0.
8.54	0.
8.545	0.
8.549999999999999	0.
8.555	0.
8.559999999999999	0.
8.565	0.
8.57	0.
8.575	0.
8.58	0.
8.584999999999999	0.
8.59	0.
8.594999999999999	0.
8.6	0.
8.605	0.
8.61	0.
8.615	0.
8.62	0.
8.625	0.
8.629999999999999	0.
8.635	0.
8.64	0.
8.645	0.
8.65	0.
8.655	0.
8.66	0.
8.665	0.
8.67	0.
8.674999999999999	0.
8.68	0.
8.684999999999999	0.
8.69	0.
8.695	0.
8.7	0.
8.705	0.
8.709999999999999	0.
8.715	0.
8.719999999999999	0.
8.725	0.
8.73	0.
8.735	0.
8.74	0.
8.745	0.
8.75	0.
8.754999999999999	0.
8.76	0.
8.765	0.
8.77	0.
8.775	0.
8.78	0.
8.785	0.
8.79	0.
8.795	0.
8.799999999999999	0.
8.805	0.
8.809999999999999	0.
8.815	0.
8.82	0.
8.825	0.
8.83	0.
8.834999999999999	0.
8.84	0.
8.844999999999999	0.
8.85	0.
8.855	0.
8.86	0.
8.865	0.
8.87	0.
8.875	0.
8.879999999999999	0.
8.885	0.
8.89	0.
8.895	0.
8.9	0.
8.905	0.
8.91	0.
8.915	0.
8.92	0.
8.924999999999999	0.
8.93	0.
8.934999999999999	0.
8.94	0.
8.945	0.
8.95	0.
8.955	0.
8.959999999999999	0.
8.965	0.
8.969999999999999	0.
8.975	0.
8.98	0.
8.985	0.
8.99	0.
8.995	0.
9.	0.
9.004999999999999	0.
9.01	0.
9.015	0.
9.02	0.
9.025	0.
9.03	0.
9.035	0.
9.04	0.
9.045	0.
9.049999999999999	0.
9.055	0.
9.059999999999999	0.
9.065	0.
9.07	0.
9.075	0.
9.08	0.
9.084999999999999	0.
9.09	0.
9.094999999999999	0.
9.1	0.
9.105	0.
9.11	0.
9.115	0.
9.12	0.
9.125	0.
9.129999999999999	0.
9.135	0.
9.14	0.
9.145	0.
9.15	0.
9.155	0.
9.16	0.
9.165	0.
9.17	0.
9.174999999999999	0.
9.18	0.
9.184999999999999	0.
9.19	0.
9.195	0.
9.2	0.
9.205	0.
9.209999999999999	0.
9.215	0.
9.219999999999999	0.
9.225	0.
9.23	0.
9.235	0.
9.24	0.
9.245	0.
9.25	0.
9.254999999999999	0.
9.26	0.
9.265	0.
9.27	0.
9.275	0.
9.28	0.
9.285	0.
9.29	0.
9.295	0.
9.299999999999999	0.
9.305	0.
9.309999999999999	0.
9.315	0.
9.32	0.
9.325	0.
9.33	0.
9.334999999999999	0.
9.34	0.
9.344999999999999	0.
9.35	0.
9.355	0.
9.36	0.
9.365	0.
9.37	0.
9.375	0.
9.379999999999999	0.
9.385	0.
9.39	0.
9.395	0.
9.4	0.
9.405	0.
9.41	0.
9.415	0.
9.42	0.
9.424999999999999	0.
9.43	0.
9.434999999999999	0.
9.44	0.
9.445	0.
9.45	0.
9.455	0.
9.459999999999999	0.
9.465	0.
9.469999999999999	0.
9.475	0.
9.48	0.
9.485	0.
9.49	0.
9.495	0.
9.5	0.
9.504999999999999	0.
9.51	0.
9.515	0.
9.52	0.
9.525	0.
9.53	0.
9.535	0.
9.54	0.
9.545	0.
9.549999999999999	0.
9.555	0.
9.559999999999999	0.
9.565	0.
9.57	0.
9.575	0.
9.58	0.
9.584999999999999	0.
9.59	0.
9.594999999999999	0.
9.6	0.
9.605	0.
9.61	0.
9.615	0.
9.62	0.
9.625	0.
9.629999999999999	0.
9.635	0.
9.64	0.
9.645	0.
9.65	0.
9.655	0.
9.66	0.
9.665	0.
9.67	0.
9.674999999999999	0.
9.68	0.
9.684999999999999	0.
9.69	0.
9.695	0.
9.7	0.
9.705	0.
9.709999999999999	0.
9.715	0.
9.719999999999999	0.
9.725	0.
9.73	0.
9.735	0.
9.74	0.
9.745	0.
9.75	0.
9.754999999999999	0.
9.76	0.
9.765	0.
9.77	0.
9.774999999999999	0.
9.78	0.
9.785	0.
9.79	0.
9.795	0.
9.8	0.
9.805	0.
9.809999999999999	0.
9.815	0.
9.82	0.
9.825	0.
9.83	0.
9.834999999999999	0.
9.84	0.
9.844999999999999	0.
9.85	0.
9.855	0.
9.86	0.
9.865	0.
9.87	0.
9.875	0.
9.879999999999999	0.
9.885	0.
9.89	0.
9.895	0.
9.899999999999999	0.
9.905	0.
9.91	0.
9.915	0.
9.92	0.
9.925	0.
9.93	0.
9.934999999999999	0.
9.94	0.
9.945	0.
9.95	0.
9.955	0.
9.959999999999999	0.
9.965	0.
9.969999999999999	0.
9.975	0.
9.98	0.
9.985	0.
9.99	0.
9.995	0.
10.	0.
10.004999999999999	0.
10.01	0.
10.015	0.
10.02	0.
10.024999999999999	0.
10.03	0.
10.035	0.
10.04	0.
10.045	0.
10.05	0.
10.055	0.
10.059999999999999	0.
10.065	0.
10.07	0.
10.075	0.
10.08	0.
10.084999999999999	0.
10.09	0.
10.094999999999999	0.
10.1	0.
10.105	0.
10.11	0.
10.115	0.
10.12	0.
10.125	0.
10.129999999999999	0.
10.135	0.
10.14	0.
10.145	0.
10.149999999999999	0.
10.155	0.
10.16	0.
10.165	0.
10.17	0.
10.175	0.
10.18	0.
10.184999999999999	0.
10.19	0.
10.195	0.
10.2	0.
10.205	0.
10.209999999999999	0.
10.215	0.
10.219999999999999	0.
10.225	0.
10.23	0.
10.235	0.
10.24	0.
10.245000000000001	0.
10.250000000000002	0.
10.255	0.
10.260000000000002	0.
10.265	0.
10.270000000000001	0.
10.275	0.
10.280000000000001	0.
10.285	0.
10.290000000000001	0.
10.295000000000002	0.
10.3	0.
10.305000000000001	0.
10.31	0.
10.315000000000001	0.
10.32	0.
10.325000000000001	0.
10.330000000000002	0.
10.335	0.
10.340000000000002	0.
10.345	0.
10.350000000000001	0.
10.355	0.
10.360000000000001	0.
10.365	0.
10.370000000000001	0.
10.375000000000002	0.
10.38	0.
10.385000000000002	0.
10.39	0.
10.395000000000001	0.
10.4	0.
10.405000000000001	0.
10.41	0.
10.415000000000001	0.
10.420000000000002	0.
10.425	0.
10.430000000000001	0.
10.435	0.
10.440000000000001	0.
10.445	0.
10.450000000000001	0.
10.455000000000002	0.
10.46	0.
10.465000000000002	0.
10.47	0.
10.475000000000001	0.
10.48	0.
10.485000000000001	0.
10.49	0.
10.495000000000001	0.
10.500000000000002	0.
10.505	0.
10.510000000000002	0.
10.515	0.
10.520000000000001	0.
10.525	0.
10.530000000000001	0.
10.535	0.
10.540000000000001	0.
10.545000000000002	0.
10.55	0.
10.555000000000001	0.
10.56	0.
10.565000000000001	0.
10.57	0.
10.575000000000001	0.
10.580000000000002	0.
10.585	0.
10.590000000000002	0.
10.595	0.
10.600000000000001	0.
10.605	0.
10.610000000000001	0.
10.615	0.
10.620000000000001	0.
10.625000000000002	0.
10.63	0.
10.635000000000002	0.
10.64	0.
10.645000000000001	0.
10.65	0.
10.655000000000001	0.
10.66	0.
10.665000000000001	0.
10.670000000000002	0.
10.675	0.
10.680000000000001	0.
10.685	0.
10.690000000000001	0.
10.695	0.
10.700000000000001	0.
10.705000000000002	0.
10.71	0.
10.715000000000002	0.
10.72	0.
10.725000000000001	0.
10.73	0.
10.735000000000001	0.
10.74	0.
10.745000000000001	0.
10.750000000000002	0.
10.755	0.
10.760000000000002	0.
10.765	0.
10.770000000000001	0.
10.775	0.
10.780000000000001	0.
10.785	0.
10.790000000000001	0.
10.795000000000002	0.
10.8	0.
10.805000000000001	0.
10.81	0.
10.815000000000001	0.
10.82	0.
10.825000000000001	0.
10.830000000000002	0.
10.835	0.
10.840000000000002	0.
10.845	0.
10.850000000000001	0.
10.855	0.
10.860000000000001	0.
10.865	0.
10.870000000000001	0.
10.875000000000002	0.
10.88	0.
10.885000000000002	0.
10.89	0.
10.895000000000001	0.
10.9	0.
10.905000000000001	0.
10.91	0.
10.915000000000001	0.
10.920000000000002	0.
10.925	0.
10.930000000000001	0.
10.935	0.
10.940000000000001	0.
10.945	0.
10.950000000000001	0.
10.955000000000002	0.
10.96	0.
10.965000000000002	0.
10.97	0.
10.975000000000001	0.
10.98	0.
10.985000000000001	0.
10.99	0.
10.995000000000001	0.
11.000000000000002	0.
11.005	0.
11.010000000000002	0.
11.015	0.
11.020000000000001	0.
11.025	0.
11.030000000000001	0.
11.035	0.
11.040000000000001	0.
11.045000000000002	0.
11.05	0.
11.055000000000001	0.
11.06	0.
11.065000000000001	0.
11.07	0.
11.075000000000001	0.
11.080000000000002	0.
11.085	0.
11.090000000000002	0.
11.095	0.
11.100000000000001	0.
11.105	0.
11.110000000000001	0.
11.115	0.
11.120000000000001	0.
11.125000000000002	0.
11.13	0.
11.135000000000002	0.
11.14	0.
11.145000000000001	0.
11.15	0.
11.155000000000001	0.
11.16	0.
11.165000000000001	0.
11.170000000000002	0.
11.175	0.
11.180000000000001	0.
11.185	0.
11.190000000000001	0.
11.195	0.
11.200000000000001	0.
11.205000000000002	0.
11.21	0.
11.215000000000002	0.
11.22	0.
11.225000000000001	0.
11.23	0.
11.235000000000001	0.
11.24	0.
11.245000000000001	0.
11.250000000000002	0.
11.255	0.
11.260000000000002	0.
11.265	0.
11.270000000000001	0.
11.275	0.
11.280000000000001	0.
11.285	0.
11.290000000000001	0.
11.295000000000002	0.
11.3	0.
11.305000000000001	0.
11.31	0.
11.315000000000001	0.
11.32	0.
11.325000000000001	0.
11.330000000000002	0.
11.335	0.
11.340000000000002	0.
11.345	0.
11.350000000000001	0.
11.355	0.
11.360000000000001	0.
11.365000000000002	0.
11.370000000000001	0.
11.375000000000002	0.
11.38	0.
11.385000000000002	0.
11.39	0.
11.395000000000001	0.
11.4	0.
11.405000000000001	0.
11.41	0.
11.415000000000001	0.
11.420000000000002	0.
11.425	0.
11.430000000000001	0.
11.435	0.
11.440000000000001	0.
11.445	0.
11.450000000000001	0.
11.455000000000002	0.
11.46	0.
11.465000000000002	0.
11.47	0.
11.475000000000001	0.
11.48	0.
11.485000000000001	0.
11.490000000000002	0.
11.495000000000001	0.
11.500000000000002	0.
11.505	0.
11.510000000000002	0.
11.515	0.
11.520000000000001	0.
11.525	0.
11.530000000000001	0.
11.535	0.
11.540000000000001	0.
11.545000000000002	0.
11.55	0.
11.555000000000001	0.
11.56	0.
11.565000000000001	0.
11.57	0.
11.575000000000001	0.
11.580000000000002	0.
11.585	0.
11.590000000000002	0.
11.595	0.
11.600000000000001	0.
11.605	0.
11.610000000000001	0.
11.615000000000002	0.
11.620000000000001	0.
11.625000000000002	0.
11.63	0.
11.635000000000002	0.
11.64	0.
11.645000000000001	0.
11.65	0.
11.655000000000001	0.
11.66	0.
11.665000000000001	0.
11.670000000000002	0.
11.675	0.
11.680000000000001	0.
11.685	0.
11.690000000000001	0.
11.695	0.
11.700000000000001	0.
11.705000000000002	0.
11.71	0.
11.715000000000002	0.
11.72	0.
11.725000000000001	0.
11.73	0.
11.735000000000001	0.
11.740000000000002	0.
11.745000000000001	0.
11.750000000000002	0.
11.755	0.
11.760000000000002	0.
11.765	0.
11.770000000000001	0.
11.775	0.
11.780000000000001	0.
11.785	0.
11.790000000000001	0.
11.795000000000002	0.
11.8	0.
11.805000000000001	0.
11.81	0.
11.815000000000001	0.
11.82	0.
11.825000000000001	0.
11.830000000000002	0.
11.835	0.
11.840000000000002	0.
11.845	0.
11.850000000000001	0.
11.855	0.
11.860000000000001	0.
11.865000000000002	0.
11.870000000000001	0.
11.875000000000002	0.
11.88	0.
11.885000000000002	0.
11.89	0.
11.895000000000001	0.
11.9	0.
11.905000000000001	0.
11.91	0.
11.915000000000001	0.
11.920000000000002	0.
11.925	0.
11.930000000000001	0.
11.935	0.
11.940000000000001	0.
11.945	0.
11.950000000000001	0.
11.955000000000002	0.
11.96	0.
11.965000000000002	0.
11.97	0.
11.975000000000001	0.
11.98	0.
11.985000000000001	0.
11.990000000000002	0.
11.995000000000001	0.
12.000000000000002	0.
12.005	0.
12.010000000000002	0.
12.015	0.
12.020000000000001	0.
12.025	0.
12.030000000000001	0.
12.035	0.
12.040000000000001	0.
12.045000000000002	0.
12.05	0.
12.055000000000001	0.
12.06	0.
12.065000000000001	0.
12.07	0.
12.075000000000001	0.
12.080000000000002	0.
12.085	0.
12.090000000000002	0.
12.095	0.
12.100000000000001	0.
12.105	0.
12.110000000000001	0.
12.115000000000002	0.
12.120000000000001	0.
12.125000000000002	0.
12.13	0.
12.135000000000002	0.
12.14	0.
12.145000000000001	0.
12.15	0.
12.155000000000001	0.
12.16	0.
12.165000000000001	0.
12.170000000000002	0.
12.175	0.
12.180000000000001	0.
12.185	0.
12.190000000000001	0.
12.195	0.
12.200000000000001	0.
12.205000000000002	0.
12.21	0.
12.215000000000002	0.
12.22	0.
12.225000000000001	0.
12.23	0.
12.235000000000001	0.
12.240000000000002	0.
12.245000000000001	0.
12.25	0.
12.255	0.
12.260000000000002	0.
12.265	0.
12.270000000000001	0.
12.275000000000002	0.
12.280000000000001	0.
12.285	0.
12.290000000000001	0.
12.295000000000002	0.
12.3	0.
12.305000000000001	0.
12.31	0.
12.315000000000001	0.
12.32	0.
12.325000000000001	0.
12.330000000000002	0.
12.335	0.
12.340000000000002	0.
12.345	0.
12.350000000000001	0.
12.355	0.
12.360000000000001	0.
12.365000000000002	0.
12.370000000000001	0.
12.375	0.
12.38	0.
12.385000000000002	0.
12.39	0.
12.395000000000001	0.
12.400000000000002	0.
12.405000000000001	0.
12.41	0.
12.415000000000001	0.
12.420000000000002	0.
12.425	0.
12.430000000000001	0.
12.435	0.
12.440000000000001	0.
12.445	0.
12.450000000000001	0.
12.455000000000002	0.
12.46	0.
12.465000000000002	0.
12.47	0.
12.475000000000001	0.
12.48	0.
12.485000000000001	0.
12.490000000000002	0.
12.495000000000001	0.
12.5	0.
12.505	0.
12.510000000000002	0.
12.515	0.
12.520000000000001	0.
12.525000000000002	0.
12.530000000000001	0.
12.535	0.
12.540000000000001	0.
12.545000000000002	0.
12.55	0.
12.555000000000001	0.
12.56	0.
12.565000000000001	0.
12.57	0.
12.575000000000001	0.
12.580000000000002	0.
12.585	0.
12.590000000000002	0.
12.595	0.
12.600000000000001	0.
12.605	0.
12.610000000000001	0.
12.615000000000002	0.
12.620000000000001	0.
12.625	0.
12.63	0.
12.635000000000002	0.
12.64	0.
12.645000000000001	0.
12.650000000000002	0.
12.655000000000001	0.
12.66	0.
12.665000000000001	0.
12.670000000000002	0.
12.675	0.
12.680000000000001	0.
12.685	0.
12.690000000000001	0.
12.695	0.
12.700000000000001	0.
12.705000000000002	0.
12.71	0.
12.715000000000002	0.
12.72	0.
12.725000000000001	0.
12.73	0.
12.735000000000001	0.
12.740000000000002	0.
12.745000000000001	0.
12.75	0.
12.755	0.
12.760000000000002	0.
12.765	0.
12.770000000000001	0.
12.775000000000002	0.
12.780000000000001	0.
12.785	0.
12.790000000000001	0.
12.795000000000002	0.
12.8	0.
12.805000000000001	0.
12.810000000000002	0.
12.815000000000001	0.
12.820000000000002	0.
12.825000000000001	0.
12.830000000000002	0.
12.835	0.
12.840000000000002	0.
12.845	0.
12.850000000000001	0.
12.855000000000002	0.
12.860000000000001	0.
12.865000000000002	0.
12.870000000000001	0.
12.875000000000002	0.
12.88	0.
12.885000000000002	0.
12.890000000000002	0.
12.895000000000001	0.
12.900000000000002	0.
12.905000000000001	0.
12.910000000000002	0.
12.915000000000001	0.
12.920000000000002	0.
12.925	0.
12.930000000000001	0.
12.935000000000002	0.
12.940000000000001	0.
12.945000000000002	0.
12.950000000000001	0.
12.955000000000002	0.
12.96	0.
12.965000000000002	0.
12.97	0.
12.975000000000001	0.
12.980000000000002	0.
12.985000000000001	0.
12.990000000000002	0.
12.995000000000001	0.
13.000000000000002	0.
13.005	0.
13.010000000000002	0.
13.015000000000002	0.
13.020000000000001	0.
13.025000000000002	0.
13.030000000000001	0.
13.035000000000002	0.
13.040000000000001	0.
13.045000000000002	0.
13.05	0.
13.055000000000001	0.
13.060000000000002	0.
13.065000000000001	0.
13.070000000000002	0.
13.075000000000001	0.
13.080000000000002	0.
13.085	0.
13.090000000000002	0.
13.095	0.
13.100000000000001	0.
13.105000000000002	0.
13.110000000000001	0.
13.115000000000002	0.
13.120000000000001	0.
13.125000000000002	0.
13.13	0.
13.135000000000002	0.
13.140000000000002	0.
13.145000000000001	0.
13.150000000000002	0.
13.155000000000001	0.
13.160000000000002	0.
13.165000000000001	0.
13.170000000000002	0.
13.175	0.
13.180000000000001	0.
13.185000000000002	0.
13.190000000000001	0.
13.195000000000002	0.
13.200000000000001	0.
13.205000000000002	0.
13.21	0.
13.215000000000002	0.
13.220000000000002	0.
13.225000000000001	0.
13.230000000000002	0.
13.235000000000001	0.
13.240000000000002	0.
13.245000000000001	0.
13.250000000000002	0.
13.255	0.
13.260000000000002	0.
13.265000000000002	0.
13.270000000000001	0.
13.275000000000002	0.
13.280000000000001	0.
13.285000000000002	0.
13.290000000000001	0.
13.295000000000002	0.
13.3	0.
13.305000000000001	0.
13.310000000000002	0.
13.315000000000001	0.
13.320000000000002	0.
13.325000000000001	0.
13.330000000000002	0.
13.335	0.
13.340000000000002	0.
13.345000000000002	0.
13.350000000000001	0.
13.355000000000002	0.
13.360000000000001	0.
13.365000000000002	0.
13.370000000000001	0.
13.375000000000002	0.
13.38	0.
13.385000000000002	0.
13.39	0.
13.395000000000001	0.
13.400000000000002	0.
13.405000000000001	0.
13.410000000000002	0.
13.415000000000001	0.
13.420000000000002	0.
13.425	0.
13.430000000000001	0.
13.435000000000002	0.
13.440000000000001	0.
13.445000000000002	0.
13.450000000000001	0.
13.455000000000002	0.
13.46	0.
13.465000000000002	0.
13.470000000000002	0.
13.475000000000001	0.
13.480000000000002	0.
13.485000000000001	0.
13.490000000000002	0.
13.495000000000001	0.
13.500000000000002	0.
13.505	0.
13.510000000000002	0.
13.515	0.
13.520000000000001	0.
13.525000000000002	0.
13.530000000000001	0.
13.535000000000002	0.
13.540000000000001	0.
13.545000000000002	0.
13.55	0.
13.555000000000001	0.
13.560000000000002	0.
13.565000000000001	0.
13.570000000000002	0.
13.575000000000001	0.
13.580000000000002	0.
13.585	0.
13.590000000000002	0.
13.595000000000002	0.
13.600000000000001	0.
13.605000000000002	0.
13.610000000000001	0.
13.615000000000002	0.
13.620000000000001	0.
13.625000000000002	0.
13.63	0.
13.635000000000002	0.
13.64	0.
13.645000000000001	0.
13.650000000000002	0.
13.655000000000001	0.
13.660000000000002	0.
13.665000000000001	0.
13.670000000000002	0.
13.675	0.
13.680000000000001	0.
13.685000000000002	0.
13.690000000000001	0.
13.695000000000002	0.
13.700000000000001	0.
13.705000000000002	0.
13.71	0.
13.715000000000002	0.
13.720000000000002	0.
13.725000000000001	0.
13.730000000000002	0.
13.735000000000001	0.
13.740000000000002	0.
13.745000000000001	0.
13.750000000000002	0.
13.755	0.
13.760000000000002	0.
13.765	0.
13.770000000000001	0.
13.775000000000002	0.
13.780000000000001	0.
13.785000000000002	0.
13.790000000000001	0.
13.795000000000002	0.
13.8	0.
13.805000000000001	0.
13.810000000000002	0.
13.815000000000001	0.
13.820000000000002	0.
13.825000000000001	0.
13.830000000000002	0.
13.835	0.
13.840000000000002	0.
13.845000000000002	0.
13.850000000000001	0.
13.855000000000002	0.
13.860000000000001	0.
13.865000000000002	0.
13.870000000000001	0.
13.875000000000002	0.
13.88	0.
13.885000000000002	0.
13.89	0.
13.895000000000001	0.
13.900000000000002	0.
13.905000000000001	0.
13.910000000000002	0.
13.915000000000001	0.
13.920000000000002	0.
13.925	0.
13.930000000000001	0.
13.935000000000002	0.
13.940000000000001	0.
13.945000000000002	0.
13.950000000000001	0.
13.955000000000002	0.
13.96	0.
13.965000000000002	0.
13.970000000000002	0.
13.975000000000001	0.
13.980000000000002	0.
13.985000000000001	0.
13.990000000000002	0.
13.995000000000001	0.
14.	0.