0.005	0.
0.01	0.
0.015	0.
0.02	0.
0.025	0.
0.030000000000000002	0.
0.034999999999999996	0.
0.04	0.
0.045	0.
0.049999999999999996	0.
0.055	0.
0.06	0.
0.065	0.
0.07	0.
0.07500000000000001	0.
0.08	0.
0.085	0.
0.09000000000000001	0.
0.095	0.
0.1	0.
0.10500000000000001	0.
0.11	0.
0.115	0.
0.12000000000000001	0.
0.125	0.
0.13	0.
0.135	0.
0.14	0.
0.14500000000000002	0.
0.15	0.
0.155	0.
0.16	0.
0.165	0.
0.17	0.
0.17500000000000002	0.06331022376860337
0.18000000000000002	0.0964635099477656
0.185	0.11841542402308225
0.19	0.13500949399123355
0.195	0.14825774983479867
0.2	0.15915988151633656
0.20500000000000002	0.1683053778400976
0.21000000000000002	0.17607897286315946
0.215	0.18274923171515156
0.22	0.18851278840156668
0.225	0.1935188133978766
0.23	0.1978836095087301
0.23500000000000001	0.2016998419757971
0.24000000000000002	0.20504265254442455
0.245	0.20797386519533576
0.25	0.21054497102411085
0.255	0.21279930305515737
0.26	0.21477365666323567
0.265	0.21649952036818762
0.27	0.2180040264260535
0.275	0.21931069581259907
0.28	0.22044002963988624
0.28500000000000003	0.22140998405930107
0.29000000000000004	0.22223635551639248
0.295	0.22293309615710313
0.3	0.22351257419313392
0.305	0.2239857904481053
0.31	0.22436255969282834
0.315	0.22465166344538903
0.32	0.22486097946579306
0.325	0.2249975920802755
0.33	0.2250678866322899
0.335	0.22507763071040068
0.34	0.22503204429804088
0.34500000000000003	0.2249358605939138
0.35000000000000003	0.2247933789370748
0.35500000000000004	0.22460851101960022
0.36	0.22438482136843996
0.365	0.22412556291474547
0.37	0.2238337083360452
0.375	0.22351197774842427
0.38	0.22316286323616022
0.385	0.22278865063273684
0.39	0.22239143890591628
0.395	0.2219731574476016
0.4	0.22153558152777572
0.405	0.22108034613444916
0.41000000000000003	0.22060895839156572
0.41500000000000004	0.22012280872191098
0.42000000000000004	0.21962318089798047
0.425	0.2191112611081266
0.43	0.21858814614608402
0.435	0.21805485082117457
0.44	0.21751231467186544
0.445	0.21696140805824815
0.45	0.21640293769707958
0.455	0.21583765169786262
0.46	0.21526624415015305
0.465	0.21468935930750388
0.47000000000000003	0.214107595407877
0.47500000000000003	0.2135215081660968
0.48000000000000004	0.21293161396976407
0.485	0.21233839280736544
0.49	0.21174229095316685
0.495	0.21114372343224364
0.5	0.2105430762849769
0.505	0.20994070865000072
0.51	0.20933695468159536
0.515	0.20873212531593116
0.52	0.20812650990009735
0.525	0.20752037769516726
0.53	0.20691397926447364
0.535	0.20630754775689444
0.54	0.20570130009374812
0.545	0.2050954380675327
0.55	0.20449014935965298
0.555	0.20388560848388143
0.56	0.20328197766142508
0.5650000000000001	0.2026794076330792
0.5700000000000001	0.20207803841370545
0.5750000000000001	0.20147799999315985
0.5800000000000001	0.20087941298826575
0.585	0.20028238924929148
0.59	0.19968703242463196
0.595	0.19909343848659333
0.6	0.19850169622178393
0.605	0.19791188768783094
0.61	0.19732408863999007
0.615	0.19673836892892854
0.62	0.19615479287233378
0.625	0.19557341960209604
0.63	0.19499430338875637
0.635	0.1944174939448236
0.64	0.19384303670869074
0.645	0.1932709731101617
0.65	0.19270134081914198
0.655	0.19213417397843638
0.66	0.1915695034220185
0.665	0.19100735687954326
0.67	0.1904477591680451
0.675	0.18989073237182139
0.68	0.18933629601109397
0.685	0.18878446720051437
0.6900000000000001	0.18823526079765607
0.6950000000000001	0.18768868954283227
0.7000000000000001	0.18714476419011972
0.7050000000000001	0.18660349363065368
0.71	0.18606488500852167
0.715	0.18552894382959575
0.72	0.1849956740639734
0.725	0.1844650782423893
0.73	0.18393715754667167
0.735	0.18341191189526132
0.74	0.18288934002336296
0.745	0.1823694395585234
0.75	0.18185220709187547
0.755	0.18133763824504415
0.76	0.18082572773344982
0.765	0.18031646942561497
0.77	0.17980985639932623
0.775	0.17930588099439781
0.78	0.17880453486248132
0.785	0.17830580901394383
0.79	0.17780969386218334
0.795	0.17731617926523996
0.8	0.1768252545651585
0.805	0.17633690862517185
0.81	0.17585112986445467
0.8150000000000001	0.17536790629131235
0.8200000000000001	0.17488722553415675
0.8250000000000001	0.17440907487096968
0.8300000000000001	0.17393344125684385
0.8350000000000001	0.17346031135014167
0.84	0.1729896715371035
0.845	0.1725215079551243
0.85	0.17205580651459176
0.855	0.17159255291948228
0.86	0.17113173268704765
0.865	0.17067333116584313
0.87	0.1702173335534611
0.875	0.1697637249125087
0.88	0.16931249018618183
0.885	0.16886361421268575
0.89	0.16841708173900433
0.895	0.16797287743370592
0.9	0.16753098589904022
0.905	0.16709139168250398
0.91	0.16665407928743023
0.915	0.16621903318335196
0.92	0.165786237815228
0.925	0.16535567761266082
0.93	0.16492733699825587
0.935	0.16450120039546312
0.9400000000000001	0.1640772522361518
0.9450000000000001	0.1636554769677002
0.9500000000000001	0.1632358590591331
0.9550000000000001	0.16281838300774737
0.9600000000000001	0.16240303334473602
0.965	0.16198979464041346
0.97	0.16157865150980466
0.975	0.16116958861666938
0.98	0.1607625906785459
0.985	0.1603576424707283
0.99	0.15995472882954806
0.995	0.1595538346574147
1.	0.15915494492533683
1.005	0.15875804467442842
1.01	0.1583631190208849
1.015	0.15797015316023735
1.02	0.1575791323654188
1.025	0.15719004199288217
1.0299999999999998	0.15680286748213007
1.035	0.15641759435958333
1.0399999999999998	0.15603420823957434
1.045	0.1556526948257284
1.0499999999999998	0.15527303991314154
1.055	0.15489522938951475
1.0599999999999998	0.15451924923583918
1.065	0.15414508552853123
1.0699999999999998	0.1537727244394985
1.075	0.15340215223761994
1.0799999999999998	0.15303335528938738
1.085	0.15266632005954922
1.0899999999999999	0.15230103311177146
1.095	0.15193748110923208
1.0999999999999999	0.15157565081500324
1.105	0.15121552909228322
1.1099999999999999	0.15085710290495705
1.115	0.15050035931766118
1.1199999999999999	0.15014528549592998
1.125	0.14979186870642835
1.13	0.14944009631687452
1.135	0.1490899557960651
1.14	0.1487414347138556
1.145	0.1483945207409264
1.15	0.148049201648851
1.155	0.1477054653096573
1.16	0.14736329969579964
1.1649999999999998	0.14702269287968242
1.17	0.14668363303356596
1.1749999999999998	0.14634610842903778
1.18	0.14601010743680243
1.1849999999999998	0.14567561852610506
1.19	0.14534263026446653
1.1949999999999998	0.14501113131719043
1.2	0.1446811104467509
1.2049999999999998	0.14435255651256604
1.21	0.14402545847006964
1.2149999999999999	0.14369980537074192
1.22	0.14337558636096207
1.2249999999999999	0.14305279068186225
1.23	0.14273140766849632
1.2349999999999999	0.14241142674940557
1.24	0.14209283744591844
1.2449999999999999	0.14177562937148463
1.25	0.14145979223116084
1.255	0.14114531582084
1.26	0.14083219002671132
1.265	0.14052040482451905
1.27	0.14020995027892239
1.275	0.13990081654280156
1.28	0.13959299385661422
1.285	0.13928647254767548
1.2899999999999998	0.1389812430294801
1.295	0.1386772958009939
1.2999999999999998	0.1383746214459909
1.305	0.13807321063231556
1.3099999999999998	0.13777305411121707
1.315	0.13747414271657551
1.3199999999999998	0.137176467364277
1.325	0.1368800190515104
1.3299999999999998	0.13658478885599204
1.335	0.13629076793528627
1.3399999999999999	0.1359979475260894
1.345	0.13570631894362994
1.3499999999999999	0.1354158735807752
1.355	0.1351266029075225
1.3599999999999999	0.1348384984701518
1.365	0.1345515518905949
1.3699999999999999	0.1342657548657449
1.375	0.13398109916672285
1.38	0.13369757663826423
1.385	0.13341517919787507
1.39	0.13313389883534638
1.395	0.1328537276119483
1.4	0.13257465765975798
1.405	0.13229668118098525
1.41	0.13201979044738407
1.4149999999999998	0.13174397779949978
1.42	0.13146923564596924
1.4249999999999998	0.1311955564630134
1.43	0.13092293279361555
1.4349999999999998	0.1306513572470083
1.44	0.13038082249789956
1.4449999999999998	0.130111321285983
1.45	0.1298428464151126
1.4549999999999998	0.12957539075285593
1.46	0.1293089472297739
1.4649999999999999	0.12904350883879107
1.47	0.1287790686345694
1.4749999999999999	0.12851561973298511
1.48	0.12825315531041803
1.4849999999999999	0.12799166860322378
1.49	0.12773115290707052
1.4949999999999999	0.12747160157640164
1.5	0.12721300802379323
1.505	0.12695536571947838
1.51	0.12669866819061987
1.515	0.12644290902086144
1.52	0.12618808184969116
1.525	0.1259341803719207
1.53	0.1256811983370928
1.535	0.1254291295489655
1.54	0.1251779678649732
1.545	0.12492770719561186
1.5499999999999998	0.12467834150399516
1.555	0.12442986480525209
1.5599999999999998	0.12418227116606725
1.565	0.12393555470407719
1.5699999999999998	0.12368970958746861
1.575	0.12344473003433437
1.5799999999999998	0.12320061031230828
1.585	0.1229573447379137
1.5899999999999999	0.12271492767619012
1.595	0.12247335354019648
1.5999999999999999	0.12223261679040555
1.605	0.1219927119343873
1.6099999999999999	0.12175363352620336
1.615	0.12151537616603399
1.6199999999999999	0.12127793449959635
1.625	0.12104130321781217
1.63	0.12080547705629192
1.635	0.12057045079484187
1.64	0.12033621925709236
1.645	0.12010277731000994
1.65	0.11987011986344996
1.655	0.11963824186982701
1.66	0.11940713832348732
1.665	0.11917680426051146
1.67	0.11894723475811231
1.6749999999999998	0.1187184249343244
1.68	0.1184903699476092
1.6849999999999998	0.11826306499627737
1.69	0.11803650531834214
1.6949999999999998	0.11781068619094649
1.7	0.11758560293000682
1.7049999999999998	0.11736125088981697
1.71	0.11713762546273974
1.7149999999999999	0.11691472207869916
1.72	0.11669253620491954
1.7249999999999999	0.11647106334548778
1.73	0.11625029904101299
1.7349999999999999	0.11603023886820356
1.74	0.11581087843964318
1.7449999999999999	0.11559221340324696
1.75	0.11537423944207652
1.755	0.11515695227390496
1.76	0.1149403476508768
1.765	0.11472442135917059
1.77	0.11450916921869946
1.775	0.11429458708273842
1.78	0.11408067083756852
1.785	0.11386741640222582
1.79	0.11365481972811736
1.795	0.11344287679871894
1.7999999999999998	0.1132315836292773
1.805	0.11302093626647064
1.8099999999999998	0.11281093078809426
1.815	0.11260156330277647
1.8199999999999998	0.11239282994970895
1.825	0.11218472689823182
1.8299999999999998	0.11197725034770767
1.835	0.1117703965270505
1.8399999999999999	0.11156416169457124
1.845	0.11135854213761681
1.8499999999999999	0.1111535341723187
1.855	0.11094913414331259
1.8599999999999999	0.11074533842344259
1.865	0.11054214341351844
1.8699999999999999	0.11033954554198822
1.875	0.1101375412647295
1.88	0.10993612706475998
1.885	0.10973529945199847
1.89	0.10953505496291752
1.895	0.1093353901604218
1.9	0.10913630163348934
1.905	0.10893778599695447
1.91	0.10873983989128631
1.915	0.10854245998229088
1.92	0.10834564296089699
1.9249999999999998	0.1081493855429428
1.93	0.10795368446887568
1.9349999999999998	0.10775853650354164
1.94	0.10756393843601839
1.9449999999999998	0.10736988707927769
1.95	0.10717637927001208
1.9549999999999998	0.10698341186844099
1.96	0.1067909817580058
1.9649999999999999	0.10659908584522886
1.97	0.10640772105945268
1.9749999999999999	0.10621688435263743
1.98	0.106026572699139
1.9849999999999999	0.10583678309551618
1.99	0.10564751256030934
1.9949999999999999	0.10545875813380987
2.	0.10527051687791977
2.005	0.10508278587587543
2.01	0.10489556223208195
2.015	0.1047088430719738
2.02	0.10452262554168891
2.025	0.10433690680799577
2.03	0.10415168405800834
2.035	0.10396695449908873
2.04	0.10378271535859941
2.045	0.10359896388371098
2.05	0.10341569734126
2.0549999999999997	0.10323291301753378
2.06	0.1030506082181268
2.065	0.10286878026770183
2.07	0.10268742650987699
2.0749999999999997	0.10250654430703848
2.08	0.10232613104010468
2.085	0.10214618410848264
2.09	0.10196670092977181
2.0949999999999998	0.10178767893964534
2.1	0.101609115591709
2.105	0.10143100835733775
2.11	0.10125335472546554
2.1149999999999998	0.1010761522024536
2.12	0.10089939831193512
2.125	0.10072309059468536
2.13	0.10054722660840076
2.135	0.10037180392760525
2.14	0.10019682014346103
2.145	0.10002227286363821
2.15	0.09984815971218482
2.155	0.09967447832930651
2.16	0.09950122637132824
2.165	0.09932840151045076
2.17	0.09915600143466943
2.175	0.09898402384759244
2.18	0.0988124664683508
2.185	0.09864132703142835
2.19	0.09847060328649251
2.195	0.0983002929983289
2.1999999999999997	0.09813039394667103
2.205	0.0979609039260581
2.21	0.09779182074571506
2.215	0.0976231422294251
2.2199999999999998	0.09745486621541437
2.225	0.09728699055616852
2.23	0.09711951311838272
2.235	0.09695243178279679
2.2399999999999998	0.09678574444406347
2.245	0.09661944901062956
2.25	0.09645354340464528
2.255	0.09628802556183601
2.26	0.09612289343131616
2.265	0.09595814497555415
2.27	0.09579377817026077
2.275	0.09562979100419466
2.28	0.0954661814790902
2.285	0.09530294760961794
2.29	0.09514008742311204
2.295	0.094977598959613
2.3	0.09481548027167984
2.305	0.09465372942429924
2.31	0.09449234449476138
2.315	0.09433132357259409
2.32	0.09417066475942071
2.3249999999999997	0.09401036616887146
2.33	0.09385042592646949
2.335	0.09369084216953492
2.34	0.09353161304711714
2.3449999999999998	0.09337273671982128
2.35	0.09321421135976195
2.355	0.09305603515044795
2.36	0.09289820628671952
2.3649999999999998	0.09274072297459648
2.37	0.09258358343119032
2.375	0.09242678588466118
2.38	0.09227032857409906
2.385	0.09211420974939638
2.39	0.09195842767117364
2.395	0.09180298061073494
2.4	0.09164786684990338
2.405	0.09149308468098026
2.41	0.0913386324066707
2.415	0.09118450833993823
2.42	0.09103071080396839
2.425	0.0908772381320625
2.43	0.09072408866753341
2.435	0.09057126076368203
2.44	0.09041875278364857
2.445	0.09026656310035318
2.4499999999999997	0.09011469009643924
2.455	0.08996313216415477
2.46	0.08981188770527622
2.465	0.0896609551310776
2.4699999999999998	0.08951033286215675
2.475	0.0893600193284746
2.48	0.08921001296917613
2.485	0.08906031223256525
2.4899999999999998	0.08891091557604484
2.495	0.08876182146596492
2.5	0.08861302837763578
2.505	0.08846453479520411
2.51	0.08831633921160008
2.515	0.08816844012844832
2.52	0.08802083605600726
2.525	0.08787352551309068
2.53	0.08772650702701329
2.535	0.08757977913349917
2.54	0.08743334037662294
2.545	0.08728718930874033
2.55	0.08714132449043048
2.555	0.08699574449042188
2.56	0.08685044788549132
2.565	0.08670543326045473
2.57	0.08656069920806968
2.5749999999999997	0.08641624432896863
2.58	0.08627206723163604
2.585	0.08612816653223207
2.59	0.08598454085469708
2.5949999999999998	0.08584118883053586
2.6	0.08569810909885676
2.605	0.08555530030625966
2.61	0.08541276110675358
2.6149999999999998	0.08527049016178523
2.62	0.08512848614008964
2.625	0.08498674771767334
2.63	0.08484527357773719
2.635	0.08470406241064231
2.64	0.08456311291382226
2.645	0.08442242379174558
2.65	0.08428199375584734
2.655	0.08414182152448854
2.66	0.08400190582289671
2.665	0.08386224538307308
2.67	0.083722838943789
2.675	0.08358368525051633
2.68	0.08344478305535459
2.685	0.08330613111699328
2.69	0.08316772820065725
2.695	0.08302957307804176
2.7	0.08289166452729138
2.705	0.08275400133290206
2.71	0.08261658228572986
2.715	0.08247940618286122
2.7199999999999998	0.08234247182763067
2.725	0.08220577802955414
2.73	0.08206932360424923
2.735	0.08193310737342126
2.7399999999999998	0.0817971281648002
2.745	0.08166138481208489
2.75	0.08152587615490878
2.755	0.08139060103879098
2.76	0.08125555831507289
2.765	0.08112074684089045
2.77	0.08098616547912066
2.775	0.080851813098321
2.78	0.08071768857272187
2.785	0.08058379078212204
2.79	0.08045011861190743
2.795	0.08031667095296424
2.8	0.08018344670165144
2.8049999999999997	0.08005044475973445
2.81	0.07991766403440623
2.815	0.07978510343813723
2.82	0.0796527618887269
2.825	0.0795206383092237
2.83	0.07938873162787707
2.835	0.07925704077809648
2.84	0.07912556469846024
2.8449999999999998	0.07899430233257469
2.85	0.07886325262911716
2.855	0.07873241454177152
2.86	0.07860178702916704
2.8649999999999998	0.07847136905487828
2.87	0.07834115958733982
2.875	0.07821115759984733
2.88	0.07808136207048935
2.885	0.07795177198211778
2.89	0.0778223863223195
2.895	0.07769320408336737
2.9	0.0775642242621822
2.905	0.0774354458602837
2.91	0.07730686788380016
2.915	0.07717848934336537
2.92	0.07705030925413449
2.925	0.07692232663572218
2.9299999999999997	0.0767945405121606
2.935	0.07666694991189198
2.94	0.0765395538676772
2.945	0.07641235141665412
2.95	0.07628534160021598
2.955	0.07615852346399017
2.96	0.07603189605785526
2.965	0.07590545843583613
2.9699999999999998	0.07577920965612944
2.975	0.07565314878103167
2.98	0.07552727487691706
2.985	0.07540158701422438
2.9899999999999998	0.0752760842673673
2.995	0.07515076571478431
3.	0.07502563043881715
3.005	0.07490067752574714
3.01	0.07477590606572407
3.015	0.07465131515275106
3.02	0.07452690388464785
3.025	0.0744026713630208
3.03	0.0742786166932156
3.035	0.07415473898432376
3.04	0.07403103734910396
3.045	0.07390751090398641
3.05	0.07378415876903008
3.0549999999999997	0.07366098006788135
3.06	0.07353797392777701
3.065	0.0734151394794627
3.07	0.07329247585721378
3.075	0.07316998219877813
3.08	0.07304765764533847
3.085	0.07292550134152401
3.09	0.07280351243533599
3.0949999999999998	0.07268169007812492
3.1	0.07256003342459597
3.105	0.07243854163274602
3.11	0.07231721386384504
3.115	0.07219604928241811
3.12	0.07207504705620063
3.125	0.07195420635611745
3.13	0.0718335263562632
3.135	0.07171300623386369
3.14	0.0715926451692547
3.145	0.07147244234583561
3.15	0.0713523969500835
3.155	0.07123250817148508
3.16	0.07111277520252074
3.165	0.07099319723866278
3.17	0.07087377347831819
3.175	0.0707545031228084
3.1799999999999997	0.07063538537635516
3.185	0.07051641944604312
3.19	0.07039760454179635
3.195	0.07027893987635693
3.2	0.07016042466525786
3.205	0.07004205812678174
3.21	0.06992383948197713
3.215	0.06980576795457885
3.2199999999999998	0.06968784277102458
3.225	0.06957006316041164
3.23	0.06945242835445979
3.235	0.06933493758752572
3.24	0.0692175900965367
3.245	0.06910038512100039
3.25	0.06898332190294751
3.255	0.06886639968692478
3.26	0.06874961771998957
3.265	0.06863297525163961
3.27	0.06851647153383056
3.275	0.06840010582092754
3.28	0.06828387736971134
3.285	0.06816778543930066
3.29	0.06805182929119831
3.295	0.06793600818920989
3.3	0.06782032139944205
3.3049999999999997	0.06770476819028606
3.31	0.06758934783239373
3.315	0.06747405959862483
3.32	0.06735890276407845
3.325	0.06724387660601949
3.33	0.0671289804038853
3.335	0.06701421343924834
3.34	0.06689957499580512
3.3449999999999998	0.06678506435933428
3.35	0.06667068081771074
3.355	0.06655642366083728
3.36	0.06644229218064972
3.365	0.06632828567110854
3.37	0.06621440342814258
3.375	0.06610064474963491
3.38	0.06598700893542918
3.385	0.06587349528727568
3.39	0.0657601031088248
3.395	0.06564683170560257
3.4	0.06553368038497617
3.405	0.06542064845617092
3.41	0.065307735230188
3.415	0.06519494001985238
3.42	0.06508226213973
3.425	0.06496970090615084
3.4299999999999997	0.06485725563715093
3.435	0.06474492565249083
3.44	0.06463271027359559
3.445	0.06452060882356384
3.45	0.0644086206271289
3.455	0.06429674501064525
3.46	0.06418498130206117
3.465	0.06407332883090916
3.4699999999999998	0.06396178692827209
3.475	0.06385035492677266
3.48	0.06373903216054076
3.485	0.06362781796521787
3.49	0.06351671167790057
3.495	0.06340571263714871
3.5	0.06329482018295184
3.505	0.06318403365670015
3.51	0.06307335240119546
3.515	0.06296277576059897
3.52	0.06285230308041868
3.525	0.06274193370749273
3.53	0.06263166698997442
3.535	0.06252150227730381
3.54	0.06241143892019228
3.545	0.0623014762705847
3.55	0.06219161368167014
3.5549999999999997	0.06208185050783728
3.56	0.06197218610465903
3.565	0.061862619828881506
3.5700000000000003	0.061753151038391296
3.575	0.061643779092206696
3.58	0.061534503350443574
3.585	0.06142532317431286
3.59	0.061316237926080874
3.5949999999999998	0.06120724696906381
3.5999999999999996	0.06109834966759689
3.605	0.06098954538704214
3.61	0.06088083349370646
3.615	0.06077221335489821
3.62	0.06066368433883783
3.625	0.060555245814702334
3.63	0.06044689715253618
3.635	0.06033863772329064
3.6399999999999997	0.06023046689877348
3.645	0.06012238405163473
3.65	0.06001438855533877
3.6550000000000002	0.059906479784154004
3.66	0.059798657113149016
3.665	0.059690919918117494
3.67	0.05958326757562332
3.675	0.0594756994629326
3.6799999999999997	0.05936821495802352
3.685	0.059260813439538484
3.69	0.05915349428678703
3.6950000000000003	0.05904625687971435
3.7	0.05893910059889297
3.705	0.05883202482546429
3.71	0.05872502894117881
3.715	0.058618112328312794
3.7199999999999998	0.05851127436969796
3.7249999999999996	0.05840451444867469
3.73	0.058297831949058306
3.735	0.05819122625515467
3.74	0.0580846967517176
3.745	0.05797824282392813
3.75	0.05787186385737276
3.755	0.05776555923803082
3.76	0.05765932835223911
3.7649999999999997	0.05755317058669322
3.77	0.05744708532839764
3.775	0.057341071964672814
3.7800000000000002	0.05723512988310087
3.785	0.05712925847154961
3.79	0.05702345711810708
3.795	0.05691772521107467
3.8	0.05681206213896107
3.8049999999999997	0.0567064672904327
3.81	0.05660094005432446
3.815	0.056495479819580495
3.8200000000000003	0.0563900859752696
3.825	0.05628475791052804
3.83	0.05617949501456207
3.835	0.05607429667662674
3.84	0.05596916228598256
3.8449999999999998	0.05586409123187615
3.8499999999999996	0.05575908290355474
3.855	0.05565413669018657
3.86	0.0555492519808805
3.865	0.05544442816464867
3.87	0.05533966463037469
3.875	0.05523496076681178
3.88	0.05513031596253583
3.885	0.055025729605943575
3.8899999999999997	0.054921201085205554
3.895	0.054816729788266634
3.9	0.05471231510280878
3.9050000000000002	0.054607956416211495
3.91	0.05450365311557671
3.915	0.05439940458765689
3.92	0.05429521021884015
3.925	0.054191069395141914
3.9299999999999997	0.054086981502167286
3.935	0.05398294592508506
3.94	0.0538789620486296
3.9450000000000003	0.053775029257015786
3.95	0.053671146933985225
3.955	0.05356731446272309
3.96	0.05346353122588203
3.965	0.053359796605499395
3.9699999999999998	0.05325610998301962
3.9749999999999996	0.053152470739254
3.98	0.053048878254336296
3.985	0.05294533190772542
3.99	0.0528418310781566
3.995	0.052738375143618316
4.	0.0526349634813433
4.005	0.05253159546773643
4.01	0.05242827047842364
4.015	0.052324987888132106
4.02	0.05222174707071674
4.025	0.05211854739915267
4.03	0.05201538824544251
4.035	0.051912268980637236
4.04	0.05180918897479153
4.045	0.05170614759692099
4.05	0.051603144215012796
4.055	0.051500178195960526
4.0600000000000005	0.051397248905518576
4.0649999999999995	0.05129435570832552
4.07	0.05119149796784112
4.075	0.05108867504630896
4.08	0.05098588630473179
4.085	0.05088313110287128
4.09	0.050780408799159404
4.095	0.050677718750714404
4.1	0.05057506031328082
4.105	0.050472432841217815
4.109999999999999	0.050369835687442
4.115	0.05026726820340996
4.12	0.05016472973909316
4.125	0.050062219642925045
4.13	0.049959737261786465
4.135	0.0498572819409421
4.14	0.04975485302403272
4.145	0.049652449853032424
4.15	0.049550071768214556
4.155	0.04944771810810506
4.16	0.04934538820946234
4.165	0.04924308140723116
4.17	0.049140797034499605
4.175	0.0490385344224635
4.18	0.04893629290042766
4.1850000000000005	0.04883407179569623
4.1899999999999995	0.04873187043358715
4.195	0.048629688137386114
4.2	0.048527524228281
4.205	0.048425378025347854
4.21	0.04832324884551612
4.215	0.04822113600349207
4.22	0.04811903881175089
4.225	0.04801695658048551
4.23	0.04791488861754824
4.234999999999999	0.04781283422843985
4.24	0.047710792716238355
4.245	0.04760876338156681
4.25	0.04750674552255161
4.255	0.0474047384347648
4.26	0.04730274141119504
4.265	0.04720075374219721
4.27	0.04709877471542612
4.275	0.046996803615825644
4.28	0.0468948397255516
4.285	0.046792882323923146
4.29	0.04669093068741161
4.295	0.04658898408952954
4.3	0.04648704180084272
4.305	0.04638510308887021
4.3100000000000005	0.046283167218076744
4.3149999999999995	0.046181233449758864
4.32	0.04607930104209221
4.325	0.045977369249951126
4.33	0.04587543732495833
4.335	0.04577350451537345
4.34	0.045671570066066536
4.345	0.045569633218465
4.35	0.04546769321044583
4.355	0.04536574927632892
4.359999999999999	0.04526380064682267
4.365	0.04516184654891498
4.37	0.04505988620586719
4.375	0.04495791883712307
4.38	0.04485594365821976
4.385	0.04475395988081377
4.39	0.04465196671251559
4.395	0.04454996335688254
4.4	0.044447949013348746
4.405	0.04434592287714495
4.41	0.0442438841392129
4.415	0.04414183198620074
4.42	0.04403976560032424
4.425	0.04393768415933627
4.43	0.04383558683642814
4.4350000000000005	0.04373347280017159
4.4399999999999995	0.04363134121447256
4.445	0.04352919123844178
4.45	0.04342702202634915
4.455	0.04332483272752598
4.46	0.04322262248634595
4.465	0.043120390442058266
4.47	0.043018135728788244
4.475	0.04291585747538234
4.48	0.04281355480536643
4.484999999999999	0.04271122683687114
4.49	0.0426088726825227
4.495	0.04250649144934616
4.5	0.042404082238702685
4.505	0.042301644146189796
4.51	0.04219917626153571
4.515	0.042096677668530105
4.52	0.04199414744491252
4.525	0.04189158466227193
4.53	0.04178898838596849
4.535	0.04168635767501174
4.54	0.0415836915819698
4.545	0.04148098915287079
4.55	0.041378249427093554
4.555	0.0412754714372598
4.5600000000000005	0.041172654209109746
4.5649999999999995	0.04106979676144192
4.57	0.04096689810593447
4.575	0.04086395724708288
4.58	0.04076097318205145
4.585	0.04065794490058619
4.59	0.04055487138486559
4.595000000000001	0.040451751609370375
4.6	0.040348584540831255
4.605	0.04024536913799526
4.609999999999999	0.040142104351583545
4.615	0.04003878912409502
4.62	0.039935422389743506
4.625	0.039832003074262635
4.63	0.039728530094785
4.635	0.0396250023596984
4.640000000000001	0.039521418768540276
4.645	0.03941777821176685
4.65	0.03931407957068824
4.654999999999999	0.03921032171730167
4.66	0.03910650351405937
4.665	0.03900262381382898
4.67	0.03889868145963725
4.675	0.03879467528455583
4.68	0.03869060411152102
4.6850000000000005	0.03858646675316822
4.6899999999999995	0.038482262011638506
4.695	0.03837798867843399
4.7	0.03827364553420373
4.705	0.0381692313485992
4.71	0.03806474488003497
4.715	0.037960184875556816
4.720000000000001	0.037855550070599174
4.725	0.03775083918881031
4.73	0.037646050941828844
4.734999999999999	0.03754118402911591
4.74	0.03743623713769469
4.745	0.03733120894197135
4.75	0.03722609810349463
4.755	0.03712090327075321
4.76	0.03701562307890191
4.765000000000001	0.03691025614958947
4.77	0.03680480109066464
4.775	0.036699256495985606
4.779999999999999	0.0365936209450973
4.785	0.0364878930030469
4.79	0.036382071220094944
4.795	0.036276154131434694
4.8	0.03617014025695527
4.805	0.03606402810094557
4.8100000000000005	0.035957816151810346
4.8149999999999995	0.03585150288176076
4.82	0.0357450867465685
4.825	0.035638566185214784
4.83	0.03553193961959842
4.835	0.035425205454250264
4.84	0.03531836207594622
4.845000000000001	0.03521140785342265
4.85	0.035104341137038024
4.855	0.034997160258389504
4.859999999999999	0.03488986353001374
4.865	0.03478244924497145
4.87	0.03467491567651221
4.875	0.03456726107767756
4.88	0.034459483680926356
4.885	0.03435158169770382
4.890000000000001	0.03424355331809928
4.895	0.034135396710346017
4.9	0.03402711002047043
4.904999999999999	0.033918691371806385
4.91	0.03381013886454827
4.915	0.03370145057534363
4.92	0.03359262455674544
4.925	0.03348365883678839
4.93	0.0333745514184933
4.9350000000000005	0.033265300279293634
4.9399999999999995	0.03315590337060926
4.945	0.03304635861727215
4.95	0.032936663916945635
4.955	0.03282681713962539
4.96	0.032716816127036516
4.965	0.0326066586920277
4.970000000000001	0.03249634261799478
4.975	0.03238586565825624
4.98	0.032275225535391305
4.984999999999999	0.032164419940620165
4.99	0.03205344653310806
4.995	0.03194230293929631
5.	0.03183098675213847
5.005	0.03171949553047623
5.01	0.031607826798195404
5.015000000000001	0.03149597804348728
5.02	0.03138394671808669
5.025	0.03127173023642378
5.029999999999999	0.031159325974817617
5.035	0.031046731270588965
5.04	0.030933943421213694
5.045	0.030820959683376586
5.05	0.03070777727206315
5.055	0.03059439335959319
5.0600000000000005	0.03048080507463029
5.0649999999999995	0.030367009501156648
5.07	0.03025300367744759
5.075	0.030138784594960187
5.08	0.030024349197237284
5.085	0.029909694378769353
5.09	0.029794816983814653
5.095000000000001	0.029679713805134407
5.1	0.02956438158283223
5.105	0.029448817002971955
5.109999999999999	0.02933301669627743
5.115	0.02921697723679046
5.12	0.029100695140369826
5.125	0.028984166863335728
5.13	0.028867388800861763
5.135	0.028750357285460645
5.14	0.028633068585357378
5.145	0.028515518902852092
5.15	0.02839770437257147
5.155	0.02827962105969187
5.16	0.028161264958135646
5.165	0.02804263198861903
5.17	0.027923717996751838
5.175	0.0278045187509528
5.18	0.027685029940389617
5.185	0.02756524717275233
5.19	0.027445165972074248
5.195	0.027324781776332418
5.2	0.027204089935082068
5.205	0.027083085706930153
5.21	0.026961764256966173
5.215	0.026840120654034766
5.22	0.026718149867992466
5.225	0.02659584676681179
5.23	0.0264732061135471
5.235	0.02635022256328679
5.24	0.026226890659861436
5.245	0.02610320483252265
5.25	0.025979159392473555
5.255	0.025854748529202415
5.26	0.025729966306772212
5.265	0.025604806659854717
5.27	0.025479263389712337
5.275	0.025353330159927856
5.28	0.02522700049201774
5.285	0.02510026776081899
5.29	0.02497312518973402
5.295	0.024845565845744606
5.3	0.02471758263416823
5.305	0.024589168293343584
5.31	0.02446031538888651
5.315	0.02433101630781748
5.32	0.02420126325245532
5.325	0.024071048233910243
5.33	0.0239403630654177
5.335	0.02380919935529034
5.34	0.023677548499584197
5.345	0.023545401674395255
5.35	0.023412749827827248
5.355	0.023279583671544157
5.36	0.02314589367196774
5.365	0.02301167004098993
5.37	0.022876902726272172
5.375	0.022741581401070028
5.38	0.02260569545350733
5.385	0.022469233975371577
5.39	0.022332185750269778
5.395	0.022194539241217528
5.4	0.022056282577583977
5.405	0.02191740354130569
5.41	0.021777889552404315
5.415	0.021637727653697602
5.42	0.02149690449468494
5.425	0.021355406314543243
5.43	0.021213218924148604
5.435	0.02107032768708486
5.44	0.02092671749958949
5.445	0.020782372769277534
5.45	0.020637277392647098
5.455	0.020491414731233195
5.46	0.02034476758630761
5.465	0.020197318172018898
5.47	0.02004904808688433
5.475	0.019899938283458086
5.48	0.01974996903604971
5.485	0.019599119906386457
5.49	0.01944736970696205
5.495	0.019294696461951564
5.5	0.01914107736549931
5.505	0.018986488737076444
5.51	0.0188309059737728
5.515	0.018674303499137537
5.52	0.018516654708385823
5.525	0.018357931909508293
5.53	0.018198106260065367
5.535	0.018037147699122614
5.54	0.017875024873950204
5.545	0.01771170506099618
5.55	0.017547154080483535
5.555	0.017381336204127528
5.56	0.017214214055143787
5.565	0.01704574849987307
5.57	0.016875898530041955
5.575	0.01670462113472991
5.58	0.0165318711608632
5.585	0.016357601161003765
5.59	0.0161817612269681
5.595	0.01600429880761528
5.6	0.015825158508949617
5.605	0.01564428187439055
5.61	0.015461607142740759
5.615	0.01527706898103557
5.62	0.015090598189015588
5.625	0.014902121371408178
5.63	0.014711560573728315
5.635	0.014518832876414861
5.64	0.014323849941337813
5.645	0.014126517503768397
5.65	0.01392673480136752
5.655	0.013724393930726548
5.66	0.013519379119460074
5.665	0.013311565900329492
5.67	0.013100820170524129
5.675	0.01288699711605341
5.68	0.01266993997682257
5.6850000000000005	0.012449478622621636
5.69	0.012225427903467772
5.695	0.011997585728685072
5.7	0.011765730818701178
5.705	0.011529620058194346
5.71	0.011288985361131152
5.715	0.011043529932610766
5.72	0.010792923779745153
5.725	0.010536798278176777
5.73	0.010274739539893317
5.735	0.010006280242426875
5.74	0.00973088945917163
5.745	0.009447959859217984
5.75	0.009156791393859366
5.755	0.008856570214748437
5.76	0.008546341001182943
5.765	0.008224969988912565
5.77	0.007891094572059342
5.775	0.007543052990061339
5.78	0.007178783547013817
5.785	0.006795675487568455
5.79	0.006390339757243065
5.795	0.005958239789018369
5.8	0.005493061117828586
5.805	0.00498555082913283
5.8100000000000005	0.004421152452842475
5.815	0.003774428975679409
5.82	0.0029924689154475254
5.825	0.001916307735033154
5.83	0.
5.835	0.
5.84	0.
5.845	0.
5.85	0.
5.855	0.
5.86	0.
5.865	0.
5.87	0.
5.875	0.
5.88	0.
5.885	0.
5.89	0.
5.895	0.
5.9	0.
5.905	0.
5.91	0.
5.915	0.
5.92	0.
5.925	0.
5.93	0.
5.9350000000000005	0.
5.94	0.
5.945	0.
5.95	0.
5.955	0.
5.96	0.
5.965	0.
5.97	0.
5.975	0.
5.98	0.
5.985	0.
5.99	0.
5.995	0.
6.	0.
6.005	0.
6.01	0.
6.015	0.
6.02	0.
6.025	0.
6.03	0.
6.035	0.
6.04	0.
6.045	0.
6.05	0.
6.055	0.
6.0600000000000005	0.
6.065	0.
6.07	0.
6.075	0.
6.08	0.
6.085	0.
6.09	0.
6.095	0.
6.1	0.
6.105	0.
6.11	0.
6.115	0.
6.12	0.
6.125	0.
6.13	0.
6.135	0.
6.140000000000001	0.
6.145	0.
6.15	0.
6.155	0.
6.16	0.
6.165	0.
6.17	0.
6.175	0.
6.18	0.
6.1850000000000005	0.
6.1899999999999995	0.
6.195	0.
6.2	0.
6.205	0.
6.21	0.
6.215	0.
6.22	0.
6.225	0.
6.23	0.
6.235	0.
6.24	0.
6.245	0.
6.25	0.
6.255	0.
6.26	0.
6.265000000000001	0.
6.27	0.
6.275	0.
6.28	0.
6.285	0.
6.29	0.
6.295	0.
6.3	0.
6.305	0.
6.3100000000000005	0.
6.3149999999999995	0.
6.32	0.
6.325	0.
6.33	0.
6.335	0.
6.34	0.
6.345	0.
6.35	0.
6.355	0.
6.36	0.
6.365	0.
6.37	0.
6.375	0.
6.38	0.
6.385	0.
6.390000000000001	0.
6.395	0.
6.4	0.
6.405	0.
6.41	0.
6.415	0.
6.42	0.
6.425	0.
6.43	0.
6.4350000000000005	0.
6.4399999999999995	0.
6.445	0.
6.45	0.
6.455	0.
6.46	0.
6.465	0.
6.47	0.
6.475	0.
6.48	0.
6.485	0.
6.49	0.
6.495	0.
6.5	0.
6.505	0.
6.51	0.
6.515000000000001	0.
6.52	0.
6.525	0.
6.53	0.
6.535	0.
6.54	0.
6.545	0.
6.55	0.
6.555	0.
6.5600000000000005	0.
6.5649999999999995	0.
6.57	0.
6.575	0.
6.58	0.
6.585	0.
6.59	0.
6.595	0.
6.6	0.
6.605	0.
6.61	0.
6.615	0.
6.62	0.
6.625	0.
6.63	0.
6.635	0.
6.640000000000001	0.
6.645	0.
6.65	0.
6.655	0.
6.66	0.
6.665	0.
6.67	0.
6.675	0.
6.68	0.
6.6850000000000005	0.
6.6899999999999995	0.
6.695	0.
6.7	0.
6.705	0.
6.71	0.
6.715	0.
6.72	0.
6.725	0.
6.73	0.
6.735	0.
6.74	0.
6.745	0.
6.75	0.
6.755	0.
6.76	0.
6.765000000000001	0.
6.77	0.
6.775	0.
6.78	0.
6.785	0.
6.79	0.
6.795	0.
6.8	0.
6.805	0.
6.8100000000000005	0.
6.8149999999999995	0.
6.82	0.
6.825	0.
6.83	0.
6.835	0.
6.84	0.
6.845	0.
6.85	0.
6.855	0.
6.86	0.
6.865	0.
6.87	0.
6.875	0.
6.88	0.
6.885	0.
6.890000000000001	0.
6.895	0.
6.9	0.
6.905	0.
6.91	0.
6.915	0.
6.92	0.
6.925	0.
6.93	0.
6.9350000000000005	0.
6.9399999999999995	0.
6.945	0.
6.95	0.
6.955	0.
6.96	0.
6.965	0.
6.97	0.
6.975	0.
6.98	0.
6.985	0.
6.99	0.
6.995	0.
7.	0.
7.005	0.
7.01	0.
7.015000000000001	0.
7.02	0.
7.025	0.
7.03	0.
7.035	0.
7.04	0.
7.045	0.
7.05	0.
7.055	0.
7.0600000000000005	0.
7.0649999999999995	0.
7.07	0.
7.075	0.
7.08	0.
7.085	0.
7.09	0.
7.095	0.
7.1	0.
7.105	0.
7.11	0.
7.115	0.
7.12	0.
7.125	0.
7.13	0.
7.135	0.
7.140000000000001	0.
7.145	0.
7.15	0.
7.155	0.
7.16	0.
7.165	0.
7.17	0.
7.175	0.
7.18	0.
7.1850000000000005	0.
7.1899999999999995	0.
7.195	0.
7.2	0.
7.205	0.
7.21	0.
7.215	0.
7.220000000000001	0.
7.225	0.
7.23	0.
7.234999999999999	0.
7.24	0.
7.245	0.
7.25	0.
7.255	0.
7.26	0.
7.265000000000001	0.
7.27	0.
7.275	0.
7.28	0.
7.285	0.
7.29	0.
7.295	0.
7.300000000000001	0.
7.305	0.
7.3100000000000005	0.
7.3149999999999995	0.
7.32	0.
7.325	0.
7.33	0.
7.335	0.
7.34	0.
7.345000000000001	0.
7.35	0.
7.355	0.
7.359999999999999	0.
7.365	0.
7.37	0.
7.375	0.
7.38	0.
7.385	0.
7.390000000000001	0.
7.395	0.
7.4	0.
7.405	0.
7.41	0.
7.415	0.
7.42	0.
7.425000000000001	0.
7.43	0.
7.4350000000000005	0.
7.4399999999999995	0.
7.445	0.
7.45	0.
7.455	0.
7.46	0.
7.465	0.
7.470000000000001	0.
7.475	0.
7.48	0.
7.484999999999999	0.
7.49	0.
7.495	0.
7.5	0.
7.505	0.
7.51	0.
7.515000000000001	0.
7.52	0.
7.525	0.
7.53	0.
7.535	0.
7.54	0.
7.545	0.
7.550000000000001	0.
7.555	0.
7.5600000000000005	0.
7.5649999999999995	0.
7.57	0.
7.575	0.
7.58	0.
7.585	0.
7.59	0.
7.595000000000001	0.
7.6	0.
7.605	0.
7.609999999999999	0.
7.615	0.
7.62	0.
7.625	0.
7.63	0.
7.635	0.
7.640000000000001	0.
7.645	0.
7.65	0.
7.655	0.
7.66	0.
7.665	0.
7.67	0.
7.675000000000001	0.
7.68	0.
7.685	0.
7.6899999999999995	0.
7.694999999999999	0.
7.699999999999999	0.
7.704999999999999	0.
7.71	0.
7.715	0.
7.72	0.
7.725	0.
7.7299999999999995	0.
7.734999999999999	0.
7.739999999999999	0.
7.744999999999999	0.
7.75	0.
7.755	0.
7.76	0.
7.765	0.
7.77	0.
7.7749999999999995	0.
7.779999999999999	0.
7.784999999999999	0.
7.79	0.
7.795	0.
7.8	0.
7.805	0.
7.81	0.
7.8149999999999995	0.
7.819999999999999	0.
7.824999999999999	0.
7.829999999999999	0.
7.835	0.
7.84	0.
7.845	0.
7.85	0.
7.8549999999999995	0.
7.859999999999999	0.
7.864999999999999	0.
7.869999999999999	0.
7.875	0.
7.88	0.
7.885	0.
7.89	0.
7.895	0.
7.8999999999999995	0.
7.904999999999999	0.
7.909999999999999	0.
7.915	0.
7.92	0.
7.925	0.
7.93	0.
7.935	0.
7.9399999999999995	0.
7.944999999999999	0.
7.949999999999999	0.
7.955	0.
7.96	0.
7.965	0.
7.97	0.
7.975	0.
7.9799999999999995	0.
7.984999999999999	0.
7.989999999999999	0.
7.994999999999999	0.
8.	0.
8.004999999999999	0.
8.01	0.
8.014999999999999	0.
8.02	0.
8.025	0.
8.03	0.
8.035	0.
8.04	0.
8.045	0.
8.049999999999999	0.
8.055	0.
8.059999999999999	0.
8.065	0.
8.07	0.
8.075	0.
8.08	0.
8.084999999999999	0.
8.09	0.
8.094999999999999	0.
8.1	0.
8.105	0.
8.11	0.
8.115	0.
8.12	0.
8.125	0.
8.129999999999999	0.
8.135	0.
8.139999999999999	0.
8.145	0.
8.15	0.
8.155	0.
8.16	0.
8.165	0.
8.17	0.
8.174999999999999	0.
8.18	0.
8.184999999999999	0.
8.19	0.
8.195	0.
8.2	0.
8.205	0.
8.209999999999999	0.
8.215	0.
8.219999999999999	0.
8.225	0.
8.23	0.
8.235	0.
8.24	0.
8.245	0.
8.25	0.
8.254999999999999	0.
8.26	0.
8.264999999999999	0.
8.27	0.
8.275	0.
8.28	0.
8.285	0.
8.29	0.
8.295	0.
8.299999999999999	0.
8.305	0.
8.309999999999999	0.
8.315	0.
8.32	0.
8.325	0.
8.33	0.
8.334999999999999	0.
8.34	0.
8.344999999999999	0.
8.35	0.
8.355	0.
8.36	0.
8.365	0.
8.37	0.
8.375	0.
8.379999999999999	0.
8.385	0.
8.389999999999999	0.
8.395	0.
8.4	0.
8.405	0.
8.41	0.
8.415	0.
8.42	0.
8.424999999999999	0.
8.43	0.
8.434999999999999	0.
8.44	0.
8.445	0.
8.45	0.
8.455	0.
8.459999999999999	0.
8.465	0.
8.469999999999999	0.
8.475	0.
8.48	0.
8.485	0.
8.49	0.
8.495	0.
8.5	0.
8.504999999999999	0.
8.51	0.
8.515	0.
8.52	0.
8.525	0.
8.53	0.
8.535	0.
8.54	0.
8.545	0.
8.549999999999999	0.
8.555	0.
8.559999999999999	0.
8.565	0.
8.57	0.
8.575	0.
8.58	0.
8.584999999999999	0.
8.59	0.
8.594999999999999	0.
8.6	0.
8.605	0.
8.61	0.
8.615	0.
8.62	0.
8.625	0.
8.629999999999999	0.
8.635	0.
8.64	0.
8.645	0.
8.65	0.
8.655	0.
8.66	0.
8.665	0.
8.67	0.
8.674999999999999	0.
8.68	0.
8.684999999999999	0.
8.69	0.
8.695	0.
8.7	0.
8.705	0.
8.709999999999999	0.
8.715	0.
8.719999999999999	0.
8.725	0.
8.73	0.
8.735	0.
8.74	0.
8.745	0.
8.75	0.
8.754999999999999	0.
8.76	0.
8.765	0.
8.77	0.
8.775	0.
8.78	0.
8.785	0.
8.79	0.
8.795	0.
8.799999999999999	0.
8.805	0.
8.809999999999999	0.
8.815	0.
8.82	0.
8.825	0.
8.83	0.
8.834999999999999	0.
8.84	0.
8.844999999999999	0.
8.85	0.
8.855	0.
8.86	0.
8.865	0.
8.87	0.
8.875	0.
8.879999999999999	0.
8.885	0.
8.89	0.
8.895	0.
8.9	0.
8.905	0.
8.91	0.
8.915	0.
8.92	0.
8.924999999999999	0.
8.93	0.
8.934999999999999	0.
8.94	0.
8.945	0.
8.95	0.
8.955	0.
8.959999999999999	0.
8.965	0.
8.969999999999999	0.
8.975	0.
8.98	0.
8.985	0.
8.99	0.
8.995	0.
9.	0.
9.004999999999999	0.
9.01	0.
9.015	0.
9.02	0.
9.025	0.
9.03	0.
9.035	0.
9.04	0.
9.045	0.
9.049999999999999	0.
9.055	0.
9.059999999999999	0.
9.065	0.
9.07	0.
9.075	0.
9.08	0.
9.084999999999999	0.
9.09	0.
9.094999999999999	0.
9.1	0.
9.105	0.
9.11	0.
9.115	0.
9.12	0.
9.125	0.
9.129999999999999	0.
9.135	0.
9.14	0.
9.145	0.
9.15	0.
9.155	0.
9.16	0.
9.165	0.
9.17	0.
9.174999999999999	0.
9.18	0.
9.184999999999999	0.
9.19	0.
9.195	0.
9.2	0.
9.205	0.
9.209999999999999	0.
9.215	0.
9.219999999999999	0.
9.225	0.
9.23	0.
9.235	0.
9.24	0.
9.245	0.
9.25	0.
9.254999999999999	0.
9.26	0.
9.265	0.
9.27	0.
9.275	0.
9.28	0.
9.285	0.
9.29	0.
9.295	0.
9.299999999999999	0.
9.305	0.
9.309999999999999	0.
9.315	0.
9.32	0.
9.325	0.
9.33	0.
9.334999999999999	0.
9.34	0.
9.344999999999999	0.
9.35	0.
9.355	0.
9.36	0.
9.365	0.
9.37	0.
9.375	0.
9.379999999999999	0.
9.385	0.
9.39	0.
9.395	0.
9.4	0.
9.405	0.
9.41	0.
9.415	0.
9.42	0.
9.424999999999999	0.
9.43	0.
9.434999999999999	0.
9.44	0.
9.445	0.
9.45	0.
9.455	0.
9.459999999999999	0.
9.465	0.
9.469999999999999	0.
9.475	0.
9.48	0.
9.485	0.
9.49	0.
9.495	0.
9.5	0.
9.504999999999999	0.
9.51	0.
9.515	0.
9.52	0.
9.525	0.
9.53	0.
9.535	0.
9.54	0.
9.545	0.
9.549999999999999	0.
9.555	0.
9.559999999999999	0.
9.565	0.
9.57	0.
9.575	0.
9.58	0.
9.584999999999999	0.
9.59	0.
9.594999999999999	0.
9.6	0.
9.605	0.
9.61	0.
9.615	0.
9.62	0.
9.625	0.
9.629999999999999	0.
9.635	0.
9.64	0.
9.645	0.
9.65	0.
9.655	0.
9.66	0.
9.665	0.
9.67	0.
9.674999999999999	0.
9.68	0.
9.684999999999999	0.
9.69	0.
9.695	0.
9.7	0.
9.705	0.
9.709999999999999	0.
9.715	0.
9.719999999999999	0.
9.725	0.
9.73	0.
9.735	0.
9.74	0.
9.745	0.
9.75	0.
9.754999999999999	0.
9.76	0.
9.765	0.
9.77	0.
9.774999999999999	0.
9.78	0.
9.785	0.
9.79	0.
9.795	0.
9.8	0.
9.805	0.
9.809999999999999	0.
9.815	0.
9.82	0.
9.825	0.
9.83	0.
9.834999999999999	0.
9.84	0.
9.844999999999999	0.
9.85	0.
9.855	0.
9.86	0.
9.865	0.
9.87	0.
9.875	0.
9.879999999999999	0.
9.885	0.
9.89	0.
9.895	0.
9.899999999999999	0.
9.905	0.
9.91	0.
9.915	0.
9.92	0.
9.925	0.
9.93	0.
9.934999999999999	0.
9.94	0.
9.945	0.
9.95	0.
9.955	0.
9.959999999999999	0.
9.965	0.
9.969999999999999	0.
9.975	0.
9.98	0.
9.985	0.
9.99	0.
9.995	0.
10.	0.
10.004999999999999	0.
10.01	0.
10.015	0.
10.02	0.
10.024999999999999	0.
10.03	0.
10.035	0.
10.04	0.
10.045	0.
10.05	0.
10.055	0.
10.059999999999999	0.
10.065	0.
10.07	0.
10.075	0.
10.08	0.
10.084999999999999	0.
10.09	0.
10.094999999999999	0.
10.1	0.
10.105	0.
10.11	0.
10.115	0.
10.12	0.
10.125	0.
10.129999999999999	0.
10.135	0.
10.14	0.
10.145	0.
10.149999999999999	0.
10.155	0.
10.16	0.
10.165	0.
10.17	0.
10.175	0.
10.18	0.
10.184999999999999	0.
10.19	0.
10.195	0.
10.2	0.
10.205	0.
10.209999999999999	0.
10.215	0.
10.219999999999999	0.
10.225	0.
10.23	0.
10.235	0.
10.24	0.
10.245000000000001	0.
10.250000000000002	0.
10.255	0.
10.260000000000002	0.
10.265	0.
10.270000000000001	0.
10.275	0.
10.280000000000001	0.
10.285	0.
10.290000000000001	0.
10.295000000000002	0.
10.3	0.
10.305000000000001	0.
10.31	0.
10.315000000000001	0.
10.32	0.
10.325000000000001	0.
10.330000000000002	0.
10.335	0.
10.340000000000002	0.
10.345	0.
10.350000000000001	0.
10.355	0.
10.360000000000001	0.
10.365	0.
10.370000000000001	0.
10.375000000000002	0.
10.38	0.
10.385000000000002	0.
10.39	0.
10.395000000000001	0.
10.4	0.
10.405000000000001	0.
10.41	0.
10.415000000000001	0.
10.420000000000002	0.
10.425	0.
10.430000000000001	0.
10.435	0.
10.440000000000001	0.
10.445	0.
10.450000000000001	0.
10.455000000000002	0.
10.46	0.
10.465000000000002	0.
10.47	0.
10.475000000000001	0.
10.48	0.
10.485000000000001	0.
10.49	0.
10.495000000000001	0.
10.500000000000002	0.
10.505	0.
10.510000000000002	0.
10.515	0.
10.520000000000001	0.
10.525	0.
10.530000000000001	0.
10.535	0.
10.540000000000001	0.
10.545000000000002	0.
10.55	0.
10.555000000000001	0.
10.56	0.
10.565000000000001	0.
10.57	0.
10.575000000000001	0.
10.580000000000002	0.
10.585	0.
10.590000000000002	0.
10.595	0.
10.600000000000001	0.
10.605	0.
10.610000000000001	0.
10.615	0.
10.620000000000001	0.
10.625000000000002	0.
10.63	0.
10.635000000000002	0.
10.64	0.
10.645000000000001	0.
10.65	0.
10.655000000000001	0.
10.66	0.
10.665000000000001	0.
10.670000000000002	0.
10.675	0.
10.680000000000001	0.
10.685	0.
10.690000000000001	0.
10.695	0.
10.700000000000001	0.
10.705000000000002	0.
10.71	0.
10.715000000000002	0.
10.72	0.
10.725000000000001	0.
10.73	0.
10.735000000000001	0.
10.74	0.
10.745000000000001	0.
10.750000000000002	0.
10.755	0.
10.760000000000002	0.
10.765	0.
10.770000000000001	0.
10.775	0.
10.780000000000001	0.
10.785	0.
10.790000000000001	0.
10.795000000000002	0.
10.8	0.
10.805000000000001	0.
10.81	0.
10.815000000000001	0.
10.82	0.
10.825000000000001	0.
10.830000000000002	0.
10.835	0.
10.840000000000002	0.
10.845	0.
10.850000000000001	0.
10.855	0.
10.860000000000001	0.
10.865	0.
10.870000000000001	0.
10.875000000000002	0.
10.88	0.
10.885000000000002	0.
10.89	0.
10.895000000000001	0.
10.9	0.
10.905000000000001	0.
10.91	0.
10.915000000000001	0.
10.920000000000002	0.
10.925	0.
10.930000000000001	0.
10.935	0.
10.940000000000001	0.
10.945	0.
10.950000000000001	0.
10.955000000000002	0.
10.96	0.
10.965000000000002	0.
10.97	0.
10.975000000000001	0.
10.98	0.
10.985000000000001	0.
10.99	0.
10.995000000000001	0.
11.000000000000002	0.
11.005	0.
11.010000000000002	0.
11.015	0.
11.020000000000001	0.
11.025	0.
11.030000000000001	0.
11.035	0.
11.040000000000001	0.
11.045000000000002	0.
11.05	0.
11.055000000000001	0.
11.06	0.
11.065000000000001	0.
11.07	0.
11.075000000000001	0.
11.080000000000002	0.
11.085	0.
11.090000000000002	0.
11.095	0.
11.100000000000001	0.
11.105	0.
11.110000000000001	0.
11.115	0.
11.120000000000001	0.
11.125000000000002	0.
11.13	0.
11.135000000000002	0.
11.14	0.
11.145000000000001	0.
11.15	0.
11.155000000000001	0.
11.16	0.
11.165000000000001	0.
11.170000000000002	0.
11.175	0.
11.180000000000001	0.
11.185	0.
11.190000000000001	0.
11.195	0.
11.200000000000001	0.
11.205000000000002	0.
11.21	0.
11.215000000000002	0.
11.22	0.
11.225000000000001	0.
11.23	0.
11.235000000000001	0.
11.24	0.
11.245000000000001	0.
11.250000000000002	0.
11.255	0.
11.260000000000002	0.
11.265	0.
11.270000000000001	0.
11.275	0.
11.280000000000001	0.
11.285	0.
11.290000000000001	0.
11.295000000000002	0.
11.3	0.
11.305000000000001	0.
11.31	0.
11.315000000000001	0.
11.32	0.
11.325000000000001	0.
11.330000000000002	0.
11.335	0.
11.340000000000002	0.
11.345	0.
11.350000000000001	0.
11.355	0.
11.360000000000001	0.
11.365000000000002	0.
11.370000000000001	0.
11.375000000000002	0.
11.38	0.
11.385000000000002	0.
11.39	0.
11.395000000000001	0.
11.4	0.
11.405000000000001	0.
11.41	0.
11.415000000000001	0.
11.420000000000002	0.
11.425	0.
11.430000000000001	0.
11.435	0.
11.440000000000001	0.
11.445	0.
11.450000000000001	0.
11.455000000000002	0.
11.46	0.
11.465000000000002	0.
11.47	0.
11.475000000000001	0.
11.48	0.
11.485000000000001	0.
11.490000000000002	0.
11.495000000000001	0.
11.500000000000002	0.
11.505	0.
11.510000000000002	0.
11.515	0.
11.520000000000001	0.
11.525	0.
11.530000000000001	0.
11.535	0.
11.540000000000001	0.
11.545000000000002	0.
11.55	0.
11.555000000000001	0.
11.56	0.
11.565000000000001	0.
11.57	0.
11.575000000000001	0.
11.580000000000002	0.
11.585	0.
11.590000000000002	0.
11.595	0.
11.600000000000001	0.
11.605	0.
11.610000000000001	0.
11.615000000000002	0.
11.620000000000001	0.
11.625000000000002	0.
11.63	0.
11.635000000000002	0.
11.64	0.
11.645000000000001	0.
11.65	0.
11.655000000000001	0.
11.66	0.
11.665000000000001	0.
11.670000000000002	0.
11.675	0.
11.680000000000001	0.
11.685	0.
11.690000000000001	0.
11.695	0.
11.700000000000001	0.
11.705000000000002	0.
11.71	0.
11.715000000000002	0.
11.72	0.
11.725000000000001	0.
11.73	0.
11.735000000000001	0.
11.740000000000002	0.
11.745000000000001	0.
11.750000000000002	0.
11.755	0.
11.760000000000002	0.
11.765	0.
11.770000000000001	0.
11.775	0.
11.780000000000001	0.
11.785	0.
11.790000000000001	0.
11.795000000000002	0.
11.8	0.
11.805000000000001	0.
11.81	0.
11.815000000000001	0.
11.82	0.
11.825000000000001	0.
11.830000000000002	0.
11.835	0.
11.840000000000002	0.
11.845	0.
11.850000000000001	0.
11.855	0.
11.860000000000001	0.
11.865000000000002	0.
11.870000000000001	0.
11.875000000000002	0.
11.88	0.
11.885000000000002	0.
11.89	0.
11.895000000000001	0.
11.9	0.
11.905000000000001	0.
11.91	0.
11.915000000000001	0.
11.920000000000002	0.
11.925	0.
11.930000000000001	0.
11.935	0.
11.940000000000001	0.
11.945	0.
11.950000000000001	0.
11.955000000000002	0.
11.96	0.
11.965000000000002	0.
11.97	0.
11.975000000000001	0.
11.98	0.
11.985000000000001	0.
11.990000000000002	0.
11.995000000000001	0.
12.000000000000002	0.
12.005	0.
12.010000000000002	0.
12.015	0.
12.020000000000001	0.
12.025	0.
12.030000000000001	0.
12.035	0.
12.040000000000001	0.
12.045000000000002	0.
12.05	0.
12.055000000000001	0.
12.06	0.
12.065000000000001	0.
12.07	0.
12.075000000000001	0.
12.080000000000002	0.
12.085	0.
12.090000000000002	0.
12.095	0.
12.100000000000001	0.
12.105	0.
12.110000000000001	0.
12.115000000000002	0.
12.120000000000001	0.
12.125000000000002	0.
12.13	0.
12.135000000000002	0.
12.14	0.
12.145000000000001	0.
12.15	0.
12.155000000000001	0.
12.16	0.
12.165000000000001	0.
12.170000000000002	0.
12.175	0.
12.180000000000001	0.
12.185	0.
12.190000000000001	0.
12.195	0.
12.200000000000001	0.
12.205000000000002	0.
12.21	0.
12.215000000000002	0.
12.22	0.
12.225000000000001	0.
12.23	0.
12.235000000000001	0.
12.240000000000002	0.
12.245000000000001	0.
12.25	0.
12.255	0.
12.260000000000002	0.
12.265	0.
12.270000000000001	0.
12.275000000000002	0.
12.280000000000001	0.
12.285	0.
12.290000000000001	0.
12.295000000000002	0.
12.3	0.
12.305000000000001	0.
12.31	0.
12.315000000000001	0.
12.32	0.
12.325000000000001	0.
12.330000000000002	0.
12.335	0.
12.340000000000002	0.
12.345	0.
12.350000000000001	0.
12.355	0.
12.360000000000001	0.
12.365000000000002	0.
12.370000000000001	0.
12.375	0.
12.38	0.
12.385000000000002	0.
12.39	0.
12.395000000000001	0.
12.400000000000002	0.
12.405000000000001	0.
12.41	0.
12.415000000000001	0.
12.420000000000002	0.
12.425	0.
12.430000000000001	0.
12.435	0.
12.440000000000001	0.
12.445	0.
12.450000000000001	0.
12.455000000000002	0.
12.46	0.
12.465000000000002	0.
12.47	0.
12.475000000000001	0.
12.48	0.
12.485000000000001	0.
12.490000000000002	0.
12.495000000000001	0.
12.5	0.
12.505	0.
12.510000000000002	0.
12.515	0.
12.520000000000001	0.
12.525000000000002	0.
12.530000000000001	0.
12.535	0.
12.540000000000001	0.
12.545000000000002	0.
12.55	0.
12.555000000000001	0.
12.56	0.
12.565000000000001	0.
12.57	0.
12.575000000000001	0.
12.580000000000002	0.
12.585	0.
12.590000000000002	0.
12.595	0.
12.600000000000001	0.
12.605	0.
12.610000000000001	0.
12.615000000000002	0.
12.620000000000001	0.
12.625	0.
12.63	0.
12.635000000000002	0.
12.64	0.
12.645000000000001	0.
12.650000000000002	0.
12.655000000000001	0.
12.66	0.
12.665000000000001	0.
12.670000000000002	0.
12.675	0.
12.680000000000001	0.
12.685	0.
12.690000000000001	0.
12.695	0.
12.700000000000001	0.
12.705000000000002	0.
12.71	0.
12.715000000000002	0.
12.72	0.
12.725000000000001	0.
12.73	0.
12.735000000000001	0.
12.740000000000002	0.
12.745000000000001	0.
12.75	0.
12.755	0.
12.760000000000002	0.
12.765	0.
12.770000000000001	0.
12.775000000000002	0.
12.780000000000001	0.
12.785	0.
12.790000000000001	0.
12.795000000000002	0.
12.8	0.
12.805000000000001	0.
12.810000000000002	0.
12.815000000000001	0.
12.820000000000002	0.
12.825000000000001	0.
12.830000000000002	0.
12.835	0.
12.840000000000002	0.
12.845	0.
12.850000000000001	0.
12.855000000000002	0.
12.860000000000001	0.
12.865000000000002	0.
12.870000000000001	0.
12.875000000000002	0.
12.88	0.
12.885000000000002	0.
12.890000000000002	0.
12.895000000000001	0.
12.900000000000002	0.
12.905000000000001	0.
12.910000000000002	0.
12.915000000000001	0.
12.920000000000002	0.
12.925	0.
12.930000000000001	0.
12.935000000000002	0.
12.940000000000001	0.
12.945000000000002	0.
12.950000000000001	0.
12.955000000000002	0.
12.96	0.
12.965000000000002	0.
12.97	0.
12.975000000000001	0.
12.980000000000002	0.
12.985000000000001	0.
12.990000000000002	0.
12.995000000000001	0.
13.000000000000002	0.
13.005	0.
13.010000000000002	0.
13.015000000000002	0.
13.020000000000001	0.
13.025000000000002	0.
13.030000000000001	0.
13.035000000000002	0.
13.040000000000001	0.
13.045000000000002	0.
13.05	0.
13.055000000000001	0.
13.060000000000002	0.
13.065000000000001	0.
13.070000000000002	0.
13.075000000000001	0.
13.080000000000002	0.
13.085	0.
13.090000000000002	0.
13.095	0.
13.100000000000001	0.
13.105000000000002	0.
13.110000000000001	0.
13.115000000000002	0.
13.120000000000001	0.
13.125000000000002	0.
13.13	0.
13.135000000000002	0.
13.140000000000002	0.
13.145000000000001	0.
13.150000000000002	0.
13.155000000000001	0.
13.160000000000002	0.
13.165000000000001	0.
13.170000000000002	0.
13.175	0.
13.180000000000001	0.
13.185000000000002	0.
13.190000000000001	0.
13.195000000000002	0.
13.200000000000001	0.
13.205000000000002	0.
13.21	0.
13.215000000000002	0.
13.220000000000002	0.
13.225000000000001	0.
13.230000000000002	0.
13.235000000000001	0.
13.240000000000002	0.
13.245000000000001	0.
13.250000000000002	0.
13.255	0.
13.260000000000002	0.
13.265000000000002	0.
13.270000000000001	0.
13.275000000000002	0.
13.280000000000001	0.
13.285000000000002	0.
13.290000000000001	0.
13.295000000000002	0.
13.3	0.
13.305000000000001	0.
13.310000000000002	0.
13.315000000000001	0.
13.320000000000002	0.
13.325000000000001	0.
13.330000000000002	0.
13.335	0.
13.340000000000002	0.
13.345000000000002	0.
13.350000000000001	0.
13.355000000000002	0.
13.360000000000001	0.
13.365000000000002	0.
13.370000000000001	0.
13.375000000000002	0.
13.38	0.
13.385000000000002	0.
13.39	0.
13.395000000000001	0.
13.400000000000002	0.
13.405000000000001	0.
13.410000000000002	0.
13.415000000000001	0.
13.420000000000002	0.
13.425	0.
13.430000000000001	0.
13.435000000000002	0.
13.440000000000001	0.
13.445000000000002	0.
13.450000000000001	0.
13.455000000000002	0.
13.46	0.
13.465000000000002	0.
13.470000000000002	0.
13.475000000000001	0.
13.480000000000002	0.
13.485000000000001	0.
13.490000000000002	0.
13.495000000000001	0.
13.500000000000002	0.
13.505	0.
13.510000000000002	0.
13.515	0.
13.520000000000001	0.
13.525000000000002	0.
13.530000000000001	0.
13.535000000000002	0.
13.540000000000001	0.
13.545000000000002	0.
13.55	0.
13.555000000000001	0.
13.560000000000002	0.
13.565000000000001	0.
13.570000000000002	0.
13.575000000000001	0.
13.580000000000002	0.
13.585	0.
13.590000000000002	0.
13.595000000000002	0.
13.600000000000001	0.
13.605000000000002	0.
13.610000000000001	0.
13.615000000000002	0.
13.620000000000001	0.
13.625000000000002	0.
13.63	0.
13.635000000000002	0.
13.64	0.
13.645000000000001	0.
13.650000000000002	0.
13.655000000000001	0.
13.660000000000002	0.
13.665000000000001	0.
13.670000000000002	0.
13.675	0.
13.680000000000001	0.
13.685000000000002	0.
13.690000000000001	0.
13.695000000000002	0.
13.700000000000001	0.
13.705000000000002	0.
13.71	0.
13.715000000000002	0.
13.720000000000002	0.
13.725000000000001	0.
13.730000000000002	0.
13.735000000000001	0.
13.740000000000002	0.
13.745000000000001	0.
13.750000000000002	0.
13.755	0.
13.760000000000002	0.
13.765	0.
13.770000000000001	0.
13.775000000000002	0.
13.780000000000001	0.
13.785000000000002	0.
13.790000000000001	0.
13.795000000000002	0.
13.8	0.
13.805000000000001	0.
13.810000000000002	0.
13.815000000000001	0.
13.820000000000002	0.
13.825000000000001	0.
13.830000000000002	0.
13.835	0.
13.840000000000002	0.
13.845000000000002	0.
13.850000000000001	0.
13.855000000000002	0.
13.860000000000001	0.
13.865000000000002	0.
13.870000000000001	0.
13.875000000000002	0.
13.88	0.
13.885000000000002	0.
13.89	0.
13.895000000000001	0.
13.900000000000002	0.
13.905000000000001	0.
13.910000000000002	0.
13.915000000000001	0.
13.920000000000002	0.
13.925	0.
13.930000000000001	0.
13.935000000000002	0.
13.940000000000001	0.
13.945000000000002	0.
13.950000000000001	0.
13.955000000000002	0.
13.96	0.
13.965000000000002	0.
13.970000000000002	0.
13.975000000000001	0.
13.980000000000002	0.
13.985000000000001	0.
13.990000000000002	0.
13.995000000000001	0.
14.	0.