0.005	0.
0.01	0.
0.015	0.
0.02	0.
0.025	0.
0.030000000000000002	0.
0.034999999999999996	0.
0.04	0.
0.045	0.
0.049999999999999996	0.
0.055	0.
0.06	0.
0.065	0.
0.07	0.
0.07500000000000001	0.
0.08	0.
0.085	0.
0.09000000000000001	0.
0.095	0.
0.1	0.
0.10500000000000001	0.
0.11	0.
0.115	0.
0.12000000000000001	0.
0.125	0.
0.13	0.
0.135	0.
0.14	0.
0.14500000000000002	0.
0.15	0.
0.155	0.
0.16	0.
0.165	0.
0.17	0.
0.17500000000000002	0.06965199242530853
0.18000000000000002	0.10059566103317637
0.185	0.12169275195332817
0.19	0.1377989834824811
0.195	0.1507208569062559
0.2	0.16138444992604672
0.20500000000000002	0.17034545939177076
0.21000000000000002	0.1779706344941815
0.215	0.1845179677949215
0.22	0.19017741529725768
0.225	0.19509369327711876
0.23	0.19938000368560743
0.23500000000000001	0.2031267771665653
0.24000000000000002	0.20640749857158544
0.245	0.2092827335995803
0.25	0.2118029981171424
0.255	0.21401085591239655
0.26	0.21594248625576803
0.265	0.21762887753365476
0.27	0.2190967511463266
0.275	0.22036928694972485
0.28	0.2214667001213935
0.28500000000000003	0.2224067050630073
0.29000000000000004	0.22320489222436057
0.295	0.22387503696744415
0.3	0.22442935479728018
0.305	0.22487871383677913
0.31	0.2252328129027557
0.315	0.22550033167403802
0.32	0.22568905804350034
0.325	0.22580599668486231
0.33	0.22585746205217117
0.335	0.2258491584008767
0.34	0.22578624892838106
0.34500000000000003	0.22567341574547842
0.35000000000000003	0.22551491208344038
0.35500000000000004	0.22531460789661095
0.36	0.22507602982325384
0.365	0.22480239630792284
0.37	0.2244966485587605
0.375	0.2241614779067421
0.38	0.22379935004641013
0.385	0.22341252656516836
0.39	0.22300308410813974
0.395	0.2225729314752535
0.4	0.22212382490525473
0.405	0.22165738176583435
0.41000000000000003	0.22117509283918654
0.41500000000000004	0.22067833336695028
0.42000000000000004	0.2201683729969348
0.425	0.21964638475559253
0.43	0.21911345315448486
0.435	0.21857058152544356
0.44	0.21801869866753132
0.445	0.21745866487878843
0.45	0.2168912774371215
0.455	0.21631727558710667
0.46	0.21573734508295583
0.465	0.215152122332127
0.47000000000000003	0.21456219817911962
0.47500000000000003	0.21396812136456184
0.48000000000000004	0.213370401690928
0.485	0.21276951292278914
0.49	0.21216589544658823
0.495	0.2115599587122464
0.5	0.21095208347667876
0.505	0.21034262386713465
0.51	0.20973190928059973
0.515	0.209120246133734
0.52	0.20850791947651398
0.525	0.2078951944813776
0.53	0.20728231781856682
0.535	0.2066695189273776
0.54	0.2060570111920001
0.545	0.20544499302997513
0.55	0.20483364890040895
0.555	0.2042231502385344
0.56	0.20361365632256248
0.5650000000000001	0.20300531507824615
0.5700000000000001	0.202398263826098
0.5750000000000001	0.20179262997578612
0.5800000000000001	0.20118853167181117
0.585	0.20058607839424206
0.59	0.1999853715179024
0.595	0.19938650483326853
0.6	0.19878956503182182
0.605	0.1981946321586461
0.61	0.19760178003458231
0.615	0.19701107665025583
0.62	0.1964225845339881
0.625	0.19583636109548297
0.63	0.19525245894703327
0.635	0.19467092620385415
0.64	0.19409180676500207
0.645	0.1935151405762561
0.65	0.1929409638762063
0.655	0.19236930942672445
0.66	0.1918002067288562
0.665	0.19123368222521372
0.67	0.1906697594896246
0.675	0.19010845940510587
0.68	0.18954980033073524
0.685	0.18899379825830198
0.6900000000000001	0.18844046695936642
0.6950000000000001	0.18788981812328182
0.7000000000000001	0.18734186148696888
0.7050000000000001	0.1867966049566817
0.71	0.18625405472260653
0.715	0.18571421536643318
0.72	0.185177089962648
0.725	0.1846426801736834
0.73	0.18411098633950465
0.735	0.1835820075618415
0.74	0.1830557417835314
0.745	0.18253218586311507
0.75	0.18201133564516395
0.755	0.18149318602642595
0.76	0.1809777310181703
0.765	0.18046496380485555
0.77	0.17995487679951516
0.775	0.17944746169575057
0.78	0.17894270951695598
0.785	0.17844061066253777
0.79	0.17794115495152288
0.795	0.17744433166374574
0.8	0.17695012957849646
0.805	0.17645853701119218
0.81	0.17596954184774624
0.8150000000000001	0.17548313157708245
0.8200000000000001	0.17499929332176353
0.8250000000000001	0.17451801386689123
0.8300000000000001	0.1740392796873463
0.8350000000000001	0.17356307697342194
0.84	0.17308939165509069
0.845	0.1726182094248564
0.85	0.1721495157592157
0.855	0.17168329593900308
0.86	0.17121953506854326
0.865	0.170758218093633
0.87	0.17029932981862286
0.875	0.1698428549223617
0.88	0.1693887779733697
0.885	0.16893708344398534
0.89	0.16848775572385527
0.895	0.16804077913253235
0.9	0.16759613793125536
0.905	0.16715381633436635
0.91	0.1667137985195572
0.915	0.16627606863800262
0.92	0.16584061082359444
0.925	0.16540740920167013
0.93	0.16497644789729685
0.935	0.16454771104298183
0.9400000000000001	0.16412118278598342
0.9450000000000001	0.16369684729507133
0.9500000000000001	0.16327468876687512
0.9550000000000001	0.16285469143204973
0.9600000000000001	0.16243683956066302
0.965	0.1620211174677241
0.97	0.16160750951794997
0.975	0.16119600013020954
0.98	0.1607865737821764
0.985	0.16037921501406868
0.99	0.1599739084325238
0.995	0.15957063871398805
1.	0.15916939060804172
1.005	0.15877014894037647
1.01	0.15837289861551057
1.015	0.15797762461945988
1.02	0.15758431202259984
1.025	0.15719294597508157
1.0299999999999998	0.1568035117402357
1.035	0.15641599462579953
1.0399999999999998	0.15603038007287298
1.045	0.15564665359745344
1.0499999999999998	0.15526480081384314
1.055	0.1548848074310071
1.0599999999999998	0.1545066592549801
1.065	0.15413034219148744
1.0699999999999998	0.15375584224376598
1.075	0.15338314551593282
1.0799999999999998	0.1530122382122417
1.085	0.15264310663843833
1.0899999999999999	0.1522757372020499
1.095	0.151910116412767
1.0999999999999999	0.15154623088310684
1.105	0.15118406732833778
1.1099999999999999	0.1508236125670388
1.115	0.15046485352110875
1.1199999999999999	0.15010777721589239
1.125	0.14975237078028977
1.13	0.1493986214465868
1.135	0.14904651655061546
1.14	0.14869604353142746
1.145	0.14834718993125295
1.15	0.14799994339537362
1.155	0.14765429167160002
1.16	0.14731022261026794
1.1649999999999998	0.14696772416385356
1.17	0.1466267843864999
1.1749999999999998	0.14628739143378666
1.18	0.14594953356226084
1.1849999999999998	0.1456131991288545
1.19	0.14527837659072432
1.1949999999999998	0.14494505450447345
1.2	0.1446132215257668
1.2049999999999998	0.14428286640876462
1.21	0.14395397800560208
1.2149999999999999	0.14362654526582175
1.22	0.14330055723565943
1.2249999999999999	0.1429760030576055
1.23	0.14265287196971782
1.2349999999999999	0.1423311533049632
1.24	0.14201083649063917
1.2449999999999999	0.141691911047628
1.25	0.14137436658983185
1.255	0.1410581928234119
1.26	0.14074337954615512
1.265	0.14042991664680704
1.27	0.1401177941043271
1.275	0.13980700198720625
1.28	0.1394975304527275
1.285	0.13918936974634707
1.2899999999999998	0.13888251020088033
1.295	0.13857694223584796
1.2999999999999998	0.13827265635670125
1.305	0.13796964315418345
1.3099999999999998	0.13766789330347198
1.315	0.13736739756362734
1.3199999999999998	0.13706814677671073
1.325	0.1367701318671346
1.3299999999999998	0.13647334384095183
1.335	0.1361777737850441
1.3399999999999999	0.13588341286651576
1.345	0.13559025233186056
1.3499999999999999	0.13529828350632242
1.355	0.13500749779317195
1.3599999999999999	0.13471788667286652
1.365	0.13442944170250698
1.3699999999999999	0.13414215451500344
1.375	0.1338560168184442
1.38	0.13357102039530913
1.385	0.133287157101858
1.39	0.13300441886733086
1.395	0.1327227976933421
1.4	0.13244228565310928
1.405	0.13216287489084788
1.41	0.1318845576209818
1.4149999999999998	0.13160732612759396
1.42	0.131331172763601
1.4249999999999998	0.13105608995023896
1.43	0.13078207017623553
1.4349999999999998	0.13050910599728902
1.44	0.13023719003530837
1.4449999999999998	0.12996631497784042
1.45	0.12969647357733272
1.4549999999999998	0.12942765865057904
1.46	0.1291598630780287
1.4649999999999999	0.12889307980317274
1.47	0.12862730183189447
1.4749999999999999	0.1283625222318592
1.48	0.12809873413191497
1.4849999999999999	0.12783593072147945
1.49	0.12757410524987053
1.4949999999999999	0.12731325102579097
1.5	0.12705336141666887
1.505	0.12679442984809616
1.51	0.1265364498032285
1.515	0.126279414822252
1.52	0.1260233185016996
1.525	0.12576815449401532
1.53	0.1255139165068608
1.535	0.12526059830267386
1.54	0.1250081936980058
1.545	0.1247566965630939
1.5499999999999998	0.12450610082116738
1.555	0.12425640044806796
1.5599999999999998	0.1240075894715684
1.565	0.12375966197098562
1.5699999999999998	0.12351261207652899
1.575	0.12326643396888251
1.5799999999999998	0.12302112187863849
1.585	0.12277667008579898
1.5899999999999999	0.12253307291929476
1.595	0.1222903247564687
1.5999999999999999	0.12204842002257366
1.605	0.12180735319033577
1.6099999999999999	0.12156711877939246
1.615	0.12132771135591199
1.6199999999999999	0.12108912553202007
1.625	0.12085135596543013
1.63	0.12061439735891125
1.635	0.1203782444598504
1.64	0.12014289205983765
1.645	0.11990833499413532
1.65	0.11967456814134497
1.655	0.11944158642286913
1.66	0.11920938480252076
1.665	0.11897795828612066
1.67	0.11874730192101084
1.6749999999999998	0.11851741079569886
1.68	0.11828828003939186
1.6849999999999998	0.1180599048216295
1.69	0.11783228035182067
1.6949999999999998	0.11760540187892865
1.7	0.11737926469096703
1.7049999999999998	0.11715386411469673
1.71	0.11692919551517705
1.7149999999999999	0.11670525429542687
1.72	0.11648203589599661
1.7249999999999999	0.1162595357946401
1.73	0.11603774950591635
1.7349999999999999	0.11581667258079448
1.74	0.11559630060635696
1.7449999999999999	0.11537662920537564
1.75	0.1151576540359974
1.755	0.11493937079136086
1.76	0.11472177519925414
1.765	0.11450486302180782
1.77	0.11428863005509135
1.775	0.11407307212883569
1.78	0.11385818510604229
1.785	0.11364396488270684
1.79	0.11343040738744344
1.795	0.11321750858121661
1.7999999999999998	0.11300526445697669
1.805	0.11279367103935913
1.8099999999999998	0.11258272438437307
1.815	0.1123724205790805
1.8199999999999998	0.11216275574131891
1.825	0.11195372601939453
1.8299999999999998	0.11174532759174167
1.835	0.11153755666666244
1.8399999999999999	0.11133040948204465
1.845	0.11112388230504486
1.8499999999999999	0.11091797143181749
1.855	0.11071267318722845
1.8599999999999999	0.11050798392458588
1.865	0.11030390002533795
1.8699999999999999	0.11010041789882276
1.875	0.10989753398198819
1.88	0.10969524473913429
1.885	0.10949354666161147
1.89	0.10929243626763926
1.895	0.10909191010194255
1.9	0.10889196473559112
1.905	0.10869259676566309
1.91	0.10849380281507148
1.915	0.10829557953225498
1.92	0.10809792359097802
1.9249999999999998	0.10790083169004508
1.93	0.10770430055310973
1.9349999999999998	0.10750832692838232
1.94	0.10731290758845323
1.9449999999999998	0.1071180393300118
1.95	0.1069237189736505
1.9549999999999998	0.10672994336361155
1.96	0.10653670936758543
1.9649999999999999	0.10634401387646684
1.97	0.10615185380416638
1.9749999999999999	0.1059602260873503
1.98	0.10576912768527187
1.9849999999999999	0.10557855557951422
1.99	0.10538850677379617
1.9949999999999999	0.10519897829380788
2.	0.10500996718691012
2.005	0.10482147052203818
2.01	0.10463348538942452
2.015	0.10444600890039998
2.02	0.10425903818725597
2.025	0.10407257040301325
2.03	0.10388660272119526
2.035	0.1037011323357088
2.04	0.10351615646058504
2.045	0.10333167232984501
2.05	0.10314767719728617
2.0549999999999997	0.10296416833630463
2.06	0.10278114303971364
2.065	0.10259859861959036
2.07	0.10241653240704007
2.0749999999999997	0.10223494175209971
2.08	0.10205382402347599
2.085	0.10187317660844004
2.09	0.10169299691264756
2.0949999999999998	0.10151328235994524
2.1	0.10133403039221446
2.105	0.1011552384692289
2.11	0.10097690406845866
2.1149999999999998	0.10079902468492208
2.12	0.10062159783104949
2.125	0.10044462103648434
2.13	0.10026809184795668
2.135	0.10009200782911487
2.14	0.09991636656036498
2.145	0.09974116563877536
2.15	0.09956640267782647
2.155	0.09939207530735224
2.16	0.09921818117336946
2.165	0.09904471793788709
2.17	0.09887168327883315
2.175	0.09869907488987724
2.18	0.09852689048026339
2.185	0.09835512777472144
2.19	0.09818378451330051
2.195	0.09801285845124673
2.1999999999999997	0.09784234735885129
2.205	0.09767224902132009
2.21	0.09750256123865586
2.215	0.09733328182552692
2.2199999999999998	0.09716440861111267
2.225	0.09699593943899909
2.23	0.09682787216705
2.235	0.09666020466726322
2.2399999999999998	0.09649293482566822
2.245	0.09632606054219149
2.25	0.09615957973054573
2.255	0.09599349031807619
2.26	0.09582779024568822
2.265	0.09566247746769667
2.27	0.09549754995172884
2.275	0.09533300567856867
2.28	0.09516884264211219
2.285	0.09500505884918417
2.29	0.09484165231945364
2.295	0.09467862108534851
2.3	0.09451596319189506
2.305	0.09435367669665085
2.31	0.0941917596695502
2.315	0.0940302101928733
2.32	0.09386902636105206
2.3249999999999997	0.09370820628062917
2.33	0.09354774807012624
2.335	0.09338764985993851
2.34	0.09322790979225848
2.3449999999999998	0.09306852602094597
2.35	0.09290949671143581
2.355	0.09275082004064962
2.36	0.09259249419689108
2.3649999999999998	0.0924345173797486
2.37	0.09227688780000257
2.375	0.09211960367951948
2.38	0.09196266325117337
2.385	0.09180606475874131
2.39	0.09164980645680774
2.395	0.09149388661069151
2.4	0.09133830349634509
2.405	0.09118305540025226
2.41	0.09102814061935607
2.415	0.090873557460972
2.42	0.09071930424266948
2.425	0.09056537929223957
2.43	0.09041178094756366
2.435	0.09025850755654187
2.44	0.09010555747702037
2.445	0.08995292907670181
2.4499999999999997	0.08980062073305009
2.455	0.08964863083322257
2.46	0.08949695777399541
2.465	0.0893455999616611
2.4699999999999998	0.08919455581197944
2.475	0.08904382375005698
2.48	0.08889340221032242
2.485	0.08874328963639817
2.4899999999999998	0.0885934844810638
2.495	0.08844398520614338
2.5	0.08829479028247661
2.505	0.08814589818980073
2.51	0.08799730741669541
2.515	0.08784901646051586
2.52	0.08770102382730528
2.525	0.08755332803174108
2.53	0.08740592759704899
2.535	0.08725882105494144
2.54	0.08711200694553863
2.545	0.0869654838173163
2.55	0.08681925022701403
2.555	0.08667330473958895
2.56	0.08652764592813603
2.565	0.08638227237383123
2.57	0.08623718266584884
2.5749999999999997	0.08609237540130517
2.58	0.08594784918522283
2.585	0.0858036026304007
2.59	0.08565963435741329
2.5949999999999998	0.08551594299451833
2.6	0.08537252717758978
2.605	0.08522938555007532
2.61	0.08508651676292953
2.6149999999999998	0.08494391947452015
2.62	0.08480159235063148
2.625	0.08465953406435117
2.63	0.08451774329602263
2.635	0.08437621873320408
2.64	0.08423495907059061
2.645	0.08409396300996924
2.65	0.0839532292601526
2.655	0.08381275653693072
2.66	0.08367254356300972
2.665	0.08353258906794515
2.67	0.08339289178812224
2.675	0.08325345046664609
2.68	0.08311426385334666
2.685	0.08297533070467537
2.69	0.08283664978368634
2.695	0.08269821985996778
2.7	0.08256003970958208
2.705	0.08242210811503511
2.71	0.0822844238652069
2.715	0.08214698575530323
2.7199999999999998	0.08200979258681686
2.725	0.08187284316745293
2.73	0.08173613631111441
2.735	0.08159967083781783
2.7399999999999998	0.08146344557366378
2.745	0.081327459350782
2.75	0.08119171100728007
2.755	0.08105619938721154
2.76	0.08092092334050609
2.765	0.0807858817229349
2.77	0.08065107339607001
2.775	0.08051649722721364
2.78	0.08038215208938627
2.785	0.08024803686125688
2.79	0.08011415042709592
2.795	0.07998049167675275
2.8	0.07984705950558493
2.8049999999999997	0.07971385281443662
2.81	0.07958087050957799
2.815	0.07944811150266591
2.82	0.07931557471071525
2.825	0.07918325905603174
2.83	0.07905116346618404
2.835	0.07891928687396575
2.84	0.07878762821734309
2.8449999999999998	0.0786561864394178
2.85	0.07852496048838867
2.855	0.07839394931750537
2.86	0.07826315188503319
2.8649999999999998	0.0781325671542063
2.87	0.07800219409319813
2.875	0.0778720316750748
2.88	0.07774207887775007
2.885	0.07761233468396482
2.89	0.07748279808122609
2.895	0.07735346806178917
2.9	0.07722434362260103
2.905	0.07709542376527465
2.91	0.07696670749605561
2.915	0.07683819382576211
2.92	0.07670988176978116
2.925	0.07658177034800698
2.9299999999999997	0.07645385858480483
2.935	0.07632614550899389
2.94	0.0761986301537909
2.945	0.07607131155679037
2.95	0.07594418875991778
2.955	0.07581726080939907
2.96	0.0756905267557261
2.965	0.07556398565362536
2.9699999999999998	0.07543763656201259
2.975	0.07531147854397499
2.98	0.07518551066671927
2.985	0.0750597320015587
2.9899999999999998	0.07493414162385635
2.995	0.07480873861301188
3.	0.07468352205241728
3.005	0.07455849102942985
3.01	0.07443364463533654
3.015	0.07430898196532147
3.02	0.07418450211844048
3.025	0.07406020419757817
3.03	0.07393608730942544
3.035	0.07381215056444475
3.04	0.07368839307683785
3.045	0.0735648139645186
3.05	0.07344141234908248
3.0549999999999997	0.07331818735576458
3.06	0.0731951381134297
3.065	0.0730722637545205
3.07	0.07294956341504641
3.075	0.07282703623454019
3.08	0.07270468135603628
3.085	0.07258249792603642
3.09	0.07246048509448744
3.0949999999999998	0.07233864201474402
3.1	0.07221696784354346
3.105	0.07209546174097811
3.11	0.07197412287047057
3.115	0.07185295039873574
3.12	0.07173194349575841
3.125	0.07161110133476585
3.13	0.07149042309220298
3.135	0.07136990794769525
3.14	0.0712495550840307
3.145	0.0711293636871272
3.15	0.07100933294601074
3.155	0.07088946205278027
3.16	0.07076975020259041
3.165	0.07065019659361692
3.17	0.07053080042703547
3.175	0.07041156090699462
3.1799999999999997	0.07029247724058155
3.185	0.07017354863781447
3.19	0.07005477431159493
3.195	0.06993615347770023
3.2	0.06981768535474467
3.205	0.0696993691641618
3.21	0.06958120413017849
3.215	0.06946318947978498
3.2199999999999998	0.06934532444271767
3.225	0.06922760825142496
3.23	0.06911004014105017
3.235	0.06899261934940405
3.24	0.06887534511693885
3.245	0.068758216686726
3.25	0.06864123330443335
3.255	0.06852439421829475
3.26	0.06840769867909442
3.265	0.06829114594013579
3.27	0.0681747352572232
3.275	0.06805846588863484
3.28	0.06794233709510014
3.285	0.06782634813977748
3.29	0.06771049828822831
3.295	0.06759478680839683
3.3	0.06747921297058501
3.3049999999999997	0.06736377604743067
3.31	0.0672484753138832
3.315	0.06713331004718279
3.32	0.06701827952683559
3.325	0.06690338303459177
3.33	0.06678861985442479
3.335	0.06667398927250676
3.34	0.06655949057718681
3.3449999999999998	0.06644512305896906
3.35	0.06633088601049032
3.355	0.0662167787264986
3.36	0.06610280050382929
3.365	0.06598895064138727
3.37	0.0658752284401192
3.375	0.06576163320299767
3.38	0.06564816423499546
3.385	0.06553482084306639
3.39	0.06542160233612367
3.395	0.06530850802501466
3.4	0.06519553722250693
3.405	0.06508268924325931
3.41	0.06496996340380579
3.415	0.06485735902253272
3.42	0.06474487541965729
3.425	0.06463251191720683
3.4299999999999997	0.06452026783899868
3.435	0.06440814251061762
3.44	0.06429613525939865
3.445	0.06418424541439999
3.45	0.06407247230638963
3.455	0.06396081526781944
3.46	0.06384927363280689
3.465	0.06373784673711316
3.4699999999999998	0.06362653391812403
3.475	0.06351533451483038
3.48	0.06340424786780356
3.485	0.06329327331918037
3.49	0.06318241021263869
3.495	0.06307165789338035
3.5	0.06296101570810689
3.505	0.0628504830050035
3.51	0.062740059133719
3.515	0.06262974344534046
3.52	0.06251953529237948
3.525	0.0624094340287488
3.53	0.06229943900974083
3.535	0.062189549592012956
3.54	0.062079765133563204
3.545	0.06197008499371244
3.55	0.0618605085330791
3.5549999999999997	0.06175103511357364
3.56	0.06164166409835576
3.565	0.06153239485184177
3.5700000000000003	0.06142322673965827
3.575	0.06131415912864566
3.58	0.06120519138682017
3.585	0.06109632288336374
3.59	0.06098755298860422
3.5949999999999998	0.060878881073991024
3.5999999999999996	0.060770306512084434
3.605	0.06066182867651619
3.61	0.060553446941996644
3.615	0.060445160684273795
3.62	0.06033696928012388
3.625	0.060228872107332215
3.63	0.06012086854466537
3.635	0.060012957971856906
3.6399999999999997	0.059905139769592226
3.645	0.059797413319478444
3.65	0.05968977800403833
3.6550000000000002	0.05958223320667025
3.66	0.05947477831164957
3.665	0.05936741270410285
3.67	0.05926013576997686
3.675	0.05915294689603308
3.6799999999999997	0.059045845469820044
3.685	0.058938830879654534
3.69	0.05883190251460733
3.6950000000000003	0.05872505976447579
3.7	0.058618302019765964
3.705	0.058511628671675316
3.71	0.0584050391120744
3.715	0.058298532733481026
3.7199999999999998	0.05819210892904067
3.7249999999999996	0.05808576709251382
3.73	0.05797950661824771
3.735	0.057873326901162314
3.74	0.05776722733671953
3.745	0.057661207320928866
3.75	0.05755526625028931
3.755	0.05744940352179679
3.76	0.057343618532920464
3.7649999999999997	0.0572379106815754
3.77	0.05713227936610006
3.775	0.057026723985244845
3.7800000000000002	0.05692124393814855
3.785	0.05681583862431052
3.79	0.05671050744358722
3.795	0.05660524979614555
3.8	0.0565000650824668
3.8049999999999997	0.056394952703316334
3.81	0.05628991205971634
3.815	0.05618494255293312
3.8200000000000003	0.05608004358445397
3.825	0.05597521455596646
3.83	0.055870454869335784
3.835	0.05576576392658591
3.84	0.05566114112986961
3.8449999999999998	0.055556585881462485
3.8499999999999996	0.05545209758372627
3.855	0.05534767563910066
3.86	0.05524331945006659
3.865	0.05513902841913477
3.87	0.05503480194882278
3.875	0.054930639441636564
3.88	0.054826540300033096
3.885	0.054722503926409344
3.8899999999999997	0.05461852972309375
3.895	0.05451461709229493
3.9	0.05441076543609146
3.9050000000000002	0.05430697415642181
3.91	0.05420324265503491
3.915	0.05409957033351163
3.92	0.053995956593175715
3.925	0.05389240083513635
3.9299999999999997	0.053788902460228674
3.935	0.05368546086898449
3.94	0.05358207546164302
3.9450000000000003	0.05347874563809334
3.95	0.053375470797869126
3.955	0.053272250340121334
3.96	0.053169083663577484
3.965	0.05306597016654921
3.9699999999999998	0.05296290924688246
3.9749999999999996	0.052859900301937886
3.98	0.0527569427285752
3.985	0.05265403592311819
3.99	0.052551179281325675
3.995	0.05244837219839366
4.	0.05234561406888812
4.005	0.05224290428675512
4.01	0.05214024224527156
4.015	0.05203762733703625
4.02	0.05193505895392984
4.025	0.05183253648709731
4.03	0.0517300593269222
4.035	0.05162762686298763
4.04	0.05152523848406925
4.045	0.05142289357806824
4.05	0.05132059153205671
4.055	0.0512183317321663
4.0600000000000005	0.05111611356362028
4.0649999999999995	0.051013936410672325
4.07	0.050911799656604875
4.075	0.050809702683664124
4.08	0.05070764487306747
4.085	0.05060562560495799
4.09	0.05050364425838063
4.095	0.05040170021123241
4.1	0.05029979284027086
4.105	0.05019792152103996
4.109999999999999	0.05009608562787432
4.115	0.04999428453386022
4.12	0.049892517610777135
4.125	0.0497907842291216
4.13	0.04968908375801091
4.135	0.049587415565203415
4.14	0.0494857790170502
4.145	0.049384173478438036
4.15	0.04928259831279865
4.155	0.04918105288203439
4.16	0.04907953654652344
4.165	0.04897804866505491
4.17	0.04887658859480943
4.175	0.048775155691323915
4.18	0.04867374930845732
4.1850000000000005	0.0485723687983417
4.1899999999999995	0.04847101351137089
4.195	0.04836968279614634
4.2	0.04826837599944322
4.205	0.04816709246617627
4.21	0.04806583153936246
4.215	0.047964592560093396
4.22	0.047863374867472344
4.225	0.04776217779860776
4.23	0.04766100068853605
4.234999999999999	0.04755984287022517
4.24	0.047458703674489566
4.245	0.047357582430010585
4.25	0.04725647846322952
4.255	0.047155391098336684
4.26	0.047054319657237845
4.265	0.04695326345950136
4.27	0.0468522218223306
4.275	0.04675119406048889
4.28	0.04665017948628817
4.285	0.04654917740951394
4.29	0.046448187137425725
4.295	0.04634720797466787
4.3	0.0462462392232365
4.305	0.04614528018245408
4.3100000000000005	0.046044330148886516
4.3149999999999995	0.04594338841632604
4.32	0.0458424542757243
4.325	0.04574152701516531
4.33	0.04564060591979269
4.335	0.04553969027175764
4.34	0.045438779350198126
4.345	0.0453378724311627
4.35	0.04523696878756466
4.355	0.045136067689119035
4.359999999999999	0.0450351684023142
4.365	0.04493427019033648
4.37	0.044833372313021376
4.375	0.044732474026804664
4.38	0.04463157458465341
4.385	0.04453067323600913
4.39	0.04442976922675554
4.395	0.04432886179912138
4.4	0.04422795019165175
4.405	0.044127033639133825
4.41	0.04402611137252168
4.415	0.043925182618916474
4.42	0.04382424660146542
4.425	0.04372330253930143
4.43	0.043622349647498046
4.4350000000000005	0.043521387136983176
4.4399999999999995	0.04342041421449473
4.445	0.04331943008247935
4.45	0.04321843393906403
4.455	0.04311742497794857
4.46	0.04301640238836965
4.465	0.04291536535499807
4.47	0.04281431305788328
4.475	0.042713244672385686
4.48	0.04261215936906532
4.484999999999999	0.04251105631365927
4.49	0.04240993466696703
4.495	0.04230879358477372
4.5	0.042207632217787915
4.505	0.042106449711539706
4.51	0.042005245206314074
4.515	0.041904017837069
4.52	0.0418027667333256
4.525	0.04170149101911592
4.53	0.041600189812872806
4.535	0.04149886222733536
4.54	0.04139750736948718
4.545	0.04129612434042966
4.55	0.04119471223531215
4.555	0.04109327014323012
4.5600000000000005	0.04099179714711924
4.5649999999999995	0.04089029232367038
4.57	0.04078875474322662
4.575	0.04068718346966892
4.58	0.04058557756032477
4.585	0.040483936065870536
4.59	0.040382258030205155
4.595000000000001	0.04028054249035216
4.6	0.04017878847632427
4.605	0.04007699501106822
4.609999999999999	0.039975161110311394
4.615	0.03987328578241661
4.62	0.03977136802832956
4.625	0.03966940684139612
4.63	0.03956740120728879
4.635	0.039465350103842174
4.640000000000001	0.03936325250095718
4.645	0.03926110736043738
4.65	0.039158913635892356
4.654999999999999	0.03905667027257811
4.66	0.03895437620726993
4.665	0.03885203036813084
4.67	0.038749631674530965
4.675	0.038647179036971
4.68	0.03854467135685891
4.6850000000000005	0.03844210752641696
4.6899999999999995	0.0383394864284998
4.695	0.038236806936453614
4.7	0.038134067913937704
4.705	0.03803126821477317
4.71	0.037928406682800585
4.715	0.037825482151651144
4.720000000000001	0.03772249344465553
4.725	0.0376194393745943
4.73	0.03751631874356586
4.734999999999999	0.03741313034278349
4.74	0.037309872952403136
4.745	0.03720654534131595
4.75	0.03710314626699141
4.755	0.036999674475219534
4.76	0.03689612869997608
4.765000000000001	0.03679250766316471
4.77	0.03668881007443748
4.775	0.036585034630994044
4.779999999999999	0.03648118001730944
4.785	0.03637724490495356
4.79	0.03627322795237157
4.795	0.036169127804618936
4.8	0.03606494309314467
4.805	0.0359606724355656
4.8100000000000005	0.03585631443535705
4.8149999999999995	0.03575186768169471
4.82	0.03564733074910239
4.825	0.035542702197249386
4.83	0.035437980570653824
4.835	0.03533316439844856
4.84	0.03522825219402196
4.845000000000001	0.035123242454815004
4.85	0.03501813366196454
4.855	0.034912924280049135
4.859999999999999	0.03480761275674549
4.865	0.03470219752254248
4.87	0.03459667699039691
4.875	0.03449104955542355
4.88	0.034385313594550625
4.885	0.03427946746617541
4.890000000000001	0.034173509509824354
4.895	0.03406743804577415
4.9	0.03396125137469049
4.904999999999999	0.03385494777727716
4.91	0.033748525513834615
4.915	0.0336419828239183
4.92	0.03353531792591816
4.925	0.03342852901662054
4.93	0.033321614270811276
4.9350000000000005	0.03321457184084117
4.9399999999999995	0.033107399856167424
4.945	0.03300009642290218
4.95	0.03289265962335087
4.955	0.032785087515509896
4.96	0.0326773781326175
4.965	0.03256952948260956
4.970000000000001	0.03246153954763377
4.975	0.032353406283504096
4.98	0.0322451276191516
4.984999999999999	0.032136701456072655
4.99	0.03202812566778525
4.995	0.03191939809919464
5.	0.03181051656602079
5.005	0.03170147885418863
5.01	0.031592282719159724
5.015000000000001	0.031482925885329055
5.02	0.03137340604530754
5.025	0.031263720859270885
5.029999999999999	0.03115386795423409
5.035	0.03104384492333641
5.04	0.030933649325100298
5.045	0.030823278682657027
5.05	0.030712730482968246
5.055	0.030602002176001907
5.0600000000000005	0.030491091173920428
5.0649999999999995	0.030379994850222258
5.07	0.030268710538856564
5.075	0.030157235533305623
5.08	0.03004556708568589
5.085	0.0299337024057553
5.09	0.02982163865996227
5.095000000000001	0.02970937297039098
5.1	0.029596902413752593
5.105	0.02948422402028773
5.109999999999999	0.02937133477264068
5.115	0.02925823160477775
5.12	0.029144911400718905
5.125	0.029031370993413182
5.13	0.02891760716341987
5.135	0.028803616637658576
5.14	0.028689396088050555
5.145	0.028574942130158907
5.15	0.028460251321780036
5.155	0.028345320161450378
5.16	0.028230145086970002
5.165	0.02811472247381855
5.17	0.027999048633566583
5.175	0.027883119812175557
5.18	0.027766932188326425
5.185	0.027650481871599648
5.19	0.027533764900673736
5.195	0.02741677724138978
5.2	0.027299514784827186
5.205	0.02718197334522029
5.21	0.02706414865792523
5.215	0.026946036377167217
5.22	0.026827632073831875
5.225	0.026708931233123945
5.23	0.026589929252152388
5.235	0.02647062143739967
5.24	0.026351003002158938
5.245	0.02623106906381708
5.25	0.026110814641068528
5.255	0.02599023465100695
5.26	0.02586932390617398
5.265	0.02574807711133682
5.27	0.02562648886033718
5.275	0.025504553632688706
5.28	0.025382265790084364
5.285	0.025259619572749237
5.29	0.02513660909568561
5.295	0.025013228344711626
5.3	0.024889471172401666
5.305	0.024765331293804767
5.31	0.024640802282024032
5.315	0.02451587756359322
5.32	0.024390550413692848
5.325	0.024264813951088014
5.33	0.024138661132936834
5.335	0.024012084749336558
5.34	0.02388507741762378
5.345	0.023757631576423164
5.35	0.023629739479465586
5.355	0.023501393189086055
5.36	0.023372584569466812
5.365	0.02324330527952576
5.37	0.02311354676553672
5.375	0.022983300253333224
5.38	0.02285255674019683
5.385	0.0227213069863625
5.39	0.022589541506070863
5.395	0.022457250558215156
5.4	0.022324424136534873
5.405	0.02219105195929721
5.41	0.022057123458475745
5.415	0.021922627768367422
5.42	0.021787553713640558
5.425	0.021651889796748352
5.43	0.021515624184676712
5.435	0.021378744694992412
5.44	0.021241238781138195
5.445	0.02110309351692923
5.45	0.020964295580178604
5.455	0.020824831235429497
5.46	0.020684686315693215
5.465	0.020543846203140446
5.47	0.02040229580868048
5.475	0.02026001955033485
5.48	0.02011700133032477
5.485	0.01997322451076015
5.49	0.019828671887867286
5.495	0.01968332566459204
5.5	0.019537167421494545
5.505	0.01939017808578226
5.51	0.019242337898339658
5.515	0.019093626378588722
5.52	0.018944022287019014
5.525	0.01879350358517445
5.53	0.01864204739289778
5.535	0.018489629942593844
5.54	0.018336226530259167
5.545	0.01818181146298089
5.55	0.018026358002607164
5.555	0.017869838305236342
5.56	0.017712223356119976
5.565	0.017553482899580128
5.57	0.017393585363458263
5.575	0.017232497777532968
5.58	0.017070185685356534
5.585	0.016906613048814797
5.59	0.01674174214468759
5.595	0.016575533452345335
5.6	0.01640794553167525
5.605	0.016238934890129217
5.61	0.016068455837761907
5.615	0.01589646032879289
5.62	0.01572289778825748
5.625	0.015547714921888512
5.63	0.01537085550730872
5.635	0.015192260164085595
5.64	0.015011866100183133
5.645	0.014829606831596707
5.65	0.014645411871686791
5.655	0.014459206386210476
5.66	0.014270910809113716
5.665	0.014080440413656364
5.67	0.013887704832308943
5.675	0.013692607517693136
5.68	0.0134950451355239
5.6850000000000005	0.013294906878795414
5.69	0.013092073690312338
5.695	0.012886417378093762
5.7	0.012677799605253944
5.705	0.012466070731578892
5.71	0.012251068479581528
5.715	0.012032616391301692
5.72	0.011810522034209521
5.725	0.011584574904704074
5.73	0.011354543964261141
5.735	0.011120174726640763
5.74	0.010881185791789148
5.745	0.010637264692454424
5.75	0.010388062879265619
5.755	0.010133189615239227
5.76	0.00987220447542814
5.765	0.009604608041080287
5.77	0.00932983022727846
5.775	0.009047215464502748
5.78	0.008756003631093075
5.785	0.00845530514632625
5.79	0.008144067877505084
5.795	0.007821032312668473
5.8	0.0074846694742798274
5.805	0.0071330926864271536
5.8100000000000005	0.0067639283321460405
5.815	0.00637411958522523
5.82	0.005959615010932475
5.825	0.005514846881420226
5.83	0.005031794269278553
5.835	0.004498137550253437
5.84	0.003893119285291976
5.845	0.003176214850202383
5.85	0.0022425674276211854
5.855	0.
5.86	0.
5.865	0.
5.87	0.
5.875	0.
5.88	0.
5.885	0.
5.89	0.
5.895	0.
5.9	0.
5.905	0.
5.91	0.
5.915	0.
5.92	0.
5.925	0.
5.93	0.
5.9350000000000005	0.
5.94	0.
5.945	0.
5.95	0.
5.955	0.
5.96	0.
5.965	0.
5.97	0.
5.975	0.
5.98	0.
5.985	0.
5.99	0.
5.995	0.
6.	0.
6.005	0.
6.01	0.
6.015	0.
6.02	0.
6.025	0.
6.03	0.
6.035	0.
6.04	0.
6.045	0.
6.05	0.
6.055	0.
6.0600000000000005	0.
6.065	0.
6.07	0.
6.075	0.
6.08	0.
6.085	0.
6.09	0.
6.095	0.
6.1	0.
6.105	0.
6.11	0.
6.115	0.
6.12	0.
6.125	0.
6.13	0.
6.135	0.
6.140000000000001	0.
6.145	0.
6.15	0.
6.155	0.
6.16	0.
6.165	0.
6.17	0.
6.175	0.
6.18	0.
6.1850000000000005	0.
6.1899999999999995	0.
6.195	0.
6.2	0.
6.205	0.
6.21	0.
6.215	0.
6.22	0.
6.225	0.
6.23	0.
6.235	0.
6.24	0.
6.245	0.
6.25	0.
6.255	0.
6.26	0.
6.265000000000001	0.
6.27	0.
6.275	0.
6.28	0.
6.285	0.
6.29	0.
6.295	0.
6.3	0.
6.305	0.
6.3100000000000005	0.
6.3149999999999995	0.
6.32	0.
6.325	0.
6.33	0.
6.335	0.
6.34	0.
6.345	0.
6.35	0.
6.355	0.
6.36	0.
6.365	0.
6.37	0.
6.375	0.
6.38	0.
6.385	0.
6.390000000000001	0.
6.395	0.
6.4	0.
6.405	0.
6.41	0.
6.415	0.
6.42	0.
6.425	0.
6.43	0.
6.4350000000000005	0.
6.4399999999999995	0.
6.445	0.
6.45	0.
6.455	0.
6.46	0.
6.465	0.
6.47	0.
6.475	0.
6.48	0.
6.485	0.
6.49	0.
6.495	0.
6.5	0.
6.505	0.
6.51	0.
6.515000000000001	0.
6.52	0.
6.525	0.
6.53	0.
6.535	0.
6.54	0.
6.545	0.
6.55	0.
6.555	0.
6.5600000000000005	0.
6.5649999999999995	0.
6.57	0.
6.575	0.
6.58	0.
6.585	0.
6.59	0.
6.595	0.
6.6	0.
6.605	0.
6.61	0.
6.615	0.
6.62	0.
6.625	0.
6.63	0.
6.635	0.
6.640000000000001	0.
6.645	0.
6.65	0.
6.655	0.
6.66	0.
6.665	0.
6.67	0.
6.675	0.
6.68	0.
6.6850000000000005	0.
6.6899999999999995	0.
6.695	0.
6.7	0.
6.705	0.
6.71	0.
6.715	0.
6.72	0.
6.725	0.
6.73	0.
6.735	0.
6.74	0.
6.745	0.
6.75	0.
6.755	0.
6.76	0.
6.765000000000001	0.
6.77	0.
6.775	0.
6.78	0.
6.785	0.
6.79	0.
6.795	0.
6.8	0.
6.805	0.
6.8100000000000005	0.
6.8149999999999995	0.
6.82	0.
6.825	0.
6.83	0.
6.835	0.
6.84	0.
6.845	0.
6.85	0.
6.855	0.
6.86	0.
6.865	0.
6.87	0.
6.875	0.
6.88	0.
6.885	0.
6.890000000000001	0.
6.895	0.
6.9	0.
6.905	0.
6.91	0.
6.915	0.
6.92	0.
6.925	0.
6.93	0.
6.9350000000000005	0.
6.9399999999999995	0.
6.945	0.
6.95	0.
6.955	0.
6.96	0.
6.965	0.
6.97	0.
6.975	0.
6.98	0.
6.985	0.
6.99	0.
6.995	0.
7.	0.
7.005	0.
7.01	0.
7.015000000000001	0.
7.02	0.
7.025	0.
7.03	0.
7.035	0.
7.04	0.
7.045	0.
7.05	0.
7.055	0.
7.0600000000000005	0.
7.0649999999999995	0.
7.07	0.
7.075	0.
7.08	0.
7.085	0.
7.09	0.
7.095	0.
7.1	0.
7.105	0.
7.11	0.
7.115	0.
7.12	0.
7.125	0.
7.13	0.
7.135	0.
7.140000000000001	0.
7.145	0.
7.15	0.
7.155	0.
7.16	0.
7.165	0.
7.17	0.
7.175	0.
7.18	0.
7.1850000000000005	0.
7.1899999999999995	0.
7.195	0.
7.2	0.
7.205	0.
7.21	0.
7.215	0.
7.220000000000001	0.
7.225	0.
7.23	0.
7.234999999999999	0.
7.24	0.
7.245	0.
7.25	0.
7.255	0.
7.26	0.
7.265000000000001	0.
7.27	0.
7.275	0.
7.28	0.
7.285	0.
7.29	0.
7.295	0.
7.300000000000001	0.
7.305	0.
7.3100000000000005	0.
7.3149999999999995	0.
7.32	0.
7.325	0.
7.33	0.
7.335	0.
7.34	0.
7.345000000000001	0.
7.35	0.
7.355	0.
7.359999999999999	0.
7.365	0.
7.37	0.
7.375	0.
7.38	0.
7.385	0.
7.390000000000001	0.
7.395	0.
7.4	0.
7.405	0.
7.41	0.
7.415	0.
7.42	0.
7.425000000000001	0.
7.43	0.
7.4350000000000005	0.
7.4399999999999995	0.
7.445	0.
7.45	0.
7.455	0.
7.46	0.
7.465	0.
7.470000000000001	0.
7.475	0.
7.48	0.
7.484999999999999	0.
7.49	0.
7.495	0.
7.5	0.
7.505	0.
7.51	0.
7.515000000000001	0.
7.52	0.
7.525	0.
7.53	0.
7.535	0.
7.54	0.
7.545	0.
7.550000000000001	0.
7.555	0.
7.5600000000000005	0.
7.5649999999999995	0.
7.57	0.
7.575	0.
7.58	0.
7.585	0.
7.59	0.
7.595000000000001	0.
7.6	0.
7.605	0.
7.609999999999999	0.
7.615	0.
7.62	0.
7.625	0.
7.63	0.
7.635	0.
7.640000000000001	0.
7.645	0.
7.65	0.
7.655	0.
7.66	0.
7.665	0.
7.67	0.
7.675000000000001	0.
7.68	0.
7.685	0.
7.6899999999999995	0.
7.694999999999999	0.
7.699999999999999	0.
7.704999999999999	0.
7.71	0.
7.715	0.
7.72	0.
7.725	0.
7.7299999999999995	0.
7.734999999999999	0.
7.739999999999999	0.
7.744999999999999	0.
7.75	0.
7.755	0.
7.76	0.
7.765	0.
7.77	0.
7.7749999999999995	0.
7.779999999999999	0.
7.784999999999999	0.
7.79	0.
7.795	0.
7.8	0.
7.805	0.
7.81	0.
7.8149999999999995	0.
7.819999999999999	0.
7.824999999999999	0.
7.829999999999999	0.
7.835	0.
7.84	0.
7.845	0.
7.85	0.
7.8549999999999995	0.
7.859999999999999	0.
7.864999999999999	0.
7.869999999999999	0.
7.875	0.
7.88	0.
7.885	0.
7.89	0.
7.895	0.
7.8999999999999995	0.
7.904999999999999	0.
7.909999999999999	0.
7.915	0.
7.92	0.
7.925	0.
7.93	0.
7.935	0.
7.9399999999999995	0.
7.944999999999999	0.
7.949999999999999	0.
7.955	0.
7.96	0.
7.965	0.
7.97	0.
7.975	0.
7.9799999999999995	0.
7.984999999999999	0.
7.989999999999999	0.
7.994999999999999	0.
8.	0.
8.004999999999999	0.
8.01	0.
8.014999999999999	0.
8.02	0.
8.025	0.
8.03	0.
8.035	0.
8.04	0.
8.045	0.
8.049999999999999	0.
8.055	0.
8.059999999999999	0.
8.065	0.
8.07	0.
8.075	0.
8.08	0.
8.084999999999999	0.
8.09	0.
8.094999999999999	0.
8.1	0.
8.105	0.
8.11	0.
8.115	0.
8.12	0.
8.125	0.
8.129999999999999	0.
8.135	0.
8.139999999999999	0.
8.145	0.
8.15	0.
8.155	0.
8.16	0.
8.165	0.
8.17	0.
8.174999999999999	0.
8.18	0.
8.184999999999999	0.
8.19	0.
8.195	0.
8.2	0.
8.205	0.
8.209999999999999	0.
8.215	0.
8.219999999999999	0.
8.225	0.
8.23	0.
8.235	0.
8.24	0.
8.245	0.
8.25	0.
8.254999999999999	0.
8.26	0.
8.264999999999999	0.
8.27	0.
8.275	0.
8.28	0.
8.285	0.
8.29	0.
8.295	0.
8.299999999999999	0.
8.305	0.
8.309999999999999	0.
8.315	0.
8.32	0.
8.325	0.
8.33	0.
8.334999999999999	0.
8.34	0.
8.344999999999999	0.
8.35	0.
8.355	0.
8.36	0.
8.365	0.
8.37	0.
8.375	0.
8.379999999999999	0.
8.385	0.
8.389999999999999	0.
8.395	0.
8.4	0.
8.405	0.
8.41	0.
8.415	0.
8.42	0.
8.424999999999999	0.
8.43	0.
8.434999999999999	0.
8.44	0.
8.445	0.
8.45	0.
8.455	0.
8.459999999999999	0.
8.465	0.
8.469999999999999	0.
8.475	0.
8.48	0.
8.485	0.
8.49	0.
8.495	0.
8.5	0.
8.504999999999999	0.
8.51	0.
8.515	0.
8.52	0.
8.525	0.
8.53	0.
8.535	0.
8.54	0.
8.545	0.
8.549999999999999	0.
8.555	0.
8.559999999999999	0.
8.565	0.
8.57	0.
8.575	0.
8.58	0.
8.584999999999999	0.
8.59	0.
8.594999999999999	0.
8.6	0.
8.605	0.
8.61	0.
8.615	0.
8.62	0.
8.625	0.
8.629999999999999	0.
8.635	0.
8.64	0.
8.645	0.
8.65	0.
8.655	0.
8.66	0.
8.665	0.
8.67	0.
8.674999999999999	0.
8.68	0.
8.684999999999999	0.
8.69	0.
8.695	0.
8.7	0.
8.705	0.
8.709999999999999	0.
8.715	0.
8.719999999999999	0.
8.725	0.
8.73	0.
8.735	0.
8.74	0.
8.745	0.
8.75	0.
8.754999999999999	0.
8.76	0.
8.765	0.
8.77	0.
8.775	0.
8.78	0.
8.785	0.
8.79	0.
8.795	0.
8.799999999999999	0.
8.805	0.
8.809999999999999	0.
8.815	0.
8.82	0.
8.825	0.
8.83	0.
8.834999999999999	0.
8.84	0.
8.844999999999999	0.
8.85	0.
8.855	0.
8.86	0.
8.865	0.
8.87	0.
8.875	0.
8.879999999999999	0.
8.885	0.
8.89	0.
8.895	0.
8.9	0.
8.905	0.
8.91	0.
8.915	0.
8.92	0.
8.924999999999999	0.
8.93	0.
8.934999999999999	0.
8.94	0.
8.945	0.
8.95	0.
8.955	0.
8.959999999999999	0.
8.965	0.
8.969999999999999	0.
8.975	0.
8.98	0.
8.985	0.
8.99	0.
8.995	0.
9.	0.
9.004999999999999	0.
9.01	0.
9.015	0.
9.02	0.
9.025	0.
9.03	0.
9.035	0.
9.04	0.
9.045	0.
9.049999999999999	0.
9.055	0.
9.059999999999999	0.
9.065	0.
9.07	0.
9.075	0.
9.08	0.
9.084999999999999	0.
9.09	0.
9.094999999999999	0.
9.1	0.
9.105	0.
9.11	0.
9.115	0.
9.12	0.
9.125	0.
9.129999999999999	0.
9.135	0.
9.14	0.
9.145	0.
9.15	0.
9.155	0.
9.16	0.
9.165	0.
9.17	0.
9.174999999999999	0.
9.18	0.
9.184999999999999	0.
9.19	0.
9.195	0.
9.2	0.
9.205	0.
9.209999999999999	0.
9.215	0.
9.219999999999999	0.
9.225	0.
9.23	0.
9.235	0.
9.24	0.
9.245	0.
9.25	0.
9.254999999999999	0.
9.26	0.
9.265	0.
9.27	0.
9.275	0.
9.28	0.
9.285	0.
9.29	0.
9.295	0.
9.299999999999999	0.
9.305	0.
9.309999999999999	0.
9.315	0.
9.32	0.
9.325	0.
9.33	0.
9.334999999999999	0.
9.34	0.
9.344999999999999	0.
9.35	0.
9.355	0.
9.36	0.
9.365	0.
9.37	0.
9.375	0.
9.379999999999999	0.
9.385	0.
9.39	0.
9.395	0.
9.4	0.
9.405	0.
9.41	0.
9.415	0.
9.42	0.
9.424999999999999	0.
9.43	0.
9.434999999999999	0.
9.44	0.
9.445	0.
9.45	0.
9.455	0.
9.459999999999999	0.
9.465	0.
9.469999999999999	0.
9.475	0.
9.48	0.
9.485	0.
9.49	0.
9.495	0.
9.5	0.
9.504999999999999	0.
9.51	0.
9.515	0.
9.52	0.
9.525	0.
9.53	0.
9.535	0.
9.54	0.
9.545	0.
9.549999999999999	0.
9.555	0.
9.559999999999999	0.
9.565	0.
9.57	0.
9.575	0.
9.58	0.
9.584999999999999	0.
9.59	0.
9.594999999999999	0.
9.6	0.
9.605	0.
9.61	0.
9.615	0.
9.62	0.
9.625	0.
9.629999999999999	0.
9.635	0.
9.64	0.
9.645	0.
9.65	0.
9.655	0.
9.66	0.
9.665	0.
9.67	0.
9.674999999999999	0.
9.68	0.
9.684999999999999	0.
9.69	0.
9.695	0.
9.7	0.
9.705	0.
9.709999999999999	0.
9.715	0.
9.719999999999999	0.
9.725	0.
9.73	0.
9.735	0.
9.74	0.
9.745	0.
9.75	0.
9.754999999999999	0.
9.76	0.
9.765	0.
9.77	0.
9.774999999999999	0.
9.78	0.
9.785	0.
9.79	0.
9.795	0.
9.8	0.
9.805	0.
9.809999999999999	0.
9.815	0.
9.82	0.
9.825	0.
9.83	0.
9.834999999999999	0.
9.84	0.
9.844999999999999	0.
9.85	0.
9.855	0.
9.86	0.
9.865	0.
9.87	0.
9.875	0.
9.879999999999999	0.
9.885	0.
9.89	0.
9.895	0.
9.899999999999999	0.
9.905	0.
9.91	0.
9.915	0.
9.92	0.
9.925	0.
9.93	0.
9.934999999999999	0.
9.94	0.
9.945	0.
9.95	0.
9.955	0.
9.959999999999999	0.
9.965	0.
9.969999999999999	0.
9.975	0.
9.98	0.
9.985	0.
9.99	0.
9.995	0.
10.	0.
10.004999999999999	0.
10.01	0.
10.015	0.
10.02	0.
10.024999999999999	0.
10.03	0.
10.035	0.
10.04	0.
10.045	0.
10.05	0.
10.055	0.
10.059999999999999	0.
10.065	0.
10.07	0.
10.075	0.
10.08	0.
10.084999999999999	0.
10.09	0.
10.094999999999999	0.
10.1	0.
10.105	0.
10.11	0.
10.115	0.
10.12	0.
10.125	0.
10.129999999999999	0.
10.135	0.
10.14	0.
10.145	0.
10.149999999999999	0.
10.155	0.
10.16	0.
10.165	0.
10.17	0.
10.175	0.
10.18	0.
10.184999999999999	0.
10.19	0.
10.195	0.
10.2	0.
10.205	0.
10.209999999999999	0.
10.215	0.
10.219999999999999	0.
10.225	0.
10.23	0.
10.235	0.
10.24	0.
10.245000000000001	0.
10.250000000000002	0.
10.255	0.
10.260000000000002	0.
10.265	0.
10.270000000000001	0.
10.275	0.
10.280000000000001	0.
10.285	0.
10.290000000000001	0.
10.295000000000002	0.
10.3	0.
10.305000000000001	0.
10.31	0.
10.315000000000001	0.
10.32	0.
10.325000000000001	0.
10.330000000000002	0.
10.335	0.
10.340000000000002	0.
10.345	0.
10.350000000000001	0.
10.355	0.
10.360000000000001	0.
10.365	0.
10.370000000000001	0.
10.375000000000002	0.
10.38	0.
10.385000000000002	0.
10.39	0.
10.395000000000001	0.
10.4	0.
10.405000000000001	0.
10.41	0.
10.415000000000001	0.
10.420000000000002	0.
10.425	0.
10.430000000000001	0.
10.435	0.
10.440000000000001	0.
10.445	0.
10.450000000000001	0.
10.455000000000002	0.
10.46	0.
10.465000000000002	0.
10.47	0.
10.475000000000001	0.
10.48	0.
10.485000000000001	0.
10.49	0.
10.495000000000001	0.
10.500000000000002	0.
10.505	0.
10.510000000000002	0.
10.515	0.
10.520000000000001	0.
10.525	0.
10.530000000000001	0.
10.535	0.
10.540000000000001	0.
10.545000000000002	0.
10.55	0.
10.555000000000001	0.
10.56	0.
10.565000000000001	0.
10.57	0.
10.575000000000001	0.
10.580000000000002	0.
10.585	0.
10.590000000000002	0.
10.595	0.
10.600000000000001	0.
10.605	0.
10.610000000000001	0.
10.615	0.
10.620000000000001	0.
10.625000000000002	0.
10.63	0.
10.635000000000002	0.
10.64	0.
10.645000000000001	0.
10.65	0.
10.655000000000001	0.
10.66	0.
10.665000000000001	0.
10.670000000000002	0.
10.675	0.
10.680000000000001	0.
10.685	0.
10.690000000000001	0.
10.695	0.
10.700000000000001	0.
10.705000000000002	0.
10.71	0.
10.715000000000002	0.
10.72	0.
10.725000000000001	0.
10.73	0.
10.735000000000001	0.
10.74	0.
10.745000000000001	0.
10.750000000000002	0.
10.755	0.
10.760000000000002	0.
10.765	0.
10.770000000000001	0.
10.775	0.
10.780000000000001	0.
10.785	0.
10.790000000000001	0.
10.795000000000002	0.
10.8	0.
10.805000000000001	0.
10.81	0.
10.815000000000001	0.
10.82	0.
10.825000000000001	0.
10.830000000000002	0.
10.835	0.
10.840000000000002	0.
10.845	0.
10.850000000000001	0.
10.855	0.
10.860000000000001	0.
10.865	0.
10.870000000000001	0.
10.875000000000002	0.
10.88	0.
10.885000000000002	0.
10.89	0.
10.895000000000001	0.
10.9	0.
10.905000000000001	0.
10.91	0.
10.915000000000001	0.
10.920000000000002	0.
10.925	0.
10.930000000000001	0.
10.935	0.
10.940000000000001	0.
10.945	0.
10.950000000000001	0.
10.955000000000002	0.
10.96	0.
10.965000000000002	0.
10.97	0.
10.975000000000001	0.
10.98	0.
10.985000000000001	0.
10.99	0.
10.995000000000001	0.
11.000000000000002	0.
11.005	0.
11.010000000000002	0.
11.015	0.
11.020000000000001	0.
11.025	0.
11.030000000000001	0.
11.035	0.
11.040000000000001	0.
11.045000000000002	0.
11.05	0.
11.055000000000001	0.
11.06	0.
11.065000000000001	0.
11.07	0.
11.075000000000001	0.
11.080000000000002	0.
11.085	0.
11.090000000000002	0.
11.095	0.
11.100000000000001	0.
11.105	0.
11.110000000000001	0.
11.115	0.
11.120000000000001	0.
11.125000000000002	0.
11.13	0.
11.135000000000002	0.
11.14	0.
11.145000000000001	0.
11.15	0.
11.155000000000001	0.
11.16	0.
11.165000000000001	0.
11.170000000000002	0.
11.175	0.
11.180000000000001	0.
11.185	0.
11.190000000000001	0.
11.195	0.
11.200000000000001	0.
11.205000000000002	0.
11.21	0.
11.215000000000002	0.
11.22	0.
11.225000000000001	0.
11.23	0.
11.235000000000001	0.
11.24	0.
11.245000000000001	0.
11.250000000000002	0.
11.255	0.
11.260000000000002	0.
11.265	0.
11.270000000000001	0.
11.275	0.
11.280000000000001	0.
11.285	0.
11.290000000000001	0.
11.295000000000002	0.
11.3	0.
11.305000000000001	0.
11.31	0.
11.315000000000001	0.
11.32	0.
11.325000000000001	0.
11.330000000000002	0.
11.335	0.
11.340000000000002	0.
11.345	0.
11.350000000000001	0.
11.355	0.
11.360000000000001	0.
11.365000000000002	0.
11.370000000000001	0.
11.375000000000002	0.
11.38	0.
11.385000000000002	0.
11.39	0.
11.395000000000001	0.
11.4	0.
11.405000000000001	0.
11.41	0.
11.415000000000001	0.
11.420000000000002	0.
11.425	0.
11.430000000000001	0.
11.435	0.
11.440000000000001	0.
11.445	0.
11.450000000000001	0.
11.455000000000002	0.
11.46	0.
11.465000000000002	0.
11.47	0.
11.475000000000001	0.
11.48	0.
11.485000000000001	0.
11.490000000000002	0.
11.495000000000001	0.
11.500000000000002	0.
11.505	0.
11.510000000000002	0.
11.515	0.
11.520000000000001	0.
11.525	0.
11.530000000000001	0.
11.535	0.
11.540000000000001	0.
11.545000000000002	0.
11.55	0.
11.555000000000001	0.
11.56	0.
11.565000000000001	0.
11.57	0.
11.575000000000001	0.
11.580000000000002	0.
11.585	0.
11.590000000000002	0.
11.595	0.
11.600000000000001	0.
11.605	0.
11.610000000000001	0.
11.615000000000002	0.
11.620000000000001	0.
11.625000000000002	0.
11.63	0.
11.635000000000002	0.
11.64	0.
11.645000000000001	0.
11.65	0.
11.655000000000001	0.
11.66	0.
11.665000000000001	0.
11.670000000000002	0.
11.675	0.
11.680000000000001	0.
11.685	0.
11.690000000000001	0.
11.695	0.
11.700000000000001	0.
11.705000000000002	0.
11.71	0.
11.715000000000002	0.
11.72	0.
11.725000000000001	0.
11.73	0.
11.735000000000001	0.
11.740000000000002	0.
11.745000000000001	0.
11.750000000000002	0.
11.755	0.
11.760000000000002	0.
11.765	0.
11.770000000000001	0.
11.775	0.
11.780000000000001	0.
11.785	0.
11.790000000000001	0.
11.795000000000002	0.
11.8	0.
11.805000000000001	0.
11.81	0.
11.815000000000001	0.
11.82	0.
11.825000000000001	0.
11.830000000000002	0.
11.835	0.
11.840000000000002	0.
11.845	0.
11.850000000000001	0.
11.855	0.
11.860000000000001	0.
11.865000000000002	0.
11.870000000000001	0.
11.875000000000002	0.
11.88	0.
11.885000000000002	0.
11.89	0.
11.895000000000001	0.
11.9	0.
11.905000000000001	0.
11.91	0.
11.915000000000001	0.
11.920000000000002	0.
11.925	0.
11.930000000000001	0.
11.935	0.
11.940000000000001	0.
11.945	0.
11.950000000000001	0.
11.955000000000002	0.
11.96	0.
11.965000000000002	0.
11.97	0.
11.975000000000001	0.
11.98	0.
11.985000000000001	0.
11.990000000000002	0.
11.995000000000001	0.
12.000000000000002	0.
12.005	0.
12.010000000000002	0.
12.015	0.
12.020000000000001	0.
12.025	0.
12.030000000000001	0.
12.035	0.
12.040000000000001	0.
12.045000000000002	0.
12.05	0.
12.055000000000001	0.
12.06	0.
12.065000000000001	0.
12.07	0.
12.075000000000001	0.
12.080000000000002	0.
12.085	0.
12.090000000000002	0.
12.095	0.
12.100000000000001	0.
12.105	0.
12.110000000000001	0.
12.115000000000002	0.
12.120000000000001	0.
12.125000000000002	0.
12.13	0.
12.135000000000002	0.
12.14	0.
12.145000000000001	0.
12.15	0.
12.155000000000001	0.
12.16	0.
12.165000000000001	0.
12.170000000000002	0.
12.175	0.
12.180000000000001	0.
12.185	0.
12.190000000000001	0.
12.195	0.
12.200000000000001	0.
12.205000000000002	0.
12.21	0.
12.215000000000002	0.
12.22	0.
12.225000000000001	0.
12.23	0.
12.235000000000001	0.
12.240000000000002	0.
12.245000000000001	0.
12.25	0.
12.255	0.
12.260000000000002	0.
12.265	0.
12.270000000000001	0.
12.275000000000002	0.
12.280000000000001	0.
12.285	0.
12.290000000000001	0.
12.295000000000002	0.
12.3	0.
12.305000000000001	0.
12.31	0.
12.315000000000001	0.
12.32	0.
12.325000000000001	0.
12.330000000000002	0.
12.335	0.
12.340000000000002	0.
12.345	0.
12.350000000000001	0.
12.355	0.
12.360000000000001	0.
12.365000000000002	0.
12.370000000000001	0.
12.375	0.
12.38	0.
12.385000000000002	0.
12.39	0.
12.395000000000001	0.
12.400000000000002	0.
12.405000000000001	0.
12.41	0.
12.415000000000001	0.
12.420000000000002	0.
12.425	0.
12.430000000000001	0.
12.435	0.
12.440000000000001	0.
12.445	0.
12.450000000000001	0.
12.455000000000002	0.
12.46	0.
12.465000000000002	0.
12.47	0.
12.475000000000001	0.
12.48	0.
12.485000000000001	0.
12.490000000000002	0.
12.495000000000001	0.
12.5	0.
12.505	0.
12.510000000000002	0.
12.515	0.
12.520000000000001	0.
12.525000000000002	0.
12.530000000000001	0.
12.535	0.
12.540000000000001	0.
12.545000000000002	0.
12.55	0.
12.555000000000001	0.
12.56	0.
12.565000000000001	0.
12.57	0.
12.575000000000001	0.
12.580000000000002	0.
12.585	0.
12.590000000000002	0.
12.595	0.
12.600000000000001	0.
12.605	0.
12.610000000000001	0.
12.615000000000002	0.
12.620000000000001	0.
12.625	0.
12.63	0.
12.635000000000002	0.
12.64	0.
12.645000000000001	0.
12.650000000000002	0.
12.655000000000001	0.
12.66	0.
12.665000000000001	0.
12.670000000000002	0.
12.675	0.
12.680000000000001	0.
12.685	0.
12.690000000000001	0.
12.695	0.
12.700000000000001	0.
12.705000000000002	0.
12.71	0.
12.715000000000002	0.
12.72	0.
12.725000000000001	0.
12.73	0.
12.735000000000001	0.
12.740000000000002	0.
12.745000000000001	0.
12.75	0.
12.755	0.
12.760000000000002	0.
12.765	0.
12.770000000000001	0.
12.775000000000002	0.
12.780000000000001	0.
12.785	0.
12.790000000000001	0.
12.795000000000002	0.
12.8	0.
12.805000000000001	0.
12.810000000000002	0.
12.815000000000001	0.
12.820000000000002	0.
12.825000000000001	0.
12.830000000000002	0.
12.835	0.
12.840000000000002	0.
12.845	0.
12.850000000000001	0.
12.855000000000002	0.
12.860000000000001	0.
12.865000000000002	0.
12.870000000000001	0.
12.875000000000002	0.
12.88	0.
12.885000000000002	0.
12.890000000000002	0.
12.895000000000001	0.
12.900000000000002	0.
12.905000000000001	0.
12.910000000000002	0.
12.915000000000001	0.
12.920000000000002	0.
12.925	0.
12.930000000000001	0.
12.935000000000002	0.
12.940000000000001	0.
12.945000000000002	0.
12.950000000000001	0.
12.955000000000002	0.
12.96	0.
12.965000000000002	0.
12.97	0.
12.975000000000001	0.
12.980000000000002	0.
12.985000000000001	0.
12.990000000000002	0.
12.995000000000001	0.
13.000000000000002	0.
13.005	0.
13.010000000000002	0.
13.015000000000002	0.
13.020000000000001	0.
13.025000000000002	0.
13.030000000000001	0.
13.035000000000002	0.
13.040000000000001	0.
13.045000000000002	0.
13.05	0.
13.055000000000001	0.
13.060000000000002	0.
13.065000000000001	0.
13.070000000000002	0.
13.075000000000001	0.
13.080000000000002	0.
13.085	0.
13.090000000000002	0.
13.095	0.
13.100000000000001	0.
13.105000000000002	0.
13.110000000000001	0.
13.115000000000002	0.
13.120000000000001	0.
13.125000000000002	0.
13.13	0.
13.135000000000002	0.
13.140000000000002	0.
13.145000000000001	0.
13.150000000000002	0.
13.155000000000001	0.
13.160000000000002	0.
13.165000000000001	0.
13.170000000000002	0.
13.175	0.
13.180000000000001	0.
13.185000000000002	0.
13.190000000000001	0.
13.195000000000002	0.
13.200000000000001	0.
13.205000000000002	0.
13.21	0.
13.215000000000002	0.
13.220000000000002	0.
13.225000000000001	0.
13.230000000000002	0.
13.235000000000001	0.
13.240000000000002	0.
13.245000000000001	0.
13.250000000000002	0.
13.255	0.
13.260000000000002	0.
13.265000000000002	0.
13.270000000000001	0.
13.275000000000002	0.
13.280000000000001	0.
13.285000000000002	0.
13.290000000000001	0.
13.295000000000002	0.
13.3	0.
13.305000000000001	0.
13.310000000000002	0.
13.315000000000001	0.
13.320000000000002	0.
13.325000000000001	0.
13.330000000000002	0.
13.335	0.
13.340000000000002	0.
13.345000000000002	0.
13.350000000000001	0.
13.355000000000002	0.
13.360000000000001	0.
13.365000000000002	0.
13.370000000000001	0.
13.375000000000002	0.
13.38	0.
13.385000000000002	0.
13.39	0.
13.395000000000001	0.
13.400000000000002	0.
13.405000000000001	0.
13.410000000000002	0.
13.415000000000001	0.
13.420000000000002	0.
13.425	0.
13.430000000000001	0.
13.435000000000002	0.
13.440000000000001	0.
13.445000000000002	0.
13.450000000000001	0.
13.455000000000002	0.
13.46	0.
13.465000000000002	0.
13.470000000000002	0.
13.475000000000001	0.
13.480000000000002	0.
13.485000000000001	0.
13.490000000000002	0.
13.495000000000001	0.
13.500000000000002	0.
13.505	0.
13.510000000000002	0.
13.515	0.
13.520000000000001	0.
13.525000000000002	0.
13.530000000000001	0.
13.535000000000002	0.
13.540000000000001	0.
13.545000000000002	0.
13.55	0.
13.555000000000001	0.
13.560000000000002	0.
13.565000000000001	0.
13.570000000000002	0.
13.575000000000001	0.
13.580000000000002	0.
13.585	0.
13.590000000000002	0.
13.595000000000002	0.
13.600000000000001	0.
13.605000000000002	0.
13.610000000000001	0.
13.615000000000002	0.
13.620000000000001	0.
13.625000000000002	0.
13.63	0.
13.635000000000002	0.
13.64	0.
13.645000000000001	0.
13.650000000000002	0.
13.655000000000001	0.
13.660000000000002	0.
13.665000000000001	0.
13.670000000000002	0.
13.675	0.
13.680000000000001	0.
13.685000000000002	0.
13.690000000000001	0.
13.695000000000002	0.
13.700000000000001	0.
13.705000000000002	0.
13.71	0.
13.715000000000002	0.
13.720000000000002	0.
13.725000000000001	0.
13.730000000000002	0.
13.735000000000001	0.
13.740000000000002	0.
13.745000000000001	0.
13.750000000000002	0.
13.755	0.
13.760000000000002	0.
13.765	0.
13.770000000000001	0.
13.775000000000002	0.
13.780000000000001	0.
13.785000000000002	0.
13.790000000000001	0.
13.795000000000002	0.
13.8	0.
13.805000000000001	0.
13.810000000000002	0.
13.815000000000001	0.
13.820000000000002	0.
13.825000000000001	0.
13.830000000000002	0.
13.835	0.
13.840000000000002	0.
13.845000000000002	0.
13.850000000000001	0.
13.855000000000002	0.
13.860000000000001	0.
13.865000000000002	0.
13.870000000000001	0.
13.875000000000002	0.
13.88	0.
13.885000000000002	0.
13.89	0.
13.895000000000001	0.
13.900000000000002	0.
13.905000000000001	0.
13.910000000000002	0.
13.915000000000001	0.
13.920000000000002	0.
13.925	0.
13.930000000000001	0.
13.935000000000002	0.
13.940000000000001	0.
13.945000000000002	0.
13.950000000000001	0.
13.955000000000002	0.
13.96	0.
13.965000000000002	0.
13.970000000000002	0.
13.975000000000001	0.
13.980000000000002	0.
13.985000000000001	0.
13.990000000000002	0.
13.995000000000001	0.
14.	0.