0.005	0.
0.01	0.
0.015	0.
0.02	0.
0.025	0.
0.030000000000000002	0.
0.034999999999999996	0.
0.04	0.
0.045	0.
0.049999999999999996	0.
0.055	0.
0.06	0.
0.065	0.
0.07	0.
0.07500000000000001	0.
0.08	0.
0.085	0.
0.09000000000000001	0.
0.095	0.
0.1	0.
0.10500000000000001	0.
0.11	0.
0.115	0.
0.12000000000000001	0.
0.125	0.
0.13	0.
0.135	0.
0.14	0.
0.14500000000000002	0.
0.15	0.
0.155	0.
0.16	0.
0.165	0.
0.17	0.048185338416094195
0.17500000000000002	0.09016216428164815
0.18000000000000002	0.11526283938184234
0.185	0.1336766637324846
0.19	0.14815115505087348
0.195	0.15994381143130196
0.2	0.16976454819528636
0.20500000000000002	0.17806424755158903
0.21000000000000002	0.18515181758410604
0.215	0.19125035748276997
0.22	0.19652735026075518
0.225	0.20111229326858326
0.23	0.2051076634706459
0.23500000000000001	0.20859608479687622
0.24000000000000002	0.2116452049162488
0.245	0.21431112500542512
0.25	0.21664087950447208
0.255	0.21867427153022187
0.26	0.22044525894418707
0.265	0.22198301944209387
0.27	0.2233127815100357
0.275	0.22445648142546754
0.28	0.22543328889468217
0.28500000000000003	0.2262600320439711
0.29000000000000004	0.2269515442937696
0.295	0.2275209498916648
0.3	0.2279799007678591
0.305	0.2283387743916848
0.31	0.22860684011033677
0.315	0.228792399812391
0.32	0.22890290752238882
0.325	0.22894507158973007
0.33	0.22892494240868097
0.335	0.2288479880414129
0.34	0.22871915967301698
0.34500000000000003	0.22854294847723552
0.35000000000000003	0.2283234351927881
0.35500000000000004	0.22806433348650848
0.36	0.2277690279990147
0.365	0.2274406078220504
0.37	0.2270818960369265
0.375	0.2266954758452064
0.38	0.22628371374166917
0.385	0.22584878011233675
0.39	0.2253926675843424
0.395	0.2249172074075499
0.4	0.22442408410851833
0.405	0.2239148486241995
0.41000000000000003	0.2233909300947234
0.41500000000000004	0.22285364647077263
0.42000000000000004	0.22230421407076636
0.425	0.22174375620571143
0.43	0.22117331097472234
0.435	0.22059383832143162
0.44	0.2200062264304887
0.445	0.2194112975338347
0.45	0.21880981318818937
0.455	0.2182024790780184
0.46	0.21758994939202686
0.465	0.21697283081576746
0.47000000000000003	0.21635168617821424
0.47500000000000003	0.21572703778596564
0.48000000000000004	0.21509937047509353
0.485	0.21446913440744297
0.49	0.21383674763532715
0.495	0.21320259845608522
0.5	0.21256704757575093
0.505	0.2119304300990824
0.51	0.21129305736153944
0.515	0.21065521861715997
0.52	0.21001718259496865
0.525	0.20937919893532433
0.53	0.20874149951645757
0.535	0.2081042996805623
0.54	0.20746779936785087
0.545	0.20683218416622948
0.55	0.20619762628354307
0.555	0.20556428544872304
0.56	0.20493230974754598
0.5650000000000001	0.20430183639827942
0.5700000000000001	0.20367299247193868
0.5750000000000001	0.2030458955615477
0.5800000000000001	0.20242065440435336
0.585	0.2017973694606298
0.59	0.20117613345240073
0.595	0.20055703186511475
0.6	0.1999401434150809
0.605	0.19932554048520743
0.61	0.19871328953135917
0.615	0.19810345146158784
0.62	0.1974960819900945
0.625	0.19689123196783714
0.63	0.19628894769142688
0.635	0.19568927119186566
0.64	0.19509224050454668
0.645	0.19449788992183803
0.65	0.1939062502294791
0.655	0.19331734892785885
0.66	0.19273121043929836
0.665	0.19214785630221043
0.67	0.1915673053530859
0.675	0.19098957389708357
0.68	0.1904146758680234
0.685	0.189842622978471
0.6900000000000001	0.18927342486055165
0.6950000000000001	0.18870708919816195
0.7000000000000001	0.18814362185103736
0.7050000000000001	0.18758302697131862
0.71	0.1870253071130425
0.715	0.18647046333496686
0.72	0.1859184952973018
0.725	0.185369401352531
0.73	0.18482317863087272
0.735	0.1842798231206158
0.74	0.18373932974371437
0.745	0.18320169242683718
0.75	0.18266690416830433
0.755	0.18213495710099498
0.76	0.1816058425516142
0.765	0.1810795510964392
0.77	0.18055607261384357
0.775	0.18003539633370053
0.78	0.17951751088395057
0.785	0.17900240433440182
0.79	0.17849006423805358
0.795	0.17798047766992156
0.8	0.17747363126368687
0.805	0.17696951124621116
0.81	0.17646810346997616
0.8150000000000001	0.17596939344371137
0.8200000000000001	0.17547336636122998
0.8250000000000001	0.17498000712859468
0.8300000000000001	0.17448930038966887
0.8350000000000001	0.17400123055021255
0.84	0.17351578180061752
0.845	0.1730329381372009
0.85	0.17255268338240973
0.855	0.1720750012037339
0.86	0.1715998751315129
0.865	0.17112728857579498
0.87	0.17065722484210016
0.875	0.17018966714628897
0.88	0.1697245986285787
0.885	0.16926200236669844
0.89	0.16880186138825976
0.895	0.16834415868238936
0.9	0.1678888772106471
0.905	0.16743599991735955
0.91	0.16698550973918105
0.915	0.16653738961422324
0.92	0.166091622490519
0.925	0.16564819133398812
0.93	0.16520707913590538
0.935	0.16476826891995594
0.9400000000000001	0.16433174374873996
0.9450000000000001	0.1638974867298518
0.9500000000000001	0.16346548102176792
0.9550000000000001	0.16303570983902024
0.9600000000000001	0.16260815645733787
0.965	0.16218280421831419
0.97	0.16175963653360045
0.975	0.16133863688913294
0.98	0.16091978884875022
0.985	0.16050307605782907
0.99	0.16008848224641303
0.995	0.15967599123218015
1.	0.1592655869233538
1.005	0.15885725332112594
1.01	0.15845097452210488
1.015	0.1580467347202111
1.02	0.15764451820974537
1.025	0.1572443093835724
1.0299999999999998	0.15684609277052608
1.035	0.15644985288848576
1.0399999999999998	0.15605557452589316
1.045	0.15566324247331564
1.0499999999999998	0.155272841652644
1.055	0.1548843570969458
1.0599999999999998	0.15449777394751552
1.065	0.15411307745711705
1.0699999999999998	0.15373025298961882
1.075	0.15334928602089287
1.0799999999999998	0.1529701621383834
1.085	0.15259286704277208
1.0899999999999999	0.15221738654744246
1.095	0.15184370657833576
1.0999999999999999	0.1514718131752075
1.105	0.15110169249057137
1.1099999999999999	0.1507333307903369
1.115	0.15036671445373295
1.1199999999999999	0.1500018299726884
1.125	0.1496386639522574
1.13	0.14927720311005158
1.135	0.14891743427599247
1.14	0.148559344392128
1.145	0.14820292051225634
1.15	0.1478481498013415
1.155	0.14749501953534436
1.16	0.14714351710063017
1.1649999999999998	0.14679362999348897
1.17	0.14644534581955987
1.1749999999999998	0.1460986522933471
1.18	0.1457535372377478
1.1849999999999998	0.14540998858323137
1.19	0.14506799436729836
1.1949999999999998	0.1447275427339856
1.2	0.14438862193299187
1.2049999999999998	0.14405122031916984
1.21	0.1437153263517302
1.2149999999999999	0.14338092859360504
1.22	0.1430480157106224
1.2249999999999999	0.14271657647094835
1.23	0.1423865997441731
1.2349999999999999	0.14205807450068988
1.24	0.14173098981078225
1.2449999999999999	0.14140533484405754
1.25	0.14108109886846879
1.255	0.14075827124966256
1.26	0.14043684145018348
1.265	0.14011679902858806
1.27	0.13979813363874563
1.275	0.13948083502900022
1.28	0.13916489304136656
1.285	0.13885029761075707
1.2899999999999998	0.13853703876408155
1.295	0.13822510661955115
1.2999999999999998	0.13791449138585388
1.305	0.13760518336125363
1.3099999999999998	0.13729717293289925
1.315	0.13699045057594267
1.3199999999999998	0.13668500685274615
1.325	0.13638083241213642
1.3299999999999998	0.136077917988503
1.335	0.13577625440109722
1.3399999999999999	0.13547583255314347
1.345	0.1351766434311515
1.3499999999999999	0.13487867810401216
1.355	0.13458192772229324
1.3599999999999999	0.13428638351741382
1.365	0.13399203680088143
1.3699999999999999	0.13369887896351615
1.375	0.13340690147467021
1.38	0.13311609588146198
1.385	0.13282645380803082
1.39	0.13253796695474285
1.395	0.13225062709747884
1.4	0.13196442608686196
1.405	0.131679355847518
1.41	0.13139540837732788
1.4149999999999998	0.1311125757467282
1.42	0.13083085009796222
1.4249999999999998	0.13055022364435623
1.43	0.13027068866959238
1.4349999999999998	0.12999223752703834
1.44	0.1297148626389958
1.4449999999999998	0.12943855649606087
1.45	0.12916331165634493
1.4549999999999998	0.12888912074488615
1.46	0.12861597645289777
1.4649999999999999	0.12834387153711863
1.47	0.1280727988191314
1.4749999999999999	0.12780275118474108
1.48	0.12753372158324525
1.4849999999999999	0.12726570302686377
1.49	0.12699868859004512
1.4949999999999999	0.12673267140881736
1.5	0.12646764468018765
1.505	0.12620360166150807
1.51	0.12594053566985927
1.515	0.12567844008141413
1.52	0.1254173083308158
1.525	0.12515713391067174
1.53	0.12489791037079558
1.535	0.12463963131779267
1.54	0.12438229041431546
1.545	0.12412588137860327
1.5499999999999998	0.12387039798384063
1.555	0.12361583405764126
1.5599999999999998	0.12336218348144531
1.565	0.12310944018994648
1.5699999999999998	0.12285759817060674
1.575	0.1226066514630831
1.5799999999999998	0.12235659415865731
1.585	0.12210742039974787
1.5899999999999999	0.12185912437936412
1.595	0.12161170034056235
1.5999999999999999	0.12136514257599156
1.605	0.1211194454273079
1.6099999999999999	0.12087460328472356
1.615	0.12063061058649201
1.6199999999999999	0.12038746181839284
1.625	0.12014515151327795
1.63	0.11990367425055706
1.635	0.11966302465573897
1.64	0.11942319739994554
1.645	0.11918418719946566
1.65	0.11894598881526224
1.655	0.11870859705251606
1.66	0.11847200676021638
1.665	0.11823621283064617
1.67	0.1180012101990076
1.6749999999999998	0.11776699384291443
1.68	0.11753355878203295
1.6849999999999998	0.11730090007758229
1.69	0.11706901283196261
1.6949999999999998	0.11683789218830297
1.7	0.11660753333007494
1.7049999999999998	0.11637793148064915
1.71	0.11614908190292964
1.7149999999999999	0.11592097989891093
1.72	0.11569362080930931
1.7249999999999999	0.11546700001318261
1.73	0.11524111292749699
1.7349999999999999	0.11501595500678655
1.74	0.11479152174274104
1.7449999999999999	0.11456780866387234
1.75	0.11434481133509666
1.755	0.11412252535741667
1.76	0.11390094636750972
1.765	0.11368007003738222
1.77	0.11345989207407103
1.775	0.113240408219215
1.78	0.11302161424873845
1.785	0.11280350597252997
1.79	0.11258607923405803
1.795	0.11236932991008894
1.7999999999999998	0.11215325391032675
1.805	0.11193784717707389
1.8099999999999998	0.11172310568493195
1.815	0.11150902544046809
1.8199999999999998	0.11129560248189722
1.825	0.11108283287878282
1.8299999999999998	0.11087071273170938
1.835	0.11065923817199098
1.8399999999999999	0.11044840536134772
1.845	0.11023821049162773
1.8499999999999999	0.11002864978451735
1.855	0.10981971949120709
1.8599999999999999	0.1096114158921434
1.865	0.10940373529673796
1.8699999999999999	0.10919667404305117
1.875	0.10899022849755187
1.88	0.10878439505482689
1.885	0.10857917013728821
1.89	0.10837455019493528
1.895	0.1081705317050555
1.9	0.10796711117199319
1.905	0.10776428512684388
1.91	0.10756205012723906
1.915	0.10736040275706368
1.92	0.1071593396262104
1.9249999999999998	0.10695885737033387
1.93	0.10675895265058917
1.9349999999999998	0.10655962215340034
1.94	0.10636086259021889
1.9449999999999998	0.10616267069726745
1.95	0.10596504323532732
1.9549999999999998	0.10576797698946998
1.96	0.1055714687688635
1.9649999999999999	0.10537551540653307
1.97	0.10518011375909152
1.9749999999999999	0.10498526070659141
1.98	0.10479095315223654
1.9849999999999999	0.10459718802219684
1.99	0.10440396226537822
1.9949999999999999	0.10421127285321236
2.	0.10401911677943958
2.005	0.10382749105993086
2.01	0.10363639273240006
2.015	0.10344581885631791
2.02	0.10325576651256878
2.025	0.1030662328033913
2.03	0.10287721485205727
2.035	0.10268870980275988
2.04	0.10250071482038153
2.045	0.10231322709028433
2.05	0.10212624381817538
2.0549999999999997	0.10193976222987064
2.06	0.10175377957111799
2.065	0.10156829310742808
2.07	0.10138330012388128
2.0749999999999997	0.1011987979249311
2.08	0.10101478383427462
2.085	0.10083125519461397
2.09	0.100648209367521
2.0949999999999998	0.10046564373326863
2.1	0.10028355569061302
2.105	0.1001019426566996
2.11	0.09992080206681439
2.1149999999999998	0.09974013137428363
2.12	0.09955992805026206
2.125	0.09938018958362053
2.13	0.09920091348072908
2.135	0.09902209726534206
2.14	0.09884373847841371
2.145	0.09866583467796308
2.15	0.09848838343890795
2.155	0.09831138235291359
2.16	0.09813482902824515
2.165	0.09795872108962433
2.17	0.09778305617806195
2.175	0.09760783195073919
2.18	0.09743304608084137
2.185	0.09725869625741826
2.19	0.09708478018525178
2.195	0.09691129558472034
2.1999999999999997	0.09673824019162924
2.205	0.09656561175712072
2.21	0.0963934080474917
2.215	0.09622162684409016
2.2199999999999998	0.0960502659431841
2.225	0.0958793231557889
2.23	0.09570879630759889
2.235	0.09553868323879779
2.2399999999999998	0.09536898180398733
2.245	0.09519968987200232
2.25	0.09503080532584583
2.255	0.09486232606252017
2.26	0.09469424999291955
2.265	0.09452657504170457
2.27	0.09435929914721879
2.275	0.09419242026129669
2.28	0.0940259363492149
2.285	0.09385984538953261
2.29	0.09369414537400252
2.295	0.09352883430744609
2.3	0.09336391020763231
2.305	0.09319937110519395
2.31	0.09303521504346754
2.315	0.09287144007843873
2.32	0.0927080442785973
2.3249999999999997	0.09254502572484659
2.33	0.09238238251038765
2.335	0.09222011274061401
2.34	0.09205821453302415
2.3449999999999998	0.09189668601709622
2.35	0.09173552533419868
2.355	0.09157473063747573
2.36	0.09141430009177416
2.3649999999999998	0.09125423187351153
2.37	0.09109452417060086
2.375	0.09093517518234388
2.38	0.09077618311933523
2.385	0.09061754620336729
2.39	0.09045926266734343
2.395	0.0903013307551711
2.4	0.09014374872167438
2.405	0.08998651483250233
2.41	0.08982962736406226
2.415	0.0896730846033698
2.42	0.08951688484801382
2.425	0.08936102640606536
2.43	0.08920550759595317
2.435	0.08905032674641632
2.44	0.08889548219638792
2.445	0.08874097229493579
2.4499999999999997	0.08858679540115746
2.455	0.0884329498841219
2.46	0.08827943412274658
2.465	0.08812624650576166
2.4699999999999998	0.08797338543160137
2.475	0.08782084930832618
2.48	0.08766863655354852
2.485	0.08751674559435973
2.4899999999999998	0.08736517486723153
2.495	0.08721392281796751
2.5	0.08706298790160188
2.505	0.08691236858233403
2.51	0.08676206333345322
2.515	0.08661207063727398
2.52	0.08646238898503102
2.525	0.0863130168768449
2.53	0.08616395282162406
2.535	0.08601519533700604
2.54	0.0858667429492771
2.545	0.08571859419330712
2.55	0.08557074761247875
2.555	0.08542320175861813
2.56	0.08527595519193328
2.565	0.08512900648092621
2.57	0.08498235420235921
2.5749999999999997	0.08483599694114201
2.58	0.08468993329032329
2.585	0.08454416185096417
2.59	0.08439868123212253
2.5949999999999998	0.0842534900507684
2.6	0.08410858693171247
2.605	0.0839639705075515
2.61	0.08381963941862701
2.6149999999999998	0.08367559231291366
2.62	0.08353182784600965
2.625	0.083388344681042
2.63	0.08324514148861943
2.635	0.08310221694677371
2.64	0.0829595697408955
2.645	0.08281719856367542
2.65	0.08267510211504944
2.655	0.08253327910213844
2.66	0.08239172823919953
2.665	0.08225044824755127
2.67	0.08210943785553884
2.675	0.0819686957984548
2.68	0.08182822081851598
2.685	0.08168801166476963
2.69	0.08154806709307051
2.695	0.08140838586601801
2.7	0.08126896675289594
2.705	0.08112980852962345
2.71	0.08099090997870206
2.715	0.08085226988917409
2.7199999999999998	0.0807138870565598
2.725	0.08057576028280165
2.73	0.08043788837622821
2.735	0.08030027015149428
2.7399999999999998	0.08016290442953738
2.745	0.08002579003751392
2.75	0.07988892580877825
2.755	0.07975231058279894
2.76	0.07961594320514336
2.765	0.07947982252740264
2.77	0.07934394740716838
2.775	0.07920831670796782
2.78	0.07907292929922292
2.785	0.07893778405621471
2.79	0.07880287986001354
2.795	0.07866821559745801
2.8	0.0785337901611027
2.8049999999999997	0.0783996024491589
2.81	0.07826565136547581
2.815	0.07813193581947232
2.82	0.07799845472611674
2.825	0.07786520700585703
2.83	0.07773219158460469
2.835	0.07759940739367144
2.84	0.07746685336974074
2.8449999999999998	0.07733452845481843
2.85	0.07720243159619593
2.855	0.0770705617464033
2.86	0.07693891786317614
2.8649999999999998	0.07680749890940491
2.87	0.07667630385310541
2.875	0.07654533166737697
2.88	0.07641458133035185
2.885	0.07628405182517381
2.89	0.07615374213994244
2.895	0.07602365126768758
2.9	0.07589377820632127
2.905	0.07576412195860631
2.91	0.07563468153211675
2.915	0.07550545593919733
2.92	0.07537644419692945
2.925	0.07524764532709761
2.9299999999999997	0.07511905835614532
2.935	0.07499068231514586
2.94	0.07486251623975665
2.945	0.07473455917019721
2.95	0.07460681015120209
2.955	0.07447926823199266
2.96	0.07435193246623871
2.965	0.07422480191202421
2.9699999999999998	0.0740978756318109
2.975	0.07397115269241458
2.98	0.07384463216495611
2.985	0.07371831312483627
2.9899999999999998	0.07359219465170168
2.995	0.07346627582941276
3.	0.07334055574600534
3.005	0.07321503349366888
3.01	0.07308970816869807
3.015	0.0729645788714736
3.02	0.0728396447064311
3.025	0.07271490478201842
3.03	0.07259035821066731
3.035	0.07246600410877443
3.04	0.07234184159665538
3.045	0.07221786979852038
3.05	0.07209408784244353
3.0549999999999997	0.07197049486032976
3.06	0.07184708998789073
3.065	0.07172387236460298
3.07	0.07160084113369468
3.075	0.07147799544210115
3.08	0.07135533444044884
3.085	0.0712328572830104
3.09	0.07111056312768789
3.0949999999999998	0.07098845113598255
3.1	0.07086652047296553
3.105	0.07074477030724043
3.11	0.07062319981093153
3.115	0.07050180815964453
3.12	0.07038059453243757
3.125	0.07025955811180516
3.13	0.07013869808363514
3.135	0.07001801363719445
3.14	0.06989750396509718
3.145	0.06977716826327418
3.15	0.06965700573095403
3.155	0.06953701557062615
3.16	0.06941719698802884
3.165	0.06929754919210775
3.17	0.06917807139499887
3.175	0.06905876281200361
3.1799999999999997	0.06893962266155401
3.185	0.06882065016520053
3.19	0.06870184454757189
3.195	0.0685832050363638
3.2	0.06846473086230301
3.205	0.06834642125912961
3.21	0.06822827546356613
3.215	0.06811029271530235
3.2199999999999998	0.06799247225695748
3.225	0.06787481333406666
3.23	0.06775731519505443
3.235	0.06763997709120641
3.24	0.06752279827664984
3.245	0.06740577800832759
3.25	0.06728891554597764
3.255	0.06717221015210392
3.26	0.06705566109195853
3.265	0.06693926763351503
3.27	0.06682302904744715
3.275	0.06670694460710552
3.28	0.06659101358849422
3.285	0.06647523527024736
3.29	0.06635960893360895
3.295	0.06624413386240856
3.3	0.06612880934303783
3.3049999999999997	0.06601363466443241
3.31	0.06589860911804567
3.315	0.06578373199782706
3.32	0.06566900260020446
3.325	0.06555442022405651
3.33	0.06543998417069487
3.335	0.06532569374384176
3.34	0.06521154824960781
3.3449999999999998	0.06509754699647052
3.35	0.0649836892952556
3.355	0.06486997445911254
3.36	0.06475640180349518
3.365	0.06464297064614065
3.37	0.06452968030704843
3.375	0.06441653010845988
3.38	0.06430351937483675
3.385	0.06419064743284185
3.39	0.064077913611318
3.395	0.06396531724126675
3.4	0.06385285765583006
3.405	0.0637405341902683
3.41	0.0636283461819419
3.415	0.06351629297028896
3.42	0.06340437389680798
3.425	0.06329258830503476
3.4299999999999997	0.06318093554052792
3.435	0.06306941495084248
3.44	0.06295802588551723
3.445	0.06284676769604765
3.45	0.06273563973587327
3.455	0.06262464136035482
3.46	0.06251377192675583
3.465	0.06240303079422109
3.4699999999999998	0.06229241732376344
3.475	0.062181930878237174
3.48	0.06207157082232527
3.485	0.061961336522515925
3.49	0.0618512273470858
3.495	0.061741242666082045
3.5	0.06163138185130202
3.505	0.06152164427627243
3.51	0.0614120293162397
3.515	0.06130253634813654
3.52	0.06119316475057814
3.525	0.06108391390383362
3.53	0.06097478318981362
3.535	0.06086577199205026
3.54	0.06075687969567315
3.545	0.060648105687401636
3.55	0.060539449355519165
3.5549999999999997	0.06043091008985719
3.56	0.06032248728177425
3.565	0.06021418032414703
3.5700000000000003	0.06010598861133852
3.575	0.05999791153919144
3.58	0.05988994850500382
3.585	0.059782098907515645
3.59	0.05967436214688957
3.5949999999999998	0.059566737624686686
3.5999999999999996	0.05945922474386075
3.605	0.05935182290873122
3.61	0.05924453152496686
3.615	0.059137349999569426
3.62	0.05903027774086151
3.625	0.058923314158454296
3.63	0.05881645866324555
3.635	0.058709710667394936
3.6399999999999997	0.05860306958430266
3.645	0.05849653482859862
3.65	0.05839010581612657
3.6550000000000002	0.0582837819639137
3.66	0.05817756269017216
3.665	0.05807144741426203
3.67	0.057965435556689225
3.675	0.05785952653907686
3.6799999999999997	0.05775371978415859
3.685	0.05764801471575234
3.69	0.057542410758746755
3.6950000000000003	0.057436907339084395
3.7	0.05733150388373895
3.705	0.057226199820705856
3.71	0.05712099457898258
3.715	0.05701588758854213
3.7199999999999998	0.05691087828033317
3.7249999999999996	0.05680596608624594
3.73	0.05670115043910347
3.735	0.056596430772642294
3.74	0.056491806521495054
3.745	0.05638727712117714
3.75	0.05628284200805781
3.755	0.056178500619357766
3.76	0.056074252393119556
3.7649999999999997	0.05597009676819813
3.77	0.0558660331842369
3.775	0.05576206108165573
3.7800000000000002	0.05565817990163153
3.785	0.05555438908608053
3.79	0.05545068807764165
3.795	0.05534707631965502
3.8	0.05524355325615085
3.8049999999999997	0.05514011833182687
3.81	0.05503677099203424
3.815	0.05493351068275797
3.8200000000000003	0.0548303368505957
3.825	0.05472724894274729
3.83	0.05462424640699485
3.835	0.05452132869168076
3.84	0.054418495245695954
3.8449999999999998	0.05431574551845494
3.8499999999999996	0.054213078959885204
3.855	0.0541104950204051
3.86	0.054007993150908463
3.865	0.05390557280274223
3.87	0.05380323342769311
3.875	0.053700974477968885
3.88	0.053598795406181
3.885	0.05349669566531248
3.8899999999999997	0.05339467470872785
3.895	0.05329273199013124
3.9	0.0531908669635524
3.9050000000000002	0.053089079083337404
3.91	0.05298736780412055
3.915	0.05288573258081117
3.92	0.05278417286857358
3.925	0.05268268812280523
3.9299999999999997	0.05258127779912976
3.935	0.052479941353354445
3.94	0.052378678241479425
3.9450000000000003	0.05227748791966111
3.95	0.05217636984420211
3.955	0.052075323471513814
3.96	0.05197434825812995
3.965	0.05187344366065172
3.9699999999999998	0.05177260913575767
3.9749999999999996	0.05167184414016342
3.98	0.05157114813061963
3.985	0.051470520563872926
3.99	0.051369960896664284
3.995	0.05126946858569787
4.	0.05116904308762778
4.005	0.05106868385902914
4.01	0.05096839035638865
4.015	0.050868162036081195
4.02	0.05076799835434558
4.025	0.05066789876726286
4.03	0.05056786273074437
4.035	0.050467889700502935
4.04	0.05036797913204093
4.045	0.05026813048061751
4.05	0.0501683432012321
4.055	0.05006861674861266
4.0600000000000005	0.04996895057718043
4.0649999999999995	0.04986934414103693
4.07	0.049769796893934036
4.075	0.04967030828927509
4.08	0.04957087778005316
4.085	0.04947150481887342
4.09	0.04937218885789321
4.095	0.04927292934882423
4.1	0.04917372574290136
4.105	0.04907457749087064
4.109999999999999	0.048975484042928216
4.115	0.04887644484876201
4.12	0.048777459357462076
4.125	0.04867852701754317
4.13	0.04857964727691456
4.135	0.04848081958281873
4.14	0.04838204338186666
4.145	0.04828331811996587
4.15	0.04818464324232606
4.155	0.04808601819340884
4.16	0.0479874424169293
4.165	0.04788891535580946
4.17	0.04779043645217408
4.175	0.047692005147306316
4.18	0.04759362088163139
4.1850000000000005	0.047495283094691455
4.1899999999999995	0.04739699122511273
4.195	0.04729874471060032
4.2	0.04720054298788152
4.205	0.047102385492689
4.21	0.04700427165976205
4.215	0.046906200922783636
4.22	0.04680817271435845
4.225	0.046710186466013055
4.23	0.046612241608129906
4.234999999999999	0.04651433756995008
4.24	0.046416473779522315
4.245	0.04631864966369909
4.25	0.04622086464808442
4.255	0.046123118157012824
4.26	0.04602540961352861
4.265	0.045927738439338735
4.27	0.045830104054799786
4.275	0.04573250587889031
4.28	0.04563494332914018
4.285	0.045537415821669536
4.29	0.04543992277108918
4.295	0.04534246359050643
4.3	0.045245037691489645
4.305	0.04514764448402718
4.3100000000000005	0.045050283376503526
4.3149999999999995	0.044952953775656
4.32	0.04485565508653746
4.325	0.04475838671252177
4.33	0.04466114805521664
4.335	0.044563938514449446
4.34	0.044466757488257826
4.345	0.0443696043728199
4.35	0.044272478562419074
4.355	0.044175379449452906
4.359999999999999	0.044078306424335
4.365	0.04398125887549341
4.37	0.043884236189336324
4.375	0.04378723775020223
4.38	0.04369026294032068
4.385	0.043593311139778705
4.39	0.04349638172648951
4.395	0.04339947407613048
4.4	0.04330258756213391
4.405	0.043205721555610435
4.41	0.04310887542533957
4.415	0.04301204853771478
4.42	0.042915240256707586
4.425	0.04281844994380263
4.43	0.042721676957991235
4.4350000000000005	0.04262492065569758
4.4399999999999995	0.042528180390747815
4.445	0.04243145551431519
4.45	0.04233474537489979
4.455	0.04223804931824622
4.46	0.04214136668732757
4.465	0.04204469682228354
4.47	0.041948039060371006
4.475	0.041851392735915115
4.48	0.0417547571802875
4.484999999999999	0.04165813172180384
4.49	0.04156151568572985
4.495	0.04146490839418201
4.5	0.04136830916611877
4.505	0.04127171731723838
4.51	0.041175132159975744
4.515	0.04107855300340998
4.52	0.04098197915325118
4.525	0.040885409911736205
4.53	0.04078884457759044
4.535	0.04069228244599489
4.54	0.040595722808496666
4.545	0.04049916495296153
4.55	0.040402608163517574
4.555	0.04030605172049236
4.5600000000000005	0.040209494900345644
4.5649999999999995	0.04011293697560653
4.57	0.040016377214823685
4.575	0.03991981488249843
4.58	0.03982324923898435
4.585	0.039726679540479384
4.59	0.03963010503892204
4.595000000000001	0.039533524981910116
4.6	0.03943693861267675
4.605	0.0393403451699721
4.609999999999999	0.03924374388802342
4.615	0.03914713399645266
4.62	0.039050514720198486
4.625	0.038953885279441096
4.63	0.03885724488953071
4.635	0.03876059276091758
4.640000000000001	0.038663928099049276
4.645	0.03856725010431125
4.65	0.038470557971952236
4.654999999999999	0.038373850891961055
4.66	0.038277128049031446
4.665	0.038180388622445924
4.67	0.03808363178601606
4.675	0.03798685670794981
4.68	0.037890062550795224
4.6850000000000005	0.03779324847135586
4.6899999999999995	0.03769641362057739
4.695	0.03759955714344711
4.7	0.03750267817893173
4.705	0.03740577585983858
4.71	0.037308849312750435
4.715	0.03721189765790856
4.720000000000001	0.03711492000910039
4.725	0.037017915473574574
4.73	0.036920883151918826
4.734999999999999	0.03682382213796877
4.74	0.03672673151867418
4.745	0.036629610374011495
4.75	0.03653245777683971
4.755	0.03643527279282745
4.76	0.03633805448028146
4.765000000000001	0.03624080189006625
4.77	0.03614351406546244
4.775	0.036046190042050466
4.779999999999999	0.03594882884757827
4.785	0.03585142950183712
4.79	0.0357539910165076
4.795	0.035656512395056114
4.8	0.03555899263257991
4.805	0.03546143071567134
4.8100000000000005	0.03536382562226398
4.8149999999999995	0.03526617632151684
4.82	0.03516848177362763
4.825	0.03507074092969858
4.83	0.03497295273159734
4.835	0.034875116111782054
4.84	0.034777229993149965
4.845000000000001	0.03467929328885817
4.85	0.03458130490217709
4.855	0.03448326372632064
4.859999999999999	0.03438516864424107
4.865	0.03428701852850658
4.87	0.034188812241058
4.875	0.03409054863308761
4.88	0.03399222654480684
4.885	0.03389384480525777
4.890000000000001	0.033795402232145166
4.895	0.0336968976316119
4.9	0.033598329798055965
4.904999999999999	0.03349969751389095
4.91	0.033400999549358996
4.915	0.03330223466231939
4.92	0.03320340159799831
4.925	0.03310449908877779
4.93	0.033005525853979166
4.9350000000000005	0.032906480599613784
4.9399999999999995	0.03280736201813074
4.945	0.0327081687881838
4.95	0.03260889957437579
4.955	0.032509553027001085
4.96	0.0324101277817799
4.965	0.03231062245961139
4.970000000000001	0.032211035666241415
4.975	0.032111365992051444
4.98	0.03201161201172486
4.984999999999999	0.03191177228396117
4.99	0.03181184535118748
4.995	0.0317118297392358
5.	0.03161172395703376
5.005	0.03151152649628869
5.01	0.03141123583113329
5.015000000000001	0.03131085041783612
5.02	0.031210368694392858
5.025	0.0311097890802246
5.029999999999999	0.031009109975774777
5.035	0.030908329762186777
5.04	0.030807446800865716
5.045	0.030706459433139276
5.05	0.030605365979815145
5.055	0.030504164740811766
5.0600000000000005	0.030402853994720678
5.0649999999999995	0.030301431998362317
5.07	0.030199896986368612
5.075	0.030098247170741894
5.08	0.02999648074034484
5.085	0.029894595860464293
5.09	0.029792590672336954
5.095000000000001	0.029690463292593734
5.1	0.02958821181281536
5.105	0.029485834298951477
5.109999999999999	0.02938332879080124
5.115	0.029280693301494836
5.12	0.029177925816852635
5.125	0.029075024294868756
5.13	0.028971986665069407
5.135	0.028868810827916726
5.14	0.02876549465418243
5.145	0.028662035984278425
5.15	0.02855843262761251
5.155	0.028454682361880482
5.16	0.028350782932370668
5.165	0.028246732051247773
5.17	0.028142527396798303
5.175	0.028038166612663434
5.18	0.027933647307060952
5.185	0.027828967051962736
5.19	0.027724123382269532
5.195	0.02761911379494714
5.2	0.027513935748146746
5.205	0.027408586660283892
5.21	0.027303063909129458
5.215	0.027197364830810682
5.22	0.027091486718836984
5.225	0.02698542682308028
5.23	0.026879182348702107
5.235	0.02677275045508247
5.24	0.026666128254689867
5.245	0.026559312811927492
5.25	0.02645230114194036
5.255	0.026345090209391585
5.26	0.02623767692717313
5.265	0.02613005815512461
5.27	0.026022230698661445
5.275	0.025914191307377696
5.28	0.025805936673627752
5.285	0.025697463431005076
5.29	0.025588768152823887
5.295	0.025479847350511283
5.3	0.025370697471992526
5.305	0.02526131489997094
5.31	0.02515169595016529
5.315	0.025041836869493756
5.32	0.02493173383422225
5.325	0.024821382947964613
5.33	0.024710780239708532
5.335	0.02459992166170185
5.34	0.024488803087318264
5.345	0.024377420308777962
5.35	0.02426576903485518
5.355	0.024153844888461957
5.36	0.024041643404135338
5.365	0.02392916002547581
5.37	0.023816390102439376
5.375	0.023703328888539352
5.38	0.023589971537989262
5.385	0.023476313102627207
5.39	0.0233623485288675
5.395	0.02324807265438719
5.4	0.02313348020480092
5.405	0.02301856579009657
5.41	0.022903323901024567
5.415	0.0227877489052725
5.42	0.02267183504351474
5.425	0.022555576425295515
5.43	0.02243896702470661
5.435	0.02232200067594772
5.44	0.022204671068631113
5.445	0.022086971742935398
5.45	0.02196889608450689
5.455	0.021850437319167703
5.46	0.021731588507379364
5.465	0.021612342538468957
5.47	0.021492692124550943
5.475	0.021372629794245254
5.48	0.021252147886049334
5.485	0.02113123854140773
5.49	0.021009893697490657
5.495	0.020888105079581734
5.5	0.020765864193145248
5.505	0.020643162315471704
5.51	0.020519990486934765
5.515	0.02039633950181312
5.52	0.020272199898641305
5.525	0.020147561950080453
5.53	0.02002241565227515
5.535	0.01989675071363557
5.54	0.01977055654306135
5.545	0.019643822237514284
5.55	0.019516536568939664
5.555	0.019388687970472177
5.56	0.01926026452188205
5.565	0.01913125393420889
5.57	0.019001643533537463
5.575	0.01887142024383735
5.58	0.0187405705688124
5.585	0.01860908057269683
5.59	0.018476935859900578
5.595	0.01834412155343413
5.6	0.01821062227202256
5.605	0.018076422105802216
5.61	0.017941504590497998
5.615	0.017805852679959044
5.62	0.017669448716929013
5.625	0.017532274401905797
5.63	0.017394310759931243
5.635	0.01725553810516439
5.64	0.01711593600301189
5.645	0.01697548322965297
5.65	0.016834157728704766
5.655	0.01669193656479814
5.66	0.01654879587376352
5.665	0.016404710809153445
5.67	0.016259655484749648
5.675	0.016113602912669247
5.68	0.015966524936681638
5.6850000000000005	0.015818392160236165
5.69	0.01566917386873322
5.695	0.015518837945388525
5.7	0.015367350780130132
5.705	0.015214677170725213
5.71	0.015060780215352185
5.715	0.014905621195708029
5.72	0.0147491594495709
5.725	0.014591352231676891
5.73	0.014432154561538292
5.735	0.014271519056716265
5.74	0.014109395749752195
5.745	0.013945731886835264
5.75	0.01378047170585172
5.755	0.013613556191256869
5.76	0.013444922802647958
5.765	0.013274505173628428
5.77	0.013102232776757572
5.775	0.012928030549934206
5.78	0.012751818478544653
5.785	0.01257351112686224
5.79	0.012393017110915627
5.795	0.01221023850375484
5.8	0.012025070162012569
5.805	0.011837398960901666
5.8100000000000005	0.011647102921675104
5.815	0.011454050212865784
5.82	0.0112580980017936
5.825	0.011059091128475312
5.83	0.010856860566737682
5.835	0.010651221629563801
5.84	0.010441971864691917
5.845	0.010228888572478228
5.85	0.01001172585973618
5.855	0.009790211119108234
5.86	0.009564040790716351
5.865	0.009332875218906038
5.87	0.009096332356357012
5.875	0.00885397998304207
5.88	0.008605325988518573
5.885	0.008349806093763047
5.89	0.008086768136620407
5.895	0.007815451667513856
5.9	0.007534961022563756
5.905	0.0072442291302828934
5.91	0.006941967829275751
5.915	0.00662659799334885
5.92	0.0062961484285210855
5.925	0.005948104579601437
5.93	0.005579172765223585
5.9350000000000005	0.00518489398890253
5.94	0.004758970228336132
5.945	0.0042919882844313665
5.95	0.0037687135681453415
5.955	0.0031613117784930586
5.96	0.0024069094412589795
5.965	0.0012653630848940525
5.97	0.
5.975	0.
5.98	0.
5.985	0.
5.99	0.
5.995	0.
6.	0.
6.005	0.
6.01	0.
6.015	0.
6.02	0.
6.025	0.
6.03	0.
6.035	0.
6.04	0.
6.045	0.
6.05	0.
6.055	0.
6.0600000000000005	0.
6.065	0.
6.07	0.
6.075	0.
6.08	0.
6.085	0.
6.09	0.
6.095	0.
6.1	0.
6.105	0.
6.11	0.
6.115	0.
6.12	0.
6.125	0.
6.13	0.
6.135	0.
6.140000000000001	0.
6.145	0.
6.15	0.
6.155	0.
6.16	0.
6.165	0.
6.17	0.
6.175	0.
6.18	0.
6.1850000000000005	0.
6.1899999999999995	0.
6.195	0.
6.2	0.
6.205	0.
6.21	0.
6.215	0.
6.22	0.
6.225	0.
6.23	0.
6.235	0.
6.24	0.
6.245	0.
6.25	0.
6.255	0.
6.26	0.
6.265000000000001	0.
6.27	0.
6.275	0.
6.28	0.
6.285	0.
6.29	0.
6.295	0.
6.3	0.
6.305	0.
6.3100000000000005	0.
6.3149999999999995	0.
6.32	0.
6.325	0.
6.33	0.
6.335	0.
6.34	0.
6.345	0.
6.35	0.
6.355	0.
6.36	0.
6.365	0.
6.37	0.
6.375	0.
6.38	0.
6.385	0.
6.390000000000001	0.
6.395	0.
6.4	0.
6.405	0.
6.41	0.
6.415	0.
6.42	0.
6.425	0.
6.43	0.
6.4350000000000005	0.
6.4399999999999995	0.
6.445	0.
6.45	0.
6.455	0.
6.46	0.
6.465	0.
6.47	0.
6.475	0.
6.48	0.
6.485	0.
6.49	0.
6.495	0.
6.5	0.
6.505	0.
6.51	0.
6.515000000000001	0.
6.52	0.
6.525	0.
6.53	0.
6.535	0.
6.54	0.
6.545	0.
6.55	0.
6.555	0.
6.5600000000000005	0.
6.5649999999999995	0.
6.57	0.
6.575	0.
6.58	0.
6.585	0.
6.59	0.
6.595	0.
6.6	0.
6.605	0.
6.61	0.
6.615	0.
6.62	0.
6.625	0.
6.63	0.
6.635	0.
6.640000000000001	0.
6.645	0.
6.65	0.
6.655	0.
6.66	0.
6.665	0.
6.67	0.
6.675	0.
6.68	0.
6.6850000000000005	0.
6.6899999999999995	0.
6.695	0.
6.7	0.
6.705	0.
6.71	0.
6.715	0.
6.72	0.
6.725	0.
6.73	0.
6.735	0.
6.74	0.
6.745	0.
6.75	0.
6.755	0.
6.76	0.
6.765000000000001	0.
6.77	0.
6.775	0.
6.78	0.
6.785	0.
6.79	0.
6.795	0.
6.8	0.
6.805	0.
6.8100000000000005	0.
6.8149999999999995	0.
6.82	0.
6.825	0.
6.83	0.
6.835	0.
6.84	0.
6.845	0.
6.85	0.
6.855	0.
6.86	0.
6.865	0.
6.87	0.
6.875	0.
6.88	0.
6.885	0.
6.890000000000001	0.
6.895	0.
6.9	0.
6.905	0.
6.91	0.
6.915	0.
6.92	0.
6.925	0.
6.93	0.
6.9350000000000005	0.
6.9399999999999995	0.
6.945	0.
6.95	0.
6.955	0.
6.96	0.
6.965	0.
6.97	0.
6.975	0.
6.98	0.
6.985	0.
6.99	0.
6.995	0.
7.	0.
7.005	0.
7.01	0.
7.015000000000001	0.
7.02	0.
7.025	0.
7.03	0.
7.035	0.
7.04	0.
7.045	0.
7.05	0.
7.055	0.
7.0600000000000005	0.
7.0649999999999995	0.
7.07	0.
7.075	0.
7.08	0.
7.085	0.
7.09	0.
7.095	0.
7.1	0.
7.105	0.
7.11	0.
7.115	0.
7.12	0.
7.125	0.
7.13	0.
7.135	0.
7.140000000000001	0.
7.145	0.
7.15	0.
7.155	0.
7.16	0.
7.165	0.
7.17	0.
7.175	0.
7.18	0.
7.1850000000000005	0.
7.1899999999999995	0.
7.195	0.
7.2	0.
7.205	0.
7.21	0.
7.215	0.
7.220000000000001	0.
7.225	0.
7.23	0.
7.234999999999999	0.
7.24	0.
7.245	0.
7.25	0.
7.255	0.
7.26	0.
7.265000000000001	0.
7.27	0.
7.275	0.
7.28	0.
7.285	0.
7.29	0.
7.295	0.
7.300000000000001	0.
7.305	0.
7.3100000000000005	0.
7.3149999999999995	0.
7.32	0.
7.325	0.
7.33	0.
7.335	0.
7.34	0.
7.345000000000001	0.
7.35	0.
7.355	0.
7.359999999999999	0.
7.365	0.
7.37	0.
7.375	0.
7.38	0.
7.385	0.
7.390000000000001	0.
7.395	0.
7.4	0.
7.405	0.
7.41	0.
7.415	0.
7.42	0.
7.425000000000001	0.
7.43	0.
7.4350000000000005	0.
7.4399999999999995	0.
7.445	0.
7.45	0.
7.455	0.
7.46	0.
7.465	0.
7.470000000000001	0.
7.475	0.
7.48	0.
7.484999999999999	0.
7.49	0.
7.495	0.
7.5	0.
7.505	0.
7.51	0.
7.515000000000001	0.
7.52	0.
7.525	0.
7.53	0.
7.535	0.
7.54	0.
7.545	0.
7.550000000000001	0.
7.555	0.
7.5600000000000005	0.
7.5649999999999995	0.
7.57	0.
7.575	0.
7.58	0.
7.585	0.
7.59	0.
7.595000000000001	0.
7.6	0.
7.605	0.
7.609999999999999	0.
7.615	0.
7.62	0.
7.625	0.
7.63	0.
7.635	0.
7.640000000000001	0.
7.645	0.
7.65	0.
7.655	0.
7.66	0.
7.665	0.
7.67	0.
7.675000000000001	0.
7.68	0.
7.685	0.
7.6899999999999995	0.
7.694999999999999	0.
7.699999999999999	0.
7.704999999999999	0.
7.71	0.
7.715	0.
7.72	0.
7.725	0.
7.7299999999999995	0.
7.734999999999999	0.
7.739999999999999	0.
7.744999999999999	0.
7.75	0.
7.755	0.
7.76	0.
7.765	0.
7.77	0.
7.7749999999999995	0.
7.779999999999999	0.
7.784999999999999	0.
7.79	0.
7.795	0.
7.8	0.
7.805	0.
7.81	0.
7.8149999999999995	0.
7.819999999999999	0.
7.824999999999999	0.
7.829999999999999	0.
7.835	0.
7.84	0.
7.845	0.
7.85	0.
7.8549999999999995	0.
7.859999999999999	0.
7.864999999999999	0.
7.869999999999999	0.
7.875	0.
7.88	0.
7.885	0.
7.89	0.
7.895	0.
7.8999999999999995	0.
7.904999999999999	0.
7.909999999999999	0.
7.915	0.
7.92	0.
7.925	0.
7.93	0.
7.935	0.
7.9399999999999995	0.
7.944999999999999	0.
7.949999999999999	0.
7.955	0.
7.96	0.
7.965	0.
7.97	0.
7.975	0.
7.9799999999999995	0.
7.984999999999999	0.
7.989999999999999	0.
7.994999999999999	0.
8.	0.
8.004999999999999	0.
8.01	0.
8.014999999999999	0.
8.02	0.
8.025	0.
8.03	0.
8.035	0.
8.04	0.
8.045	0.
8.049999999999999	0.
8.055	0.
8.059999999999999	0.
8.065	0.
8.07	0.
8.075	0.
8.08	0.
8.084999999999999	0.
8.09	0.
8.094999999999999	0.
8.1	0.
8.105	0.
8.11	0.
8.115	0.
8.12	0.
8.125	0.
8.129999999999999	0.
8.135	0.
8.139999999999999	0.
8.145	0.
8.15	0.
8.155	0.
8.16	0.
8.165	0.
8.17	0.
8.174999999999999	0.
8.18	0.
8.184999999999999	0.
8.19	0.
8.195	0.
8.2	0.
8.205	0.
8.209999999999999	0.
8.215	0.
8.219999999999999	0.
8.225	0.
8.23	0.
8.235	0.
8.24	0.
8.245	0.
8.25	0.
8.254999999999999	0.
8.26	0.
8.264999999999999	0.
8.27	0.
8.275	0.
8.28	0.
8.285	0.
8.29	0.
8.295	0.
8.299999999999999	0.
8.305	0.
8.309999999999999	0.
8.315	0.
8.32	0.
8.325	0.
8.33	0.
8.334999999999999	0.
8.34	0.
8.344999999999999	0.
8.35	0.
8.355	0.
8.36	0.
8.365	0.
8.37	0.
8.375	0.
8.379999999999999	0.
8.385	0.
8.389999999999999	0.
8.395	0.
8.4	0.
8.405	0.
8.41	0.
8.415	0.
8.42	0.
8.424999999999999	0.
8.43	0.
8.434999999999999	0.
8.44	0.
8.445	0.
8.45	0.
8.455	0.
8.459999999999999	0.
8.465	0.
8.469999999999999	0.
8.475	0.
8.48	0.
8.485	0.
8.49	0.
8.495	0.
8.5	0.
8.504999999999999	0.
8.51	0.
8.515	0.
8.52	0.
8.525	0.
8.53	0.
8.535	0.
8.54	0.
8.545	0.
8.549999999999999	0.
8.555	0.
8.559999999999999	0.
8.565	0.
8.57	0.
8.575	0.
8.58	0.
8.584999999999999	0.
8.59	0.
8.594999999999999	0.
8.6	0.
8.605	0.
8.61	0.
8.615	0.
8.62	0.
8.625	0.
8.629999999999999	0.
8.635	0.
8.64	0.
8.645	0.
8.65	0.
8.655	0.
8.66	0.
8.665	0.
8.67	0.
8.674999999999999	0.
8.68	0.
8.684999999999999	0.
8.69	0.
8.695	0.
8.7	0.
8.705	0.
8.709999999999999	0.
8.715	0.
8.719999999999999	0.
8.725	0.
8.73	0.
8.735	0.
8.74	0.
8.745	0.
8.75	0.
8.754999999999999	0.
8.76	0.
8.765	0.
8.77	0.
8.775	0.
8.78	0.
8.785	0.
8.79	0.
8.795	0.
8.799999999999999	0.
8.805	0.
8.809999999999999	0.
8.815	0.
8.82	0.
8.825	0.
8.83	0.
8.834999999999999	0.
8.84	0.
8.844999999999999	0.
8.85	0.
8.855	0.
8.86	0.
8.865	0.
8.87	0.
8.875	0.
8.879999999999999	0.
8.885	0.
8.89	0.
8.895	0.
8.9	0.
8.905	0.
8.91	0.
8.915	0.
8.92	0.
8.924999999999999	0.
8.93	0.
8.934999999999999	0.
8.94	0.
8.945	0.
8.95	0.
8.955	0.
8.959999999999999	0.
8.965	0.
8.969999999999999	0.
8.975	0.
8.98	0.
8.985	0.
8.99	0.
8.995	0.
9.	0.
9.004999999999999	0.
9.01	0.
9.015	0.
9.02	0.
9.025	0.
9.03	0.
9.035	0.
9.04	0.
9.045	0.
9.049999999999999	0.
9.055	0.
9.059999999999999	0.
9.065	0.
9.07	0.
9.075	0.
9.08	0.
9.084999999999999	0.
9.09	0.
9.094999999999999	0.
9.1	0.
9.105	0.
9.11	0.
9.115	0.
9.12	0.
9.125	0.
9.129999999999999	0.
9.135	0.
9.14	0.
9.145	0.
9.15	0.
9.155	0.
9.16	0.
9.165	0.
9.17	0.
9.174999999999999	0.
9.18	0.
9.184999999999999	0.
9.19	0.
9.195	0.
9.2	0.
9.205	0.
9.209999999999999	0.
9.215	0.
9.219999999999999	0.
9.225	0.
9.23	0.
9.235	0.
9.24	0.
9.245	0.
9.25	0.
9.254999999999999	0.
9.26	0.
9.265	0.
9.27	0.
9.275	0.
9.28	0.
9.285	0.
9.29	0.
9.295	0.
9.299999999999999	0.
9.305	0.
9.309999999999999	0.
9.315	0.
9.32	0.
9.325	0.
9.33	0.
9.334999999999999	0.
9.34	0.
9.344999999999999	0.
9.35	0.
9.355	0.
9.36	0.
9.365	0.
9.37	0.
9.375	0.
9.379999999999999	0.
9.385	0.
9.39	0.
9.395	0.
9.4	0.
9.405	0.
9.41	0.
9.415	0.
9.42	0.
9.424999999999999	0.
9.43	0.
9.434999999999999	0.
9.44	0.
9.445	0.
9.45	0.
9.455	0.
9.459999999999999	0.
9.465	0.
9.469999999999999	0.
9.475	0.
9.48	0.
9.485	0.
9.49	0.
9.495	0.
9.5	0.
9.504999999999999	0.
9.51	0.
9.515	0.
9.52	0.
9.525	0.
9.53	0.
9.535	0.
9.54	0.
9.545	0.
9.549999999999999	0.
9.555	0.
9.559999999999999	0.
9.565	0.
9.57	0.
9.575	0.
9.58	0.
9.584999999999999	0.
9.59	0.
9.594999999999999	0.
9.6	0.
9.605	0.
9.61	0.
9.615	0.
9.62	0.
9.625	0.
9.629999999999999	0.
9.635	0.
9.64	0.
9.645	0.
9.65	0.
9.655	0.
9.66	0.
9.665	0.
9.67	0.
9.674999999999999	0.
9.68	0.
9.684999999999999	0.
9.69	0.
9.695	0.
9.7	0.
9.705	0.
9.709999999999999	0.
9.715	0.
9.719999999999999	0.
9.725	0.
9.73	0.
9.735	0.
9.74	0.
9.745	0.
9.75	0.
9.754999999999999	0.
9.76	0.
9.765	0.
9.77	0.
9.774999999999999	0.
9.78	0.
9.785	0.
9.79	0.
9.795	0.
9.8	0.
9.805	0.
9.809999999999999	0.
9.815	0.
9.82	0.
9.825	0.
9.83	0.
9.834999999999999	0.
9.84	0.
9.844999999999999	0.
9.85	0.
9.855	0.
9.86	0.
9.865	0.
9.87	0.
9.875	0.
9.879999999999999	0.
9.885	0.
9.89	0.
9.895	0.
9.899999999999999	0.
9.905	0.
9.91	0.
9.915	0.
9.92	0.
9.925	0.
9.93	0.
9.934999999999999	0.
9.94	0.
9.945	0.
9.95	0.
9.955	0.
9.959999999999999	0.
9.965	0.
9.969999999999999	0.
9.975	0.
9.98	0.
9.985	0.
9.99	0.
9.995	0.
10.	0.
10.004999999999999	0.
10.01	0.
10.015	0.
10.02	0.
10.024999999999999	0.
10.03	0.
10.035	0.
10.04	0.
10.045	0.
10.05	0.
10.055	0.
10.059999999999999	0.
10.065	0.
10.07	0.
10.075	0.
10.08	0.
10.084999999999999	0.
10.09	0.
10.094999999999999	0.
10.1	0.
10.105	0.
10.11	0.
10.115	0.
10.12	0.
10.125	0.
10.129999999999999	0.
10.135	0.
10.14	0.
10.145	0.
10.149999999999999	0.
10.155	0.
10.16	0.
10.165	0.
10.17	0.
10.175	0.
10.18	0.
10.184999999999999	0.
10.19	0.
10.195	0.
10.2	0.
10.205	0.
10.209999999999999	0.
10.215	0.
10.219999999999999	0.
10.225	0.
10.23	0.
10.235	0.
10.24	0.
10.245000000000001	0.
10.250000000000002	0.
10.255	0.
10.260000000000002	0.
10.265	0.
10.270000000000001	0.
10.275	0.
10.280000000000001	0.
10.285	0.
10.290000000000001	0.
10.295000000000002	0.
10.3	0.
10.305000000000001	0.
10.31	0.
10.315000000000001	0.
10.32	0.
10.325000000000001	0.
10.330000000000002	0.
10.335	0.
10.340000000000002	0.
10.345	0.
10.350000000000001	0.
10.355	0.
10.360000000000001	0.
10.365	0.
10.370000000000001	0.
10.375000000000002	0.
10.38	0.
10.385000000000002	0.
10.39	0.
10.395000000000001	0.
10.4	0.
10.405000000000001	0.
10.41	0.
10.415000000000001	0.
10.420000000000002	0.
10.425	0.
10.430000000000001	0.
10.435	0.
10.440000000000001	0.
10.445	0.
10.450000000000001	0.
10.455000000000002	0.
10.46	0.
10.465000000000002	0.
10.47	0.
10.475000000000001	0.
10.48	0.
10.485000000000001	0.
10.49	0.
10.495000000000001	0.
10.500000000000002	0.
10.505	0.
10.510000000000002	0.
10.515	0.
10.520000000000001	0.
10.525	0.
10.530000000000001	0.
10.535	0.
10.540000000000001	0.
10.545000000000002	0.
10.55	0.
10.555000000000001	0.
10.56	0.
10.565000000000001	0.
10.57	0.
10.575000000000001	0.
10.580000000000002	0.
10.585	0.
10.590000000000002	0.
10.595	0.
10.600000000000001	0.
10.605	0.
10.610000000000001	0.
10.615	0.
10.620000000000001	0.
10.625000000000002	0.
10.63	0.
10.635000000000002	0.
10.64	0.
10.645000000000001	0.
10.65	0.
10.655000000000001	0.
10.66	0.
10.665000000000001	0.
10.670000000000002	0.
10.675	0.
10.680000000000001	0.
10.685	0.
10.690000000000001	0.
10.695	0.
10.700000000000001	0.
10.705000000000002	0.
10.71	0.
10.715000000000002	0.
10.72	0.
10.725000000000001	0.
10.73	0.
10.735000000000001	0.
10.74	0.
10.745000000000001	0.
10.750000000000002	0.
10.755	0.
10.760000000000002	0.
10.765	0.
10.770000000000001	0.
10.775	0.
10.780000000000001	0.
10.785	0.
10.790000000000001	0.
10.795000000000002	0.
10.8	0.
10.805000000000001	0.
10.81	0.
10.815000000000001	0.
10.82	0.
10.825000000000001	0.
10.830000000000002	0.
10.835	0.
10.840000000000002	0.
10.845	0.
10.850000000000001	0.
10.855	0.
10.860000000000001	0.
10.865	0.
10.870000000000001	0.
10.875000000000002	0.
10.88	0.
10.885000000000002	0.
10.89	0.
10.895000000000001	0.
10.9	0.
10.905000000000001	0.
10.91	0.
10.915000000000001	0.
10.920000000000002	0.
10.925	0.
10.930000000000001	0.
10.935	0.
10.940000000000001	0.
10.945	0.
10.950000000000001	0.
10.955000000000002	0.
10.96	0.
10.965000000000002	0.
10.97	0.
10.975000000000001	0.
10.98	0.
10.985000000000001	0.
10.99	0.
10.995000000000001	0.
11.000000000000002	0.
11.005	0.
11.010000000000002	0.
11.015	0.
11.020000000000001	0.
11.025	0.
11.030000000000001	0.
11.035	0.
11.040000000000001	0.
11.045000000000002	0.
11.05	0.
11.055000000000001	0.
11.06	0.
11.065000000000001	0.
11.07	0.
11.075000000000001	0.
11.080000000000002	0.
11.085	0.
11.090000000000002	0.
11.095	0.
11.100000000000001	0.
11.105	0.
11.110000000000001	0.
11.115	0.
11.120000000000001	0.
11.125000000000002	0.
11.13	0.
11.135000000000002	0.
11.14	0.
11.145000000000001	0.
11.15	0.
11.155000000000001	0.
11.16	0.
11.165000000000001	0.
11.170000000000002	0.
11.175	0.
11.180000000000001	0.
11.185	0.
11.190000000000001	0.
11.195	0.
11.200000000000001	0.
11.205000000000002	0.
11.21	0.
11.215000000000002	0.
11.22	0.
11.225000000000001	0.
11.23	0.
11.235000000000001	0.
11.24	0.
11.245000000000001	0.
11.250000000000002	0.
11.255	0.
11.260000000000002	0.
11.265	0.
11.270000000000001	0.
11.275	0.
11.280000000000001	0.
11.285	0.
11.290000000000001	0.
11.295000000000002	0.
11.3	0.
11.305000000000001	0.
11.31	0.
11.315000000000001	0.
11.32	0.
11.325000000000001	0.
11.330000000000002	0.
11.335	0.
11.340000000000002	0.
11.345	0.
11.350000000000001	0.
11.355	0.
11.360000000000001	0.
11.365000000000002	0.
11.370000000000001	0.
11.375000000000002	0.
11.38	0.
11.385000000000002	0.
11.39	0.
11.395000000000001	0.
11.4	0.
11.405000000000001	0.
11.41	0.
11.415000000000001	0.
11.420000000000002	0.
11.425	0.
11.430000000000001	0.
11.435	0.
11.440000000000001	0.
11.445	0.
11.450000000000001	0.
11.455000000000002	0.
11.46	0.
11.465000000000002	0.
11.47	0.
11.475000000000001	0.
11.48	0.
11.485000000000001	0.
11.490000000000002	0.
11.495000000000001	0.
11.500000000000002	0.
11.505	0.
11.510000000000002	0.
11.515	0.
11.520000000000001	0.
11.525	0.
11.530000000000001	0.
11.535	0.
11.540000000000001	0.
11.545000000000002	0.
11.55	0.
11.555000000000001	0.
11.56	0.
11.565000000000001	0.
11.57	0.
11.575000000000001	0.
11.580000000000002	0.
11.585	0.
11.590000000000002	0.
11.595	0.
11.600000000000001	0.
11.605	0.
11.610000000000001	0.
11.615000000000002	0.
11.620000000000001	0.
11.625000000000002	0.
11.63	0.
11.635000000000002	0.
11.64	0.
11.645000000000001	0.
11.65	0.
11.655000000000001	0.
11.66	0.
11.665000000000001	0.
11.670000000000002	0.
11.675	0.
11.680000000000001	0.
11.685	0.
11.690000000000001	0.
11.695	0.
11.700000000000001	0.
11.705000000000002	0.
11.71	0.
11.715000000000002	0.
11.72	0.
11.725000000000001	0.
11.73	0.
11.735000000000001	0.
11.740000000000002	0.
11.745000000000001	0.
11.750000000000002	0.
11.755	0.
11.760000000000002	0.
11.765	0.
11.770000000000001	0.
11.775	0.
11.780000000000001	0.
11.785	0.
11.790000000000001	0.
11.795000000000002	0.
11.8	0.
11.805000000000001	0.
11.81	0.
11.815000000000001	0.
11.82	0.
11.825000000000001	0.
11.830000000000002	0.
11.835	0.
11.840000000000002	0.
11.845	0.
11.850000000000001	0.
11.855	0.
11.860000000000001	0.
11.865000000000002	0.
11.870000000000001	0.
11.875000000000002	0.
11.88	0.
11.885000000000002	0.
11.89	0.
11.895000000000001	0.
11.9	0.
11.905000000000001	0.
11.91	0.
11.915000000000001	0.
11.920000000000002	0.
11.925	0.
11.930000000000001	0.
11.935	0.
11.940000000000001	0.
11.945	0.
11.950000000000001	0.
11.955000000000002	0.
11.96	0.
11.965000000000002	0.
11.97	0.
11.975000000000001	0.
11.98	0.
11.985000000000001	0.
11.990000000000002	0.
11.995000000000001	0.
12.000000000000002	0.
12.005	0.
12.010000000000002	0.
12.015	0.
12.020000000000001	0.
12.025	0.
12.030000000000001	0.
12.035	0.
12.040000000000001	0.
12.045000000000002	0.
12.05	0.
12.055000000000001	0.
12.06	0.
12.065000000000001	0.
12.07	0.
12.075000000000001	0.
12.080000000000002	0.
12.085	0.
12.090000000000002	0.
12.095	0.
12.100000000000001	0.
12.105	0.
12.110000000000001	0.
12.115000000000002	0.
12.120000000000001	0.
12.125000000000002	0.
12.13	0.
12.135000000000002	0.
12.14	0.
12.145000000000001	0.
12.15	0.
12.155000000000001	0.
12.16	0.
12.165000000000001	0.
12.170000000000002	0.
12.175	0.
12.180000000000001	0.
12.185	0.
12.190000000000001	0.
12.195	0.
12.200000000000001	0.
12.205000000000002	0.
12.21	0.
12.215000000000002	0.
12.22	0.
12.225000000000001	0.
12.23	0.
12.235000000000001	0.
12.240000000000002	0.
12.245000000000001	0.
12.25	0.
12.255	0.
12.260000000000002	0.
12.265	0.
12.270000000000001	0.
12.275000000000002	0.
12.280000000000001	0.
12.285	0.
12.290000000000001	0.
12.295000000000002	0.
12.3	0.
12.305000000000001	0.
12.31	0.
12.315000000000001	0.
12.32	0.
12.325000000000001	0.
12.330000000000002	0.
12.335	0.
12.340000000000002	0.
12.345	0.
12.350000000000001	0.
12.355	0.
12.360000000000001	0.
12.365000000000002	0.
12.370000000000001	0.
12.375	0.
12.38	0.
12.385000000000002	0.
12.39	0.
12.395000000000001	0.
12.400000000000002	0.
12.405000000000001	0.
12.41	0.
12.415000000000001	0.
12.420000000000002	0.
12.425	0.
12.430000000000001	0.
12.435	0.
12.440000000000001	0.
12.445	0.
12.450000000000001	0.
12.455000000000002	0.
12.46	0.
12.465000000000002	0.
12.47	0.
12.475000000000001	0.
12.48	0.
12.485000000000001	0.
12.490000000000002	0.
12.495000000000001	0.
12.5	0.
12.505	0.
12.510000000000002	0.
12.515	0.
12.520000000000001	0.
12.525000000000002	0.
12.530000000000001	0.
12.535	0.
12.540000000000001	0.
12.545000000000002	0.
12.55	0.
12.555000000000001	0.
12.56	0.
12.565000000000001	0.
12.57	0.
12.575000000000001	0.
12.580000000000002	0.
12.585	0.
12.590000000000002	0.
12.595	0.
12.600000000000001	0.
12.605	0.
12.610000000000001	0.
12.615000000000002	0.
12.620000000000001	0.
12.625	0.
12.63	0.
12.635000000000002	0.
12.64	0.
12.645000000000001	0.
12.650000000000002	0.
12.655000000000001	0.
12.66	0.
12.665000000000001	0.
12.670000000000002	0.
12.675	0.
12.680000000000001	0.
12.685	0.
12.690000000000001	0.
12.695	0.
12.700000000000001	0.
12.705000000000002	0.
12.71	0.
12.715000000000002	0.
12.72	0.
12.725000000000001	0.
12.73	0.
12.735000000000001	0.
12.740000000000002	0.
12.745000000000001	0.
12.75	0.
12.755	0.
12.760000000000002	0.
12.765	0.
12.770000000000001	0.
12.775000000000002	0.
12.780000000000001	0.
12.785	0.
12.790000000000001	0.
12.795000000000002	0.
12.8	0.
12.805000000000001	0.
12.810000000000002	0.
12.815000000000001	0.
12.820000000000002	0.
12.825000000000001	0.
12.830000000000002	0.
12.835	0.
12.840000000000002	0.
12.845	0.
12.850000000000001	0.
12.855000000000002	0.
12.860000000000001	0.
12.865000000000002	0.
12.870000000000001	0.
12.875000000000002	0.
12.88	0.
12.885000000000002	0.
12.890000000000002	0.
12.895000000000001	0.
12.900000000000002	0.
12.905000000000001	0.
12.910000000000002	0.
12.915000000000001	0.
12.920000000000002	0.
12.925	0.
12.930000000000001	0.
12.935000000000002	0.
12.940000000000001	0.
12.945000000000002	0.
12.950000000000001	0.
12.955000000000002	0.
12.96	0.
12.965000000000002	0.
12.97	0.
12.975000000000001	0.
12.980000000000002	0.
12.985000000000001	0.
12.990000000000002	0.
12.995000000000001	0.
13.000000000000002	0.
13.005	0.
13.010000000000002	0.
13.015000000000002	0.
13.020000000000001	0.
13.025000000000002	0.
13.030000000000001	0.
13.035000000000002	0.
13.040000000000001	0.
13.045000000000002	0.
13.05	0.
13.055000000000001	0.
13.060000000000002	0.
13.065000000000001	0.
13.070000000000002	0.
13.075000000000001	0.
13.080000000000002	0.
13.085	0.
13.090000000000002	0.
13.095	0.
13.100000000000001	0.
13.105000000000002	0.
13.110000000000001	0.
13.115000000000002	0.
13.120000000000001	0.
13.125000000000002	0.
13.13	0.
13.135000000000002	0.
13.140000000000002	0.
13.145000000000001	0.
13.150000000000002	0.
13.155000000000001	0.
13.160000000000002	0.
13.165000000000001	0.
13.170000000000002	0.
13.175	0.
13.180000000000001	0.
13.185000000000002	0.
13.190000000000001	0.
13.195000000000002	0.
13.200000000000001	0.
13.205000000000002	0.
13.21	0.
13.215000000000002	0.
13.220000000000002	0.
13.225000000000001	0.
13.230000000000002	0.
13.235000000000001	0.
13.240000000000002	0.
13.245000000000001	0.
13.250000000000002	0.
13.255	0.
13.260000000000002	0.
13.265000000000002	0.
13.270000000000001	0.
13.275000000000002	0.
13.280000000000001	0.
13.285000000000002	0.
13.290000000000001	0.
13.295000000000002	0.
13.3	0.
13.305000000000001	0.
13.310000000000002	0.
13.315000000000001	0.
13.320000000000002	0.
13.325000000000001	0.
13.330000000000002	0.
13.335	0.
13.340000000000002	0.
13.345000000000002	0.
13.350000000000001	0.
13.355000000000002	0.
13.360000000000001	0.
13.365000000000002	0.
13.370000000000001	0.
13.375000000000002	0.
13.38	0.
13.385000000000002	0.
13.39	0.
13.395000000000001	0.
13.400000000000002	0.
13.405000000000001	0.
13.410000000000002	0.
13.415000000000001	0.
13.420000000000002	0.
13.425	0.
13.430000000000001	0.
13.435000000000002	0.
13.440000000000001	0.
13.445000000000002	0.
13.450000000000001	0.
13.455000000000002	0.
13.46	0.
13.465000000000002	0.
13.470000000000002	0.
13.475000000000001	0.
13.480000000000002	0.
13.485000000000001	0.
13.490000000000002	0.
13.495000000000001	0.
13.500000000000002	0.
13.505	0.
13.510000000000002	0.
13.515	0.
13.520000000000001	0.
13.525000000000002	0.
13.530000000000001	0.
13.535000000000002	0.
13.540000000000001	0.
13.545000000000002	0.
13.55	0.
13.555000000000001	0.
13.560000000000002	0.
13.565000000000001	0.
13.570000000000002	0.
13.575000000000001	0.
13.580000000000002	0.
13.585	0.
13.590000000000002	0.
13.595000000000002	0.
13.600000000000001	0.
13.605000000000002	0.
13.610000000000001	0.
13.615000000000002	0.
13.620000000000001	0.
13.625000000000002	0.
13.63	0.
13.635000000000002	0.
13.64	0.
13.645000000000001	0.
13.650000000000002	0.
13.655000000000001	0.
13.660000000000002	0.
13.665000000000001	0.
13.670000000000002	0.
13.675	0.
13.680000000000001	0.
13.685000000000002	0.
13.690000000000001	0.
13.695000000000002	0.
13.700000000000001	0.
13.705000000000002	0.
13.71	0.
13.715000000000002	0.
13.720000000000002	0.
13.725000000000001	0.
13.730000000000002	0.
13.735000000000001	0.
13.740000000000002	0.
13.745000000000001	0.
13.750000000000002	0.
13.755	0.
13.760000000000002	0.
13.765	0.
13.770000000000001	0.
13.775000000000002	0.
13.780000000000001	0.
13.785000000000002	0.
13.790000000000001	0.
13.795000000000002	0.
13.8	0.
13.805000000000001	0.
13.810000000000002	0.
13.815000000000001	0.
13.820000000000002	0.
13.825000000000001	0.
13.830000000000002	0.
13.835	0.
13.840000000000002	0.
13.845000000000002	0.
13.850000000000001	0.
13.855000000000002	0.
13.860000000000001	0.
13.865000000000002	0.
13.870000000000001	0.
13.875000000000002	0.
13.88	0.
13.885000000000002	0.
13.89	0.
13.895000000000001	0.
13.900000000000002	0.
13.905000000000001	0.
13.910000000000002	0.
13.915000000000001	0.
13.920000000000002	0.
13.925	0.
13.930000000000001	0.
13.935000000000002	0.
13.940000000000001	0.
13.945000000000002	0.
13.950000000000001	0.
13.955000000000002	0.
13.96	0.
13.965000000000002	0.
13.970000000000002	0.
13.975000000000001	0.
13.980000000000002	0.
13.985000000000001	0.
13.990000000000002	0.
13.995000000000001	0.
14.	0.