0.005	0.
0.01	0.
0.015	0.
0.02	0.
0.025	0.
0.030000000000000002	0.
0.034999999999999996	0.
0.04	0.
0.045	0.
0.049999999999999996	0.
0.055	0.
0.06	0.
0.065	0.
0.07	0.
0.07500000000000001	0.
0.08	0.
0.085	0.
0.09000000000000001	0.
0.095	0.
0.1	0.
0.10500000000000001	0.
0.11	0.
0.115	0.
0.12000000000000001	0.
0.125	0.
0.13	0.
0.135	0.022334664872474916
0.14	0.10778979436279322
0.14500000000000002	0.14552198529825003
0.15	0.17148197068495838
0.155	0.19105074922839585
0.16	0.20644869105287966
0.165	0.21886867002684865
0.17	0.22904543260129284
0.17500000000000002	0.23747132543740504
0.18000000000000002	0.24449562097633962
0.185	0.25037646803730906
0.19	0.25531064237300766
0.195	0.25945178117085543
0.2	0.2629221644710062
0.20500000000000002	0.26582065429175344
0.21000000000000002	0.2682282310939068
0.215	0.2702119659474502
0.22	0.27182793925233956
0.225	0.2731234294283002
0.23	0.2741385831218044
0.23500000000000001	0.2749077092637213
0.24000000000000002	0.27546029512480164
0.245	0.27582181352375457
0.25	0.2760143708534944
0.255	0.27605723220540995
0.26	0.2759672504992933
0.265	0.27575921985016527
0.27	0.27544616857244747
0.275	0.27503960367680635
0.28	0.2745497160796543
0.28500000000000003	0.27398555376306905
0.29000000000000004	0.27335516861581305
0.295	0.27266574152882955
0.3	0.27192368942176265
0.305	0.27113475717613983
0.31	0.27030409689876594
0.315	0.26943633650081633
0.32	0.26853563922813595
0.325	0.267605755496945
0.33	0.2666500681615367
0.335	0.26567163215554174
0.34	0.2646732092969882
0.34500000000000003	0.263657298923079
0.35000000000000003	0.26262616491798757
0.35500000000000004	0.2615818596118673
0.36	0.26052624495844606
0.365	0.25946101133932403
0.37	0.25838769429343833
0.375	0.2573076894282836
0.38	0.2562222657341284
0.385	0.2551325774925166
0.39	0.25403967494481755
0.395	0.25294451386489186
0.4	0.2518479641613172
0.405	0.25075081761869533
0.41000000000000003	0.24965379487383224
0.41500000000000004	0.24855755171078756
0.42000000000000004	0.24746268474854602
0.425	0.24636973658626077
0.43	0.24527920046328502
0.435	0.24419152448458223
0.44	0.24310711545625133
0.445	0.24202634237082837
0.45	0.24094953957756662
0.455	0.23987700966900485
0.46	0.23880902611171642
0.465	0.2377458356460603
0.47000000000000003	0.23668766047720174
0.47500000000000003	0.23563470027719632
0.48000000000000004	0.23458713401595627
0.485	0.23354512163705068
0.49	0.23250880559261025
0.495	0.23147831225027196
0.5	0.2304537531836762
0.505	0.22943522635700223
0.51	0.2284228172129143
0.515	0.22741659967245667
0.52	0.2264166370545387
0.525	0.22542298292199456
0.53	0.2244356818604809
0.535	0.22345477019596593
0.54	0.22248027665593656
0.545	0.22151222297908096
0.55	0.2205506244776594
0.555	0.21959549055656208
0.56	0.21864682519246453
0.5650000000000001	0.21770462737642804
0.5700000000000001	0.21676889152282813
0.5750000000000001	0.21583960784732137
0.5800000000000001	0.2149167627163238
0.585	0.2140003389702099
0.59	0.21309031622235716
0.595	0.21218667113581466
0.6	0.211289377679452
0.605	0.21039840736506812
0.61	0.2095137294669592
0.615	0.20863531122525203
0.62	0.20776311803429692
0.625	0.20689711361713037
0.63	0.2060372601871634
0.635	0.20518351859794193
0.64	0.20433584848198003
0.645	0.2034942083793349
0.65	0.2026585558568027
0.655	0.20182884761828673
0.66	0.2010050396071367
0.665	0.200187087100919
0.67	0.19937494479914386
0.675	0.19856856690460434
0.68	0.19776790719860352
0.685	0.19697291911069384
0.6900000000000001	0.19618355578304106
0.6950000000000001	0.1953997701301716
0.7000000000000001	0.1946215148940649
0.7050000000000001	0.19384874269511013
0.71	0.1930814060792824
0.715	0.19231945756152385
0.72	0.1915628496659213
0.725	0.19081153496280645
0.73	0.19006546610139813
0.735	0.18932459584608805
0.74	0.188588877098572
0.745	0.18785826292695992
0.75	0.18713270659287742
0.755	0.18641216157066204
0.76	0.18569658156854113
0.765	0.18498592054744262
0.77	0.18428013273795832
0.775	0.18357917265578758
0.78	0.18288299511572556
0.785	0.18219155524444183
0.79	0.18150480849200992
0.795	0.18082271064212946
0.8	0.180145217821572
0.805	0.1794722865082647
0.81	0.17880387353878308
0.8150000000000001	0.17813993611479473
0.8200000000000001	0.1774804318087782
0.8250000000000001	0.17682531856888262
0.8300000000000001	0.17617455472331925
0.8350000000000001	0.17552809898384925
0.84	0.17488591044888255
0.845	0.17424794860589965
0.85	0.17361417333339632
0.855	0.17298454490237927
0.86	0.17235902397735062
0.865	0.17173757161697656
0.87	0.17112014927426616
0.875	0.17050671879648718
0.88	0.16989724242475382
0.885	0.16929168279321202
0.89	0.1686900029280956
0.895	0.16809216624639978
0.9	0.1674981365544176
0.905	0.1669078780459713
0.91	0.16632135530054168
0.915	0.16573853328110483
0.92	0.16515937733191238
0.925	0.16458385317604346
0.93	0.1640119269128431
0.935	0.1634435650152261
0.9400000000000001	0.16287873432690841
0.9450000000000001	0.16231740205945117
0.9500000000000001	0.16175953578930757
0.9550000000000001	0.16120510345471045
0.9600000000000001	0.1606540733525282
0.965	0.16010641413501997
0.97	0.1595620948065886
0.975	0.15902108472041065
0.98	0.15848335357508145
0.985	0.1579488714111729
0.99	0.1574176086077974
0.995	0.15688953587915386
1.	0.1563646242709703
1.005	0.1558428451570403
1.01	0.15532417023566242
1.015	0.15480857152611482
1.02	0.1542960213651091
1.025	0.15378649240323738
1.0299999999999998	0.15327995760142588
1.035	0.15277639022741699
1.0399999999999998	0.15227576385221167
1.045	0.1517780523465624
1.0499999999999998	0.15128322987744403
1.055	0.15079127090459526
1.0599999999999998	0.15030215017699708
1.065	0.1498158427294376
1.0699999999999998	0.14933232387906925
1.075	0.14885156922198559
1.0799999999999998	0.14837355462982418
1.085	0.14789825624639547
1.0899999999999999	0.1474256504843502
1.095	0.14695571402183685
1.0999999999999999	0.14648842379923904
1.105	0.1460237570158834
1.1099999999999999	0.145561691126829
1.115	0.1451022038396504
1.1199999999999999	0.14464527311127223
1.125	0.1441908771448267
1.13	0.14373899438654314
1.135	0.14328960352266265
1.14	0.14284268347641174
1.145	0.14239821340496422
1.15	0.14195617269648936
1.155	0.14151654096717875
1.16	0.14107929805835348
1.1649999999999998	0.1406444240335794
1.17	0.14021189917581536
1.1749999999999998	0.13978170398460396
1.18	0.1393538191733033
1.1849999999999998	0.13892822566632565
1.19	0.13850490459643558
1.1949999999999998	0.13808383730207213
1.2	0.13766500532470022
1.2049999999999998	0.13724839040620948
1.21	0.13683397448631351
1.2149999999999999	0.1364217397000374
1.22	0.1360116683751727
1.2249999999999999	0.13560374302982664
1.23	0.13519794636995303
1.2349999999999999	0.13479426128694552
1.24	0.134392670855254
1.2449999999999999	0.13399315833003259
1.25	0.1335957071448208
1.255	0.13320030090924834
1.26	0.13280692340678268
1.265	0.13241555859250098
1.27	0.13202619059088555
1.275	0.13163880369366296
1.28	0.13125338235766307
1.285	0.13086991120270594
1.2899999999999998	0.13048837500953464
1.295	0.13010875871774344
1.2999999999999998	0.12973104742377567
1.305	0.12935522637891644
1.3099999999999998	0.12898128098732295
1.315	0.1286091968040959
1.3199999999999998	0.12823895953335693
1.325	0.12787055502636513
1.3299999999999998	0.12750396927965565
1.335	0.1271391884332104
1.3399999999999999	0.12677619876864515
1.345	0.12641498670742327
1.3499999999999999	0.12605553880911163
1.355	0.12569784176963
1.3599999999999999	0.12534188241955266
1.365	0.12498764772242138
1.3699999999999999	0.12463512477308582
1.375	0.12428430079605997
1.38	0.12393516314391553
1.385	0.12358769929568483
1.39	0.12324189685529471
1.395	0.1228977435500123
1.4	0.1225552272289316
1.405	0.12221433586146083
1.41	0.12187505753583346
1.4149999999999998	0.12153738045766838
1.42	0.1212012929485048
1.4249999999999998	0.12086678344439404
1.43	0.12053384049449785
1.4349999999999998	0.1202024527597045
1.44	0.11987260901126749
1.4449999999999998	0.11954429812946518
1.45	0.11921750910227713
1.4549999999999998	0.1188922310240727
1.46	0.11856845309433357
1.4649999999999999	0.11824616461638222
1.47	0.11792535499612566
1.4749999999999999	0.11760601374082895
1.48	0.11728813045789634
1.4849999999999999	0.11697169485367177
1.49	0.11665669673225838
1.4949999999999999	0.116343125994351
1.5	0.11603097263608703
1.505	0.11572022674791428
1.51	0.11541087851347064
1.515	0.1151029182084859
1.52	0.114796336199692
1.525	0.1144911229437509
1.53	0.1141872689861976
1.535	0.1138847649604011
1.54	0.11358360158653545
1.545	0.11328376967056061
1.5499999999999998	0.11298526010323037
1.555	0.11268806385910236
1.5599999999999998	0.11239217199556488
1.565	0.11209757565188151
1.5699999999999998	0.11180426604824155
1.575	0.11151223448482712
1.5799999999999998	0.1112214723408987
1.585	0.11093197107387603
1.5899999999999999	0.1106437222184574
1.595	0.1103567173857245
1.5999999999999999	0.11007094826227595
1.605	0.10978640660937007
1.6099999999999999	0.10950308426207064
1.615	0.10922097312842151
1.6199999999999999	0.10894006518860896
1.625	0.1086603524941576
1.63	0.10838182716712327
1.635	0.10810448139930118
1.64	0.10782830745144653
1.645	0.1075532976525006
1.65	0.10727944439883405
1.655	0.1070067401534887
1.66	0.10673517744544833
1.665	0.10646474886889822
1.67	0.10619544708250653
1.6749999999999998	0.10592726480871989
1.68	0.10566019483304918
1.6849999999999998	0.10539423000338537
1.69	0.10512936322931747
1.6949999999999998	0.10486558748144795
1.7	0.10460289579073744
1.7049999999999998	0.10434128124784066
1.71	0.10408073700246244
1.7149999999999999	0.10382125626271545
1.72	0.10356283229448832
1.7249999999999999	0.10330545842082359
1.73	0.10304912802130133
1.7349999999999999	0.10279383453143189
1.74	0.10253957144205646
1.7449999999999999	0.1022863322987557
1.75	0.10203411070126435
1.755	0.10178290030289858
1.76	0.10153269480997663
1.765	0.10128348798127196
1.77	0.10103527362744526
1.775	0.10078804561050328
1.78	0.10054179784325751
1.785	0.10029652428878788
1.79	0.10005221895991605
1.795	0.09980887591869114
1.7999999999999998	0.09956648927586624
1.805	0.09932505319040008
1.8099999999999998	0.09908456186894796
1.815	0.0988450095653721
1.8199999999999998	0.09860639058025135
1.825	0.09836869926040272
1.8299999999999998	0.09813192999839834
1.835	0.0978960772321006
1.8399999999999999	0.09766113544419511
1.845	0.09742709916173108
1.8499999999999999	0.09719396295567137
1.855	0.09696172144044385
1.8599999999999999	0.09673036927349432
1.865	0.09649990115486114
1.8699999999999999	0.0962703118267303
1.875	0.09604159607302229
1.88	0.09581374871896288
1.885	0.09558676463067167
1.89	0.095360638714749
1.895	0.09513536591787201
1.9	0.09491094122639598
1.905	0.09468735966595428
1.91	0.09446461630107351
1.915	0.09424270623477748
1.92	0.0940216246082171
1.9249999999999998	0.09380136660028704
1.93	0.09358192742725374
1.9349999999999998	0.09336330234238631
1.94	0.09314548663559902
1.9449999999999998	0.09292847563308473
1.95	0.09271226469696306
1.9549999999999998	0.09249684922493069
1.96	0.09228222464991197
1.9649999999999999	0.0920683864397209
1.97	0.09185533009671831
1.9749999999999999	0.09164305115747758
1.98	0.09143154519245787
1.9849999999999999	0.09122080780567259
1.99	0.09101083463437087
1.9949999999999999	0.0908016213487166
2.	0.09059316365147342
2.005	0.09038545727769016
2.01	0.0901784979943974
2.015	0.08997228160030113
2.02	0.0897668039254813
2.025	0.0895620608310953
2.03	0.08935804820907971
2.035	0.08915476198186872
2.04	0.08895219810209691
2.045	0.0887503525523203
2.05	0.08854922134473511
2.0549999999999997	0.08834880052090069
2.06	0.08814908615146234
2.065	0.08795007433588256
2.07	0.08775176120217179
2.0749999999999997	0.08755414290662383
2.08	0.08735721563355103
2.085	0.08716097559503007
2.09	0.08696541903063937
2.0949999999999998	0.08677054220721203
2.1	0.08657634141857938
2.105	0.08638281298532789
2.11	0.08618995325454909
2.1149999999999998	0.08599775859960176
2.12	0.08580622541987093
2.125	0.08561535014052872
2.13	0.08542512921230398
2.135	0.08523555911124488
2.14	0.0850466363384955
2.145	0.08485835742006684
2.15	0.08467071890661056
2.155	0.08448371737319878
2.16	0.08429734941910619
2.165	0.0841116116675912
2.17	0.08392650076568225
2.175	0.08374201338396389
2.18	0.08355814621636887
2.185	0.08337489597997057
2.19	0.08319225941477452
2.195	0.08301023328351859
2.1999999999999997	0.08282881437147173
2.205	0.08264799948623036
2.21	0.08246778545752947
2.215	0.08228816913703983
2.2199999999999998	0.08210914739818274
2.225	0.08193071713593456
2.23	0.08175287526663745
2.235	0.0815756187278192
2.2399999999999998	0.08139894447800207
2.245	0.0812228494965224
2.25	0.08104733078335276
2.255	0.08087238535891828
2.26	0.08069801026392318
2.265	0.08052420255917506
2.27	0.0803509593254119
2.275	0.08017827766312885
2.28	0.08000615469241157
2.285	0.07983458755276697
2.29	0.0796635734029551
2.295	0.07949310942082884
2.3	0.07932319280317042
2.305	0.0791538207655259
2.31	0.07898499054205128
2.315	0.07881669938535221
2.32	0.0786489445663294
2.3249999999999997	0.07848172337402246
2.33	0.07831503311545816
2.335	0.0781488711154981
2.34	0.07798323471669155
2.3449999999999998	0.07781812127912335
2.35	0.07765352818027067
2.355	0.07748945281485524
2.36	0.0773258925947005
2.3649999999999998	0.07716284494859031
2.37	0.07700030732212695
2.375	0.07683827717759145
2.38	0.0766767519938061
2.385	0.07651572926599717
2.39	0.0763552065056602
2.395	0.07619518124042596
2.4	0.0760356510139274
2.405	0.07587661338566958
2.41	0.07571806593089803
2.415	0.07556000624046962
2.42	0.07540243192072738
2.425	0.07524534059337318
2.43	0.0750887298953429
2.435	0.07493259747868139
2.44	0.07477694101042115
2.445	0.07462175817246292
2.4499999999999997	0.07446704666145205
2.455	0.07431280418866092
2.46	0.07415902847987217
2.465	0.07400571727526134
2.4699999999999998	0.07385286832928067
2.475	0.07370047941054578
2.48	0.07354854830172278
2.485	0.07339707279941346
2.4899999999999998	0.07324605071404768
2.495	0.07309547986977045
2.5	0.07294535810433585
2.505	0.07279568326899637
2.51	0.0726464532283966
2.515	0.07249766586046939
2.52	0.07234931905632792
2.525	0.07220141072016498
2.53	0.07205393876914692
2.535	0.07190690113331467
2.54	0.07176029575548121
2.545	0.07161412059113104
2.55	0.07146837360832343
2.555	0.07132305278759149
2.56	0.07117815612184797
2.565	0.07103368161628498
2.57	0.07088962728828434
2.5749999999999997	0.0707459911673171
2.58	0.07060277129485382
2.585	0.07045996572427106
2.59	0.0703175725207582
2.5949999999999998	0.07017558976122913
2.6	0.07003401553422754
2.605	0.0698928479398445
2.61	0.06975208508962247
2.6149999999999998	0.06961172510647298
2.62	0.06947176612458654
2.625	0.0693322062893497
2.63	0.06919304375725636
2.635	0.06905427669582641
2.64	0.06891590328351863
2.645	0.06877792170965137
2.65	0.06864033017431814
2.655	0.06850312688830526
2.66	0.06836631007301505
2.665	0.06822987796038123
2.67	0.06809382879279209
2.675	0.06795816082301259
2.68	0.0678228723141044
2.685	0.06768796153934988
2.69	0.06755342678217634
2.695	0.0674192663360795
2.7	0.06728547850454877
2.705	0.06715206160099166
2.71	0.0670190139486612
2.715	0.06688633388058404
2.7199999999999998	0.06675401973948437
2.725	0.06662206987771675
2.73	0.06649048265719072
2.735	0.06635925644930368
2.7399999999999998	0.06622838963486818
2.745	0.06609788060404458
2.75	0.06596772775627249
2.755	0.06583792950020034
2.76	0.06570848425362098
2.765	0.0655793904434034
2.77	0.06545064650542536
2.775	0.06532225088450955
2.78	0.06519420203435751
2.785	0.06506649841748581
2.79	0.06493913850516053
2.795	0.06481212077733514
2.8	0.06468544372258751
2.8049999999999997	0.06455910583805674
2.81	0.06443310562938279
2.815	0.0643074416106433
2.82	0.06418211230429423
2.825	0.06405711624110923
2.83	0.06393245196012036
2.835	0.06380811800855749
2.84	0.06368411294179199
2.8449999999999998	0.06356043532327568
2.85	0.06343708372448542
2.855	0.06331405672486513
2.86	0.06319135291176826
2.8649999999999998	0.06306897088040347
2.87	0.06294690923377659
2.875	0.06282516658263718
2.88	0.06270374154542281
2.885	0.0625826327482046
2.89	0.06246183882463451
2.895	0.062341358415889524
2.9	0.06222119017062145
2.905	0.06210133274490226
2.91	0.061981784802173506
2.915	0.06186254501319268
2.92	0.06174361205598435
2.925	0.061624984615787706
2.9299999999999997	0.061506661385006274
2.935	0.061388641063159353
2.94	0.06127092235683002
2.945	0.06115350397961822
2.95	0.061036384652090964
2.955	0.060919563101734214
2.96	0.06080303806290436
2.965	0.06068680827678234
2.9699999999999998	0.060570872491323965
2.975	0.06045522946121535
2.98	0.06033987794782559
2.985	0.060224816719160586
2.9899999999999998	0.060110044549817915
2.995	0.059995560220940984
3.	0.05988136252017457
3.005	0.05976745024162039
3.01	0.05965382218579247
3.015	0.05954047715957369
3.02	0.05942741397617192
3.025	0.0593146314550777
3.03	0.05920212842202031
3.035	0.05908990370892671
3.04	0.05897795615387807
3.045	0.0588662846010694
3.05	0.05875488790076694
3.0549999999999997	0.05864376490926742
3.06	0.05853291448885872
3.065	0.05842233550777666
3.07	0.0583120268401673
3.075	0.05820198736604638
3.08	0.0580922159712596
3.085	0.057982711547443506
3.09	0.05787347299198727
3.0949999999999998	0.05776449920799321
3.1	0.05765578910423962
3.105	0.0575473415951415
3.11	0.0574391556007143
3.115	0.057331230046535786
3.12	0.057223563863709054
3.125	0.057116155988825704
3.13	0.057009005363930054
3.135	0.05690211093648252
3.14	0.05679547165932291
3.145	0.056689086490636274
3.15	0.05658295439391645
3.155	0.05647707433793138
3.16	0.05637144529668873
3.165	0.05626606624940034
3.17	0.05616093618044901
3.175	0.05605605407935389
3.1799999999999997	0.05595141894073653
3.185	0.05584702976428845
3.19	0.055742885554736395
3.195	0.05563898532181126
3.2	0.055535328080213234
3.205	0.055431912849581114
3.21	0.05532873865445921
3.215	0.055225804524265294
3.2199999999999998	0.05512310949325935
3.225	0.05502065260051189
3.23	0.05491843288987251
3.235	0.0548164494099392
3.24	0.054714701214027044
3.245	0.05461318736013834
3.25	0.05451190691093223
3.255	0.05441085893369354
3.26	0.054310042500304224
3.265	0.05420945668721332
3.27	0.054109100575406965
3.275	0.05400897325038029
3.28	0.05390907380210708
3.285	0.05380940132501223
3.29	0.05370995491794256
3.295	0.053610733684138316
3.3	0.05351173673120597
3.3049999999999997	0.05341296317108889
3.31	0.05331441212004113
3.315	0.053216082698598545
3.32	0.05311797403155263
3.325	0.05302008524792241
3.33	0.052922415480928416
3.335	0.05282496386796556
3.34	0.052727729550576356
3.3449999999999998	0.05263071167442508
3.35	0.052533909389271355
3.355	0.05243732184894443
3.36	0.052340948211317614
3.365	0.05224478763828143
3.37	0.05214883929572003
3.375	0.05205310235348515
3.38	0.05195757598537087
3.385	0.05186225936908888
3.39	0.05176715168624434
3.395	0.05167225212231117
3.4	0.051577559866607246
3.405	0.051483074112270655
3.41	0.051388794056236434
3.415	0.05129471889921099
3.42	0.05120084784565081
3.425	0.051107180103736986
3.4299999999999997	0.05101371488535298
3.435	0.05092045140606145
3.44	0.05082738888508125
3.445	0.05073452654526427
3.45	0.05064186361307302
3.455	0.050549399318559105
3.46	0.05045713289533874
3.465	0.05036506358057333
3.4699999999999998	0.05027319061494478
3.475	0.05018151324263587
3.48	0.05009003071130721
3.485	0.04999874227207625
3.49	0.049907647179496355
3.495	0.04981674469153397
3.5	0.04972603406954949
3.505	0.04963551457827474
3.51	0.049545185485793765
3.515	0.04945504606351995
3.52	0.04936509558617825
3.525	0.04927533333178281
3.53	0.0491857585816167
3.535	0.04909637062021296
3.54	0.0490071687353349
3.545	0.04891815221795468
3.55	0.0488293203622345
3.5549999999999997	0.04874067246550766
3.56	0.0486522078282582
3.565	0.04856392575410157
3.5700000000000003	0.04847582554976663
3.575	0.04838790652507492
3.58	0.04830016799292408
3.585	0.04821260926926698
3.59	0.04812522967309364
3.5949999999999998	0.04803802852641331
3.5999999999999996	0.047951005154235886
3.605	0.04786415888455319
3.61	0.04777748904832132
3.615	0.04769099497944165
3.62	0.04760467601474536
3.625	0.04751853149397295
3.63	0.04743256075975763
3.635	0.04734676315760799
3.6399999999999997	0.047261138035890306
3.645	0.047175684745811804
3.65	0.04709040264140286
3.6550000000000002	0.04700529107949856
3.66	0.04692034941972631
3.665	0.046835577024482704
3.67	0.04675097325892215
3.675	0.0466665374909365
3.6799999999999997	0.046582269091141326
3.685	0.04649816743285756
3.69	0.04641423189209612
3.6950000000000003	0.04633046184754098
3.7	0.04624685668053435
3.705	0.04616341577505912
3.71	0.046080138517724266
3.715	0.04599702429774766
3.7199999999999998	0.045914072506942356
3.7249999999999996	0.04583128253969874
3.73	0.04574865379297131
3.735	0.045666185666260725
3.74	0.04558387756160136
3.745	0.04550172888354362
3.75	0.045419739039140435
3.755	0.045337907437931695
3.76	0.04525623349192874
3.7649999999999997	0.04517471661560095
3.77	0.04509335622585982
3.775	0.045012151742044905
3.7800000000000002	0.044931102585909044
3.785	0.044850208181604005
3.79	0.0447694679556662
3.795	0.0446888813370027
3.8	0.044608447756875176
3.8049999999999997	0.04452816664888934
3.81	0.04444803744897772
3.815	0.044368059595387414
3.8200000000000003	0.04428823252866549
3.825	0.04420855569164553
3.83	0.044129028529435246
3.835	0.04404965048939967
3.84	0.043970421021151285
3.8449999999999998	0.04389133957653306
3.8499999999999996	0.04381240560961011
3.855	0.04373361857665036
3.86	0.04365497793611585
3.865	0.04357648314864828
3.87	0.04349813367705526
3.875	0.0434199289862988
3.88	0.04334186854348172
3.885	0.043263951817833074
3.8899999999999997	0.043186178280699684
3.895	0.04310854740552944
3.9	0.043031058667861374
3.9050000000000002	0.04295371154531136
3.91	0.04287650551756122
3.915	0.0427994400663454
3.92	0.04272251467543836
3.925	0.04264572883064406
3.9299999999999997	0.042569082019783516
3.935	0.042492573732679284
3.94	0.04241620346114987
3.9450000000000003	0.042339970698991244
3.95	0.04226387494197011
3.955	0.04218791568780814
3.96	0.04211209243617465
3.965	0.042036404688670495
3.9699999999999998	0.04196085194881854
3.9749999999999996	0.0418854337220539
3.98	0.041810149515708654
3.985	0.04173499883900479
3.99	0.041659981203038356
3.995	0.04158509612077174
4.	0.041510343107022125
4.005	0.04143572167844823
4.01	0.0413612313535407
4.015	0.04128687165261192
4.02	0.04121264209778334
4.025	0.041138542212976234
4.03	0.04106457152389896
4.035	0.04099072955803906
4.04	0.04091701584464941
4.045	0.040843429914739805
4.05	0.040769971301065
4.055	0.0406966395381155
4.0600000000000005	0.04062343416210664
4.0649999999999995	0.040550354710966546
4.07	0.04047740072432954
4.075	0.04040457174352195
4.08	0.040331867311552784
4.085	0.04025928697310756
4.09	0.040186830274530454
4.095	0.04011449676382161
4.1	0.040042285990623414
4.105	0.03997019750621122
4.109999999999999	0.03989823086348405
4.115	0.03982638561695214
4.12	0.0397546613227325
4.125	0.039683057538532567
4.13	0.03961157382364596
4.135	0.03954020973893943
4.14	0.03946896484684452
4.145	0.03939783871134908
4.15	0.03932683089798505
4.155	0.039255940973821825
4.16	0.03918516850745488
4.165	0.03911451306899579
4.17	0.03904397423006759
4.175	0.03897355156378798
4.18	0.038903244644768166
4.1850000000000005	0.038833053049097184
4.1899999999999995	0.0387629763543344
4.195	0.038693014139504774
4.2	0.03862316598508474
4.205	0.03855343147299286
4.21	0.03848381018658471
4.215	0.038414301710643764
4.22	0.038344905631365805
4.225	0.038275621536360695
4.23	0.03820644901463487
4.234999999999999	0.038137387656584906
4.24	0.038068437053992585
4.245	0.037999596800010534
4.25	0.03793086648915831
4.255	0.037862245717308673
4.26	0.0377937340816872
4.265	0.03772533118085372
4.27	0.037657036614702356
4.275	0.03758884998444701
4.28	0.0375207708926172
4.285	0.03745279894304754
4.29	0.037384933740869916
4.295	0.03731717489250511
4.3	0.037249522005655046
4.305	0.03718197468929251
4.3100000000000005	0.037114532553656855
4.3149999999999995	0.03704719521024169
4.32	0.036979962271791365
4.325	0.036912833352286255
4.33	0.036845808066941786
4.335	0.03677888603219648
4.34	0.03671206686570446
4.345	0.036645350186328224
4.35	0.036578735614130484
4.355	0.03651222277036541
4.359999999999999	0.0364458112774717
4.365	0.036379500759066374
4.37	0.03631329083993205
4.375	0.03624718114601575
4.38	0.036181171304415054
4.385	0.0361152609433742
4.39	0.0360494496922751
4.395	0.035983737181631385
4.4	0.03591812304307763
4.405	0.035852606909364385
4.41	0.03578718841434861
4.415	0.03572186719298905
4.42	0.03565664288133554
4.425	0.03559151511652429
4.43	0.03552648353676723
4.4350000000000005	0.03546154778134864
4.4399999999999995	0.03539670749061487
4.445	0.03533196230596669
4.45	0.03526731186985508
4.455	0.03520275582576925
4.46	0.035138293818234086
4.465	0.0350739254927993
4.47	0.035009650496035404
4.475	0.034945468475523093
4.48	0.03488137907984868
4.484999999999999	0.034817381958594074
4.49	0.03475347676233462
4.495	0.03468966314262544
4.5	0.03462594075200083
4.505	0.034562309243961906
4.51	0.03449876827297223
4.515	0.03443531749445141
4.52	0.03437195656476489
4.525	0.03430868514122134
4.53	0.03424550288206081
4.535	0.03418240944645273
4.54	0.034119404494484834
4.545	0.034056487687158264
4.55	0.033993658686381205
4.555	0.03393091715495982
4.5600000000000005	0.03386826275659419
4.5649999999999995	0.03380569515586796
4.57	0.033743214018246565
4.575	0.03368081901006398
4.58	0.03361850979852185
4.585	0.033556286051678666
4.59	0.03349414743844522
4.595000000000001	0.033432093628577374
4.6	0.03337012429266769
4.605	0.0333082391021428
4.609999999999999	0.0332464377292508
4.615	0.03318471984706087
4.62	0.03312308512944992
4.625	0.033061533251103725
4.63	0.0330000638875027
4.635	0.03293867671491998
4.640000000000001	0.032877371410413275
4.645	0.032816147651818645
4.65	0.03275500511774297
4.654999999999999	0.03269394348755867
4.66	0.03263296244139669
4.665	0.03257206166013917
4.67	0.03251124082541321
4.675	0.032450499619585745
4.68	0.03238983772575415
4.6850000000000005	0.032329254827743535
4.6899999999999995	0.03226875061009582
4.695	0.03220832475806739
4.7	0.03214797695761996
4.705	0.032087706895413425
4.71	0.032027514258803395
4.715	0.03196739873583045
4.720000000000001	0.03190736001521518
4.725	0.031847397786351976
4.73	0.03178751173930274
4.734999999999999	0.03172770156478974
4.74	0.03166796695419044
4.745	0.03160830759952913
4.75	0.03154872319347228
4.755	0.03148921342931898
4.76	0.031429778000999636
4.765000000000001	0.03137041660306647
4.77	0.03131112893068548
4.775	0.031251914679633966
4.779999999999999	0.031192773546289267
4.785	0.03113370522762855
4.79	0.031074709421216852
4.795	0.031015785825202872
4.8	0.030956934138313446
4.805	0.03089815405984372
4.8100000000000005	0.030839445289657003
4.8149999999999995	0.0307808075281703
4.82	0.03072224047635538
4.825	0.030663743835726665
4.83	0.030605317308338383
4.835	0.030546960596778146
4.84	0.030488673404155765
4.845000000000001	0.030430455434104546
4.85	0.030372306390766858
4.855	0.03031422597879465
4.859999999999999	0.030256213903338516
4.865	0.030198269870041167
4.87	0.030140393585036684
4.875	0.030082584754935988
4.88	0.03002484308682475
4.885	0.029967168288256046
4.890000000000001	0.029909560067248545
4.895	0.029852018132269332
4.9	0.029794542192238344
4.904999999999999	0.029737131956515117
4.91	0.029679787134895205
4.915	0.029622507437603324
4.92	0.029565292575285923
4.925	0.02950814225900517
4.93	0.029451056200232348
4.9350000000000005	0.02939403411084199
4.9399999999999995	0.029337075703104534
4.945	0.02928018068967929
4.95	0.02922334878360898
4.955	0.029166579698311938
4.96	0.02910987314757742
4.965	0.029053228845556663
4.970000000000001	0.028996646506758275
4.975	0.028940125846039753
4.98	0.028883666578603074
4.984999999999999	0.028827268419982493
4.99	0.028770931086048404
4.995	0.028714654292988445
5.	0.028658437757310543
5.005	0.028602281195828527
5.01	0.028546184325661906
5.015000000000001	0.028490146864224786
5.02	0.028434168529219525
5.025	0.028378249038632522
5.029999999999999	0.028322388110723663
5.035	0.028266585464023122
5.04	0.02821084081732284
5.045	0.028155153889665652
5.05	0.02809952440034815
5.055	0.02804395206890283
5.0600000000000005	0.027988436615096635
5.0649999999999995	0.02793297775892576
5.07	0.027877575220604373
5.075	0.02782222872055901
5.08	0.027766937979422455
5.085	0.027711702718025158
5.09	0.02765652265739018
5.095000000000001	0.027601397518723047
5.1	0.027546327023407056
5.105	0.027491310892996758
5.109999999999999	0.027436348849203193
5.115	0.027381440613900698
5.12	0.027326585909104757
5.125	0.027271784456973872
5.13	0.027217035979800373
5.135	0.02716234019999844
5.14	0.02710769684010489
5.145	0.027053105622763845
5.15	0.026998566270725145
5.155	0.026944078506830126
5.16	0.026889642054010312
5.165	0.026835256635277686
5.17	0.026780921973715628
5.175	0.026726637792473397
5.18	0.026672403814754504
5.185	0.02661821976381504
5.19	0.026564085362949096
5.195	0.026510000335486728
5.2	0.02645596440478102
5.205	0.026401977294203134
5.21	0.026348038727133996
5.215	0.02629414842695508
5.22	0.026240306117042284
5.225	0.02618651152075333
5.23	0.026132764361425483
5.235	0.026079064362362014
5.24	0.026025411246828854
5.245	0.02597180473803946
5.25	0.025918244559155017
5.255	0.02586473043326661
5.26	0.02581126208339445
5.265	0.02575783923247523
5.27	0.02570446160335368
5.275	0.02565112891877556
5.28	0.025597840901376217
5.285	0.02554459727367415
5.29	0.025491397758061744
5.295	0.025438242076794047
5.3	0.02538512995198196
5.305	0.02533206110558384
5.31	0.02527903525939283
5.315	0.02522605213503034
5.32	0.025173111453937552
5.325	0.0251202129373623
5.33	0.025067356306352657
5.335	0.025014541281746898
5.34	0.024961767584163796
5.345	0.024909034933991915
5.35	0.024856343051381184
5.355	0.024803691656230774
5.36	0.024751080468181745
5.365	0.02469850920660776
5.37	0.024645977590599888
5.375	0.02459348533896327
5.38	0.024541032170201312
5.385	0.024488617802504938
5.39	0.024436241953749584
5.395	0.02438390434147643
5.4	0.024331604682885873
5.405	0.024279342694823944
5.41	0.024227118093777134
5.415	0.02417493059585455
5.42	0.024122779916779125
5.425	0.0240706657718802
5.43	0.024018587876078665
5.435	0.023966545943874394
5.44	0.023914539689337697
5.445	0.02386256882609946
5.45	0.023810633067333522
5.455	0.02375873212574625
5.46	0.023706865713574225
5.465	0.023655033542556256
5.47	0.023603235323933925
5.475	0.02355147076843475
5.48	0.023499739586258235
5.485	0.023448041487066088
5.49	0.023396376179967978
5.495	0.023344743373511587
5.5	0.023293142775664796
5.505	0.023241574093805457
5.51	0.023190037034709902
5.515	0.023138531304536848
5.52	0.023087056608815843
5.525	0.023035612652430676
5.53	0.022984199139608565
5.535	0.02293281577390621
5.54	0.022881462258196258
5.545	0.02283013829464746
5.55	0.022778843584718805
5.555	0.022727577829137795
5.56	0.02267634072789089
5.565	0.022625131980206464
5.57	0.022573951284539498
5.575	0.02252279833855499
5.58	0.02247167283911629
5.585	0.02242057448226819
5.59	0.022369502963220572
5.595	0.022318457976329385
5.6	0.022267439215087448
5.605	0.02221644637210303
5.61	0.02216547913908472
5.615	0.022114537206824252
5.62	0.02206362026518222
5.625	0.02201272800306546
5.63	0.0219618601084173
5.635	0.021911016268192227
5.64	0.021860196168344493
5.645	0.02180939949380566
5.65	0.021758625928470755
5.655	0.021707875155173768
5.66	0.021657146855675165
5.665	0.02160644071064203
5.67	0.021555756399622684
5.675	0.021505093601035984
5.68	0.021454451992145615
5.6850000000000005	0.021403831249042733
5.69	0.021353231046627136
5.695	0.021302651058582072
5.7	0.021252090957359193
5.705	0.021201550414153003
5.71	0.021151029098883
5.715	0.02110052668017141
5.72	0.021050042825317847
5.725	0.02099957720028177
5.73	0.020949129469659863
5.735	0.0208986992966586
5.74	0.02084828634307713
5.745	0.02079789026927933
5.75	0.02074751073417376
5.755	0.020697147395185266
5.76	0.020646799908236
5.765	0.020596467927714822
5.77	0.020546151106458743
5.775	0.020495849095721514
5.78	0.020445561545149912
5.785	0.020395288102759403
5.79	0.020345028414906763
5.795	0.020294782126259802
5.8	0.020244548879776454
5.805	0.02019432831667005
5.8100000000000005	0.020144120076385667
5.815	0.020093923796569983
5.82	0.020043739113044263
5.825	0.01999356565977084
5.83	0.019943403068826176
5.835	0.01989325097037003
5.84	0.019843108992615974
5.845	0.019792976761795613
5.85	0.01974285390213257
5.855	0.01969274003580747
5.86	0.019642634782921806
5.865	0.01959253776147131
5.87	0.019542448587307644
5.875	0.019492366874105254
5.88	0.019442292233325335
5.885	0.019392224274183675
5.89	0.019342162603608576
5.895	0.019292106826212057
5.9	0.019242056544246922
5.905	0.019192011357568695
5.91	0.019141970863601174
5.915	0.019091934657294987
5.92	0.019041902331087032
5.925	0.01899187347486151
5.93	0.018941847675908226
5.9350000000000005	0.018891824518880912
5.94	0.01884180358575562
5.945	0.018791784455786803
5.95	0.018741766705461297
5.955	0.018691749908456432
5.96	0.018641733635595927
5.965	0.018591717454798814
5.97	0.01854170093103642
5.975	0.018491683626282073
5.98	0.018441665099465022
5.985	0.01839164490641713
5.99	0.01834162259982719
5.995	0.018291597729185396
6.	0.018241569840732295
6.005	0.01819153847740757
6.01	0.018141503178791058
6.015	0.018091463481054927
6.02	0.018041418916899955
6.025	0.01799136901550483
6.03	0.017941313302462056
6.035	0.01789125129972166
6.04	0.017841182525533524
6.045	0.017791106494379524
6.05	0.01774102271691558
6.055	0.017690930699905544
6.0600000000000005	0.017640829946158114
6.065	0.017590719954458496
6.07	0.01754060021950269
6.075	0.017490470231825938
6.08	0.01744032947773517
6.085	0.017390177439235047
6.09	0.01734001359395819
6.095	0.017289837415088362
6.1	0.017239648371282522
6.105	0.017189445926598882
6.11	0.017139229540415007
6.115	0.01708899866734567
6.12	0.017038752757163197
6.125	0.01698849125471349
6.13	0.01693821359982846
6.135	0.016887919227243454
6.140000000000001	0.016837607566501777
6.145	0.016787278041868955
6.15	0.016736930072239472
6.155	0.01668656307103746
6.16	0.01663617644612693
6.165	0.016585769599710243
6.17	0.016535341928223937
6.175	0.016484892822241595
6.18	0.016434421666365686
6.1850000000000005	0.016383927839119714
6.1899999999999995	0.016333410712840942
6.195	0.016282869653567192
6.2	0.01623230402092083
6.205	0.016181713167996235
6.21	0.016131096441235327
6.215	0.01608045318030881
6.22	0.016029782717990212
6.225	0.015979084380026348
6.23	0.01592835748501446
6.235	0.01587760134425678
6.24	0.01582681526163547
6.245	0.015775998533464855
6.25	0.015725150448353636
6.255	0.01567427028705795
6.26	0.015623357322330292
6.265000000000001	0.015572410818768513
6.27	0.015521430032658025
6.275	0.015470414211813225
6.28	0.015419362595411653
6.285	0.015368274413828304
6.29	0.015317148888462527
6.295	0.015265985231562144
6.3	0.015214782646042669
6.305	0.015163540325306379
6.3100000000000005	0.015112257453046778
6.3149999999999995	0.015060933203061894
6.32	0.015009566739050852
6.325	0.014958157214412439
6.33	0.014906703772035703
6.335	0.014855205544088642
6.34	0.014803661651795953
6.345	0.014752071205214172
6.35	0.01470043330300535
6.355	0.014648747032197377
6.36	0.01459701146793946
6.365	0.01454522567326053
6.37	0.014493388698806415
6.375	0.014441499582580454
6.38	0.014389557349676887
6.385	0.0143375610120016
6.390000000000001	0.014285509567989027
6.395	0.01423340200231435
6.4	0.014181237285589105
6.405	0.01412901437405802
6.41	0.0140767322092818
6.415	0.014024389717814204
6.42	0.013971985810864854
6.425	0.013919519383962213
6.43	0.013866989316597033
6.4350000000000005	0.01381439447185993
6.4399999999999995	0.01376173369607315
6.445	0.013709005818401628
6.45	0.013656209650462285
6.455	0.01360334398591816
6.46	0.013550407600056472
6.465	0.013497399249366177
6.47	0.013444317671088115
6.475	0.013391161582762087
6.48	0.013337929681758152
6.485	0.013284620644791752
6.49	0.013231233127424032
6.495	0.013177765763550411
6.5	0.013124217164869379
6.505	0.013070585920337803
6.51	0.013016870595605069
6.515000000000001	0.01296306973243584
6.52	0.012909181848107644
6.525	0.012855205434795557
6.53	0.01280113895893027
6.535	0.012746980860542935
6.54	0.012692729552581035
6.545	0.012638383420209218
6.55	0.01258394082008054
6.555	0.012529400079587447
6.5600000000000005	0.01247475949608553
6.5649999999999995	0.012420017336093478
6.57	0.01236517183446207
6.575	0.01231022119351818
6.58	0.012255163582176069
6.585	0.01219999713502133
6.59	0.012144719951359299
6.595	0.012089330094231125
6.6	0.012033825589393995
6.605	0.011978204424266784
6.61	0.01192246454683497
6.615	0.011866603864516719
6.62	0.011810620242987025
6.625	0.011754511504957628
6.63	0.011698275428912688
6.635	0.011641909747794273
6.640000000000001	0.011585412147640547
6.645	0.01152878026616925
6.65	0.011472011691307982
6.655	0.01141510395966589
6.66	0.011358054554945972
6.665	0.011300860906293555
6.67	0.011243520386578627
6.675	0.011186030310609423
6.68	0.011128387933271824
6.6850000000000005	0.011070590447593376
6.6899999999999995	0.01101263498272558
6.695	0.010954518601841637
6.7	0.010896238299946872
6.705	0.010837791001592788
6.71	0.010779173558494606
6.715	0.010720382747043355
6.72	0.010661415265710879
6.725	0.010602267732335921
6.73	0.01054293668129171
6.735	0.010483418560523065
6.74	0.01042370972844978
6.745	0.010363806450724388
6.75	0.010303704896839573
6.755	0.01024340113657716
6.76	0.010182891136284363
6.765000000000001	0.010122170754972444
6.77	0.010061235740225384
6.775	0.010000081723907343
6.78	0.009938704217651945
6.785	0.009877098608133083
6.79	0.00981526015208515
6.795	0.009753183971076279
6.8	0.009690865045998682
6.805	0.009628298211279578
6.8100000000000005	0.009565478148776176
6.8149999999999995	0.009502399381341998
6.82	0.009439056266046774
6.825	0.009375442987016005
6.83	0.009311553547871464
6.835	0.009247381763746293
6.84	0.009182921252839297
6.845	0.009118165427476873
6.85	0.009053107484654216
6.855	0.008987740396009228
6.86	0.008922056897189399
6.865	0.008856049476568513
6.87	0.008789710363268385
6.875	0.008723031514415737
6.88	0.008656004601593858
6.885	0.008588620996421466
6.890000000000001	0.008520871755165367
6.895	0.008452747602354177
6.9	0.008384238913261245
6.905	0.008315335695198761
6.91	0.00824602756750039
6.915	0.008176303740089761
6.92	0.008106152990507074
6.925	0.00803556363925514
6.93	0.007964523523319582
6.9350000000000005	0.007893019967676457
6.9399999999999995	0.007821039754625383
6.945	0.007748569090721251
6.95	0.007675593571070406
6.955	0.007602098140750882
6.96	0.00752806705303734
6.965	0.007453483824133161
6.97	0.00737833118402866
6.975	0.007302591023069497
6.98	0.007226244333776002
6.985	0.007149271147406315
6.99	0.00707165046462224
6.995	0.006993360179630868
7.	0.0069143769969977785
7.005	0.006834676340259548
7.01	0.006754232251336051
7.015000000000001	0.006673017279572993
7.02	0.006591002359084392
7.025	0.006508156672840862
7.03	0.006424447501745047
7.035	0.006339840056568744
7.04	0.00625429729035447
7.045	0.0061677796884288955
7.05	0.0060802450326364575
7.055	0.005991648135889882
7.0600000000000005	0.005901940542261043
7.0649999999999995	0.005811070187077942
7.07	0.0057189810102115275
7.075	0.005625612514518172
7.08	0.0055308992595900445
7.085	0.005434770278831377
7.09	0.005337148405230128
7.095	0.005237949487662969
7.1	0.0051370814752609234
7.105	0.005034443341639139
7.11	0.004929923813358579
7.115	0.004823399857282481
7.12	0.004714734868567895
7.125	0.0046037764834395666
7.13	0.004490353917403291
7.135	0.0043742746965595766
7.140000000000001	0.004255320604010753
7.145	0.004133242597988394
7.15	0.004007754363871179
7.155	0.0038785240227903455
7.16	0.0037451633088435208
7.165	0.003607213201491288
7.17	0.0034641244821238186
7.175	0.0033152308353271943
7.18	0.003159710672953407
7.1850000000000005	0.0029965313030377067
7.1899999999999995	0.002824364307335211
7.195	0.0026414515970310747
7.2	0.0024453816880747256
7.205	0.002232689476626137
7.21	0.001998072079052529
7.215	0.001732643708972974
7.220000000000001	0.0014192189077302222
7.225	0.0010142335794817339
7.23	0.00021333083304355695
7.234999999999999	0.
7.24	0.
7.245	0.
7.25	0.
7.255	0.
7.26	0.
7.265000000000001	0.
7.27	0.
7.275	0.
7.28	0.
7.285	0.
7.29	0.
7.295	0.
7.300000000000001	0.
7.305	0.
7.3100000000000005	0.
7.3149999999999995	0.
7.32	0.
7.325	0.
7.33	0.
7.335	0.
7.34	0.
7.345000000000001	0.
7.35	0.
7.355	0.
7.359999999999999	0.
7.365	0.
7.37	0.
7.375	0.
7.38	0.
7.385	0.
7.390000000000001	0.
7.395	0.
7.4	0.
7.405	0.
7.41	0.
7.415	0.
7.42	0.
7.425000000000001	0.
7.43	0.
7.4350000000000005	0.
7.4399999999999995	0.
7.445	0.
7.45	0.
7.455	0.
7.46	0.
7.465	0.
7.470000000000001	0.
7.475	0.
7.48	0.
7.484999999999999	0.
7.49	0.
7.495	0.
7.5	0.
7.505	0.
7.51	0.
7.515000000000001	0.
7.52	0.
7.525	0.
7.53	0.
7.535	0.
7.54	0.
7.545	0.
7.550000000000001	0.
7.555	0.
7.5600000000000005	0.
7.5649999999999995	0.
7.57	0.
7.575	0.
7.58	0.
7.585	0.
7.59	0.
7.595000000000001	0.
7.6	0.
7.605	0.
7.609999999999999	0.
7.615	0.
7.62	0.
7.625	0.
7.63	0.
7.635	0.
7.640000000000001	0.
7.645	0.
7.65	0.
7.655	0.
7.66	0.
7.665	0.
7.67	0.
7.675000000000001	0.
7.68	0.
7.685	0.
7.6899999999999995	0.
7.694999999999999	0.
7.699999999999999	0.
7.704999999999999	0.
7.71	0.
7.715	0.
7.72	0.
7.725	0.
7.7299999999999995	0.
7.734999999999999	0.
7.739999999999999	0.
7.744999999999999	0.
7.75	0.
7.755	0.
7.76	0.
7.765	0.
7.77	0.
7.7749999999999995	0.
7.779999999999999	0.
7.784999999999999	0.
7.79	0.
7.795	0.
7.8	0.
7.805	0.
7.81	0.
7.8149999999999995	0.
7.819999999999999	0.
7.824999999999999	0.
7.829999999999999	0.
7.835	0.
7.84	0.
7.845	0.
7.85	0.
7.8549999999999995	0.
7.859999999999999	0.
7.864999999999999	0.
7.869999999999999	0.
7.875	0.
7.88	0.
7.885	0.
7.89	0.
7.895	0.
7.8999999999999995	0.
7.904999999999999	0.
7.909999999999999	0.
7.915	0.
7.92	0.
7.925	0.
7.93	0.
7.935	0.
7.9399999999999995	0.
7.944999999999999	0.
7.949999999999999	0.
7.955	0.
7.96	0.
7.965	0.
7.97	0.
7.975	0.
7.9799999999999995	0.
7.984999999999999	0.
7.989999999999999	0.
7.994999999999999	0.
8.	0.
8.004999999999999	0.
8.01	0.
8.014999999999999	0.
8.02	0.
8.025	0.
8.03	0.
8.035	0.
8.04	0.
8.045	0.
8.049999999999999	0.
8.055	0.
8.059999999999999	0.
8.065	0.
8.07	0.
8.075	0.
8.08	0.
8.084999999999999	0.
8.09	0.
8.094999999999999	0.
8.1	0.
8.105	0.
8.11	0.
8.115	0.
8.12	0.
8.125	0.
8.129999999999999	0.
8.135	0.
8.139999999999999	0.
8.145	0.
8.15	0.
8.155	0.
8.16	0.
8.165	0.
8.17	0.
8.174999999999999	0.
8.18	0.
8.184999999999999	0.
8.19	0.
8.195	0.
8.2	0.
8.205	0.
8.209999999999999	0.
8.215	0.
8.219999999999999	0.
8.225	0.
8.23	0.
8.235	0.
8.24	0.
8.245	0.
8.25	0.
8.254999999999999	0.
8.26	0.
8.264999999999999	0.
8.27	0.
8.275	0.
8.28	0.
8.285	0.
8.29	0.
8.295	0.
8.299999999999999	0.
8.305	0.
8.309999999999999	0.
8.315	0.
8.32	0.
8.325	0.
8.33	0.
8.334999999999999	0.
8.34	0.
8.344999999999999	0.
8.35	0.
8.355	0.
8.36	0.
8.365	0.
8.37	0.
8.375	0.
8.379999999999999	0.
8.385	0.
8.389999999999999	0.
8.395	0.
8.4	0.
8.405	0.
8.41	0.
8.415	0.
8.42	0.
8.424999999999999	0.
8.43	0.
8.434999999999999	0.
8.44	0.
8.445	0.
8.45	0.
8.455	0.
8.459999999999999	0.
8.465	0.
8.469999999999999	0.
8.475	0.
8.48	0.
8.485	0.
8.49	0.
8.495	0.
8.5	0.
8.504999999999999	0.
8.51	0.
8.515	0.
8.52	0.
8.525	0.
8.53	0.
8.535	0.
8.54	0.
8.545	0.
8.549999999999999	0.
8.555	0.
8.559999999999999	0.
8.565	0.
8.57	0.
8.575	0.
8.58	0.
8.584999999999999	0.
8.59	0.
8.594999999999999	0.
8.6	0.
8.605	0.
8.61	0.
8.615	0.
8.62	0.
8.625	0.
8.629999999999999	0.
8.635	0.
8.64	0.
8.645	0.
8.65	0.
8.655	0.
8.66	0.
8.665	0.
8.67	0.
8.674999999999999	0.
8.68	0.
8.684999999999999	0.
8.69	0.
8.695	0.
8.7	0.
8.705	0.
8.709999999999999	0.
8.715	0.
8.719999999999999	0.
8.725	0.
8.73	0.
8.735	0.
8.74	0.
8.745	0.
8.75	0.
8.754999999999999	0.
8.76	0.
8.765	0.
8.77	0.
8.775	0.
8.78	0.
8.785	0.
8.79	0.
8.795	0.
8.799999999999999	0.
8.805	0.
8.809999999999999	0.
8.815	0.
8.82	0.
8.825	0.
8.83	0.
8.834999999999999	0.
8.84	0.
8.844999999999999	0.
8.85	0.
8.855	0.
8.86	0.
8.865	0.
8.87	0.
8.875	0.
8.879999999999999	0.
8.885	0.
8.89	0.
8.895	0.
8.9	0.
8.905	0.
8.91	0.
8.915	0.
8.92	0.
8.924999999999999	0.
8.93	0.
8.934999999999999	0.
8.94	0.
8.945	0.
8.95	0.
8.955	0.
8.959999999999999	0.
8.965	0.
8.969999999999999	0.
8.975	0.
8.98	0.
8.985	0.
8.99	0.
8.995	0.
9.	0.
9.004999999999999	0.
9.01	0.
9.015	0.
9.02	0.
9.025	0.
9.03	0.
9.035	0.
9.04	0.
9.045	0.
9.049999999999999	0.
9.055	0.
9.059999999999999	0.
9.065	0.
9.07	0.
9.075	0.
9.08	0.
9.084999999999999	0.
9.09	0.
9.094999999999999	0.
9.1	0.
9.105	0.
9.11	0.
9.115	0.
9.12	0.
9.125	0.
9.129999999999999	0.
9.135	0.
9.14	0.
9.145	0.
9.15	0.
9.155	0.
9.16	0.
9.165	0.
9.17	0.
9.174999999999999	0.
9.18	0.
9.184999999999999	0.
9.19	0.
9.195	0.
9.2	0.
9.205	0.
9.209999999999999	0.
9.215	0.
9.219999999999999	0.
9.225	0.
9.23	0.
9.235	0.
9.24	0.
9.245	0.
9.25	0.
9.254999999999999	0.
9.26	0.
9.265	0.
9.27	0.
9.275	0.
9.28	0.
9.285	0.
9.29	0.
9.295	0.
9.299999999999999	0.
9.305	0.
9.309999999999999	0.
9.315	0.
9.32	0.
9.325	0.
9.33	0.
9.334999999999999	0.
9.34	0.
9.344999999999999	0.
9.35	0.
9.355	0.
9.36	0.
9.365	0.
9.37	0.
9.375	0.
9.379999999999999	0.
9.385	0.
9.39	0.
9.395	0.
9.4	0.
9.405	0.
9.41	0.
9.415	0.
9.42	0.
9.424999999999999	0.
9.43	0.
9.434999999999999	0.
9.44	0.
9.445	0.
9.45	0.
9.455	0.
9.459999999999999	0.
9.465	0.
9.469999999999999	0.
9.475	0.
9.48	0.
9.485	0.
9.49	0.
9.495	0.
9.5	0.
9.504999999999999	0.
9.51	0.
9.515	0.
9.52	0.
9.525	0.
9.53	0.
9.535	0.
9.54	0.
9.545	0.
9.549999999999999	0.
9.555	0.
9.559999999999999	0.
9.565	0.
9.57	0.
9.575	0.
9.58	0.
9.584999999999999	0.
9.59	0.
9.594999999999999	0.
9.6	0.
9.605	0.
9.61	0.
9.615	0.
9.62	0.
9.625	0.
9.629999999999999	0.
9.635	0.
9.64	0.
9.645	0.
9.65	0.
9.655	0.
9.66	0.
9.665	0.
9.67	0.
9.674999999999999	0.
9.68	0.
9.684999999999999	0.
9.69	0.
9.695	0.
9.7	0.
9.705	0.
9.709999999999999	0.
9.715	0.
9.719999999999999	0.
9.725	0.
9.73	0.
9.735	0.
9.74	0.
9.745	0.
9.75	0.
9.754999999999999	0.
9.76	0.
9.765	0.
9.77	0.
9.774999999999999	0.
9.78	0.
9.785	0.
9.79	0.
9.795	0.
9.8	0.
9.805	0.
9.809999999999999	0.
9.815	0.
9.82	0.
9.825	0.
9.83	0.
9.834999999999999	0.
9.84	0.
9.844999999999999	0.
9.85	0.
9.855	0.
9.86	0.
9.865	0.
9.87	0.
9.875	0.
9.879999999999999	0.
9.885	0.
9.89	0.
9.895	0.
9.899999999999999	0.
9.905	0.
9.91	0.
9.915	0.
9.92	0.
9.925	0.
9.93	0.
9.934999999999999	0.
9.94	0.
9.945	0.
9.95	0.
9.955	0.
9.959999999999999	0.
9.965	0.
9.969999999999999	0.
9.975	0.
9.98	0.
9.985	0.
9.99	0.
9.995	0.
10.	0.
10.004999999999999	0.
10.01	0.
10.015	0.
10.02	0.
10.024999999999999	0.
10.03	0.
10.035	0.
10.04	0.
10.045	0.
10.05	0.
10.055	0.
10.059999999999999	0.
10.065	0.
10.07	0.
10.075	0.
10.08	0.
10.084999999999999	0.
10.09	0.
10.094999999999999	0.
10.1	0.
10.105	0.
10.11	0.
10.115	0.
10.12	0.
10.125	0.
10.129999999999999	0.
10.135	0.
10.14	0.
10.145	0.
10.149999999999999	0.
10.155	0.
10.16	0.
10.165	0.
10.17	0.
10.175	0.
10.18	0.
10.184999999999999	0.
10.19	0.
10.195	0.
10.2	0.
10.205	0.
10.209999999999999	0.
10.215	0.
10.219999999999999	0.
10.225	0.
10.23	0.
10.235	0.
10.24	0.
10.245000000000001	0.
10.250000000000002	0.
10.255	0.
10.260000000000002	0.
10.265	0.
10.270000000000001	0.
10.275	0.
10.280000000000001	0.
10.285	0.
10.290000000000001	0.
10.295000000000002	0.
10.3	0.
10.305000000000001	0.
10.31	0.
10.315000000000001	0.
10.32	0.
10.325000000000001	0.
10.330000000000002	0.
10.335	0.
10.340000000000002	0.
10.345	0.
10.350000000000001	0.
10.355	0.
10.360000000000001	0.
10.365	0.
10.370000000000001	0.
10.375000000000002	0.
10.38	0.
10.385000000000002	0.
10.39	0.
10.395000000000001	0.
10.4	0.
10.405000000000001	0.
10.41	0.
10.415000000000001	0.
10.420000000000002	0.
10.425	0.
10.430000000000001	0.
10.435	0.
10.440000000000001	0.
10.445	0.
10.450000000000001	0.
10.455000000000002	0.
10.46	0.
10.465000000000002	0.
10.47	0.
10.475000000000001	0.
10.48	0.
10.485000000000001	0.
10.49	0.
10.495000000000001	0.
10.500000000000002	0.
10.505	0.
10.510000000000002	0.
10.515	0.
10.520000000000001	0.
10.525	0.
10.530000000000001	0.
10.535	0.
10.540000000000001	0.
10.545000000000002	0.
10.55	0.
10.555000000000001	0.
10.56	0.
10.565000000000001	0.
10.57	0.
10.575000000000001	0.
10.580000000000002	0.
10.585	0.
10.590000000000002	0.
10.595	0.
10.600000000000001	0.
10.605	0.
10.610000000000001	0.
10.615	0.
10.620000000000001	0.
10.625000000000002	0.
10.63	0.
10.635000000000002	0.
10.64	0.
10.645000000000001	0.
10.65	0.
10.655000000000001	0.
10.66	0.
10.665000000000001	0.
10.670000000000002	0.
10.675	0.
10.680000000000001	0.
10.685	0.
10.690000000000001	0.
10.695	0.
10.700000000000001	0.
10.705000000000002	0.
10.71	0.
10.715000000000002	0.
10.72	0.
10.725000000000001	0.
10.73	0.
10.735000000000001	0.
10.74	0.
10.745000000000001	0.
10.750000000000002	0.
10.755	0.
10.760000000000002	0.
10.765	0.
10.770000000000001	0.
10.775	0.
10.780000000000001	0.
10.785	0.
10.790000000000001	0.
10.795000000000002	0.
10.8	0.
10.805000000000001	0.
10.81	0.
10.815000000000001	0.
10.82	0.
10.825000000000001	0.
10.830000000000002	0.
10.835	0.
10.840000000000002	0.
10.845	0.
10.850000000000001	0.
10.855	0.
10.860000000000001	0.
10.865	0.
10.870000000000001	0.
10.875000000000002	0.
10.88	0.
10.885000000000002	0.
10.89	0.
10.895000000000001	0.
10.9	0.
10.905000000000001	0.
10.91	0.
10.915000000000001	0.
10.920000000000002	0.
10.925	0.
10.930000000000001	0.
10.935	0.
10.940000000000001	0.
10.945	0.
10.950000000000001	0.
10.955000000000002	0.
10.96	0.
10.965000000000002	0.
10.97	0.
10.975000000000001	0.
10.98	0.
10.985000000000001	0.
10.99	0.
10.995000000000001	0.
11.000000000000002	0.
11.005	0.
11.010000000000002	0.
11.015	0.
11.020000000000001	0.
11.025	0.
11.030000000000001	0.
11.035	0.
11.040000000000001	0.
11.045000000000002	0.
11.05	0.
11.055000000000001	0.
11.06	0.
11.065000000000001	0.
11.07	0.
11.075000000000001	0.
11.080000000000002	0.
11.085	0.
11.090000000000002	0.
11.095	0.
11.100000000000001	0.
11.105	0.
11.110000000000001	0.
11.115	0.
11.120000000000001	0.
11.125000000000002	0.
11.13	0.
11.135000000000002	0.
11.14	0.
11.145000000000001	0.
11.15	0.
11.155000000000001	0.
11.16	0.
11.165000000000001	0.
11.170000000000002	0.
11.175	0.
11.180000000000001	0.
11.185	0.
11.190000000000001	0.
11.195	0.
11.200000000000001	0.
11.205000000000002	0.
11.21	0.
11.215000000000002	0.
11.22	0.
11.225000000000001	0.
11.23	0.
11.235000000000001	0.
11.24	0.
11.245000000000001	0.
11.250000000000002	0.
11.255	0.
11.260000000000002	0.
11.265	0.
11.270000000000001	0.
11.275	0.
11.280000000000001	0.
11.285	0.
11.290000000000001	0.
11.295000000000002	0.
11.3	0.
11.305000000000001	0.
11.31	0.
11.315000000000001	0.
11.32	0.
11.325000000000001	0.
11.330000000000002	0.
11.335	0.
11.340000000000002	0.
11.345	0.
11.350000000000001	0.
11.355	0.
11.360000000000001	0.
11.365000000000002	0.
11.370000000000001	0.
11.375000000000002	0.
11.38	0.
11.385000000000002	0.
11.39	0.
11.395000000000001	0.
11.4	0.
11.405000000000001	0.
11.41	0.
11.415000000000001	0.
11.420000000000002	0.
11.425	0.
11.430000000000001	0.
11.435	0.
11.440000000000001	0.
11.445	0.
11.450000000000001	0.
11.455000000000002	0.
11.46	0.
11.465000000000002	0.
11.47	0.
11.475000000000001	0.
11.48	0.
11.485000000000001	0.
11.490000000000002	0.
11.495000000000001	0.
11.500000000000002	0.
11.505	0.
11.510000000000002	0.
11.515	0.
11.520000000000001	0.
11.525	0.
11.530000000000001	0.
11.535	0.
11.540000000000001	0.
11.545000000000002	0.
11.55	0.
11.555000000000001	0.
11.56	0.
11.565000000000001	0.
11.57	0.
11.575000000000001	0.
11.580000000000002	0.
11.585	0.
11.590000000000002	0.
11.595	0.
11.600000000000001	0.
11.605	0.
11.610000000000001	0.
11.615000000000002	0.
11.620000000000001	0.
11.625000000000002	0.
11.63	0.
11.635000000000002	0.
11.64	0.
11.645000000000001	0.
11.65	0.
11.655000000000001	0.
11.66	0.
11.665000000000001	0.
11.670000000000002	0.
11.675	0.
11.680000000000001	0.
11.685	0.
11.690000000000001	0.
11.695	0.
11.700000000000001	0.
11.705000000000002	0.
11.71	0.
11.715000000000002	0.
11.72	0.
11.725000000000001	0.
11.73	0.
11.735000000000001	0.
11.740000000000002	0.
11.745000000000001	0.
11.750000000000002	0.
11.755	0.
11.760000000000002	0.
11.765	0.
11.770000000000001	0.
11.775	0.
11.780000000000001	0.
11.785	0.
11.790000000000001	0.
11.795000000000002	0.
11.8	0.
11.805000000000001	0.
11.81	0.
11.815000000000001	0.
11.82	0.
11.825000000000001	0.
11.830000000000002	0.
11.835	0.
11.840000000000002	0.
11.845	0.
11.850000000000001	0.
11.855	0.
11.860000000000001	0.
11.865000000000002	0.
11.870000000000001	0.
11.875000000000002	0.
11.88	0.
11.885000000000002	0.
11.89	0.
11.895000000000001	0.
11.9	0.
11.905000000000001	0.
11.91	0.
11.915000000000001	0.
11.920000000000002	0.
11.925	0.
11.930000000000001	0.
11.935	0.
11.940000000000001	0.
11.945	0.
11.950000000000001	0.
11.955000000000002	0.
11.96	0.
11.965000000000002	0.
11.97	0.
11.975000000000001	0.
11.98	0.
11.985000000000001	0.
11.990000000000002	0.
11.995000000000001	0.
12.000000000000002	0.
12.005	0.
12.010000000000002	0.
12.015	0.
12.020000000000001	0.
12.025	0.
12.030000000000001	0.
12.035	0.
12.040000000000001	0.
12.045000000000002	0.
12.05	0.
12.055000000000001	0.
12.06	0.
12.065000000000001	0.
12.07	0.
12.075000000000001	0.
12.080000000000002	0.
12.085	0.
12.090000000000002	0.
12.095	0.
12.100000000000001	0.
12.105	0.
12.110000000000001	0.
12.115000000000002	0.
12.120000000000001	0.
12.125000000000002	0.
12.13	0.
12.135000000000002	0.
12.14	0.
12.145000000000001	0.
12.15	0.
12.155000000000001	0.
12.16	0.
12.165000000000001	0.
12.170000000000002	0.
12.175	0.
12.180000000000001	0.
12.185	0.
12.190000000000001	0.
12.195	0.
12.200000000000001	0.
12.205000000000002	0.
12.21	0.
12.215000000000002	0.
12.22	0.
12.225000000000001	0.
12.23	0.
12.235000000000001	0.
12.240000000000002	0.
12.245000000000001	0.
12.25	0.
12.255	0.
12.260000000000002	0.
12.265	0.
12.270000000000001	0.
12.275000000000002	0.
12.280000000000001	0.
12.285	0.
12.290000000000001	0.
12.295000000000002	0.
12.3	0.
12.305000000000001	0.
12.31	0.
12.315000000000001	0.
12.32	0.
12.325000000000001	0.
12.330000000000002	0.
12.335	0.
12.340000000000002	0.
12.345	0.
12.350000000000001	0.
12.355	0.
12.360000000000001	0.
12.365000000000002	0.
12.370000000000001	0.
12.375	0.
12.38	0.
12.385000000000002	0.
12.39	0.
12.395000000000001	0.
12.400000000000002	0.
12.405000000000001	0.
12.41	0.
12.415000000000001	0.
12.420000000000002	0.
12.425	0.
12.430000000000001	0.
12.435	0.
12.440000000000001	0.
12.445	0.
12.450000000000001	0.
12.455000000000002	0.
12.46	0.
12.465000000000002	0.
12.47	0.
12.475000000000001	0.
12.48	0.
12.485000000000001	0.
12.490000000000002	0.
12.495000000000001	0.
12.5	0.
12.505	0.
12.510000000000002	0.
12.515	0.
12.520000000000001	0.
12.525000000000002	0.
12.530000000000001	0.
12.535	0.
12.540000000000001	0.
12.545000000000002	0.
12.55	0.
12.555000000000001	0.
12.56	0.
12.565000000000001	0.
12.57	0.
12.575000000000001	0.
12.580000000000002	0.
12.585	0.
12.590000000000002	0.
12.595	0.
12.600000000000001	0.
12.605	0.
12.610000000000001	0.
12.615000000000002	0.
12.620000000000001	0.
12.625	0.
12.63	0.
12.635000000000002	0.
12.64	0.
12.645000000000001	0.
12.650000000000002	0.
12.655000000000001	0.
12.66	0.
12.665000000000001	0.
12.670000000000002	0.
12.675	0.
12.680000000000001	0.
12.685	0.
12.690000000000001	0.
12.695	0.
12.700000000000001	0.
12.705000000000002	0.
12.71	0.
12.715000000000002	0.
12.72	0.
12.725000000000001	0.
12.73	0.
12.735000000000001	0.
12.740000000000002	0.
12.745000000000001	0.
12.75	0.
12.755	0.
12.760000000000002	0.
12.765	0.
12.770000000000001	0.
12.775000000000002	0.
12.780000000000001	0.
12.785	0.
12.790000000000001	0.
12.795000000000002	0.
12.8	0.
12.805000000000001	0.
12.810000000000002	0.
12.815000000000001	0.
12.820000000000002	0.
12.825000000000001	0.
12.830000000000002	0.
12.835	0.
12.840000000000002	0.
12.845	0.
12.850000000000001	0.
12.855000000000002	0.
12.860000000000001	0.
12.865000000000002	0.
12.870000000000001	0.
12.875000000000002	0.
12.88	0.
12.885000000000002	0.
12.890000000000002	0.
12.895000000000001	0.
12.900000000000002	0.
12.905000000000001	0.
12.910000000000002	0.
12.915000000000001	0.
12.920000000000002	0.
12.925	0.
12.930000000000001	0.
12.935000000000002	0.
12.940000000000001	0.
12.945000000000002	0.
12.950000000000001	0.
12.955000000000002	0.
12.96	0.
12.965000000000002	0.
12.97	0.
12.975000000000001	0.
12.980000000000002	0.
12.985000000000001	0.
12.990000000000002	0.
12.995000000000001	0.
13.000000000000002	0.
13.005	0.
13.010000000000002	0.
13.015000000000002	0.
13.020000000000001	0.
13.025000000000002	0.
13.030000000000001	0.
13.035000000000002	0.
13.040000000000001	0.
13.045000000000002	0.
13.05	0.
13.055000000000001	0.
13.060000000000002	0.
13.065000000000001	0.
13.070000000000002	0.
13.075000000000001	0.
13.080000000000002	0.
13.085	0.
13.090000000000002	0.
13.095	0.
13.100000000000001	0.
13.105000000000002	0.
13.110000000000001	0.
13.115000000000002	0.
13.120000000000001	0.
13.125000000000002	0.
13.13	0.
13.135000000000002	0.
13.140000000000002	0.
13.145000000000001	0.
13.150000000000002	0.
13.155000000000001	0.
13.160000000000002	0.
13.165000000000001	0.
13.170000000000002	0.
13.175	0.
13.180000000000001	0.
13.185000000000002	0.
13.190000000000001	0.
13.195000000000002	0.
13.200000000000001	0.
13.205000000000002	0.
13.21	0.
13.215000000000002	0.
13.220000000000002	0.
13.225000000000001	0.
13.230000000000002	0.
13.235000000000001	0.
13.240000000000002	0.
13.245000000000001	0.
13.250000000000002	0.
13.255	0.
13.260000000000002	0.
13.265000000000002	0.
13.270000000000001	0.
13.275000000000002	0.
13.280000000000001	0.
13.285000000000002	0.
13.290000000000001	0.
13.295000000000002	0.
13.3	0.
13.305000000000001	0.
13.310000000000002	0.
13.315000000000001	0.
13.320000000000002	0.
13.325000000000001	0.
13.330000000000002	0.
13.335	0.
13.340000000000002	0.
13.345000000000002	0.
13.350000000000001	0.
13.355000000000002	0.
13.360000000000001	0.
13.365000000000002	0.
13.370000000000001	0.
13.375000000000002	0.
13.38	0.
13.385000000000002	0.
13.39	0.
13.395000000000001	0.
13.400000000000002	0.
13.405000000000001	0.
13.410000000000002	0.
13.415000000000001	0.
13.420000000000002	0.
13.425	0.
13.430000000000001	0.
13.435000000000002	0.
13.440000000000001	0.
13.445000000000002	0.
13.450000000000001	0.
13.455000000000002	0.
13.46	0.
13.465000000000002	0.
13.470000000000002	0.
13.475000000000001	0.
13.480000000000002	0.
13.485000000000001	0.
13.490000000000002	0.
13.495000000000001	0.
13.500000000000002	0.
13.505	0.
13.510000000000002	0.
13.515	0.
13.520000000000001	0.
13.525000000000002	0.
13.530000000000001	0.
13.535000000000002	0.
13.540000000000001	0.
13.545000000000002	0.
13.55	0.
13.555000000000001	0.
13.560000000000002	0.
13.565000000000001	0.
13.570000000000002	0.
13.575000000000001	0.
13.580000000000002	0.
13.585	0.
13.590000000000002	0.
13.595000000000002	0.
13.600000000000001	0.
13.605000000000002	0.
13.610000000000001	0.
13.615000000000002	0.
13.620000000000001	0.
13.625000000000002	0.
13.63	0.
13.635000000000002	0.
13.64	0.
13.645000000000001	0.
13.650000000000002	0.
13.655000000000001	0.
13.660000000000002	0.
13.665000000000001	0.
13.670000000000002	0.
13.675	0.
13.680000000000001	0.
13.685000000000002	0.
13.690000000000001	0.
13.695000000000002	0.
13.700000000000001	0.
13.705000000000002	0.
13.71	0.
13.715000000000002	0.
13.720000000000002	0.
13.725000000000001	0.
13.730000000000002	0.
13.735000000000001	0.
13.740000000000002	0.
13.745000000000001	0.
13.750000000000002	0.
13.755	0.
13.760000000000002	0.
13.765	0.
13.770000000000001	0.
13.775000000000002	0.
13.780000000000001	0.
13.785000000000002	0.
13.790000000000001	0.
13.795000000000002	0.
13.8	0.
13.805000000000001	0.
13.810000000000002	0.
13.815000000000001	0.
13.820000000000002	0.
13.825000000000001	0.
13.830000000000002	0.
13.835	0.
13.840000000000002	0.
13.845000000000002	0.
13.850000000000001	0.
13.855000000000002	0.
13.860000000000001	0.
13.865000000000002	0.
13.870000000000001	0.
13.875000000000002	0.
13.88	0.
13.885000000000002	0.
13.89	0.
13.895000000000001	0.
13.900000000000002	0.
13.905000000000001	0.
13.910000000000002	0.
13.915000000000001	0.
13.920000000000002	0.
13.925	0.
13.930000000000001	0.
13.935000000000002	0.
13.940000000000001	0.
13.945000000000002	0.
13.950000000000001	0.
13.955000000000002	0.
13.96	0.
13.965000000000002	0.
13.970000000000002	0.
13.975000000000001	0.
13.980000000000002	0.
13.985000000000001	0.
13.990000000000002	0.
13.995000000000001	0.
14.	0.