0.005	0.
0.01	0.
0.015	0.
0.02	0.
0.025	0.
0.030000000000000002	0.
0.034999999999999996	0.
0.04	0.
0.045	0.
0.049999999999999996	0.
0.055	0.
0.06	0.
0.065	0.
0.07	0.
0.07500000000000001	0.
0.08	0.
0.085	0.
0.09000000000000001	0.
0.095	0.
0.1	0.
0.10500000000000001	0.
0.11	0.
0.115	0.
0.12000000000000001	0.
0.125	0.
0.13	0.
0.135	0.
0.14	0.
0.14500000000000002	0.
0.15	0.
0.155	0.
0.16	0.
0.165	0.
0.17	0.
0.17500000000000002	0.0737026025317426
0.18000000000000002	0.10334566742995056
0.185	0.12389999751321276
0.19	0.1396885071430428
0.195	0.15239503722171718
0.2	0.16289999985713757
0.20500000000000002	0.1717376737036103
0.21000000000000002	0.1792632494436218
0.215	0.1857278582430699
0.22	0.19131709064542435
0.225	0.1961727347858471
0.23	0.20040594500128553
0.23500000000000001	0.20410567094150142
0.24000000000000002	0.20734429599878487
0.245	0.210181547249904
0.25	0.21266728916025157
0.255	0.21484357073224003
0.26	0.21674615824494017
0.265	0.2184057043420439
0.27	0.2198486542566827
0.275	0.22109795828760742
0.28	0.22217363899271977
0.28500000000000003	0.22309324776694453
0.29000000000000004	0.2238722360439008
0.295	0.22452425979106705
0.3	0.22506143130753947
0.305	0.22549452897346164
0.31	0.2258331731419447
0.315	0.22608597454172863
0.32	0.22626066019064173
0.325	0.2263641807814854
0.33	0.22640280270538882
0.335	0.22638218726078987
0.34	0.22630745911433206
0.34500000000000003	0.22618326570022415
0.35000000000000003	0.22601382894329408
0.35500000000000004	0.2258029904499508
0.36	0.22555425111736208
0.365	0.22527080595404303
0.37	0.2249555747770787
0.375	0.22461122934638092
0.38	0.2242402174100113
0.385	0.22384478406319983
0.39	0.22342699076426079
0.395	0.22298873230105035
0.4	0.22253175195999042
0.405	0.22205765511472225
0.41000000000000003	0.22156792142184725
0.41500000000000004	0.22106391578616227
0.42000000000000004	0.22054689823646093
0.425	0.22001803283474694
0.43	0.21947839572614752
0.435	0.2189289824234057
0.44	0.21837071440831812
0.445	0.21780444512253302
0.45	0.21723096541151019
0.455	0.21665100847796828
0.46	0.2160652543946419
0.465	0.21547433422051704
0.47000000000000003	0.21487883375974193
0.47500000000000003	0.21427929699809406
0.48000000000000004	0.21367622924806418
0.485	0.21307010003029278
0.49	0.2124613457161115
0.495	0.21185037195341763
0.5	0.2112375558957313
0.505	0.21062324825228798
0.51	0.21000777517522837
0.515	0.20939143999833876
0.52	0.2087745248403347
0.525	0.20815729208447686
0.53	0.20753998574509258
0.535	0.20692283273067072
0.54	0.20630604401216004
0.545	0.2056898157044242
0.55	0.20507433006796164
0.555	0.20445975643744033
0.56	0.20384625208295093
0.5650000000000001	0.20323396300933327
0.5700000000000001	0.20262302469854898
0.5750000000000001	0.20201356279954774
0.5800000000000001	0.20140569376970066
0.585	0.200799525471591
0.59	0.20019515772851915
0.595	0.19959268284192594
0.6	0.19899218607353308
0.605	0.19839374609489116
0.61	0.19779743540668498
0.615	0.197203320730119
0.62	0.19661146337229465
0.625	0.1960219195675602
0.63	0.19543474079648565
0.635	0.19484997408412882
0.64	0.19426766227896394
0.645	0.19368784431394143
0.65	0.19311055545080766
0.655	0.1925358275089389
0.66	0.19196368907967742
0.665	0.19139416572723322
0.67	0.19082728017699316
0.675	0.19026305249211303
0.68	0.1897015002391944
0.685	0.18914263864375352
0.6900000000000001	0.18858648073611659
0.6950000000000001	0.1880330374884666
0.7000000000000001	0.18748231794353287
0.7050000000000001	0.1869343293354504
0.71	0.18638907720341566
0.715	0.18584656549846826
0.72	0.18530679668387626
0.725	0.18476977182957918
0.73	0.18423549070100623
0.735	0.1837039518426024
0.74	0.1831751526565133
0.745	0.18264908947654948
0.75	0.18212575763787955
0.755	0.18160515154259957
0.76	0.1810872647215557
0.765	0.180572089892465
0.77	0.18005961901477305
0.775	0.17954984334123159
0.78	0.1790427534665724
0.785	0.17853833937337332
0.79	0.1780365904752065
0.795	0.17753749565738652
0.8	0.17704104331532516
0.805	0.17654722139076306
0.81	0.17605601740581
0.8150000000000001	0.17556741849509588
0.8200000000000001	0.17508141143615735
0.8250000000000001	0.1745979826778994
0.8300000000000001	0.17411711836765423
0.8350000000000001	0.17363880437646645
0.84	0.1731630263231279
0.845	0.1726897695966839
0.85	0.17221901937775863
0.855	0.17175076065860875
0.86	0.17128497826197042
0.865	0.17082165685895312
0.87	0.17036078098579618
0.875	0.16990233505965244
0.88	0.1694463033935546
0.885	0.16899267021043077
0.89	0.16854141965624814
0.895	0.1680925358126067
0.9	0.16764600270831212
0.905	0.16720180433048337
0.91	0.16675992463490483
0.915	0.16632034755575817
0.92	0.16588305701481706
0.925	0.1654480369301011
0.93	0.1650152712238022
0.935	0.1645847438301985
0.9400000000000001	0.16415643870248556
0.9450000000000001	0.16373033981966342
0.9500000000000001	0.16330643119269575
0.9550000000000001	0.1628846968704403
0.9600000000000001	0.1624651209452315
0.965	0.16204768755791352
0.97	0.16163238090271473
0.975	0.1612191852316935
0.98	0.16080808485906575
0.985	0.16039906416501257
0.99	0.15999210759941818
0.995	0.15958719968505136
1.	0.1591843250210874
1.005	0.1587834682857188
1.01	0.1583846142389582
1.015	0.15798774772522522
1.02	0.1575928536756431
1.025	0.15719991710864215
1.0299999999999998	0.1568089231753273
1.035	0.15641985696510805
1.0399999999999998	0.15603270388655588
1.045	0.15564744929626295
1.0499999999999998	0.15526407868405895
1.055	0.1548825776387946
1.0599999999999998	0.15450293184745864
1.065	0.15412512709903872
1.0699999999999998	0.15374914928232883
1.075	0.1533749843891211
1.0799999999999998	0.15300261851325336
1.085	0.152632037852424
1.0899999999999999	0.15226322870771117
1.095	0.15189617748455003
1.0999999999999999	0.1515308706928057
1.105	0.15116729494721973
1.1099999999999999	0.15080543696756163
1.115	0.1504452835784832
1.1199999999999999	0.15008682171004953
1.125	0.1497300383972874
1.13	0.14937492078061618
1.135	0.14902145610519357
1.14	0.14866963172125838
1.145	0.14831943508370238
1.15	0.14797085375172458
1.155	0.14762387538885027
1.16	0.14727848776234212
1.1649999999999998	0.14693467874310284
1.17	0.14659243630503135
1.1749999999999998	0.14625174852478084
1.18	0.1459126035812671
1.1849999999999998	0.14557498975520441
1.19	0.14523889542859436
1.1949999999999998	0.14490430908424579
1.2	0.14457121930522704
1.2049999999999998	0.14423961477418293
1.21	0.14390948427298395
1.2149999999999999	0.14358081668196787
1.22	0.14325360097928933
1.2249999999999999	0.14292782624052153
1.23	0.1426034816377427
1.2349999999999999	0.14228055643901696
1.24	0.14195904000777876
1.2449999999999999	0.14163892180206283
1.25	0.1413201913738118
1.255	0.14100283836828859
1.26	0.14068685252325425
1.265	0.14037222366839872
1.27	0.1400589417244816
1.275	0.13974699670264437
1.28	0.13943637870383818
1.285	0.13912707791785592
1.2899999999999998	0.13881908462279952
1.295	0.13851238918422362
1.2999999999999998	0.13820698205450338
1.305	0.13790285377197986
1.3099999999999998	0.13759999496033504
1.315	0.1372983963277486
1.3199999999999998	0.13699804866622925
1.325	0.1366989428508863
1.3299999999999998	0.13640106983906394
1.335	0.13610442066981013
1.3399999999999999	0.13580898646294834
1.345	0.1355147584184356
1.3499999999999999	0.13522172781561403
1.355	0.13492988601250913
1.3599999999999999	0.13463922444498955
1.365	0.13434973462617358
1.3699999999999999	0.1340614081456622
1.375	0.13377423666874164
1.38	0.1334882119357897
1.385	0.13320332576146884
1.39	0.1329195700340633
1.395	0.13263693671472354
1.4	0.13235541783683652
1.405	0.1320750055052977
1.41	0.13179569189572987
1.4149999999999998	0.13151746925395952
1.42	0.13124032989517415
1.4249999999999998	0.13096426620334856
1.43	0.1306892706305239
1.4349999999999998	0.13041533569613553
1.44	0.13014245398634555
1.4449999999999998	0.12987061815340986
1.45	0.12959982091498662
1.4549999999999998	0.12933005505349512
1.46	0.1290613134154939
1.4649999999999999	0.12879358891101994
1.47	0.12852687451293449
1.4749999999999999	0.1282611632563339
1.48	0.1279964482379028
1.4849999999999999	0.12773272261528354
1.49	0.1274699796064734
1.4949999999999999	0.12720821248924408
1.5	0.12694741460048617
1.505	0.12668757933565641
1.51	0.12642870014814875
1.515	0.12617077054872666
1.52	0.12591378410494117
1.525	0.12565773444057873
1.53	0.12540261523504617
1.535	0.12514842022281078
1.54	0.12489514319288372
1.545	0.12464277798822083
1.5499999999999998	0.12439131850518972
1.555	0.12414075869303971
1.5599999999999998	0.1238910925533238
1.565	0.12364231413943819
1.5699999999999998	0.12339441755602258
1.575	0.12314739695845597
1.5799999999999998	0.1229012465523567
1.585	0.1226559605930944
1.5899999999999999	0.12241153338519144
1.595	0.12216795928194535
1.5999999999999999	0.12192523268482908
1.605	0.12168334804306065
1.6099999999999999	0.12144229985308065
1.615	0.12120208265811376
1.6199999999999999	0.12096269104765417
1.625	0.12072411965701076
1.63	0.12048636316683634
1.635	0.12024941630265934
1.64	0.12001327383446093
1.645	0.11977793057618523
1.65	0.11954338138532891
1.655	0.11930962116245475
1.66	0.11907664485078194
1.665	0.11884444743575501
1.67	0.11861302394462242
1.6749999999999998	0.11838236944600926
1.68	0.11815247904945883
1.6849999999999998	0.11792334790507474
1.69	0.11769497120309544
1.6949999999999998	0.1174673441734743
1.7	0.1172404620854894
1.7049999999999998	0.11701432024736379
1.71	0.11678891400581212
1.7149999999999999	0.11656423874571528
1.72	0.1163402898897598
1.7249999999999999	0.11611706289797996
1.73	0.11589455326737964
1.7349999999999999	0.11567275653167922
1.74	0.11545166826082402
1.7449999999999999	0.11523128406068608
1.75	0.11501159957266552
1.755	0.11479261047336581
1.76	0.11457431247425061
1.765	0.11435670132128122
1.77	0.11413977279453688
1.775	0.11392352270791553
1.78	0.11370794690883892
1.785	0.11349304127782216
1.79	0.11327880172821314
1.795	0.11306522420584854
1.7999999999999998	0.11285230468875833
1.805	0.11264003918678424
1.8099999999999998	0.11242842374133047
1.815	0.11221745442502344
1.8199999999999998	0.11200712734140945
1.825	0.11179743862463387
1.8299999999999998	0.11158838443917529
1.835	0.11137996097952588
1.8399999999999999	0.1111721644698848
1.845	0.11096499116390644
1.8499999999999999	0.11075843734436408
1.855	0.11055249932290799
1.8599999999999999	0.11034717343976233
1.865	0.11014245606344021
1.8699999999999999	0.10993834359048624
1.875	0.1097348324452067
1.88	0.1095319190793671
1.885	0.10932959997196486
1.89	0.10912787162894384
1.895	0.10892673058294407
1.9	0.10872617339304512
1.905	0.10852619664448258
1.91	0.10832679694845031
1.915	0.10812797094179306
1.92	0.10792971528680834
1.9249999999999998	0.1077320266709679
1.93	0.10753490180668987
1.9349999999999998	0.10733833743111174
1.94	0.10714233030582894
1.9449999999999998	0.10694687721667778
1.95	0.10675197497351123
1.9549999999999998	0.10655762040995115
1.96	0.10636381038317395
1.9649999999999999	0.10617054177369843
1.97	0.10597781148513162
1.9749999999999999	0.10578561644396771
1.98	0.1055939535994128
1.9849999999999999	0.1054028199230875
1.99	0.10521221240888384
1.9949999999999999	0.10502212807272134
2.	0.10483256395237373
2.005	0.10464351710720458
2.01	0.10445498461803243
2.015	0.1042669635868997
2.02	0.10407945113683861
2.025	0.10389244441175492
2.03	0.10370594057616733
2.035	0.10351993681503079
2.04	0.10333443033356043
2.045	0.10314941835704838
2.05	0.10296489813065585
2.0549999999999997	0.10278086691922567
2.06	0.1025973220071366
2.065	0.10241426069807893
2.07	0.10223168031493449
2.0749999999999997	0.10204957819951005
2.08	0.10186795171246564
2.085	0.10168679823306052
2.09	0.10150611515902572
2.0949999999999998	0.10132589990639902
2.1	0.10114614990931409
2.105	0.10096686261989082
2.11	0.10078803550803203
2.1149999999999998	0.10060966606126528
2.12	0.10043175178461655
2.125	0.10025429020040583
2.13	0.10007727884812315
2.135	0.09990071528425158
2.14	0.09972459708212673
2.145	0.09954892183178854
2.15	0.09937368713981944
2.155	0.09919889062919915
2.16	0.09902452993915083
2.165	0.09885060272501682
2.17	0.09867710665809028
2.175	0.09850403942548057
2.18	0.09833139872998378
2.185	0.09815918228992204
2.19	0.09798738783900791
2.195	0.09781601312624308
2.1999999999999997	0.09764505591572623
2.205	0.09747451398655846
2.21	0.09730438513269193
2.215	0.09713466716282586
2.2199999999999998	0.09696535790022971
2.225	0.09679645518265818
2.23	0.09662795686219722
2.235	0.09645986080514365
2.2399999999999998	0.09629216489189146
2.245	0.09612486701680317
2.25	0.09595796508807594
2.255	0.09579145702761693
2.26	0.09562534077096448
2.265	0.0954596142670991
2.27	0.09529427547841397
2.275	0.09512932238051992
2.28	0.09496475296215665
2.285	0.0948005652251079
2.29	0.09463675718403278
2.295	0.09447332686641041
2.3	0.09431027231240578
2.305	0.09414759157473114
2.31	0.09398528271858088
2.315	0.09382334382151178
2.32	0.09366177297333098
2.3249999999999997	0.09350056827597125
2.33	0.09333972784344481
2.335	0.09317924980166195
2.34	0.09301913228840497
2.3449999999999998	0.09285937345316066
2.35	0.0926999714570728
2.355	0.09254092447281545
2.36	0.09238223068448552
2.3649999999999998	0.09222388828754122
2.37	0.09206589548867176
2.375	0.09190825050571887
2.38	0.09175095156756705
2.385	0.09159399691407666
2.39	0.09143738479595866
2.395	0.09128111347471461
2.4	0.09112518122251974
2.405	0.09096958632214318
2.41	0.0908143270668684
2.415	0.09065940176037289
2.42	0.09050480871669413
2.425	0.09035054626008981
2.43	0.09019661272497921
2.435	0.09004300645584631
2.44	0.08988972580717002
2.445	0.08973676914334175
2.4499999999999997	0.08958413483855246
2.455	0.08943182127674412
2.46	0.08927982685151234
2.465	0.08912814996602976
2.4699999999999998	0.08897678903297618
2.475	0.08882574247443455
2.48	0.08867500872183806
2.485	0.08852458621588478
2.4899999999999998	0.0883744734064504
2.495	0.08822466875253107
2.5	0.08807517072215244
2.505	0.08792597779229519
2.51	0.08777708844884667
2.515	0.08762850118648131
2.52	0.08748021450864044
2.525	0.08733222692741535
2.53	0.08718453696350117
2.535	0.08703714314612998
2.54	0.08689004401297479
2.545	0.08674323811010733
2.55	0.08659672399192296
2.555	0.08645050022104915
2.56	0.08630456536833117
2.565	0.08615891801269462
2.57	0.08601355674114741
2.5749999999999997	0.08586848014865617
2.58	0.08572368683813412
2.585	0.08557917542032627
2.59	0.08543494451379503
2.5949999999999998	0.08529099274480453
2.6	0.08514731874730955
2.605	0.08500392116286044
2.61	0.08486079864054526
2.6149999999999998	0.08471794983693495
2.62	0.08457537341603166
2.625	0.08443306804918485
2.63	0.08429103241505571
2.635	0.08414926519954403
2.64	0.08400776509572977
2.645	0.08386653080383265
2.65	0.08372556103112631
2.655	0.08358485449189913
2.66	0.08344440990741343
2.665	0.08330422600580038
2.67	0.08316430152206006
2.675	0.08302463519797539
2.68	0.08288522578206182
2.685	0.08274607202950948
2.69	0.08260717270214404
2.695	0.0824685265683747
2.7	0.08233013240311021
2.705	0.08219198898774477
2.71	0.08205409511008199
2.715	0.08191644956429663
2.7199999999999998	0.08177905115087507
2.725	0.08164189867657334
2.73	0.0815049909543589
2.735	0.08136832680336625
2.7399999999999998	0.08123190504884034
2.745	0.08109572452210378
2.75	0.08095978406048711
2.755	0.08082408250729621
2.76	0.08068861871176264
2.765	0.08055339152899368
2.77	0.08041839981991938
2.775	0.08028364245126159
2.78	0.08014911829546544
2.785	0.08001482623068856
2.79	0.07988076514071833
2.795	0.07974693391493937
2.8	0.07961333144830748
2.8049999999999997	0.07947995664128085
2.81	0.07934680839978503
2.815	0.07921388563517198
2.82	0.07908118726418549
2.825	0.07894871220888773
2.83	0.07881645939665452
2.835	0.07868442776010517
2.84	0.07855261623707929
2.8449999999999998	0.07842102377058072
2.85	0.07828964930874828
2.855	0.07815849180480476
2.86	0.07802755021702289
2.8649999999999998	0.07789682350868811
2.87	0.07776631064804651
2.875	0.07763601060827663
2.88	0.07750592236744906
2.885	0.07737604490848123
2.89	0.07724637721909933
2.895	0.0771169182918132
2.9	0.07698766712385724
2.905	0.07685862271716981
2.91	0.07672978407834835
2.915	0.07660115021860778
2.92	0.07647272015375689
2.925	0.0763444929041519
2.9299999999999997	0.07621646749465429
2.935	0.07608864295461308
2.94	0.07596101831780705
2.945	0.07583359262243257
2.95	0.07570636491104447
2.955	0.07557933423054043
2.96	0.07545249963211415
2.965	0.07532586017122782
2.9699999999999998	0.07519941490756778
2.975	0.07507316290502493
2.98	0.07494710323165096
2.985	0.07482123495962706
2.9899999999999998	0.0746955571652306
2.995	0.07457006892880455
3.	0.07444476933471313
3.005	0.07431965747133337
3.01	0.07419473243099471
3.015	0.07406999330996261
3.02	0.07394543920841003
3.025	0.0738210692303715
3.03	0.07369688248372457
3.035	0.07357287808015076
3.04	0.07344905513510414
3.045	0.07332541276779175
3.05	0.07320195010112578
3.0549999999999997	0.07307866626170864
3.06	0.07295556037979181
3.065	0.07283263158925184
3.07	0.072709879027556
3.075	0.0725873018357371
3.08	0.07246489915836025
3.085	0.07234267014350201
3.09	0.07222061394270425
3.0949999999999998	0.07209872971096319
3.1	0.07197701660669042
3.105	0.07185547379168696
3.11	0.071734100431116
3.115	0.07161289569347454
3.12	0.07149185875056012
3.125	0.07137098877745318
3.13	0.0712502849524808
3.135	0.07112974645719093
3.14	0.07100937247632959
3.145	0.07088916219780735
3.15	0.07076911481267587
3.155	0.07064922951510293
3.16	0.07052950550234294
3.165	0.07040994197470585
3.17	0.07029053813554141
3.175	0.07017129319120624
3.1799999999999997	0.07005220635103665
3.185	0.06993327682732965
3.19	0.06981450383530749
3.195	0.06969588659310147
3.2	0.06957742432171778
3.205	0.06945911624502049
3.21	0.069340961589701
3.215	0.06922295958525472
3.2199999999999998	0.06910510946395433
3.225	0.06898741046083043
3.23	0.06886986181363852
3.235	0.06875246276284354
3.24	0.06863521255158758
3.245	0.06851811042567064
3.25	0.06840115563352597
3.255	0.06828434742619242
3.26	0.06816768505729653
3.265	0.0680511677830229
3.27	0.06793479486209474
3.275	0.06781856555574826
3.28	0.06770247912770982
3.285	0.06758653484417339
3.29	0.06747073197377436
3.295	0.06735506978757332
3.3	0.06723954755902287
3.3049999999999997	0.06712416456395529
3.31	0.06700892008055294
3.315	0.06689381338932752
3.32	0.06677884377309716
3.325	0.06666401051696767
3.33	0.0665493129083033
3.335	0.06643475023671086
3.34	0.06632032179401337
3.3449999999999998	0.06620602687423034
3.35	0.06609186477355533
3.355	0.06597783479033481
3.36	0.06586393622504257
3.365	0.06575016838026419
3.37	0.0656365305606708
3.375	0.0655230220729985
3.38	0.06540964222602817
3.385	0.0652963903305623
3.39	0.06518326569940716
3.395	0.0650702676473461
3.4	0.06495739549112423
3.405	0.06484464854942214
3.41	0.06473202614284065
3.415	0.06461952759387408
3.42	0.06450715222689278
3.425	0.06439489936812268
3.4299999999999997	0.06428276834562183
3.435	0.06417075848926347
3.44	0.06405886913071343
3.445	0.06394709960340626
3.45	0.06383544924253363
3.455	0.06372391738501576
3.46	0.06361250336948272
3.465	0.06350120653625918
3.4699999999999998	0.06339002622733635
3.475	0.06327896178635813
3.48	0.0631680125586007
3.485	0.06305717789094359
3.49	0.06294645713186571
3.495	0.06283584963140938
3.5	0.06272535474117119
3.505	0.06261497181427607
3.51	0.06250470020536188
3.515	0.062394539270555216
3.52	0.06228448836745532
3.525	0.06217454685511182
3.53	0.06206471409400891
3.535	0.06195498944603715
3.54	0.06184537227448746
3.545	0.061735861944018776
3.55	0.06162645782064285
3.5549999999999997	0.06151715927170989
3.56	0.061407965665881824
3.565	0.0612988763731144
3.5700000000000003	0.06118989076464164
3.575	0.061081008212953175
3.58	0.060972228091771746
3.585	0.06086354977604372
3.59	0.06075497264191119
3.5949999999999998	0.060646496066691785
3.5999999999999996	0.060538119428869025
3.605	0.06042984210805919
3.61	0.06032166348500397
3.615	0.06021358294154829
3.62	0.0601055998606129
3.625	0.059997713626190545
3.63	0.0598899236233119
3.635	0.05978222923803048
3.6399999999999997	0.05967462985740642
3.645	0.059567124869491506
3.65	0.05945971366329876
3.6550000000000002	0.05935239562879058
3.66	0.05924517015685168
3.665	0.05913803663928908
3.67	0.05903099446878777
3.675	0.05892404303890586
3.6799999999999997	0.05881718174405216
3.685	0.05871040997947276
3.69	0.05860372714122
3.6950000000000003	0.058497132626140855
3.7	0.05839062583185681
3.705	0.058284206156742374
3.71	0.05817787299990943
3.715	0.05807162576118655
3.7199999999999998	0.05796546384109107
3.7249999999999996	0.057859386640821964
3.73	0.05775339356223981
3.735	0.057647484007831803
3.74	0.05754165738071106
3.745	0.05743591308459083
3.75	0.057330250523754
3.755	0.05722466910305341
3.76	0.05711916822787137
3.7649999999999997	0.05701374730411527
3.77	0.056908405738190004
3.775	0.05680314293698256
3.7800000000000002	0.05669795830783746
3.785	0.05659285125853686
3.79	0.05648782119729509
3.795	0.05638286753271047
3.8	0.05627798967377091
3.8049999999999997	0.056173187029821166
3.81	0.05606845901054302
3.815	0.055963805025944176
3.8200000000000003	0.0558592244863222
3.825	0.05575471680225871
3.83	0.05565028138459246
3.835	0.05554591764439908
3.84	0.055441624992971415
3.8449999999999998	0.055337402841792706
3.8499999999999996	0.05523325060252997
3.855	0.055129167686999485
3.86	0.05502515350714547
3.865	0.05492120747504271
3.87	0.054817329002830865
3.875	0.054713517502742
3.88	0.054609772387046
3.885	0.054506093068036124
3.8899999999999997	0.05440247895802578
3.895	0.05429892946929289
3.9	0.05419544401409497
3.9050000000000002	0.05409202200461985
3.91	0.05398866285297213
3.915	0.05388536597116709
3.92	0.053782130771080336
3.925	0.05367895666443908
3.9299999999999997	0.053575843062813065
3.935	0.05347278937756721
3.94	0.053369795019853325
3.9450000000000003	0.05326685940058816
3.95	0.05316398193042717
3.955	0.053061162019733876
3.96	0.05295839907857672
3.965	0.052855692516689146
3.9699999999999998	0.05275304174344034
3.9749999999999996	0.052650446167833834
3.98	0.052547905198472925
3.985	0.052445418243536275
3.99	0.052342984710732655
3.995	0.05224060400732065
4.	0.052138275540061986
4.005	0.05203599871517579
4.01	0.051933772938345606
4.015	0.05183159761469329
4.02	0.05172947214872377
4.025	0.05162739594433649
4.03	0.05152536840477846
4.035	0.051423388932614736
4.04	0.051321456929720725
4.045	0.05121957179725282
4.05	0.051117732935597834
4.055	0.051015939744384016
4.0600000000000005	0.05091419162242812
4.0649999999999995	0.05081248796770647
4.07	0.05071082817735473
4.075	0.05060921164761317
4.08	0.05050763777381308
4.085	0.050406105950343616
4.09	0.05030461557062767
4.095	0.05020316602708905
4.1	0.05010175671113599
4.105	0.05000038701311532
4.109999999999999	0.04989905632228922
4.115	0.049797764026813594
4.12	0.04969650951370336
4.125	0.049595292168812435
4.13	0.049494111376773224
4.135	0.04939296652100247
4.14	0.04929185698366484
4.145	0.049190782145604656
4.15	0.04908974138637831
4.155	0.04898873408416366
4.16	0.048887759615761625
4.165	0.048786817356553214
4.17	0.04868590668046922
4.175	0.04858502695996501
4.18	0.04848417756597381
4.1850000000000005	0.04838335786788269
4.1899999999999995	0.04828256723348795
4.195	0.04818180502898905
4.2	0.04808107061891643
4.205	0.047980363366119
4.21	0.04787968263173329
4.215	0.047779027775144915
4.22	0.04767839815391324
4.225	0.04757779312382451
4.23	0.04747721203875856
4.234999999999999	0.047376654250699375
4.24	0.047276119109725984
4.245	0.047175605963892954
4.25	0.04707511415927868
4.255	0.046974643039892836
4.26	0.04687419194764807
4.265	0.04677376022233877
4.27	0.04667334720157513
4.275	0.04657295222077594
4.28	0.04647257461308151
4.285	0.046372213709345765
4.29	0.046271868838100305
4.295	0.04617153932548477
4.3	0.04607122449522427
4.305	0.04597092366857086
4.3100000000000005	0.04587063616427432
4.3149999999999995	0.0457703612985256
4.32	0.04567009838494217
4.325	0.04556984673445735
4.33	0.045469605655339945
4.335	0.04536937445312016
4.34	0.04526915243053636
4.345	0.0451689388875018
4.35	0.04506873312104442
4.355	0.04496853442526597
4.359999999999999	0.04486834209128908
4.365	0.04476815540720002
4.37	0.04466797365800198
4.375	0.044567796125593945
4.38	0.04446762208864578
4.385	0.04436745082260515
4.39	0.044267281599643694
4.395	0.04416711368856688
4.4	0.044066946354783705
4.405	0.04396677886024303
4.41	0.04386661046336882
4.415	0.04376644041902552
4.42	0.04366626797843747
4.425	0.043566092389134704
4.43	0.043465912894897325
4.4350000000000005	0.04336572873569762
4.4399999999999995	0.043265539147621615
4.445	0.04316534336282473
4.45	0.043065140609464585
4.455	0.0429649301116062
4.46	0.042864711089215884
4.465	0.042764482758044314
4.47	0.0426642443295649
4.475	0.04256399501094492
4.48	0.042463734004914884
4.484999999999999	0.042363460509744884
4.49	0.04226317371915144
4.495	0.04216287282223545
4.5	0.04206255700341644
4.505	0.041962225442306086
4.51	0.04186187731370454
4.515	0.04176151178746997
4.52	0.041661128028471724
4.525	0.041560725196481976
4.53	0.04146030244613127
4.535	0.04135985892676828
4.54	0.04125939378244754
4.545	0.04115890615179089
4.55	0.041058395167913604
4.555	0.04095785995835757
4.5600000000000005	0.04085729964498065
4.5649999999999995	0.040756713343854244
4.57	0.04065610016521438
4.575	0.04055545921332128
4.58	0.04045478958639096
4.585	0.04035409037649012
4.59	0.04025336066943766
4.595000000000001	0.04015259954470119
4.6	0.04005180607531148
4.605	0.03995097932773248
4.609999999999999	0.039850118361782184
4.615	0.039749222230504165
4.62	0.039648289980055394
4.625	0.039547320649632345
4.63	0.0394463132713162
4.635	0.03934526686997663
4.640000000000001	0.039244180463148585
4.645	0.03914305306091744
4.65	0.0390418836657973
4.654999999999999	0.03894067127261466
4.66	0.038839414868370094
4.665	0.038738113432108555
4.67	0.03863676593480131
4.675	0.03853537133920248
4.68	0.03843392859973434
4.6850000000000005	0.03833243666232383
4.6899999999999995	0.03823089446425766
4.695	0.03812930093409145
4.7	0.03802765499144393
4.705	0.03792595554686371
4.71	0.037824201501716975
4.715	0.03772239174798435
4.720000000000001	0.037620525168120665
4.725	0.037518600634919644
4.73	0.03741661701130357
4.734999999999999	0.03731457315019522
4.74	0.03721246789434701
4.745	0.03711030007615121
4.75	0.03700806851746422
4.755	0.036905772029449044
4.76	0.0368034094123532
4.765000000000001	0.03670097945538327
4.77	0.03659848093643734
4.775	0.03649591262198237
4.779999999999999	0.036393273266810196
4.785	0.03629056161384341
4.79	0.03618777639396736
4.795	0.0360849163257364
4.8	0.03598198011526059
4.805	0.03587896645589803
4.8100000000000005	0.0357758740280971
4.8149999999999995	0.035672701499119865
4.82	0.035569447522833864
4.825	0.035466110739475476
4.83	0.03536268977538005
4.835	0.03525918324276839
4.84	0.035155589739477584
4.845000000000001	0.03505190784867932
4.85	0.03494813613867059
4.855	0.034844273162517064
4.859999999999999	0.034740317457861075
4.865	0.034636267546597425
4.87	0.03453212193457824
4.875	0.0344278791113524
4.88	0.034323537549801775
4.885	0.03421909570588295
4.890000000000001	0.03411455201833096
4.895	0.03400990490823832
4.9	0.033905152778828065
4.904999999999999	0.03380029401507277
4.91	0.033695326983316884
4.915	0.033590250030988
4.92	0.03348506148618877
4.925	0.03337975965730777
4.93	0.03327434283270451
4.9350000000000005	0.03316880928026687
4.9399999999999995	0.03306315724701293
4.945	0.03295738495872294
4.95	0.0328514906194744
4.955	0.032745472411228556
4.96	0.03263932849342035
4.965	0.032533057002462916
4.970000000000001	0.03242665605130821
4.975	0.03232012372899296
4.98	0.03221345810011289
4.984999999999999	0.03210665720434009
4.99	0.03199971905596996
4.995	0.0318926416432842
5.	0.03178542292813893
5.005	0.03167806084532401
5.01	0.0315705533020219
5.015000000000001	0.031462898177292045
5.02	0.03135509332136607
5.025	0.031247136555129642
5.029999999999999	0.03113902566945287
5.035	0.031030758424564885
5.04	0.03092233254937901
5.045	0.030813745740838592
5.05	0.030704995663186352
5.055	0.030596079947297405
5.0600000000000005	0.03048699618989112
5.0649999999999995	0.030377741952801362
5.07	0.030268314762226113
5.075	0.030158712107882762
5.08	0.030048931442192065
5.085	0.029938970179489544
5.09	0.029828825695087054
5.095000000000001	0.02971849532441525
5.1	0.02960797636211192
5.105	0.029497266061044185
5.109999999999999	0.02938636163135969
5.115	0.02927526023948827
5.12	0.02916395900707397
5.125	0.029052455009959843
5.13	0.028940745277059348
5.135	0.02882882678921633
5.14	0.02871669647810209
5.145	0.02860435122493739
5.15	0.028491787859318784
5.155	0.02837900315789477
5.16	0.028265993843086513
5.165	0.028152756581719215
5.17	0.028039287983612594
5.175	0.027925584600144514
5.18	0.02781164292277068
5.185	0.02769745938144548
5.19	0.027583030343070174
5.195	0.027468352109836676
5.2	0.027353420917522533
5.205	0.02723823293372567
5.21	0.02712278425608218
5.215	0.027007070910356416
5.22	0.02689108884851466
5.225	0.026774833946713955
5.23	0.02665830200321962
5.235	0.026541488736255864
5.24	0.02642438978178555
5.245	0.0263070006911839
5.25	0.026189316928871945
5.255	0.026071333869811298
5.26	0.025953046796954364
5.265	0.025834450898588792
5.27	0.0257155412655541
5.275	0.025596312888390368
5.28	0.025476760654366677
5.285	0.025356879344385085
5.29	0.02523666362978209
5.295	0.02511610806899722
5.3	0.024995207104106888
5.305	0.024873955057242433
5.31	0.024752346126847503
5.315	0.02463037438376983
5.32	0.024508033767245006
5.325	0.024385318080656408
5.33	0.024262220987170527
5.335	0.02413873600514985
5.34	0.024014856503426205
5.345	0.023890575696284083
5.35	0.02376588663834055
5.355	0.023640782219130622
5.36	0.0235152551574422
5.365	0.023389297995493327
5.37	0.023262903092738135
5.375	0.023136062619477166
5.38	0.023008768550138486
5.385	0.022881012656255372
5.39	0.022752786499149823
5.395	0.022624081422204345
5.4	0.022494888542862815
5.405	0.022365198744148898
5.41	0.022235002665871653
5.415	0.022104290695319443
5.42	0.02197305295755286
5.425	0.0218412793051879
5.43	0.021708959307654815
5.435	0.021576082239948443
5.44	0.02144263707074672
5.445	0.021308612449956788
5.45	0.021173996695566487
5.455	0.021038777779819377
5.46	0.02090294331463315
5.465	0.02076648053622169
5.47	0.020629376288859306
5.475	0.020491617007756677
5.48	0.020353188700934603
5.485	0.020214076930080035
5.49	0.020074266790283343
5.495	0.019933742888572595
5.5	0.019792489321174767
5.505	0.01965048964939817
5.51	0.019507726874032964
5.515	0.019364183408160707
5.52	0.01921984104825661
5.525	0.019074680943426448
5.53	0.0189286835626717
5.535	0.018781828659979197
5.54	0.018634095237093178
5.545	0.018485461503755046
5.55	0.01833590483521815
5.555	0.01818540172678176
5.56	0.01803392774510498
5.565	0.01788145747601173
5.57	0.01772796446846984
5.575	0.01757342117439171
5.58	0.01741779888389134
5.585	0.017261067655529042
5.59	0.01710319624113594
5.595	0.016944152004587383
5.6	0.016783900834024264
5.605	0.016622407046820813
5.61	0.01645963328651691
5.615	0.01629554041094738
5.62	0.016130087370571162
5.625	0.015963231075937
5.63	0.01579492625313737
5.635	0.01562512528579321
5.64	0.015453778042070009
5.645	0.015280831684996924
5.65	0.015106230463944883
5.655	0.014929915485072144
5.66	0.014751824457965391
5.665	0.01457189141552007
5.67	0.014390046403346879
5.675	0.014206215134780528
5.68	0.01402031860647282
5.6850000000000005	0.013832272669160704
5.69	0.013641987546881095
5.695	0.013449367296926064
5.7	0.01325430920140012
5.705	0.013056703079460509
5.71	0.01285643050714694
5.715	0.012653363929331073
5.72	0.012447365644885893
5.725	0.012238286642220885
5.73	0.012025965257336776
5.735	0.011810225620304992
5.74	0.01159087584766683
5.745	0.011367705928377797
5.75	0.011140485237076524
5.755	0.010908959591430309
5.76	0.01067284774659779
5.765	0.01043183718995072
5.77	0.010185579057097152
5.775	0.009933681933954223
5.78	0.009675704231539602
5.785	0.009411144709672989
5.79	0.009139430569637709
5.795	0.008859902306743966
5.8	0.008571794176423595
5.805	0.008274208613452225
5.8100000000000005	0.007966082147209515
5.815	0.0076461390801384355
5.82	0.007312827090822354
5.825	0.006964225315518951
5.83	0.00659790900579452
5.835	0.006210742709465604
5.84	0.00579854960448315
5.845	0.0053555521533265905
5.85	0.00487335482061
5.855	0.004338905479906954
5.86	0.003729806674727247
5.865	0.0030009393158686175
5.87	0.0020269721369689654
5.875	0.
5.88	0.
5.885	0.
5.89	0.
5.895	0.
5.9	0.
5.905	0.
5.91	0.
5.915	0.
5.92	0.
5.925	0.
5.93	0.
5.9350000000000005	0.
5.94	0.
5.945	0.
5.95	0.
5.955	0.
5.96	0.
5.965	0.
5.97	0.
5.975	0.
5.98	0.
5.985	0.
5.99	0.
5.995	0.
6.	0.
6.005	0.
6.01	0.
6.015	0.
6.02	0.
6.025	0.
6.03	0.
6.035	0.
6.04	0.
6.045	0.
6.05	0.
6.055	0.
6.0600000000000005	0.
6.065	0.
6.07	0.
6.075	0.
6.08	0.
6.085	0.
6.09	0.
6.095	0.
6.1	0.
6.105	0.
6.11	0.
6.115	0.
6.12	0.
6.125	0.
6.13	0.
6.135	0.
6.140000000000001	0.
6.145	0.
6.15	0.
6.155	0.
6.16	0.
6.165	0.
6.17	0.
6.175	0.
6.18	0.
6.1850000000000005	0.
6.1899999999999995	0.
6.195	0.
6.2	0.
6.205	0.
6.21	0.
6.215	0.
6.22	0.
6.225	0.
6.23	0.
6.235	0.
6.24	0.
6.245	0.
6.25	0.
6.255	0.
6.26	0.
6.265000000000001	0.
6.27	0.
6.275	0.
6.28	0.
6.285	0.
6.29	0.
6.295	0.
6.3	0.
6.305	0.
6.3100000000000005	0.
6.3149999999999995	0.
6.32	0.
6.325	0.
6.33	0.
6.335	0.
6.34	0.
6.345	0.
6.35	0.
6.355	0.
6.36	0.
6.365	0.
6.37	0.
6.375	0.
6.38	0.
6.385	0.
6.390000000000001	0.
6.395	0.
6.4	0.
6.405	0.
6.41	0.
6.415	0.
6.42	0.
6.425	0.
6.43	0.
6.4350000000000005	0.
6.4399999999999995	0.
6.445	0.
6.45	0.
6.455	0.
6.46	0.
6.465	0.
6.47	0.
6.475	0.
6.48	0.
6.485	0.
6.49	0.
6.495	0.
6.5	0.
6.505	0.
6.51	0.
6.515000000000001	0.
6.52	0.
6.525	0.
6.53	0.
6.535	0.
6.54	0.
6.545	0.
6.55	0.
6.555	0.
6.5600000000000005	0.
6.5649999999999995	0.
6.57	0.
6.575	0.
6.58	0.
6.585	0.
6.59	0.
6.595	0.
6.6	0.
6.605	0.
6.61	0.
6.615	0.
6.62	0.
6.625	0.
6.63	0.
6.635	0.
6.640000000000001	0.
6.645	0.
6.65	0.
6.655	0.
6.66	0.
6.665	0.
6.67	0.
6.675	0.
6.68	0.
6.6850000000000005	0.
6.6899999999999995	0.
6.695	0.
6.7	0.
6.705	0.
6.71	0.
6.715	0.
6.72	0.
6.725	0.
6.73	0.
6.735	0.
6.74	0.
6.745	0.
6.75	0.
6.755	0.
6.76	0.
6.765000000000001	0.
6.77	0.
6.775	0.
6.78	0.
6.785	0.
6.79	0.
6.795	0.
6.8	0.
6.805	0.
6.8100000000000005	0.
6.8149999999999995	0.
6.82	0.
6.825	0.
6.83	0.
6.835	0.
6.84	0.
6.845	0.
6.85	0.
6.855	0.
6.86	0.
6.865	0.
6.87	0.
6.875	0.
6.88	0.
6.885	0.
6.890000000000001	0.
6.895	0.
6.9	0.
6.905	0.
6.91	0.
6.915	0.
6.92	0.
6.925	0.
6.93	0.
6.9350000000000005	0.
6.9399999999999995	0.
6.945	0.
6.95	0.
6.955	0.
6.96	0.
6.965	0.
6.97	0.
6.975	0.
6.98	0.
6.985	0.
6.99	0.
6.995	0.
7.	0.
7.005	0.
7.01	0.
7.015000000000001	0.
7.02	0.
7.025	0.
7.03	0.
7.035	0.
7.04	0.
7.045	0.
7.05	0.
7.055	0.
7.0600000000000005	0.
7.0649999999999995	0.
7.07	0.
7.075	0.
7.08	0.
7.085	0.
7.09	0.
7.095	0.
7.1	0.
7.105	0.
7.11	0.
7.115	0.
7.12	0.
7.125	0.
7.13	0.
7.135	0.
7.140000000000001	0.
7.145	0.
7.15	0.
7.155	0.
7.16	0.
7.165	0.
7.17	0.
7.175	0.
7.18	0.
7.1850000000000005	0.
7.1899999999999995	0.
7.195	0.
7.2	0.
7.205	0.
7.21	0.
7.215	0.
7.220000000000001	0.
7.225	0.
7.23	0.
7.234999999999999	0.
7.24	0.
7.245	0.
7.25	0.
7.255	0.
7.26	0.
7.265000000000001	0.
7.27	0.
7.275	0.
7.28	0.
7.285	0.
7.29	0.
7.295	0.
7.300000000000001	0.
7.305	0.
7.3100000000000005	0.
7.3149999999999995	0.
7.32	0.
7.325	0.
7.33	0.
7.335	0.
7.34	0.
7.345000000000001	0.
7.35	0.
7.355	0.
7.359999999999999	0.
7.365	0.
7.37	0.
7.375	0.
7.38	0.
7.385	0.
7.390000000000001	0.
7.395	0.
7.4	0.
7.405	0.
7.41	0.
7.415	0.
7.42	0.
7.425000000000001	0.
7.43	0.
7.4350000000000005	0.
7.4399999999999995	0.
7.445	0.
7.45	0.
7.455	0.
7.46	0.
7.465	0.
7.470000000000001	0.
7.475	0.
7.48	0.
7.484999999999999	0.
7.49	0.
7.495	0.
7.5	0.
7.505	0.
7.51	0.
7.515000000000001	0.
7.52	0.
7.525	0.
7.53	0.
7.535	0.
7.54	0.
7.545	0.
7.550000000000001	0.
7.555	0.
7.5600000000000005	0.
7.5649999999999995	0.
7.57	0.
7.575	0.
7.58	0.
7.585	0.
7.59	0.
7.595000000000001	0.
7.6	0.
7.605	0.
7.609999999999999	0.
7.615	0.
7.62	0.
7.625	0.
7.63	0.
7.635	0.
7.640000000000001	0.
7.645	0.
7.65	0.
7.655	0.
7.66	0.
7.665	0.
7.67	0.
7.675000000000001	0.
7.68	0.
7.685	0.
7.6899999999999995	0.
7.694999999999999	0.
7.699999999999999	0.
7.704999999999999	0.
7.71	0.
7.715	0.
7.72	0.
7.725	0.
7.7299999999999995	0.
7.734999999999999	0.
7.739999999999999	0.
7.744999999999999	0.
7.75	0.
7.755	0.
7.76	0.
7.765	0.
7.77	0.
7.7749999999999995	0.
7.779999999999999	0.
7.784999999999999	0.
7.79	0.
7.795	0.
7.8	0.
7.805	0.
7.81	0.
7.8149999999999995	0.
7.819999999999999	0.
7.824999999999999	0.
7.829999999999999	0.
7.835	0.
7.84	0.
7.845	0.
7.85	0.
7.8549999999999995	0.
7.859999999999999	0.
7.864999999999999	0.
7.869999999999999	0.
7.875	0.
7.88	0.
7.885	0.
7.89	0.
7.895	0.
7.8999999999999995	0.
7.904999999999999	0.
7.909999999999999	0.
7.915	0.
7.92	0.
7.925	0.
7.93	0.
7.935	0.
7.9399999999999995	0.
7.944999999999999	0.
7.949999999999999	0.
7.955	0.
7.96	0.
7.965	0.
7.97	0.
7.975	0.
7.9799999999999995	0.
7.984999999999999	0.
7.989999999999999	0.
7.994999999999999	0.
8.	0.
8.004999999999999	0.
8.01	0.
8.014999999999999	0.
8.02	0.
8.025	0.
8.03	0.
8.035	0.
8.04	0.
8.045	0.
8.049999999999999	0.
8.055	0.
8.059999999999999	0.
8.065	0.
8.07	0.
8.075	0.
8.08	0.
8.084999999999999	0.
8.09	0.
8.094999999999999	0.
8.1	0.
8.105	0.
8.11	0.
8.115	0.
8.12	0.
8.125	0.
8.129999999999999	0.
8.135	0.
8.139999999999999	0.
8.145	0.
8.15	0.
8.155	0.
8.16	0.
8.165	0.
8.17	0.
8.174999999999999	0.
8.18	0.
8.184999999999999	0.
8.19	0.
8.195	0.
8.2	0.
8.205	0.
8.209999999999999	0.
8.215	0.
8.219999999999999	0.
8.225	0.
8.23	0.
8.235	0.
8.24	0.
8.245	0.
8.25	0.
8.254999999999999	0.
8.26	0.
8.264999999999999	0.
8.27	0.
8.275	0.
8.28	0.
8.285	0.
8.29	0.
8.295	0.
8.299999999999999	0.
8.305	0.
8.309999999999999	0.
8.315	0.
8.32	0.
8.325	0.
8.33	0.
8.334999999999999	0.
8.34	0.
8.344999999999999	0.
8.35	0.
8.355	0.
8.36	0.
8.365	0.
8.37	0.
8.375	0.
8.379999999999999	0.
8.385	0.
8.389999999999999	0.
8.395	0.
8.4	0.
8.405	0.
8.41	0.
8.415	0.
8.42	0.
8.424999999999999	0.
8.43	0.
8.434999999999999	0.
8.44	0.
8.445	0.
8.45	0.
8.455	0.
8.459999999999999	0.
8.465	0.
8.469999999999999	0.
8.475	0.
8.48	0.
8.485	0.
8.49	0.
8.495	0.
8.5	0.
8.504999999999999	0.
8.51	0.
8.515	0.
8.52	0.
8.525	0.
8.53	0.
8.535	0.
8.54	0.
8.545	0.
8.549999999999999	0.
8.555	0.
8.559999999999999	0.
8.565	0.
8.57	0.
8.575	0.
8.58	0.
8.584999999999999	0.
8.59	0.
8.594999999999999	0.
8.6	0.
8.605	0.
8.61	0.
8.615	0.
8.62	0.
8.625	0.
8.629999999999999	0.
8.635	0.
8.64	0.
8.645	0.
8.65	0.
8.655	0.
8.66	0.
8.665	0.
8.67	0.
8.674999999999999	0.
8.68	0.
8.684999999999999	0.
8.69	0.
8.695	0.
8.7	0.
8.705	0.
8.709999999999999	0.
8.715	0.
8.719999999999999	0.
8.725	0.
8.73	0.
8.735	0.
8.74	0.
8.745	0.
8.75	0.
8.754999999999999	0.
8.76	0.
8.765	0.
8.77	0.
8.775	0.
8.78	0.
8.785	0.
8.79	0.
8.795	0.
8.799999999999999	0.
8.805	0.
8.809999999999999	0.
8.815	0.
8.82	0.
8.825	0.
8.83	0.
8.834999999999999	0.
8.84	0.
8.844999999999999	0.
8.85	0.
8.855	0.
8.86	0.
8.865	0.
8.87	0.
8.875	0.
8.879999999999999	0.
8.885	0.
8.89	0.
8.895	0.
8.9	0.
8.905	0.
8.91	0.
8.915	0.
8.92	0.
8.924999999999999	0.
8.93	0.
8.934999999999999	0.
8.94	0.
8.945	0.
8.95	0.
8.955	0.
8.959999999999999	0.
8.965	0.
8.969999999999999	0.
8.975	0.
8.98	0.
8.985	0.
8.99	0.
8.995	0.
9.	0.
9.004999999999999	0.
9.01	0.
9.015	0.
9.02	0.
9.025	0.
9.03	0.
9.035	0.
9.04	0.
9.045	0.
9.049999999999999	0.
9.055	0.
9.059999999999999	0.
9.065	0.
9.07	0.
9.075	0.
9.08	0.
9.084999999999999	0.
9.09	0.
9.094999999999999	0.
9.1	0.
9.105	0.
9.11	0.
9.115	0.
9.12	0.
9.125	0.
9.129999999999999	0.
9.135	0.
9.14	0.
9.145	0.
9.15	0.
9.155	0.
9.16	0.
9.165	0.
9.17	0.
9.174999999999999	0.
9.18	0.
9.184999999999999	0.
9.19	0.
9.195	0.
9.2	0.
9.205	0.
9.209999999999999	0.
9.215	0.
9.219999999999999	0.
9.225	0.
9.23	0.
9.235	0.
9.24	0.
9.245	0.
9.25	0.
9.254999999999999	0.
9.26	0.
9.265	0.
9.27	0.
9.275	0.
9.28	0.
9.285	0.
9.29	0.
9.295	0.
9.299999999999999	0.
9.305	0.
9.309999999999999	0.
9.315	0.
9.32	0.
9.325	0.
9.33	0.
9.334999999999999	0.
9.34	0.
9.344999999999999	0.
9.35	0.
9.355	0.
9.36	0.
9.365	0.
9.37	0.
9.375	0.
9.379999999999999	0.
9.385	0.
9.39	0.
9.395	0.
9.4	0.
9.405	0.
9.41	0.
9.415	0.
9.42	0.
9.424999999999999	0.
9.43	0.
9.434999999999999	0.
9.44	0.
9.445	0.
9.45	0.
9.455	0.
9.459999999999999	0.
9.465	0.
9.469999999999999	0.
9.475	0.
9.48	0.
9.485	0.
9.49	0.
9.495	0.
9.5	0.
9.504999999999999	0.
9.51	0.
9.515	0.
9.52	0.
9.525	0.
9.53	0.
9.535	0.
9.54	0.
9.545	0.
9.549999999999999	0.
9.555	0.
9.559999999999999	0.
9.565	0.
9.57	0.
9.575	0.
9.58	0.
9.584999999999999	0.
9.59	0.
9.594999999999999	0.
9.6	0.
9.605	0.
9.61	0.
9.615	0.
9.62	0.
9.625	0.
9.629999999999999	0.
9.635	0.
9.64	0.
9.645	0.
9.65	0.
9.655	0.
9.66	0.
9.665	0.
9.67	0.
9.674999999999999	0.
9.68	0.
9.684999999999999	0.
9.69	0.
9.695	0.
9.7	0.
9.705	0.
9.709999999999999	0.
9.715	0.
9.719999999999999	0.
9.725	0.
9.73	0.
9.735	0.
9.74	0.
9.745	0.
9.75	0.
9.754999999999999	0.
9.76	0.
9.765	0.
9.77	0.
9.774999999999999	0.
9.78	0.
9.785	0.
9.79	0.
9.795	0.
9.8	0.
9.805	0.
9.809999999999999	0.
9.815	0.
9.82	0.
9.825	0.
9.83	0.
9.834999999999999	0.
9.84	0.
9.844999999999999	0.
9.85	0.
9.855	0.
9.86	0.
9.865	0.
9.87	0.
9.875	0.
9.879999999999999	0.
9.885	0.
9.89	0.
9.895	0.
9.899999999999999	0.
9.905	0.
9.91	0.
9.915	0.
9.92	0.
9.925	0.
9.93	0.
9.934999999999999	0.
9.94	0.
9.945	0.
9.95	0.
9.955	0.
9.959999999999999	0.
9.965	0.
9.969999999999999	0.
9.975	0.
9.98	0.
9.985	0.
9.99	0.
9.995	0.
10.	0.
10.004999999999999	0.
10.01	0.
10.015	0.
10.02	0.
10.024999999999999	0.
10.03	0.
10.035	0.
10.04	0.
10.045	0.
10.05	0.
10.055	0.
10.059999999999999	0.
10.065	0.
10.07	0.
10.075	0.
10.08	0.
10.084999999999999	0.
10.09	0.
10.094999999999999	0.
10.1	0.
10.105	0.
10.11	0.
10.115	0.
10.12	0.
10.125	0.
10.129999999999999	0.
10.135	0.
10.14	0.
10.145	0.
10.149999999999999	0.
10.155	0.
10.16	0.
10.165	0.
10.17	0.
10.175	0.
10.18	0.
10.184999999999999	0.
10.19	0.
10.195	0.
10.2	0.
10.205	0.
10.209999999999999	0.
10.215	0.
10.219999999999999	0.
10.225	0.
10.23	0.
10.235	0.
10.24	0.
10.245000000000001	0.
10.250000000000002	0.
10.255	0.
10.260000000000002	0.
10.265	0.
10.270000000000001	0.
10.275	0.
10.280000000000001	0.
10.285	0.
10.290000000000001	0.
10.295000000000002	0.
10.3	0.
10.305000000000001	0.
10.31	0.
10.315000000000001	0.
10.32	0.
10.325000000000001	0.
10.330000000000002	0.
10.335	0.
10.340000000000002	0.
10.345	0.
10.350000000000001	0.
10.355	0.
10.360000000000001	0.
10.365	0.
10.370000000000001	0.
10.375000000000002	0.
10.38	0.
10.385000000000002	0.
10.39	0.
10.395000000000001	0.
10.4	0.
10.405000000000001	0.
10.41	0.
10.415000000000001	0.
10.420000000000002	0.
10.425	0.
10.430000000000001	0.
10.435	0.
10.440000000000001	0.
10.445	0.
10.450000000000001	0.
10.455000000000002	0.
10.46	0.
10.465000000000002	0.
10.47	0.
10.475000000000001	0.
10.48	0.
10.485000000000001	0.
10.49	0.
10.495000000000001	0.
10.500000000000002	0.
10.505	0.
10.510000000000002	0.
10.515	0.
10.520000000000001	0.
10.525	0.
10.530000000000001	0.
10.535	0.
10.540000000000001	0.
10.545000000000002	0.
10.55	0.
10.555000000000001	0.
10.56	0.
10.565000000000001	0.
10.57	0.
10.575000000000001	0.
10.580000000000002	0.
10.585	0.
10.590000000000002	0.
10.595	0.
10.600000000000001	0.
10.605	0.
10.610000000000001	0.
10.615	0.
10.620000000000001	0.
10.625000000000002	0.
10.63	0.
10.635000000000002	0.
10.64	0.
10.645000000000001	0.
10.65	0.
10.655000000000001	0.
10.66	0.
10.665000000000001	0.
10.670000000000002	0.
10.675	0.
10.680000000000001	0.
10.685	0.
10.690000000000001	0.
10.695	0.
10.700000000000001	0.
10.705000000000002	0.
10.71	0.
10.715000000000002	0.
10.72	0.
10.725000000000001	0.
10.73	0.
10.735000000000001	0.
10.74	0.
10.745000000000001	0.
10.750000000000002	0.
10.755	0.
10.760000000000002	0.
10.765	0.
10.770000000000001	0.
10.775	0.
10.780000000000001	0.
10.785	0.
10.790000000000001	0.
10.795000000000002	0.
10.8	0.
10.805000000000001	0.
10.81	0.
10.815000000000001	0.
10.82	0.
10.825000000000001	0.
10.830000000000002	0.
10.835	0.
10.840000000000002	0.
10.845	0.
10.850000000000001	0.
10.855	0.
10.860000000000001	0.
10.865	0.
10.870000000000001	0.
10.875000000000002	0.
10.88	0.
10.885000000000002	0.
10.89	0.
10.895000000000001	0.
10.9	0.
10.905000000000001	0.
10.91	0.
10.915000000000001	0.
10.920000000000002	0.
10.925	0.
10.930000000000001	0.
10.935	0.
10.940000000000001	0.
10.945	0.
10.950000000000001	0.
10.955000000000002	0.
10.96	0.
10.965000000000002	0.
10.97	0.
10.975000000000001	0.
10.98	0.
10.985000000000001	0.
10.99	0.
10.995000000000001	0.
11.000000000000002	0.
11.005	0.
11.010000000000002	0.
11.015	0.
11.020000000000001	0.
11.025	0.
11.030000000000001	0.
11.035	0.
11.040000000000001	0.
11.045000000000002	0.
11.05	0.
11.055000000000001	0.
11.06	0.
11.065000000000001	0.
11.07	0.
11.075000000000001	0.
11.080000000000002	0.
11.085	0.
11.090000000000002	0.
11.095	0.
11.100000000000001	0.
11.105	0.
11.110000000000001	0.
11.115	0.
11.120000000000001	0.
11.125000000000002	0.
11.13	0.
11.135000000000002	0.
11.14	0.
11.145000000000001	0.
11.15	0.
11.155000000000001	0.
11.16	0.
11.165000000000001	0.
11.170000000000002	0.
11.175	0.
11.180000000000001	0.
11.185	0.
11.190000000000001	0.
11.195	0.
11.200000000000001	0.
11.205000000000002	0.
11.21	0.
11.215000000000002	0.
11.22	0.
11.225000000000001	0.
11.23	0.
11.235000000000001	0.
11.24	0.
11.245000000000001	0.
11.250000000000002	0.
11.255	0.
11.260000000000002	0.
11.265	0.
11.270000000000001	0.
11.275	0.
11.280000000000001	0.
11.285	0.
11.290000000000001	0.
11.295000000000002	0.
11.3	0.
11.305000000000001	0.
11.31	0.
11.315000000000001	0.
11.32	0.
11.325000000000001	0.
11.330000000000002	0.
11.335	0.
11.340000000000002	0.
11.345	0.
11.350000000000001	0.
11.355	0.
11.360000000000001	0.
11.365000000000002	0.
11.370000000000001	0.
11.375000000000002	0.
11.38	0.
11.385000000000002	0.
11.39	0.
11.395000000000001	0.
11.4	0.
11.405000000000001	0.
11.41	0.
11.415000000000001	0.
11.420000000000002	0.
11.425	0.
11.430000000000001	0.
11.435	0.
11.440000000000001	0.
11.445	0.
11.450000000000001	0.
11.455000000000002	0.
11.46	0.
11.465000000000002	0.
11.47	0.
11.475000000000001	0.
11.48	0.
11.485000000000001	0.
11.490000000000002	0.
11.495000000000001	0.
11.500000000000002	0.
11.505	0.
11.510000000000002	0.
11.515	0.
11.520000000000001	0.
11.525	0.
11.530000000000001	0.
11.535	0.
11.540000000000001	0.
11.545000000000002	0.
11.55	0.
11.555000000000001	0.
11.56	0.
11.565000000000001	0.
11.57	0.
11.575000000000001	0.
11.580000000000002	0.
11.585	0.
11.590000000000002	0.
11.595	0.
11.600000000000001	0.
11.605	0.
11.610000000000001	0.
11.615000000000002	0.
11.620000000000001	0.
11.625000000000002	0.
11.63	0.
11.635000000000002	0.
11.64	0.
11.645000000000001	0.
11.65	0.
11.655000000000001	0.
11.66	0.
11.665000000000001	0.
11.670000000000002	0.
11.675	0.
11.680000000000001	0.
11.685	0.
11.690000000000001	0.
11.695	0.
11.700000000000001	0.
11.705000000000002	0.
11.71	0.
11.715000000000002	0.
11.72	0.
11.725000000000001	0.
11.73	0.
11.735000000000001	0.
11.740000000000002	0.
11.745000000000001	0.
11.750000000000002	0.
11.755	0.
11.760000000000002	0.
11.765	0.
11.770000000000001	0.
11.775	0.
11.780000000000001	0.
11.785	0.
11.790000000000001	0.
11.795000000000002	0.
11.8	0.
11.805000000000001	0.
11.81	0.
11.815000000000001	0.
11.82	0.
11.825000000000001	0.
11.830000000000002	0.
11.835	0.
11.840000000000002	0.
11.845	0.
11.850000000000001	0.
11.855	0.
11.860000000000001	0.
11.865000000000002	0.
11.870000000000001	0.
11.875000000000002	0.
11.88	0.
11.885000000000002	0.
11.89	0.
11.895000000000001	0.
11.9	0.
11.905000000000001	0.
11.91	0.
11.915000000000001	0.
11.920000000000002	0.
11.925	0.
11.930000000000001	0.
11.935	0.
11.940000000000001	0.
11.945	0.
11.950000000000001	0.
11.955000000000002	0.
11.96	0.
11.965000000000002	0.
11.97	0.
11.975000000000001	0.
11.98	0.
11.985000000000001	0.
11.990000000000002	0.
11.995000000000001	0.
12.000000000000002	0.
12.005	0.
12.010000000000002	0.
12.015	0.
12.020000000000001	0.
12.025	0.
12.030000000000001	0.
12.035	0.
12.040000000000001	0.
12.045000000000002	0.
12.05	0.
12.055000000000001	0.
12.06	0.
12.065000000000001	0.
12.07	0.
12.075000000000001	0.
12.080000000000002	0.
12.085	0.
12.090000000000002	0.
12.095	0.
12.100000000000001	0.
12.105	0.
12.110000000000001	0.
12.115000000000002	0.
12.120000000000001	0.
12.125000000000002	0.
12.13	0.
12.135000000000002	0.
12.14	0.
12.145000000000001	0.
12.15	0.
12.155000000000001	0.
12.16	0.
12.165000000000001	0.
12.170000000000002	0.
12.175	0.
12.180000000000001	0.
12.185	0.
12.190000000000001	0.
12.195	0.
12.200000000000001	0.
12.205000000000002	0.
12.21	0.
12.215000000000002	0.
12.22	0.
12.225000000000001	0.
12.23	0.
12.235000000000001	0.
12.240000000000002	0.
12.245000000000001	0.
12.25	0.
12.255	0.
12.260000000000002	0.
12.265	0.
12.270000000000001	0.
12.275000000000002	0.
12.280000000000001	0.
12.285	0.
12.290000000000001	0.
12.295000000000002	0.
12.3	0.
12.305000000000001	0.
12.31	0.
12.315000000000001	0.
12.32	0.
12.325000000000001	0.
12.330000000000002	0.
12.335	0.
12.340000000000002	0.
12.345	0.
12.350000000000001	0.
12.355	0.
12.360000000000001	0.
12.365000000000002	0.
12.370000000000001	0.
12.375	0.
12.38	0.
12.385000000000002	0.
12.39	0.
12.395000000000001	0.
12.400000000000002	0.
12.405000000000001	0.
12.41	0.
12.415000000000001	0.
12.420000000000002	0.
12.425	0.
12.430000000000001	0.
12.435	0.
12.440000000000001	0.
12.445	0.
12.450000000000001	0.
12.455000000000002	0.
12.46	0.
12.465000000000002	0.
12.47	0.
12.475000000000001	0.
12.48	0.
12.485000000000001	0.
12.490000000000002	0.
12.495000000000001	0.
12.5	0.
12.505	0.
12.510000000000002	0.
12.515	0.
12.520000000000001	0.
12.525000000000002	0.
12.530000000000001	0.
12.535	0.
12.540000000000001	0.
12.545000000000002	0.
12.55	0.
12.555000000000001	0.
12.56	0.
12.565000000000001	0.
12.57	0.
12.575000000000001	0.
12.580000000000002	0.
12.585	0.
12.590000000000002	0.
12.595	0.
12.600000000000001	0.
12.605	0.
12.610000000000001	0.
12.615000000000002	0.
12.620000000000001	0.
12.625	0.
12.63	0.
12.635000000000002	0.
12.64	0.
12.645000000000001	0.
12.650000000000002	0.
12.655000000000001	0.
12.66	0.
12.665000000000001	0.
12.670000000000002	0.
12.675	0.
12.680000000000001	0.
12.685	0.
12.690000000000001	0.
12.695	0.
12.700000000000001	0.
12.705000000000002	0.
12.71	0.
12.715000000000002	0.
12.72	0.
12.725000000000001	0.
12.73	0.
12.735000000000001	0.
12.740000000000002	0.
12.745000000000001	0.
12.75	0.
12.755	0.
12.760000000000002	0.
12.765	0.
12.770000000000001	0.
12.775000000000002	0.
12.780000000000001	0.
12.785	0.
12.790000000000001	0.
12.795000000000002	0.
12.8	0.
12.805000000000001	0.
12.810000000000002	0.
12.815000000000001	0.
12.820000000000002	0.
12.825000000000001	0.
12.830000000000002	0.
12.835	0.
12.840000000000002	0.
12.845	0.
12.850000000000001	0.
12.855000000000002	0.
12.860000000000001	0.
12.865000000000002	0.
12.870000000000001	0.
12.875000000000002	0.
12.88	0.
12.885000000000002	0.
12.890000000000002	0.
12.895000000000001	0.
12.900000000000002	0.
12.905000000000001	0.
12.910000000000002	0.
12.915000000000001	0.
12.920000000000002	0.
12.925	0.
12.930000000000001	0.
12.935000000000002	0.
12.940000000000001	0.
12.945000000000002	0.
12.950000000000001	0.
12.955000000000002	0.
12.96	0.
12.965000000000002	0.
12.97	0.
12.975000000000001	0.
12.980000000000002	0.
12.985000000000001	0.
12.990000000000002	0.
12.995000000000001	0.
13.000000000000002	0.
13.005	0.
13.010000000000002	0.
13.015000000000002	0.
13.020000000000001	0.
13.025000000000002	0.
13.030000000000001	0.
13.035000000000002	0.
13.040000000000001	0.
13.045000000000002	0.
13.05	0.
13.055000000000001	0.
13.060000000000002	0.
13.065000000000001	0.
13.070000000000002	0.
13.075000000000001	0.
13.080000000000002	0.
13.085	0.
13.090000000000002	0.
13.095	0.
13.100000000000001	0.
13.105000000000002	0.
13.110000000000001	0.
13.115000000000002	0.
13.120000000000001	0.
13.125000000000002	0.
13.13	0.
13.135000000000002	0.
13.140000000000002	0.
13.145000000000001	0.
13.150000000000002	0.
13.155000000000001	0.
13.160000000000002	0.
13.165000000000001	0.
13.170000000000002	0.
13.175	0.
13.180000000000001	0.
13.185000000000002	0.
13.190000000000001	0.
13.195000000000002	0.
13.200000000000001	0.
13.205000000000002	0.
13.21	0.
13.215000000000002	0.
13.220000000000002	0.
13.225000000000001	0.
13.230000000000002	0.
13.235000000000001	0.
13.240000000000002	0.
13.245000000000001	0.
13.250000000000002	0.
13.255	0.
13.260000000000002	0.
13.265000000000002	0.
13.270000000000001	0.
13.275000000000002	0.
13.280000000000001	0.
13.285000000000002	0.
13.290000000000001	0.
13.295000000000002	0.
13.3	0.
13.305000000000001	0.
13.310000000000002	0.
13.315000000000001	0.
13.320000000000002	0.
13.325000000000001	0.
13.330000000000002	0.
13.335	0.
13.340000000000002	0.
13.345000000000002	0.
13.350000000000001	0.
13.355000000000002	0.
13.360000000000001	0.
13.365000000000002	0.
13.370000000000001	0.
13.375000000000002	0.
13.38	0.
13.385000000000002	0.
13.39	0.
13.395000000000001	0.
13.400000000000002	0.
13.405000000000001	0.
13.410000000000002	0.
13.415000000000001	0.
13.420000000000002	0.
13.425	0.
13.430000000000001	0.
13.435000000000002	0.
13.440000000000001	0.
13.445000000000002	0.
13.450000000000001	0.
13.455000000000002	0.
13.46	0.
13.465000000000002	0.
13.470000000000002	0.
13.475000000000001	0.
13.480000000000002	0.
13.485000000000001	0.
13.490000000000002	0.
13.495000000000001	0.
13.500000000000002	0.
13.505	0.
13.510000000000002	0.
13.515	0.
13.520000000000001	0.
13.525000000000002	0.
13.530000000000001	0.
13.535000000000002	0.
13.540000000000001	0.
13.545000000000002	0.
13.55	0.
13.555000000000001	0.
13.560000000000002	0.
13.565000000000001	0.
13.570000000000002	0.
13.575000000000001	0.
13.580000000000002	0.
13.585	0.
13.590000000000002	0.
13.595000000000002	0.
13.600000000000001	0.
13.605000000000002	0.
13.610000000000001	0.
13.615000000000002	0.
13.620000000000001	0.
13.625000000000002	0.
13.63	0.
13.635000000000002	0.
13.64	0.
13.645000000000001	0.
13.650000000000002	0.
13.655000000000001	0.
13.660000000000002	0.
13.665000000000001	0.
13.670000000000002	0.
13.675	0.
13.680000000000001	0.
13.685000000000002	0.
13.690000000000001	0.
13.695000000000002	0.
13.700000000000001	0.
13.705000000000002	0.
13.71	0.
13.715000000000002	0.
13.720000000000002	0.
13.725000000000001	0.
13.730000000000002	0.
13.735000000000001	0.
13.740000000000002	0.
13.745000000000001	0.
13.750000000000002	0.
13.755	0.
13.760000000000002	0.
13.765	0.
13.770000000000001	0.
13.775000000000002	0.
13.780000000000001	0.
13.785000000000002	0.
13.790000000000001	0.
13.795000000000002	0.
13.8	0.
13.805000000000001	0.
13.810000000000002	0.
13.815000000000001	0.
13.820000000000002	0.
13.825000000000001	0.
13.830000000000002	0.
13.835	0.
13.840000000000002	0.
13.845000000000002	0.
13.850000000000001	0.
13.855000000000002	0.
13.860000000000001	0.
13.865000000000002	0.
13.870000000000001	0.
13.875000000000002	0.
13.88	0.
13.885000000000002	0.
13.89	0.
13.895000000000001	0.
13.900000000000002	0.
13.905000000000001	0.
13.910000000000002	0.
13.915000000000001	0.
13.920000000000002	0.
13.925	0.
13.930000000000001	0.
13.935000000000002	0.
13.940000000000001	0.
13.945000000000002	0.
13.950000000000001	0.
13.955000000000002	0.
13.96	0.
13.965000000000002	0.
13.970000000000002	0.
13.975000000000001	0.
13.980000000000002	0.
13.985000000000001	0.
13.990000000000002	0.
13.995000000000001	0.
14.	0.