0.005	0.
0.01	0.
0.015	0.
0.02	0.
0.025	0.
0.030000000000000002	0.
0.034999999999999996	0.
0.04	0.
0.045	0.
0.049999999999999996	0.
0.055	0.
0.06	0.
0.065	0.
0.07	0.
0.07500000000000001	0.
0.08	0.
0.085	0.
0.09000000000000001	0.
0.095	0.
0.1	0.
0.10500000000000001	0.
0.11	0.
0.115	0.
0.12000000000000001	0.
0.125	0.
0.13	0.
0.135	0.
0.14	0.
0.14500000000000002	0.
0.15	0.
0.155	0.
0.16	0.
0.165	0.
0.17	0.
0.17500000000000002	0.06352872845141301
0.18000000000000002	0.0966020970469818
0.185	0.11852452349769477
0.19	0.1351020174603309
0.195	0.14833926650225382
0.2	0.1592333897874846
0.20500000000000002	0.16837271061628925
0.21000000000000002	0.17614134768854267
0.215	0.18280750641570023
0.22	0.18856759453606864
0.225	0.19357063208936645
0.23	0.19793281741888696
0.23500000000000001	0.2017467406431251
0.24000000000000002	0.20508748790122383
0.245	0.20801684100617693
0.25	0.21058625841167605
0.255	0.21283904742230247
0.26	0.2148119828318058
0.265	0.21653653646659043
0.27	0.21803982687882728
0.275	0.21934536367348925
0.28	0.22047363843678938
0.28500000000000003	0.2214425992702632
0.29000000000000004	0.22226803576319837
0.295	0.22296389417998458
0.3	0.2235425376536421
0.305	0.22401496259595358
0.31	0.2243909799238164
0.315	0.22467936777142636
0.32	0.22488800091349762
0.325	0.22502396103086197
0.33	0.2250936311131672
0.335	0.22510277664639233
0.34	0.22505661572912183
0.34500000000000003	0.22495987986463048
0.35000000000000003	0.22481686686198313
0.35500000000000004	0.22463148702850266
0.36	0.22440730363426264
0.365	0.2241475684665014
0.37	0.2238552531590497
0.375	0.2235330768733607
0.38	0.22318353081863612
0.385	0.22280890002446208
0.39	0.22241128271843935
0.395	0.22199260760982756
0.4	0.2215546493377302
0.405	0.22109904230600136
0.41000000000000003	0.22062729309700374
0.41500000000000004	0.22014079163020894
0.42000000000000004	0.21964082121005596
0.425	0.21912856758861657
0.43	0.21860512715263236
0.435	0.21807151433093105
0.44	0.2175286683061818
0.445	0.21697745910498398
0.45	0.21641869313131273
0.455	0.2158531182008678
0.46	0.2152814281269837
0.465	0.21470426690322414
0.47000000000000003	0.21412223252256127
0.47500000000000003	0.21353588046866354
0.48000000000000004	0.21294572691096258
0.485	0.21235225163166088
0.49	0.21175590070995248
0.495	0.21115708898610508
0.5	0.21055620232543354
0.505	0.20995359970052427
0.51	0.2093496151079499
0.515	0.2087445593341618
0.52	0.20813872158380614
0.525	0.2075323709824446
0.53	0.20692575796441387
0.535	0.20631911555561627
0.54	0.20571266056016035
0.545	0.2051065946586574
0.55	0.20450110542573782
0.555	0.2038963672731092
0.56	0.20329254232441682
0.5650000000000001	0.20268978122717166
0.5700000000000001	0.2020882239068898
0.5750000000000001	0.2014880002679142
0.5800000000000001	0.20088923084511406
0.585	0.20029202741015492
0.59	0.19969649353603944
0.595	0.19910272512278737
0.6	0.19851081088747335
0.605	0.1979208328210607
0.61	0.19733286661461655
0.615	0.19674698205713048
0.62	0.19616324340696498
0.625	0.19558170973888406
0.63	0.1950024352684239
0.635	0.1944254696551375
0.64	0.19385085828636417
0.645	0.1932786425426681
0.65	0.19270886004645785
0.655	0.19214154489474988
0.66	0.1915767278773105
0.665	0.19101443668107637
0.67	0.1904546960818383
0.675	0.1898975281240145
0.68	0.18934295228933976
0.685	0.18879098565516364
0.6900000000000001	0.18824164304305202
0.6950000000000001	0.18769493715840882
0.7000000000000001	0.187150878721571
0.7050000000000001	0.18660947659099536
0.71	0.186070737879093
0.715	0.18553466806104263
0.72	0.1850012710772321
0.725	0.18447054942952565
0.73	0.18394250427188283
0.735	0.18341713549556407
0.74	0.18289444180946807
0.745	0.18237442081562896
0.75	0.18185706908034172
0.755	0.18134238220122745
0.76	0.18083035487025564
0.765	0.18032098093324542
0.77	0.17981425344590374
0.775	0.17931016472659383
0.78	0.1788087064060645
0.785	0.17830986947441707
0.79	0.1778136443252596
0.795	0.17732002079744458
0.8	0.17682898821434276
0.805	0.176340535420894
0.81	0.17585465081862917
0.8150000000000001	0.17537132239856384
0.8200000000000001	0.1748905377723176
0.8250000000000001	0.17441228420142443
0.8300000000000001	0.1739365486250655
0.8350000000000001	0.17346331768602163
0.84	0.17299257775537216
0.845	0.17252431495572443
0.85	0.1720585151829975
0.855	0.1715951641271534
0.86	0.17113424729161322
0.865	0.17067575001165963
0.87	0.17021965747170967
0.875	0.16976595472165318
0.88	0.16931462669216502
0.885	0.16886565820933178
0.89	0.16841903400825978
0.895	0.16797473874580726
0.9	0.16753275701297812
0.905	0.16709307334608495
0.91	0.16665567223771532
0.915	0.16622053814676802
0.92	0.16578765550780514
0.925	0.1653570087403266
0.93	0.1649285822570129
0.935	0.16450236047169572
0.9400000000000001	0.16407832780674034
0.9450000000000001	0.16365646870010894
0.9500000000000001	0.16323676761189498
0.9550000000000001	0.1628192090305058
0.9600000000000001	0.16240377747841955
0.965	0.16199045751747973
0.97	0.16157923375424418
0.975	0.16117009084441097
0.98	0.16076301349748004
0.985	0.16035798648099148
0.99	0.1599549946236679
0.995	0.15955402282005623
1.	0.15915505603359592
1.005	0.15875807929946445
1.01	0.1583630777249735
1.015	0.1579700365004779
1.02	0.15757894089174077
1.025	0.1571897762471828
1.0299999999999998	0.1568025280010108
1.035	0.1564171816727826
1.0399999999999998	0.15603372287086206
1.045	0.1556521372923807
1.0499999999999998	0.15527241072652362
1.055	0.15489452905510498
1.0599999999999998	0.1545184782532751
1.065	0.15414424439156788
1.0699999999999998	0.153771813636471
1.075	0.15340117225127467
1.0799999999999998	0.15303230659697534
1.085	0.15266520313311052
1.0899999999999999	0.1522998484181684
1.095	0.15193622911009783
1.0999999999999999	0.1515743319669639
1.105	0.1512141438470432
1.1099999999999999	0.15085565170934628
1.115	0.15049884261378163
1.1199999999999999	0.15014370372117433
1.125	0.14979022229357175
1.13	0.149438385694175
1.135	0.14908818138731228
1.14	0.1487395969385031
1.145	0.14839262001410217
1.15	0.14804723838148984
1.155	0.14770343990852164
1.16	0.1473612125635336
1.1649999999999998	0.1470205444149715
1.17	0.14668142363111805
1.1749999999999998	0.14634383847968024
1.18	0.1460077773275155
1.1849999999999998	0.14567322864018728
1.19	0.1453401809814543
1.1949999999999998	0.14500862301295853
1.2	0.14467854349369588
1.2049999999999998	0.14434993127939938
1.21	0.14402277532223562
1.2149999999999999	0.1436970646701511
1.22	0.14337278846615673
1.2249999999999999	0.14304993594813536
1.23	0.14272849644789334
1.2349999999999999	0.14240845939075722
1.24	0.14208981429483938
1.2449999999999999	0.14177255077058007
1.25	0.14145665851991876
1.255	0.14114212733576628
1.26	0.14082894710134827
1.265	0.14051710778948384
1.27	0.14020659946194267
1.275	0.13989741226881078
1.28	0.1395895364477115
1.285	0.1392829623232384
1.2899999999999998	0.13897768030616273
1.295	0.1386736808927886
1.2999999999999998	0.13837095466427857
1.305	0.1380694922858787
1.3099999999999998	0.13776928450625534
1.315	0.13747032215681793
1.3199999999999998	0.13717259615096292
1.325	0.13687609748341054
1.3299999999999998	0.1365808172294871
1.335	0.13628674654433662
1.3399999999999999	0.13599387666241325
1.345	0.1357021988965387
1.3499999999999999	0.1354117046373753
1.355	0.1351223853526235
1.3599999999999999	0.13483423258637375
1.365	0.13454723795838086
1.3699999999999999	0.13426139316337823
1.375	0.13397668997037604
1.38	0.13369312022198196
1.385	0.13341067583368021
1.39	0.13312934879321303
1.395	0.13284913115981925
1.4	0.1325700150636184
1.405	0.1322919927048847
1.41	0.1320150563533767
1.4149999999999998	0.13173919834777084
1.42	0.13146441109486265
1.4249999999999998	0.1311906870689765
1.43	0.13091801881126733
1.4349999999999998	0.13064639892919908
1.44	0.13037582009565762
1.4449999999999998	0.13010627504857775
1.45	0.1298377565901187
1.4549999999999998	0.12957025758611468
1.46	0.12930377096542206
1.4649999999999999	0.12903828971929193
1.47	0.12877380690078793
1.4749999999999999	0.12851031562411358
1.48	0.1282478090640659
1.4849999999999999	0.12798628045539512
1.49	0.12772572309220265
1.4949999999999999	0.12746613032741666
1.5	0.12720749557206207
1.505	0.12694981229486604
1.51	0.1266930740215103
1.515	0.12643727433415053
1.52	0.1261824068708404
1.525	0.1259284653249685
1.53	0.12567544344465081
1.535	0.12542333503224645
1.54	0.12517213394377885
1.545	0.12492183408842324
1.5499999999999998	0.12467242942790584
1.555	0.12442391397606926
1.5599999999999998	0.12417628179824416
1.565	0.12392952701078952
1.5699999999999998	0.12368364378057939
1.575	0.12343862632447815
1.5799999999999998	0.1231944689088015
1.585	0.12295116584889129
1.5899999999999999	0.12270871150855964
1.595	0.12246710029962017
1.5999999999999999	0.12222632668138463
1.605	0.1219863851602046
1.6099999999999999	0.12174727028902048
1.615	0.12150897666679629
1.6199999999999999	0.12127149893816287
1.625	0.12103483179289434
1.63	0.12079896996548561
1.635	0.12056390823461277
1.64	0.1203296414228635
1.645	0.12009616439609573
1.65	0.11986347206315648
1.655	0.11963155937530756
1.66	0.11940042132594687
1.665	0.11917005295006598
1.67	0.11894044932389736
1.6749999999999998	0.11871160556447133
1.68	0.11848351682918913
1.6849999999999998	0.11825617831548328
1.69	0.11802958526032009
1.6949999999999998	0.11780373293989146
1.7	0.11757861666917757
1.7049999999999998	0.11735423180154121
1.71	0.11713057372837384
1.7149999999999999	0.11690763787874313
1.72	0.116685419718903
1.7249999999999999	0.11646391475208749
1.73	0.11624311851796967
1.7349999999999999	0.11602302659243072
1.74	0.11580363458712524
1.7449999999999999	0.11558493814916165
1.75	0.11536693296073315
1.755	0.11514961473876918
1.76	0.11493297923455198
1.765	0.11471702223348432
1.77	0.11450173955465903
1.775	0.11428712705048684
1.78	0.11407318060652628
1.785	0.1138598961409876
1.79	0.11364726960449328
1.795	0.11343529697974894
1.7999999999999998	0.11322397428125543
1.805	0.11301329755491114
1.8099999999999998	0.11280326287777971
1.815	0.11259386635775401
1.8199999999999998	0.11238510413326742
1.825	0.1121769723729745
1.8299999999999998	0.11196946727547571
1.835	0.1117625850690155
1.8399999999999999	0.11155632201116819
1.845	0.11135067438862407
1.8499999999999999	0.11114563851680515
1.855	0.11094121073966343
1.8599999999999999	0.11073738742937997
1.865	0.11053416498608848
1.8699999999999999	0.11033153983759593
1.875	0.11012950843910335
1.88	0.10992806727302179
1.885	0.10972721284856993
1.89	0.1095269417016568
1.895	0.10932725039450696
1.9	0.10912813551551051
1.905	0.10892959367888093
1.91	0.10873162152447957
1.915	0.10853421571751341
1.92	0.10833737294831627
1.9249999999999998	0.1081410899321352
1.93	0.10794536340883923
1.9349999999999998	0.10775019014271445
1.94	0.10755556692224026
1.9449999999999998	0.10736149055983428
1.95	0.10716795789162803
1.9549999999999998	0.10697496577729611
1.96	0.10678251109972872
1.9649999999999999	0.10659059076490827
1.97	0.10639920170164258
1.9749999999999999	0.10620834086135902
1.98	0.106018005217884
1.9849999999999999	0.10582819176726042
1.99	0.1056388975275109
1.9949999999999999	0.10545011953841855
2.	0.10526185486137378
2.005	0.10507410057914388
2.01	0.10488685379561494
2.015	0.10470011163571374
2.02	0.10451387124512417
2.025	0.10432812979011198
2.03	0.10414288445735172
2.035	0.10395813245370548
2.04	0.10377387100607943
2.045	0.10359009736118571
2.05	0.10340680878540211
2.0549999999999997	0.10322400256457215
2.06	0.10304167600382469
2.065	0.10285982642739404
2.07	0.10267845117846951
2.0749999999999997	0.10249754761898408
2.08	0.10231711312944951
2.085	0.10213714510882256
2.09	0.10195764097428954
2.0949999999999998	0.10177859816112372
2.1	0.1016000141225138
2.105	0.1014218863294159
2.11	0.10124421227035679
2.1149999999999998	0.10106698945130657
2.12	0.10089021539552082
2.125	0.10071388764334588
2.13	0.10053800375211897
2.135	0.1003625612959674
2.14	0.10018755786567315
2.145	0.10001299106855592
2.15	0.09983885852823803
2.155	0.09966515788461722
2.16	0.09949188679361214
2.165	0.09931904292707466
2.17	0.09914662397263446
2.175	0.09897462763357152
2.18	0.09880305162864772
2.185	0.0986318936919892
2.19	0.09846115157293775
2.195	0.09829082303594337
2.1999999999999997	0.09812090586039296
2.205	0.09795139784049052
2.21	0.09778229678514079
2.215	0.0976136005177991
2.2199999999999998	0.09744530687635332
2.225	0.0972774137129921
2.23	0.09710991889408958
2.235	0.09694282030006245
2.2399999999999998	0.0967761158252553
2.245	0.09660980337781797
2.25	0.09644388087961214
2.255	0.09627834626601382
2.26	0.09611319748587856
2.265	0.095948432501384
2.27	0.09578404928793423
2.275	0.09562004583400487
2.28	0.09545642014105458
2.285	0.09529317022345372
2.29	0.09513029410827459
2.295	0.09496778983527687
2.3	0.09480565545673766
2.305	0.09464388903738456
2.31	0.0944824886542438
2.315	0.09432145239656677
2.32	0.09416077836572082
2.3249999999999997	0.09400046467508506
2.33	0.09384050944992099
2.335	0.09368091082729747
2.34	0.09352166695599874
2.3449999999999998	0.09336277599639453
2.35	0.09320423612036073
2.355	0.09304604551116895
2.36	0.09288820236340257
2.3649999999999998	0.09273070488284041
2.37	0.0925735512863804
2.375	0.09241673980195954
2.38	0.09226026866839863
2.385	0.09210413613537893
2.39	0.09194834046331862
2.395	0.09179287992327229
2.4	0.09163775279686007
2.405	0.09148295737617781
2.41	0.09132849196369214
2.415	0.09117435487217243
2.42	0.09102054442458388
2.425	0.09086705895402049
2.43	0.0907138968036095
2.435	0.09056105632642884
2.44	0.0904085358854299
2.445	0.09025633385334299
2.4499999999999997	0.0901044486125977
2.455	0.089952878555256
2.46	0.08980162208291556
2.465	0.08965067760664425
2.4699999999999998	0.08950004354688303
2.475	0.08934971833336997
2.48	0.08919970040510443
2.485	0.08904998821020142
2.4899999999999998	0.08890058020586762
2.495	0.08875147485830027
2.5	0.0886026706426373
2.505	0.08845416604284775
2.51	0.08830595955169165
2.515	0.08815804967063567
2.52	0.08801043490976868
2.525	0.08786311378774916
2.53	0.08771608483172746
2.535	0.08756934657727607
2.54	0.08742289756830741
2.545	0.08727673635703699
2.55	0.08713086150388359
2.555	0.08698527157741857
2.56	0.08683996515428279
2.565	0.08669494081915019
2.57	0.08655019716462832
2.5749999999999997	0.0864057327912217
2.58	0.0862615463072453
2.585	0.08611763632876446
2.59	0.08597400147956157
2.5949999999999998	0.08583064039101221
2.6	0.08568755170208588
2.605	0.08554473405925556
2.61	0.08540218611642465
2.6149999999999998	0.08525990653489718
2.62	0.0851178939832811
2.625	0.08497614713747008
2.63	0.08483466468055031
2.635	0.08469344530274918
2.64	0.08455248770140096
2.645	0.08441179058085856
2.65	0.08427135265244254
2.655	0.08413117263440889
2.66	0.08399124925185604
2.665	0.08385158123670615
2.67	0.08371216732762143
2.675	0.0835730062699586
2.68	0.08343409681572567
2.685	0.08329543772351072
2.69	0.08315702775843913
2.695	0.08301886569213156
2.7	0.0828809503026146
2.705	0.08274328037430703
2.71	0.08260585469795502
2.715	0.08246867207058457
2.7199999999999998	0.08233173129543106
2.725	0.08219503118191779
2.73	0.08205857054559687
2.735	0.08192234820808626
2.7399999999999998	0.08178636299703039
2.745	0.08165061374605809
2.75	0.08151509929472296
2.755	0.08137981848847488
2.76	0.08124477017857659
2.765	0.08110995322210268
2.77	0.08097536648185523
2.775	0.08084100882632592
2.78	0.08070687912967299
2.785	0.08057297627164654
2.79	0.08043929913756585
2.795	0.08030584661825056
2.8	0.0801726176100042
2.8049999999999997	0.08003961101455181
2.81	0.07990682573899135
2.815	0.07977426069577868
2.82	0.07964191480264075
2.825	0.07950978698258204
2.83	0.07937787616380679
2.835	0.07924618127968436
2.84	0.07911470126872369
2.8449999999999998	0.07898343507450561
2.85	0.07885238164566523
2.855	0.07872153993584366
2.86	0.07859090890363751
2.8649999999999998	0.07846048751257235
2.87	0.07833027473105858
2.875	0.07820026953234611
2.88	0.07807047089450232
2.885	0.0779408778003478
2.89	0.07781148923743825
2.895	0.07768230419801431
2.9	0.07755332167897813
2.905	0.07742454068183426
2.91	0.0772959602126746
2.915	0.07716757928211837
2.92	0.07703939690529853
2.925	0.07691141210181192
2.9299999999999997	0.07678362389567606
2.935	0.07665603131531633
2.94	0.07652863339350076
2.945	0.07640142916733755
2.95	0.07627441767820582
2.955	0.07614759797173828
2.96	0.07602096909779556
2.965	0.07589453011041024
2.9699999999999998	0.07576828006777094
2.975	0.07564221803217251
2.98	0.07551634306999531
2.985	0.07539065425166322
2.9899999999999998	0.07526515065162012
2.995	0.0751398313482791
3.	0.07501469542401261
3.005	0.07488974196509902
3.01	0.07476497006170554
3.015	0.0746403788078393
3.02	0.07451596730133883
3.025	0.07439173464381692
3.03	0.07426767994064895
3.035	0.0741438023009319
3.04	0.07402010083745049
3.045	0.07389657466665264
3.05	0.07377322290862309
3.0549999999999997	0.07365004468703358
3.06	0.07352703912914038
3.065	0.07340420536572857
3.07	0.07328154253109405
3.075	0.0731590497630129
3.08	0.07303672620271433
3.085	0.07291457099484601
3.09	0.0727925832874431
3.0949999999999998	0.07267076223190941
3.1	0.07254910698297912
3.105	0.07242761669869235
3.11	0.07230629054036113
3.115	0.0721851276725542
3.12	0.0720641272630501
3.125	0.07194328848282706
3.13	0.07182261050602401
3.135	0.07170209250991405
3.14	0.07158173367488274
3.145	0.07146153318439782
3.15	0.07134149022497448
3.155	0.07122160398616724
3.16	0.0711018736605197
3.165	0.07098229844355253
3.17	0.07086287753373693
3.175	0.0707436101324628
3.1799999999999997	0.0706244954440109
3.185	0.07050553267553873
3.19	0.0703867210370391
3.195	0.07026805974132058
3.2	0.07014954800398747
3.205	0.07003118504341055
3.21	0.06991297008069085
3.215	0.06979490233965563
3.2199999999999998	0.06967698104681443
3.225	0.06955920543134204
3.23	0.0694415747250553
3.235	0.06932408816238313
3.24	0.06920674498034446
3.245	0.06908954441852688
3.25	0.06897248571905479
3.255	0.06885556812657072
3.26	0.06873879088821129
3.265	0.06862215325357937
3.27	0.06850565447472544
3.275	0.06838929380611612
3.28	0.06827307050461995
3.285	0.06815698382947434
3.29	0.06804103304226825
3.295	0.06792521740691845
3.3	0.0678095361896409
3.3049999999999997	0.06769398865893739
3.31	0.06757857408555792
3.315	0.06746329174249448
3.32	0.06734814090494472
3.325	0.06723312085029523
3.33	0.06711823085809872
3.335	0.06700347021005085
3.34	0.0668888381899627
3.3449999999999998	0.06677433408374962
3.35	0.06665995717939421
3.355	0.06654570676693775
3.36	0.06643158213845142
3.365	0.06631758258801146
3.37	0.06620370741168276
3.375	0.06608995590749361
3.38	0.06597632737541441
3.385	0.06586282111733682
3.39	0.06574943643705104
3.395	0.06563617264022256
3.4	0.06552302903437537
3.405	0.06541000492886416
3.41	0.06529709963485664
3.415	0.0651843124653126
3.42	0.06507164273496019
3.425	0.06495908976027558
3.4299999999999997	0.06484665285946119
3.435	0.0647343313524261
3.44	0.06462212456076499
3.445	0.06451003180773272
3.45	0.06439805241822921
3.455	0.06428618571877225
3.46	0.06417443103748599
3.465	0.06406278770406613
3.4699999999999998	0.0639512550497768
3.475	0.063839832407409
3.48	0.0637285191112792
3.485	0.06361731449719772
3.49	0.06350621790244634
3.495	0.06339522866576991
3.5	0.06328434612733996
3.505	0.06317356962874263
3.51	0.06306289851296597
3.515	0.06295233212435833
3.52	0.0628418698086318
3.525	0.06273151091282153
3.53	0.06262125478527543
3.535	0.06251110077563618
3.54	0.062401048234816826
3.545	0.06229109651497276
3.55	0.06218124496950103
3.5549999999999997	0.06207149295300015
3.56	0.06196183982125713
3.565	0.06185228493123392
3.5700000000000003	0.0617428276410329
3.575	0.06163346730989815
3.58	0.06152420329816237
3.585	0.06141503496726852
3.59	0.06130596167970124
3.5949999999999998	0.06119698279901717
3.5999999999999996	0.061088097689787686
3.605	0.06097930571758924
3.61	0.060870606248990315
3.615	0.060761998651523826
3.62	0.06065348229366568
3.625	0.06054505654482349
3.63	0.060436720775305895
3.635	0.06032847435630867
3.6399999999999997	0.060220316659888105
3.645	0.06011224705895129
3.65	0.06000426492723158
3.6550000000000002	0.05989636963925428
3.66	0.05978856057033869
3.665	0.059680837096567935
3.67	0.059573198594761
3.675	0.05946564444246081
3.6799999999999997	0.059358174017915565
3.685	0.05925078670005737
3.69	0.05914348186846849
3.6950000000000003	0.059036258903382946
3.7	0.058929117185650616
3.705	0.058822056096717194
3.71	0.05871507501861243
3.715	0.0586081733339178
3.7199999999999998	0.05850135042575999
3.7249999999999996	0.058394605677769426
3.73	0.058287938474089335
3.735	0.05818134819932137
3.74	0.05807483423852918
3.745	0.05796839597720852
3.75	0.05786203280126743
3.755	0.057755744096998775
3.76	0.05764952925107001
3.7649999999999997	0.057543387650497366
3.77	0.05743731868262471
3.775	0.05733132173509049
3.7800000000000002	0.057225396195832945
3.785	0.05711954145304314
3.79	0.05701375689515774
3.795	0.05690804191082881
3.8	0.056802395888909785
3.8049999999999997	0.056696818218429194
3.81	0.05659130828856769
3.815	0.056485865488642026
3.8200000000000003	0.056380489208073335
3.825	0.05627517883637577
3.83	0.056169933763127226
3.835	0.056064753377947155
3.84	0.0559596370704811
3.8449999999999998	0.05585458423036812
3.8499999999999996	0.05574959424722364
3.855	0.055644666510622394
3.86	0.05553980041005948
3.865	0.055434995334941096
3.87	0.05533025067455741
3.875	0.055225565818075015
3.88	0.055120940154463414
3.885	0.055016373072538184
3.8899999999999997	0.054911863960898546
3.895	0.05480741220789904
3.9	0.05470301720164742
3.9050000000000002	0.05459867832996947
3.91	0.05449439498038457
3.915	0.054390166540087194
3.92	0.054285992395911066
3.925	0.054181871934321675
3.9299999999999997	0.054077804541369075
3.935	0.05397378960268992
3.94	0.053869826503455814
3.9450000000000003	0.053765914628380936
3.95	0.0536620533616422
3.955	0.05355824208692939
3.96	0.05345448018734301
3.965	0.05335076704542544
3.9699999999999998	0.053247102043108306
3.9749999999999996	0.0531434845616858
3.98	0.053039913981810224
3.985	0.052936389683420314
3.99	0.05283291104577519
3.995	0.05272947744736418
4.	0.052626088265947994
4.005	0.05252274287846081
4.01	0.052419440661032074
4.015	0.05231618098893773
4.02	0.052212963236584496
4.025	0.05210978677747358
4.03	0.05200665098415866
4.035	0.05190355522825439
4.04	0.05180049888037146
4.045	0.05169748131010729
4.05	0.05159450188598916
4.055	0.05149155997550582
4.0600000000000005	0.051388654945000924
4.0649999999999995	0.05128578615969396
4.07	0.05118295298364703
4.075	0.051080154779694964
4.08	0.05097739090946137
4.085	0.050874660733309214
4.09	0.05077196361029798
4.095	0.050669298898158424
4.1	0.05056666595328563
4.105	0.05046406413066797
4.109999999999999	0.05036149278386499
4.115	0.0502589512649952
4.12	0.050156438924678526
4.125	0.050053955112020605
4.13	0.0499514991745556
4.135	0.04984907045824956
4.14	0.04974666830742224
4.145	0.04964429206473095
4.15	0.04954194107116536
4.155	0.04943961466594794
4.16	0.049337312186545766
4.165	0.04923503296864071
4.17	0.04913277634603936
4.175	0.049030541650678584
4.18	0.048928328212598064
4.1850000000000005	0.04882613535986788
4.1899999999999995	0.04872396241855529
4.195	0.04862180871272381
4.2	0.04851967356433343
4.205	0.04841755629323877
4.21	0.04831545621716698
4.215	0.0482133726516206
4.22	0.04811130490988452
4.225	0.04800925230297201
4.23	0.047907214139571976
4.234999999999999	0.04780518972599994
4.24	0.04770317836619513
4.245	0.047601179361627353
4.25	0.04749919201127905
4.255	0.04739721561160065
4.26	0.047295249456468055
4.265	0.0471932928371138
4.27	0.04709134504209646
4.275	0.04698940535727372
4.28	0.046887473065714697
4.285	0.0467855474476835
4.29	0.04668362778056814
4.295	0.04658171333885124
4.3	0.04647980339404778
4.305	0.04637789721465701
4.3100000000000005	0.04627599406611171
4.3149999999999995	0.04617409321071981
4.32	0.046072193907643055
4.325	0.04597029541277458
4.33	0.045868396978765845
4.335	0.04576649785492523
4.34	0.04566459728716121
4.345	0.04556269451794922
4.35	0.045460788786260004
4.355	0.04535887932750012
4.359999999999999	0.04525696537345733
4.365	0.045155046152245665
4.37	0.045053120888237
4.375	0.04495118880201195
4.38	0.044849249110274846
4.385	0.04474730102581117
4.39	0.044645343757429554
4.395	0.04454337650987838
4.4	0.04444139848378147
4.405	0.04433940887558032
4.41	0.04423740687747668
4.415	0.04413539167734696
4.42	0.044033362458651124
4.425	0.04393131840043239
4.43	0.04382925867717096
4.4350000000000005	0.04372718245874871
4.4399999999999995	0.04362508891037516
4.445	0.04352297719250825
4.45	0.043420846460768256
4.455	0.04331869586586449
4.46	0.043216524553541025
4.465	0.043114331664461276
4.47	0.04301211633414883
4.475	0.04290987769289953
4.48	0.04280761486571598
4.484999999999999	0.042705326972152874
4.49	0.0426030131263572
4.495	0.04250067243685513
4.5	0.0423983040065338
4.505	0.042295906932541996
4.51	0.042193480306157764
4.515	0.04209102321276816
4.52	0.04198853473170863
4.525	0.04188601393619554
4.53	0.04178345989324035
4.535	0.041680871663504405
4.54	0.041578248301258364
4.545	0.0414755888542329
4.55	0.041372892363532095
4.555	0.041270157863532365
4.5600000000000005	0.041167384381764136
4.5649999999999995	0.04106457093880255
4.57	0.040961716548163496
4.575	0.04085882021617841
4.58	0.040755880941887986
4.585	0.04065289771692632
4.59	0.040549869525401586
4.595000000000001	0.04044679534374167
4.6	0.040343674140630774
4.605	0.0402405048768265
4.609999999999999	0.040137286505071375
4.615	0.0400340179699252
4.62	0.03993069820766959
4.625	0.03982732614615208
4.63	0.039723900704628556
4.635	0.03962042079368781
4.640000000000001	0.03951688531501584
4.645	0.03941329316133823
4.65	0.03930964321620827
4.654999999999999	0.03920593435388472
4.66	0.039102165439186466
4.665	0.038998335327297094
4.67	0.03889444286366072
4.675	0.03879048688374467
4.68	0.03868646621295412
4.6850000000000005	0.03858237966640822
4.6899999999999995	0.03847822604878065
4.695	0.03837400415412982
4.7	0.03826971276571262
4.705	0.03816535065580623
4.71	0.03806091658551125
4.715	0.037956409304589885
4.720000000000001	0.03785182755122643
4.725	0.037747170051862775
4.73	0.037642435520996866
4.734999999999999	0.037537622660944195
4.74	0.03743273016166553
4.745	0.03732775670052437
4.75	0.037222700942097925
4.755	0.037117561537926745
4.76	0.03701233712627211
4.765000000000001	0.03690702633193998
4.77	0.03680162776597878
4.775	0.03669614002549956
4.779999999999999	0.03659056169334802
4.785	0.036484891337927705
4.79	0.036379127512910704
4.795	0.03627326875696189
4.8	0.036167313593478155
4.805	0.036061260530312264
4.8100000000000005	0.035955108059495325
4.8149999999999995	0.035848854656956614
4.82	0.03574249878221144
4.825	0.03563603887803472
4.83	0.03552947337021878
4.835	0.035422800667206204
4.84	0.035316019159800725
4.845000000000001	0.03520912722079834
4.85	0.03510212320468675
4.855	0.03499500544729633
4.859999999999999	0.034887772265419864
4.865	0.03478042195647855
4.87	0.03467295279814236
4.875	0.034565363047963274
4.88	0.03445765094296837
4.885	0.03434981469928168
4.890000000000001	0.03424185251171364
4.895	0.03413376255334011
4.9	0.03402554297509207
4.904999999999999	0.03391719190529002
4.91	0.03380870744923397
4.915	0.03370008768873817
4.92	0.03359133068163501
4.925	0.033482434461330875
4.93	0.03337339703628917
4.9350000000000005	0.03326421638953288
4.9399999999999995	0.033154890478156486
4.945	0.03304541723274607
4.95	0.03293579455687358
4.955	0.03282602032651424
4.96	0.032716092389490345
4.965	0.032606008564897725
4.970000000000001	0.03249576664247124
4.975	0.03238536438199244
4.98	0.03227479951263888
4.984999999999999	0.0321640697323447
4.99	0.032053172707127424
4.995	0.031942106070411175
5.	0.03183086742230684
5.005	0.03171945432889572
5.01	0.03160786432148089
5.015000000000001	0.03149609489584668
5.02	0.03138414351143296
5.025	0.031272007590563526
5.029999999999999	0.03115968451756893
5.035	0.031047171638010768
5.04	0.03093446625774292
5.045	0.03082156564199864
5.05	0.030708467014521436
5.055	0.03059516755654782
5.0600000000000005	0.030481664405863664
5.0649999999999995	0.030367954655767478
5.07	0.030254035354069998
5.075	0.030139903501937782
5.08	0.030025556052871216
5.085	0.029910989911527318
5.09	0.02979620193254029
5.095000000000001	0.029681188919337884
5.1	0.029565947622869463
5.105	0.029450474740314866
5.109999999999999	0.02933476691378814
5.115	0.02921882072896153
5.12	0.029102632713624704
5.125	0.028986199336276816
5.13	0.028869517004574755
5.135	0.02875258206381881
5.14	0.028635390795336103
5.145	0.028517939414818515
5.15	0.028400224070639024
5.155	0.02828224084204809
5.16	0.028163985737392414
5.165	0.02804545469219123
5.17	0.02792664356719304
5.175	0.02780754814637855
5.18	0.027688164134848845
5.185	0.027568487156669933
5.19	0.02744851275264552
5.195	0.02732823637799101
5.2	0.02720765339993844
5.205	0.02708675909525303
5.21	0.026965548647658967
5.215	0.026844017145162304
5.22	0.026722159577299488
5.225	0.026599970832245155
5.23	0.026477445693865415
5.235	0.02635457883858967
5.24	0.026231364832246588
5.245	0.026107798126672396
5.25	0.025983873056337512
5.255	0.02585958383466102
5.26	0.02573492455033555
5.265	0.02560988916342484
5.27	0.025484471501296204
5.275	0.02535866525446822
5.28	0.025232463972185513
5.285	0.02510586105788186
5.29	0.02497884976445935
5.295	0.02485142318928064
5.3	0.024723574269065365
5.305	0.024595295774516333
5.31	0.024466580304663803
5.315	0.024337420281071536
5.32	0.024207807941691393
5.325	0.024077735334497953
5.33	0.02394719431078862
5.335	0.023816176518281853
5.34	0.023684673393750723
5.345	0.023552676155453305
5.35	0.023420175795118355
5.355	0.023287163069595617
5.36	0.0231536284921023
5.365	0.023019562323038974
5.37	0.022884954560354612
5.375	0.022749794929439158
5.38	0.022614072872535192
5.385	0.02247777753758377
5.39	0.022340897766515683
5.395	0.0222034220829358
5.4	0.022065338679181694
5.405	0.021926635402667285
5.41	0.021787299741531384
5.415	0.02164731880949681
5.42	0.021506679329890175
5.425	0.021365367618803442
5.43	0.021223369567287216
5.435	0.021080670622559056
5.44	0.020937255768103475
5.445	0.020793109502647122
5.45	0.02064821581786667
5.455	0.020502558174781214
5.46	0.020356119478715646
5.465	0.02020888205273107
5.47	0.02006082760938317
5.475	0.019911937220734758
5.48	0.019762191286424494
5.485	0.01961156949967461
5.49	0.01946005081106619
5.495	0.01930761338989464
5.5	0.019154234582896792
5.505	0.01899989087015979
5.51	0.018844557817933254
5.515	0.018688210028099443
5.52	0.018530821084008112
5.525	0.01837236349233409
5.53	0.018212808620613138
5.535	0.018052126630054576
5.54	0.017890286403167522
5.545	0.01772725546573302
5.55	0.01756299990256
5.555	0.01739748426638387
5.56	0.017230671479279886
5.565	0.017062522725736388
5.57	0.016892997336588108
5.575	0.016722052662810814
5.58	0.016549643938038663
5.585	0.016375724128609145
5.59	0.01620024376966727
5.595	0.016023150785783823
5.6	0.015844390294181058
5.605	0.015663904388486666
5.61	0.015481631900701686
5.615	0.01529750813844614
5.62	0.015111464594478837
5.625	0.014923428624694384
5.63	0.014733323090383749
5.635	0.014541065959728906
5.64	0.014346569862804833
5.645	0.014149741593172355
5.65	0.013950481548128236
5.655	0.0137486830980522
5.66	0.013544231873536929
5.665	0.013337004956965345
5.67	0.013126869962242818
5.675	0.012913683983223954
5.68	0.01269729238725771
5.6850000000000005	0.012477527425057464
5.69	0.012254206621256368
5.695	0.012027130902326027
5.7	0.011796082407059993
5.705	0.011560821911567971
5.71	0.011321085782253954
5.715	0.011076582346859478
5.72	0.010826987541435018
5.725	0.010571939648647015
5.73	0.010311032884256494
5.735	0.010043809508187238
5.74	0.00976975002239458
5.745	0.009488260856671748
5.75	0.00919865870773786
5.755	0.008900150348330877
5.76	0.008591806194011462
5.765	0.008272525094899685
5.77	0.007940986505125232
5.775	0.007595584018405543
5.78	0.007234330546748255
5.785	0.006854718789415206
5.79	0.006453508169510761
5.795	0.006026384489698261
5.8	0.005567384866344503
5.805	0.005067853397790631
5.8100000000000005	0.004514352578052513
5.815	0.0038838737726508417
5.82	0.0031302403747968414
5.825	0.002126298457950161
5.83	0.
5.835	0.
5.84	0.
5.845	0.
5.85	0.
5.855	0.
5.86	0.
5.865	0.
5.87	0.
5.875	0.
5.88	0.
5.885	0.
5.89	0.
5.895	0.
5.9	0.
5.905	0.
5.91	0.
5.915	0.
5.92	0.
5.925	0.
5.93	0.
5.9350000000000005	0.
5.94	0.
5.945	0.
5.95	0.
5.955	0.
5.96	0.
5.965	0.
5.97	0.
5.975	0.
5.98	0.
5.985	0.
5.99	0.
5.995	0.
6.	0.
6.005	0.
6.01	0.
6.015	0.
6.02	0.
6.025	0.
6.03	0.
6.035	0.
6.04	0.
6.045	0.
6.05	0.
6.055	0.
6.0600000000000005	0.
6.065	0.
6.07	0.
6.075	0.
6.08	0.
6.085	0.
6.09	0.
6.095	0.
6.1	0.
6.105	0.
6.11	0.
6.115	0.
6.12	0.
6.125	0.
6.13	0.
6.135	0.
6.140000000000001	0.
6.145	0.
6.15	0.
6.155	0.
6.16	0.
6.165	0.
6.17	0.
6.175	0.
6.18	0.
6.1850000000000005	0.
6.1899999999999995	0.
6.195	0.
6.2	0.
6.205	0.
6.21	0.
6.215	0.
6.22	0.
6.225	0.
6.23	0.
6.235	0.
6.24	0.
6.245	0.
6.25	0.
6.255	0.
6.26	0.
6.265000000000001	0.
6.27	0.
6.275	0.
6.28	0.
6.285	0.
6.29	0.
6.295	0.
6.3	0.
6.305	0.
6.3100000000000005	0.
6.3149999999999995	0.
6.32	0.
6.325	0.
6.33	0.
6.335	0.
6.34	0.
6.345	0.
6.35	0.
6.355	0.
6.36	0.
6.365	0.
6.37	0.
6.375	0.
6.38	0.
6.385	0.
6.390000000000001	0.
6.395	0.
6.4	0.
6.405	0.
6.41	0.
6.415	0.
6.42	0.
6.425	0.
6.43	0.
6.4350000000000005	0.
6.4399999999999995	0.
6.445	0.
6.45	0.
6.455	0.
6.46	0.
6.465	0.
6.47	0.
6.475	0.
6.48	0.
6.485	0.
6.49	0.
6.495	0.
6.5	0.
6.505	0.
6.51	0.
6.515000000000001	0.
6.52	0.
6.525	0.
6.53	0.
6.535	0.
6.54	0.
6.545	0.
6.55	0.
6.555	0.
6.5600000000000005	0.
6.5649999999999995	0.
6.57	0.
6.575	0.
6.58	0.
6.585	0.
6.59	0.
6.595	0.
6.6	0.
6.605	0.
6.61	0.
6.615	0.
6.62	0.
6.625	0.
6.63	0.
6.635	0.
6.640000000000001	0.
6.645	0.
6.65	0.
6.655	0.
6.66	0.
6.665	0.
6.67	0.
6.675	0.
6.68	0.
6.6850000000000005	0.
6.6899999999999995	0.
6.695	0.
6.7	0.
6.705	0.
6.71	0.
6.715	0.
6.72	0.
6.725	0.
6.73	0.
6.735	0.
6.74	0.
6.745	0.
6.75	0.
6.755	0.
6.76	0.
6.765000000000001	0.
6.77	0.
6.775	0.
6.78	0.
6.785	0.
6.79	0.
6.795	0.
6.8	0.
6.805	0.
6.8100000000000005	0.
6.8149999999999995	0.
6.82	0.
6.825	0.
6.83	0.
6.835	0.
6.84	0.
6.845	0.
6.85	0.
6.855	0.
6.86	0.
6.865	0.
6.87	0.
6.875	0.
6.88	0.
6.885	0.
6.890000000000001	0.
6.895	0.
6.9	0.
6.905	0.
6.91	0.
6.915	0.
6.92	0.
6.925	0.
6.93	0.
6.9350000000000005	0.
6.9399999999999995	0.
6.945	0.
6.95	0.
6.955	0.
6.96	0.
6.965	0.
6.97	0.
6.975	0.
6.98	0.
6.985	0.
6.99	0.
6.995	0.
7.	0.
7.005	0.
7.01	0.
7.015000000000001	0.
7.02	0.
7.025	0.
7.03	0.
7.035	0.
7.04	0.
7.045	0.
7.05	0.
7.055	0.
7.0600000000000005	0.
7.0649999999999995	0.
7.07	0.
7.075	0.
7.08	0.
7.085	0.
7.09	0.
7.095	0.
7.1	0.
7.105	0.
7.11	0.
7.115	0.
7.12	0.
7.125	0.
7.13	0.
7.135	0.
7.140000000000001	0.
7.145	0.
7.15	0.
7.155	0.
7.16	0.
7.165	0.
7.17	0.
7.175	0.
7.18	0.
7.1850000000000005	0.
7.1899999999999995	0.
7.195	0.
7.2	0.
7.205	0.
7.21	0.
7.215	0.
7.220000000000001	0.
7.225	0.
7.23	0.
7.234999999999999	0.
7.24	0.
7.245	0.
7.25	0.
7.255	0.
7.26	0.
7.265000000000001	0.
7.27	0.
7.275	0.
7.28	0.
7.285	0.
7.29	0.
7.295	0.
7.300000000000001	0.
7.305	0.
7.3100000000000005	0.
7.3149999999999995	0.
7.32	0.
7.325	0.
7.33	0.
7.335	0.
7.34	0.
7.345000000000001	0.
7.35	0.
7.355	0.
7.359999999999999	0.
7.365	0.
7.37	0.
7.375	0.
7.38	0.
7.385	0.
7.390000000000001	0.
7.395	0.
7.4	0.
7.405	0.
7.41	0.
7.415	0.
7.42	0.
7.425000000000001	0.
7.43	0.
7.4350000000000005	0.
7.4399999999999995	0.
7.445	0.
7.45	0.
7.455	0.
7.46	0.
7.465	0.
7.470000000000001	0.
7.475	0.
7.48	0.
7.484999999999999	0.
7.49	0.
7.495	0.
7.5	0.
7.505	0.
7.51	0.
7.515000000000001	0.
7.52	0.
7.525	0.
7.53	0.
7.535	0.
7.54	0.
7.545	0.
7.550000000000001	0.
7.555	0.
7.5600000000000005	0.
7.5649999999999995	0.
7.57	0.
7.575	0.
7.58	0.
7.585	0.
7.59	0.
7.595000000000001	0.
7.6	0.
7.605	0.
7.609999999999999	0.
7.615	0.
7.62	0.
7.625	0.
7.63	0.
7.635	0.
7.640000000000001	0.
7.645	0.
7.65	0.
7.655	0.
7.66	0.
7.665	0.
7.67	0.
7.675000000000001	0.
7.68	0.
7.685	0.
7.6899999999999995	0.
7.694999999999999	0.
7.699999999999999	0.
7.704999999999999	0.
7.71	0.
7.715	0.
7.72	0.
7.725	0.
7.7299999999999995	0.
7.734999999999999	0.
7.739999999999999	0.
7.744999999999999	0.
7.75	0.
7.755	0.
7.76	0.
7.765	0.
7.77	0.
7.7749999999999995	0.
7.779999999999999	0.
7.784999999999999	0.
7.79	0.
7.795	0.
7.8	0.
7.805	0.
7.81	0.
7.8149999999999995	0.
7.819999999999999	0.
7.824999999999999	0.
7.829999999999999	0.
7.835	0.
7.84	0.
7.845	0.
7.85	0.
7.8549999999999995	0.
7.859999999999999	0.
7.864999999999999	0.
7.869999999999999	0.
7.875	0.
7.88	0.
7.885	0.
7.89	0.
7.895	0.
7.8999999999999995	0.
7.904999999999999	0.
7.909999999999999	0.
7.915	0.
7.92	0.
7.925	0.
7.93	0.
7.935	0.
7.9399999999999995	0.
7.944999999999999	0.
7.949999999999999	0.
7.955	0.
7.96	0.
7.965	0.
7.97	0.
7.975	0.
7.9799999999999995	0.
7.984999999999999	0.
7.989999999999999	0.
7.994999999999999	0.
8.	0.
8.004999999999999	0.
8.01	0.
8.014999999999999	0.
8.02	0.
8.025	0.
8.03	0.
8.035	0.
8.04	0.
8.045	0.
8.049999999999999	0.
8.055	0.
8.059999999999999	0.
8.065	0.
8.07	0.
8.075	0.
8.08	0.
8.084999999999999	0.
8.09	0.
8.094999999999999	0.
8.1	0.
8.105	0.
8.11	0.
8.115	0.
8.12	0.
8.125	0.
8.129999999999999	0.
8.135	0.
8.139999999999999	0.
8.145	0.
8.15	0.
8.155	0.
8.16	0.
8.165	0.
8.17	0.
8.174999999999999	0.
8.18	0.
8.184999999999999	0.
8.19	0.
8.195	0.
8.2	0.
8.205	0.
8.209999999999999	0.
8.215	0.
8.219999999999999	0.
8.225	0.
8.23	0.
8.235	0.
8.24	0.
8.245	0.
8.25	0.
8.254999999999999	0.
8.26	0.
8.264999999999999	0.
8.27	0.
8.275	0.
8.28	0.
8.285	0.
8.29	0.
8.295	0.
8.299999999999999	0.
8.305	0.
8.309999999999999	0.
8.315	0.
8.32	0.
8.325	0.
8.33	0.
8.334999999999999	0.
8.34	0.
8.344999999999999	0.
8.35	0.
8.355	0.
8.36	0.
8.365	0.
8.37	0.
8.375	0.
8.379999999999999	0.
8.385	0.
8.389999999999999	0.
8.395	0.
8.4	0.
8.405	0.
8.41	0.
8.415	0.
8.42	0.
8.424999999999999	0.
8.43	0.
8.434999999999999	0.
8.44	0.
8.445	0.
8.45	0.
8.455	0.
8.459999999999999	0.
8.465	0.
8.469999999999999	0.
8.475	0.
8.48	0.
8.485	0.
8.49	0.
8.495	0.
8.5	0.
8.504999999999999	0.
8.51	0.
8.515	0.
8.52	0.
8.525	0.
8.53	0.
8.535	0.
8.54	0.
8.545	0.
8.549999999999999	0.
8.555	0.
8.559999999999999	0.
8.565	0.
8.57	0.
8.575	0.
8.58	0.
8.584999999999999	0.
8.59	0.
8.594999999999999	0.
8.6	0.
8.605	0.
8.61	0.
8.615	0.
8.62	0.
8.625	0.
8.629999999999999	0.
8.635	0.
8.64	0.
8.645	0.
8.65	0.
8.655	0.
8.66	0.
8.665	0.
8.67	0.
8.674999999999999	0.
8.68	0.
8.684999999999999	0.
8.69	0.
8.695	0.
8.7	0.
8.705	0.
8.709999999999999	0.
8.715	0.
8.719999999999999	0.
8.725	0.
8.73	0.
8.735	0.
8.74	0.
8.745	0.
8.75	0.
8.754999999999999	0.
8.76	0.
8.765	0.
8.77	0.
8.775	0.
8.78	0.
8.785	0.
8.79	0.
8.795	0.
8.799999999999999	0.
8.805	0.
8.809999999999999	0.
8.815	0.
8.82	0.
8.825	0.
8.83	0.
8.834999999999999	0.
8.84	0.
8.844999999999999	0.
8.85	0.
8.855	0.
8.86	0.
8.865	0.
8.87	0.
8.875	0.
8.879999999999999	0.
8.885	0.
8.89	0.
8.895	0.
8.9	0.
8.905	0.
8.91	0.
8.915	0.
8.92	0.
8.924999999999999	0.
8.93	0.
8.934999999999999	0.
8.94	0.
8.945	0.
8.95	0.
8.955	0.
8.959999999999999	0.
8.965	0.
8.969999999999999	0.
8.975	0.
8.98	0.
8.985	0.
8.99	0.
8.995	0.
9.	0.
9.004999999999999	0.
9.01	0.
9.015	0.
9.02	0.
9.025	0.
9.03	0.
9.035	0.
9.04	0.
9.045	0.
9.049999999999999	0.
9.055	0.
9.059999999999999	0.
9.065	0.
9.07	0.
9.075	0.
9.08	0.
9.084999999999999	0.
9.09	0.
9.094999999999999	0.
9.1	0.
9.105	0.
9.11	0.
9.115	0.
9.12	0.
9.125	0.
9.129999999999999	0.
9.135	0.
9.14	0.
9.145	0.
9.15	0.
9.155	0.
9.16	0.
9.165	0.
9.17	0.
9.174999999999999	0.
9.18	0.
9.184999999999999	0.
9.19	0.
9.195	0.
9.2	0.
9.205	0.
9.209999999999999	0.
9.215	0.
9.219999999999999	0.
9.225	0.
9.23	0.
9.235	0.
9.24	0.
9.245	0.
9.25	0.
9.254999999999999	0.
9.26	0.
9.265	0.
9.27	0.
9.275	0.
9.28	0.
9.285	0.
9.29	0.
9.295	0.
9.299999999999999	0.
9.305	0.
9.309999999999999	0.
9.315	0.
9.32	0.
9.325	0.
9.33	0.
9.334999999999999	0.
9.34	0.
9.344999999999999	0.
9.35	0.
9.355	0.
9.36	0.
9.365	0.
9.37	0.
9.375	0.
9.379999999999999	0.
9.385	0.
9.39	0.
9.395	0.
9.4	0.
9.405	0.
9.41	0.
9.415	0.
9.42	0.
9.424999999999999	0.
9.43	0.
9.434999999999999	0.
9.44	0.
9.445	0.
9.45	0.
9.455	0.
9.459999999999999	0.
9.465	0.
9.469999999999999	0.
9.475	0.
9.48	0.
9.485	0.
9.49	0.
9.495	0.
9.5	0.
9.504999999999999	0.
9.51	0.
9.515	0.
9.52	0.
9.525	0.
9.53	0.
9.535	0.
9.54	0.
9.545	0.
9.549999999999999	0.
9.555	0.
9.559999999999999	0.
9.565	0.
9.57	0.
9.575	0.
9.58	0.
9.584999999999999	0.
9.59	0.
9.594999999999999	0.
9.6	0.
9.605	0.
9.61	0.
9.615	0.
9.62	0.
9.625	0.
9.629999999999999	0.
9.635	0.
9.64	0.
9.645	0.
9.65	0.
9.655	0.
9.66	0.
9.665	0.
9.67	0.
9.674999999999999	0.
9.68	0.
9.684999999999999	0.
9.69	0.
9.695	0.
9.7	0.
9.705	0.
9.709999999999999	0.
9.715	0.
9.719999999999999	0.
9.725	0.
9.73	0.
9.735	0.
9.74	0.
9.745	0.
9.75	0.
9.754999999999999	0.
9.76	0.
9.765	0.
9.77	0.
9.774999999999999	0.
9.78	0.
9.785	0.
9.79	0.
9.795	0.
9.8	0.
9.805	0.
9.809999999999999	0.
9.815	0.
9.82	0.
9.825	0.
9.83	0.
9.834999999999999	0.
9.84	0.
9.844999999999999	0.
9.85	0.
9.855	0.
9.86	0.
9.865	0.
9.87	0.
9.875	0.
9.879999999999999	0.
9.885	0.
9.89	0.
9.895	0.
9.899999999999999	0.
9.905	0.
9.91	0.
9.915	0.
9.92	0.
9.925	0.
9.93	0.
9.934999999999999	0.
9.94	0.
9.945	0.
9.95	0.
9.955	0.
9.959999999999999	0.
9.965	0.
9.969999999999999	0.
9.975	0.
9.98	0.
9.985	0.
9.99	0.
9.995	0.
10.	0.
10.004999999999999	0.
10.01	0.
10.015	0.
10.02	0.
10.024999999999999	0.
10.03	0.
10.035	0.
10.04	0.
10.045	0.
10.05	0.
10.055	0.
10.059999999999999	0.
10.065	0.
10.07	0.
10.075	0.
10.08	0.
10.084999999999999	0.
10.09	0.
10.094999999999999	0.
10.1	0.
10.105	0.
10.11	0.
10.115	0.
10.12	0.
10.125	0.
10.129999999999999	0.
10.135	0.
10.14	0.
10.145	0.
10.149999999999999	0.
10.155	0.
10.16	0.
10.165	0.
10.17	0.
10.175	0.
10.18	0.
10.184999999999999	0.
10.19	0.
10.195	0.
10.2	0.
10.205	0.
10.209999999999999	0.
10.215	0.
10.219999999999999	0.
10.225	0.
10.23	0.
10.235	0.
10.24	0.
10.245000000000001	0.
10.250000000000002	0.
10.255	0.
10.260000000000002	0.
10.265	0.
10.270000000000001	0.
10.275	0.
10.280000000000001	0.
10.285	0.
10.290000000000001	0.
10.295000000000002	0.
10.3	0.
10.305000000000001	0.
10.31	0.
10.315000000000001	0.
10.32	0.
10.325000000000001	0.
10.330000000000002	0.
10.335	0.
10.340000000000002	0.
10.345	0.
10.350000000000001	0.
10.355	0.
10.360000000000001	0.
10.365	0.
10.370000000000001	0.
10.375000000000002	0.
10.38	0.
10.385000000000002	0.
10.39	0.
10.395000000000001	0.
10.4	0.
10.405000000000001	0.
10.41	0.
10.415000000000001	0.
10.420000000000002	0.
10.425	0.
10.430000000000001	0.
10.435	0.
10.440000000000001	0.
10.445	0.
10.450000000000001	0.
10.455000000000002	0.
10.46	0.
10.465000000000002	0.
10.47	0.
10.475000000000001	0.
10.48	0.
10.485000000000001	0.
10.49	0.
10.495000000000001	0.
10.500000000000002	0.
10.505	0.
10.510000000000002	0.
10.515	0.
10.520000000000001	0.
10.525	0.
10.530000000000001	0.
10.535	0.
10.540000000000001	0.
10.545000000000002	0.
10.55	0.
10.555000000000001	0.
10.56	0.
10.565000000000001	0.
10.57	0.
10.575000000000001	0.
10.580000000000002	0.
10.585	0.
10.590000000000002	0.
10.595	0.
10.600000000000001	0.
10.605	0.
10.610000000000001	0.
10.615	0.
10.620000000000001	0.
10.625000000000002	0.
10.63	0.
10.635000000000002	0.
10.64	0.
10.645000000000001	0.
10.65	0.
10.655000000000001	0.
10.66	0.
10.665000000000001	0.
10.670000000000002	0.
10.675	0.
10.680000000000001	0.
10.685	0.
10.690000000000001	0.
10.695	0.
10.700000000000001	0.
10.705000000000002	0.
10.71	0.
10.715000000000002	0.
10.72	0.
10.725000000000001	0.
10.73	0.
10.735000000000001	0.
10.74	0.
10.745000000000001	0.
10.750000000000002	0.
10.755	0.
10.760000000000002	0.
10.765	0.
10.770000000000001	0.
10.775	0.
10.780000000000001	0.
10.785	0.
10.790000000000001	0.
10.795000000000002	0.
10.8	0.
10.805000000000001	0.
10.81	0.
10.815000000000001	0.
10.82	0.
10.825000000000001	0.
10.830000000000002	0.
10.835	0.
10.840000000000002	0.
10.845	0.
10.850000000000001	0.
10.855	0.
10.860000000000001	0.
10.865	0.
10.870000000000001	0.
10.875000000000002	0.
10.88	0.
10.885000000000002	0.
10.89	0.
10.895000000000001	0.
10.9	0.
10.905000000000001	0.
10.91	0.
10.915000000000001	0.
10.920000000000002	0.
10.925	0.
10.930000000000001	0.
10.935	0.
10.940000000000001	0.
10.945	0.
10.950000000000001	0.
10.955000000000002	0.
10.96	0.
10.965000000000002	0.
10.97	0.
10.975000000000001	0.
10.98	0.
10.985000000000001	0.
10.99	0.
10.995000000000001	0.
11.000000000000002	0.
11.005	0.
11.010000000000002	0.
11.015	0.
11.020000000000001	0.
11.025	0.
11.030000000000001	0.
11.035	0.
11.040000000000001	0.
11.045000000000002	0.
11.05	0.
11.055000000000001	0.
11.06	0.
11.065000000000001	0.
11.07	0.
11.075000000000001	0.
11.080000000000002	0.
11.085	0.
11.090000000000002	0.
11.095	0.
11.100000000000001	0.
11.105	0.
11.110000000000001	0.
11.115	0.
11.120000000000001	0.
11.125000000000002	0.
11.13	0.
11.135000000000002	0.
11.14	0.
11.145000000000001	0.
11.15	0.
11.155000000000001	0.
11.16	0.
11.165000000000001	0.
11.170000000000002	0.
11.175	0.
11.180000000000001	0.
11.185	0.
11.190000000000001	0.
11.195	0.
11.200000000000001	0.
11.205000000000002	0.
11.21	0.
11.215000000000002	0.
11.22	0.
11.225000000000001	0.
11.23	0.
11.235000000000001	0.
11.24	0.
11.245000000000001	0.
11.250000000000002	0.
11.255	0.
11.260000000000002	0.
11.265	0.
11.270000000000001	0.
11.275	0.
11.280000000000001	0.
11.285	0.
11.290000000000001	0.
11.295000000000002	0.
11.3	0.
11.305000000000001	0.
11.31	0.
11.315000000000001	0.
11.32	0.
11.325000000000001	0.
11.330000000000002	0.
11.335	0.
11.340000000000002	0.
11.345	0.
11.350000000000001	0.
11.355	0.
11.360000000000001	0.
11.365000000000002	0.
11.370000000000001	0.
11.375000000000002	0.
11.38	0.
11.385000000000002	0.
11.39	0.
11.395000000000001	0.
11.4	0.
11.405000000000001	0.
11.41	0.
11.415000000000001	0.
11.420000000000002	0.
11.425	0.
11.430000000000001	0.
11.435	0.
11.440000000000001	0.
11.445	0.
11.450000000000001	0.
11.455000000000002	0.
11.46	0.
11.465000000000002	0.
11.47	0.
11.475000000000001	0.
11.48	0.
11.485000000000001	0.
11.490000000000002	0.
11.495000000000001	0.
11.500000000000002	0.
11.505	0.
11.510000000000002	0.
11.515	0.
11.520000000000001	0.
11.525	0.
11.530000000000001	0.
11.535	0.
11.540000000000001	0.
11.545000000000002	0.
11.55	0.
11.555000000000001	0.
11.56	0.
11.565000000000001	0.
11.57	0.
11.575000000000001	0.
11.580000000000002	0.
11.585	0.
11.590000000000002	0.
11.595	0.
11.600000000000001	0.
11.605	0.
11.610000000000001	0.
11.615000000000002	0.
11.620000000000001	0.
11.625000000000002	0.
11.63	0.
11.635000000000002	0.
11.64	0.
11.645000000000001	0.
11.65	0.
11.655000000000001	0.
11.66	0.
11.665000000000001	0.
11.670000000000002	0.
11.675	0.
11.680000000000001	0.
11.685	0.
11.690000000000001	0.
11.695	0.
11.700000000000001	0.
11.705000000000002	0.
11.71	0.
11.715000000000002	0.
11.72	0.
11.725000000000001	0.
11.73	0.
11.735000000000001	0.
11.740000000000002	0.
11.745000000000001	0.
11.750000000000002	0.
11.755	0.
11.760000000000002	0.
11.765	0.
11.770000000000001	0.
11.775	0.
11.780000000000001	0.
11.785	0.
11.790000000000001	0.
11.795000000000002	0.
11.8	0.
11.805000000000001	0.
11.81	0.
11.815000000000001	0.
11.82	0.
11.825000000000001	0.
11.830000000000002	0.
11.835	0.
11.840000000000002	0.
11.845	0.
11.850000000000001	0.
11.855	0.
11.860000000000001	0.
11.865000000000002	0.
11.870000000000001	0.
11.875000000000002	0.
11.88	0.
11.885000000000002	0.
11.89	0.
11.895000000000001	0.
11.9	0.
11.905000000000001	0.
11.91	0.
11.915000000000001	0.
11.920000000000002	0.
11.925	0.
11.930000000000001	0.
11.935	0.
11.940000000000001	0.
11.945	0.
11.950000000000001	0.
11.955000000000002	0.
11.96	0.
11.965000000000002	0.
11.97	0.
11.975000000000001	0.
11.98	0.
11.985000000000001	0.
11.990000000000002	0.
11.995000000000001	0.
12.000000000000002	0.
12.005	0.
12.010000000000002	0.
12.015	0.
12.020000000000001	0.
12.025	0.
12.030000000000001	0.
12.035	0.
12.040000000000001	0.
12.045000000000002	0.
12.05	0.
12.055000000000001	0.
12.06	0.
12.065000000000001	0.
12.07	0.
12.075000000000001	0.
12.080000000000002	0.
12.085	0.
12.090000000000002	0.
12.095	0.
12.100000000000001	0.
12.105	0.
12.110000000000001	0.
12.115000000000002	0.
12.120000000000001	0.
12.125000000000002	0.
12.13	0.
12.135000000000002	0.
12.14	0.
12.145000000000001	0.
12.15	0.
12.155000000000001	0.
12.16	0.
12.165000000000001	0.
12.170000000000002	0.
12.175	0.
12.180000000000001	0.
12.185	0.
12.190000000000001	0.
12.195	0.
12.200000000000001	0.
12.205000000000002	0.
12.21	0.
12.215000000000002	0.
12.22	0.
12.225000000000001	0.
12.23	0.
12.235000000000001	0.
12.240000000000002	0.
12.245000000000001	0.
12.25	0.
12.255	0.
12.260000000000002	0.
12.265	0.
12.270000000000001	0.
12.275000000000002	0.
12.280000000000001	0.
12.285	0.
12.290000000000001	0.
12.295000000000002	0.
12.3	0.
12.305000000000001	0.
12.31	0.
12.315000000000001	0.
12.32	0.
12.325000000000001	0.
12.330000000000002	0.
12.335	0.
12.340000000000002	0.
12.345	0.
12.350000000000001	0.
12.355	0.
12.360000000000001	0.
12.365000000000002	0.
12.370000000000001	0.
12.375	0.
12.38	0.
12.385000000000002	0.
12.39	0.
12.395000000000001	0.
12.400000000000002	0.
12.405000000000001	0.
12.41	0.
12.415000000000001	0.
12.420000000000002	0.
12.425	0.
12.430000000000001	0.
12.435	0.
12.440000000000001	0.
12.445	0.
12.450000000000001	0.
12.455000000000002	0.
12.46	0.
12.465000000000002	0.
12.47	0.
12.475000000000001	0.
12.48	0.
12.485000000000001	0.
12.490000000000002	0.
12.495000000000001	0.
12.5	0.
12.505	0.
12.510000000000002	0.
12.515	0.
12.520000000000001	0.
12.525000000000002	0.
12.530000000000001	0.
12.535	0.
12.540000000000001	0.
12.545000000000002	0.
12.55	0.
12.555000000000001	0.
12.56	0.
12.565000000000001	0.
12.57	0.
12.575000000000001	0.
12.580000000000002	0.
12.585	0.
12.590000000000002	0.
12.595	0.
12.600000000000001	0.
12.605	0.
12.610000000000001	0.
12.615000000000002	0.
12.620000000000001	0.
12.625	0.
12.63	0.
12.635000000000002	0.
12.64	0.
12.645000000000001	0.
12.650000000000002	0.
12.655000000000001	0.
12.66	0.
12.665000000000001	0.
12.670000000000002	0.
12.675	0.
12.680000000000001	0.
12.685	0.
12.690000000000001	0.
12.695	0.
12.700000000000001	0.
12.705000000000002	0.
12.71	0.
12.715000000000002	0.
12.72	0.
12.725000000000001	0.
12.73	0.
12.735000000000001	0.
12.740000000000002	0.
12.745000000000001	0.
12.75	0.
12.755	0.
12.760000000000002	0.
12.765	0.
12.770000000000001	0.
12.775000000000002	0.
12.780000000000001	0.
12.785	0.
12.790000000000001	0.
12.795000000000002	0.
12.8	0.
12.805000000000001	0.
12.810000000000002	0.
12.815000000000001	0.
12.820000000000002	0.
12.825000000000001	0.
12.830000000000002	0.
12.835	0.
12.840000000000002	0.
12.845	0.
12.850000000000001	0.
12.855000000000002	0.
12.860000000000001	0.
12.865000000000002	0.
12.870000000000001	0.
12.875000000000002	0.
12.88	0.
12.885000000000002	0.
12.890000000000002	0.
12.895000000000001	0.
12.900000000000002	0.
12.905000000000001	0.
12.910000000000002	0.
12.915000000000001	0.
12.920000000000002	0.
12.925	0.
12.930000000000001	0.
12.935000000000002	0.
12.940000000000001	0.
12.945000000000002	0.
12.950000000000001	0.
12.955000000000002	0.
12.96	0.
12.965000000000002	0.
12.97	0.
12.975000000000001	0.
12.980000000000002	0.
12.985000000000001	0.
12.990000000000002	0.
12.995000000000001	0.
13.000000000000002	0.
13.005	0.
13.010000000000002	0.
13.015000000000002	0.
13.020000000000001	0.
13.025000000000002	0.
13.030000000000001	0.
13.035000000000002	0.
13.040000000000001	0.
13.045000000000002	0.
13.05	0.
13.055000000000001	0.
13.060000000000002	0.
13.065000000000001	0.
13.070000000000002	0.
13.075000000000001	0.
13.080000000000002	0.
13.085	0.
13.090000000000002	0.
13.095	0.
13.100000000000001	0.
13.105000000000002	0.
13.110000000000001	0.
13.115000000000002	0.
13.120000000000001	0.
13.125000000000002	0.
13.13	0.
13.135000000000002	0.
13.140000000000002	0.
13.145000000000001	0.
13.150000000000002	0.
13.155000000000001	0.
13.160000000000002	0.
13.165000000000001	0.
13.170000000000002	0.
13.175	0.
13.180000000000001	0.
13.185000000000002	0.
13.190000000000001	0.
13.195000000000002	0.
13.200000000000001	0.
13.205000000000002	0.
13.21	0.
13.215000000000002	0.
13.220000000000002	0.
13.225000000000001	0.
13.230000000000002	0.
13.235000000000001	0.
13.240000000000002	0.
13.245000000000001	0.
13.250000000000002	0.
13.255	0.
13.260000000000002	0.
13.265000000000002	0.
13.270000000000001	0.
13.275000000000002	0.
13.280000000000001	0.
13.285000000000002	0.
13.290000000000001	0.
13.295000000000002	0.
13.3	0.
13.305000000000001	0.
13.310000000000002	0.
13.315000000000001	0.
13.320000000000002	0.
13.325000000000001	0.
13.330000000000002	0.
13.335	0.
13.340000000000002	0.
13.345000000000002	0.
13.350000000000001	0.
13.355000000000002	0.
13.360000000000001	0.
13.365000000000002	0.
13.370000000000001	0.
13.375000000000002	0.
13.38	0.
13.385000000000002	0.
13.39	0.
13.395000000000001	0.
13.400000000000002	0.
13.405000000000001	0.
13.410000000000002	0.
13.415000000000001	0.
13.420000000000002	0.
13.425	0.
13.430000000000001	0.
13.435000000000002	0.
13.440000000000001	0.
13.445000000000002	0.
13.450000000000001	0.
13.455000000000002	0.
13.46	0.
13.465000000000002	0.
13.470000000000002	0.
13.475000000000001	0.
13.480000000000002	0.
13.485000000000001	0.
13.490000000000002	0.
13.495000000000001	0.
13.500000000000002	0.
13.505	0.
13.510000000000002	0.
13.515	0.
13.520000000000001	0.
13.525000000000002	0.
13.530000000000001	0.
13.535000000000002	0.
13.540000000000001	0.
13.545000000000002	0.
13.55	0.
13.555000000000001	0.
13.560000000000002	0.
13.565000000000001	0.
13.570000000000002	0.
13.575000000000001	0.
13.580000000000002	0.
13.585	0.
13.590000000000002	0.
13.595000000000002	0.
13.600000000000001	0.
13.605000000000002	0.
13.610000000000001	0.
13.615000000000002	0.
13.620000000000001	0.
13.625000000000002	0.
13.63	0.
13.635000000000002	0.
13.64	0.
13.645000000000001	0.
13.650000000000002	0.
13.655000000000001	0.
13.660000000000002	0.
13.665000000000001	0.
13.670000000000002	0.
13.675	0.
13.680000000000001	0.
13.685000000000002	0.
13.690000000000001	0.
13.695000000000002	0.
13.700000000000001	0.
13.705000000000002	0.
13.71	0.
13.715000000000002	0.
13.720000000000002	0.
13.725000000000001	0.
13.730000000000002	0.
13.735000000000001	0.
13.740000000000002	0.
13.745000000000001	0.
13.750000000000002	0.
13.755	0.
13.760000000000002	0.
13.765	0.
13.770000000000001	0.
13.775000000000002	0.
13.780000000000001	0.
13.785000000000002	0.
13.790000000000001	0.
13.795000000000002	0.
13.8	0.
13.805000000000001	0.
13.810000000000002	0.
13.815000000000001	0.
13.820000000000002	0.
13.825000000000001	0.
13.830000000000002	0.
13.835	0.
13.840000000000002	0.
13.845000000000002	0.
13.850000000000001	0.
13.855000000000002	0.
13.860000000000001	0.
13.865000000000002	0.
13.870000000000001	0.
13.875000000000002	0.
13.88	0.
13.885000000000002	0.
13.89	0.
13.895000000000001	0.
13.900000000000002	0.
13.905000000000001	0.
13.910000000000002	0.
13.915000000000001	0.
13.920000000000002	0.
13.925	0.
13.930000000000001	0.
13.935000000000002	0.
13.940000000000001	0.
13.945000000000002	0.
13.950000000000001	0.
13.955000000000002	0.
13.96	0.
13.965000000000002	0.
13.970000000000002	0.
13.975000000000001	0.
13.980000000000002	0.
13.985000000000001	0.
13.990000000000002	0.
13.995000000000001	0.
14.	0.