0.005	0.
0.01	0.
0.015	0.
0.02	0.
0.025	0.
0.030000000000000002	0.
0.034999999999999996	0.
0.04	0.
0.045	0.
0.049999999999999996	0.
0.055	0.
0.06	0.
0.065	0.
0.07	0.
0.07500000000000001	0.
0.08	0.
0.085	0.
0.09000000000000001	0.
0.095	0.
0.1	0.
0.10500000000000001	0.
0.11	0.
0.115	0.
0.12000000000000001	0.
0.125	0.
0.13	0.
0.135	0.
0.14	0.
0.14500000000000002	0.
0.15	0.
0.155	0.
0.16	0.
0.165	0.
0.17	0.
0.17500000000000002	0.06504548772159653
0.18000000000000002	0.0975718415200063
0.185	0.11928960496224393
0.19	0.13575156229747948
0.195	0.14891193474874448
0.2	0.15975005685017285
0.20500000000000002	0.16884616064290284
0.21000000000000002	0.17658008327838043
0.215	0.18321752341543726
0.22	0.18895331020691059
0.225	0.19393541323356456
0.23	0.19827930090276774
0.23500000000000001	0.20207703810722547
0.24000000000000002	0.2054033220340148
0.245	0.2083196394298252
0.25	0.21087722026431935
0.255	0.2131191917600607
0.26	0.21508218457571182
0.265	0.2167975536032549
0.27	0.21829232138477286
0.275	0.21958991784868798
0.28	0.22071076782248306
0.28500000000000003	0.22167276298632815
0.29000000000000004	0.22249164486904208
0.295	0.22318131850260892
0.3	0.22375411141332743
0.305	0.22422098907896326
0.31	0.22459173539257468
0.315	0.22487510475915357
0.32	0.22507895101790173
0.325	0.22521033729712658
0.33	0.2252756300777797
0.335	0.2252805800991658
0.34	0.22523039223950972
0.34500000000000003	0.22512978610988132
0.35000000000000003	0.22498304878776362
0.35500000000000004	0.22479408086710748
0.36	0.2245664368013286
0.365	0.2243033603534633
0.37	0.22400781583583723
0.375	0.22368251571350917
0.38	0.22332994505699683
0.385	0.22295238325628083
0.39	0.22255192334711438
0.395	0.22213048924973375
0.4	0.22168985117744935
0.405	0.22123163943670987
0.41000000000000003	0.22075735680992334
0.41500000000000004	0.220268389686728
0.42000000000000004	0.21976601808746055
0.425	0.2192514247041073
0.43	0.2187257030679529
0.435	0.21818986493957873
0.44	0.217644847005024
0.445	0.21709151695182807
0.45	0.21653067898985046
0.455	0.21596307887412744
0.46	0.2153894084804829
0.465	0.21481030997872982
0.47000000000000003	0.21422637964333302
0.47500000000000003	0.21363817133696061
0.48000000000000004	0.21304619969845745
0.485	0.21245094306345
0.49	0.21185284614268318
0.495	0.21125232248066414
0.5	0.21064975671473618
0.505	0.21004550665277708
0.51	0.20943990518571845
0.515	0.2088332620496162
0.52	0.2082258654504363
0.525	0.20761798356351302
0.53	0.2070098659183832
0.535	0.20640174467883793
0.54	0.2057938358269133
0.545	0.20518634025887197
0.55	0.20457944480044657
0.555	0.20397332314787492
0.56	0.20336813674081988
0.5650000000000001	0.2027640355725446
0.5700000000000001	0.2021611589423765
0.5750000000000001	0.2015596361549932
0.5800000000000001	0.20095958717064022
0.585	0.2003611232101396
0.59	0.19976434731806053
0.595	0.19916935488732057
0.6	0.1985762341480523
0.605	0.19798506662343454
0.61	0.19739592755493923
0.615	0.19680888629922572
0.62	0.1962240066987454
0.625	0.19564134742796535
0.63	0.1950609623169775
0.635	0.194482900654068
0.64	0.19390720746873946
0.645	0.1933339237966158
0.65	0.19276308692738597
0.655	0.19219473063706377
0.66	0.1916288854055436
0.665	0.19106557862058654
0.67	0.1905048347689698
0.675	0.1899466756158538
0.68	0.18939112037301953
0.685	0.18883818585677567
0.6900000000000001	0.18828788663619714
0.6950000000000001	0.18774023517236485
0.7000000000000001	0.18719524194912202
0.7050000000000001	0.18665291559593541
0.71	0.18611326300341308
0.715	0.1855762894318841
0.72	0.18504199861346315
0.725	0.18451039284813067
0.73	0.1839814730940642
0.735	0.18345523905263808
0.74	0.1829316892484805
0.745	0.1824108211048053
0.75	0.18189263101429112
0.755	0.18137711440597118
0.76	0.1808642658080687
0.765	0.18035407890730823
0.77	0.17984654660479535
0.775	0.1793416610685696
0.78	0.17883941378329776
0.785	0.17833979559693106
0.79	0.17784279676486964
0.795	0.17734840699145024
0.8	0.17685661546909912
0.805	0.17636741091540364
0.81	0.175880781607771
0.8150000000000001	0.17539671541642762
0.8200000000000001	0.17491519983529777
0.8250000000000001	0.1744362220112595
0.8300000000000001	0.17395976877175826
0.8350000000000001	0.17348582665066192
0.84	0.17301438191293475
0.845	0.17254542057761038
0.85	0.17207892843967024
0.855	0.17161489109061157
0.86	0.1711532939378059
0.865	0.17069412222273755
0.87	0.17023736103838735
0.875	0.16978299534525507
0.88	0.1693310099868847
0.885	0.16888138970420383
0.89	0.16843411914905854
0.895	0.1679891828972012
0.9	0.16754656546016267
0.905	0.16710625129678217
0.91	0.16666822482379637
0.915	0.1662324704259601
0.92	0.16579897246550465
0.925	0.16536771529106176
0.93	0.16493868324601876
0.935	0.16451186067644918
0.9400000000000001	0.16408723193850647
0.9450000000000001	0.16366478140529206
0.9500000000000001	0.16324449347339334
0.9550000000000001	0.16282635256920927
0.9600000000000001	0.16241034315431904
0.965	0.1619964497311686
0.97	0.16158465684805273
0.975	0.16117494910361277
0.98	0.1607673111514403
0.985	0.16036172770424037
0.99	0.15995818353750962
0.995	0.15955666349306374
1.	0.15915715248267068
1.005	0.15875963549063513
1.01	0.15836409757734793
1.015	0.15797052387902946
1.02	0.1575788996231612
1.025	0.15718921010227643
1.0299999999999998	0.1568014407099571
1.035	0.15641557691990424
1.0399999999999998	0.15603160429631893
1.045	0.15564950849335674
1.0499999999999998	0.1552692752582229
1.055	0.15489089043074736
1.0599999999999998	0.15451433994573022
1.065	0.1541396098336126
1.0699999999999998	0.15376668622169143
1.075	0.1533955553349243
1.0799999999999998	0.15302620349649182
1.085	0.15265861712871684
1.0899999999999999	0.15229278275377692
1.095	0.15192868699385642
1.0999999999999999	0.15156631657182404
1.105	0.15120565831161753
1.1099999999999999	0.15084669913820872
1.115	0.15048942607836094
1.1199999999999999	0.15013382626008748
1.125	0.1497798869133157
1.13	0.14942759536976533
1.135	0.14907693906266944
1.14	0.1487279055270225
1.145	0.1483804823993205
1.15	0.14803465741734598
1.155	0.1476904184200572
1.16	0.14734775334731207
1.1649999999999998	0.1470066502395457
1.17	0.1466670972374708
1.1749999999999998	0.14632908258175487
1.18	0.14599259461260833
1.1849999999999998	0.14565762176934716
1.19	0.14532415259005393
1.1949999999999998	0.14499217571092884
1.2	0.14466167986606004
1.2049999999999998	0.14433265388668182
1.21	0.14400508670073595
1.2149999999999999	0.14367896733239108
1.22	0.1433542849013817
1.2249999999999999	0.14303102862246903
1.23	0.14270918780481648
1.2349999999999999	0.14238875185146604
1.24	0.14206971025858853
1.2449999999999999	0.14175205261494167
1.25	0.14143576860124002
1.255	0.14112084798941207
1.26	0.1408072806420604
1.265	0.14049505651161642
1.27	0.14018416563993807
1.275	0.13987459815729858
1.28	0.13956634428193826
1.285	0.13925939431930445
1.2899999999999998	0.13895373866136132
1.295	0.13864936778580833
1.2999999999999998	0.13834627225552082
1.305	0.138044442717702
1.3099999999999998	0.13774386990328458
1.315	0.1374445446261648
1.3199999999999998	0.13714645778248197
1.325	0.13684960034995777
1.3299999999999998	0.13655396338715187
1.335	0.13625953803271815
1.3399999999999999	0.13596631550476293
1.345	0.13567428710013668
1.3499999999999999	0.1353834441936071
1.355	0.1350937782373054
1.3599999999999999	0.13480528075995457
1.365	0.13451794336607004
1.3699999999999999	0.1342317577355147
1.375	0.1339467156224844
1.38	0.13366280885505924
1.385	0.13338002933437956
1.39	0.1330983690340208
1.395	0.13281781999927572
1.4	0.13253837434647311
1.405	0.13226002426232059
1.41	0.1319827620031883
1.4149999999999998	0.13170657989450513
1.42	0.13143147033002575
1.4249999999999998	0.13115742577120976
1.43	0.13088443874654238
1.4349999999999998	0.13061250185087522
1.44	0.1303416077448094
1.4449999999999998	0.13007174915404274
1.45	0.12980291886869738
1.4549999999999998	0.1295351097427045
1.46	0.12926831469318137
1.4649999999999999	0.1290025266998353
1.47	0.12873773880424424
1.4749999999999999	0.12847394410938057
1.48	0.12821113577886376
1.4849999999999999	0.1279493070364535
1.49	0.127688451165427
1.4949999999999999	0.12742856150792214
1.5	0.12716963146443608
1.505	0.12691165449322922
1.51	0.1266546241096444
1.515	0.12639853388566594
1.52	0.12614337744928536
1.525	0.12588914848391453
1.53	0.12563584072790282
1.535	0.12538344797387574
1.54	0.125131964068303
1.545	0.12488138291088756
1.5499999999999998	0.12463169845403654
1.555	0.12438290470232166
1.5599999999999998	0.12413499571199012
1.565	0.12388796559038381
1.5699999999999998	0.12364180849548607
1.575	0.12339651863534881
1.5799999999999998	0.12315209026764831
1.585	0.12290851769909521
1.5899999999999999	0.12266579528504812
1.595	0.122423917428949
1.5999999999999999	0.12218287858181613
1.605	0.12194267324184278
1.6099999999999999	0.12170329595385887
1.615	0.12146474130886425
1.6199999999999999	0.12122700394356933
1.625	0.12099007853997432
1.63	0.12075395982483923
1.635	0.12051864256925109
1.64	0.12028412158823483
1.645	0.1200503917402237
1.65	0.11981744792667269
1.655	0.11958528509161562
1.66	0.11935389822121875
1.665	0.11912328234340233
1.67	0.11889343252734222
1.6749999999999998	0.1186643438831248
1.68	0.11843601156130912
1.6849999999999998	0.11820843075250402
1.69	0.11798159668698688
1.6949999999999998	0.1177555046343152
1.7	0.1175301499028793
1.7049999999999998	0.11730552783957769
1.71	0.11708163382937935
1.7149999999999999	0.11685846329499973
1.72	0.11663601169643631
1.7249999999999999	0.11641427453070702
1.73	0.11619324733135644
1.7349999999999999	0.11597292566820659
1.74	0.11575330514690295
1.7449999999999999	0.1155343814086194
1.75	0.11531615012968538
1.755	0.11509860702121985
1.76	0.11488174782879576
1.765	0.11466556833211469
1.77	0.11445006434463491
1.775	0.1142352317132616
1.78	0.11402106631803823
1.785	0.11380756407172749
1.79	0.11359472091961155
1.795	0.11338253283907146
1.7999999999999998	0.11317099583931385
1.805	0.11296010596108338
1.8099999999999998	0.11274985927627418
1.815	0.11254025188769941
1.8199999999999998	0.11233127992874403
1.825	0.11212293956309977
1.8299999999999998	0.1119152269844298
1.835	0.11170813841609911
1.8399999999999999	0.11150167011087127
1.845	0.11129581835065055
1.8499999999999999	0.11109057944615322
1.855	0.11088594973665389
1.8599999999999999	0.11068192558972018
1.865	0.110478503400881
1.8699999999999999	0.11027567959346066
1.875	0.11007345061817962
1.88	0.10987181295298644
1.885	0.10967076310276291
1.89	0.10947029759903863
1.895	0.10927041299979072
1.9	0.10907110588913446
1.905	0.10887237287710025
1.91	0.10867421059936815
1.915	0.1084766157170523
1.92	0.10827958491642663
1.9249999999999998	0.10808311490868155
1.93	0.10788720242971626
1.9349999999999998	0.10769184423987782
1.94	0.10749703712374209
1.9449999999999998	0.10730277788984875
1.95	0.10710906337054688
1.9549999999999998	0.10691589042168409
1.96	0.10672325592242338
1.9649999999999999	0.10653115677504801
1.97	0.1063395899046973
1.9749999999999999	0.10614855225917613
1.98	0.10595804080870923
1.9849999999999999	0.1057680525457991
1.99	0.10557858448493307
1.9949999999999999	0.10538963366245177
2.	0.10520119713627392
2.005	0.10501327198574248
2.01	0.10482585531142687
2.015	0.10463894423486639
2.02	0.10445253589846074
2.025	0.10426662746520932
2.03	0.1040812161185311
2.035	0.10389629906211381
2.04	0.10371187351968171
2.045	0.10352793673479745
2.05	0.10334448597075592
2.0549999999999997	0.10316151851032845
2.06	0.10297903165559293
2.065	0.10279702272778259
2.07	0.10261548906710266
2.0749999999999997	0.10243442803253414
2.08	0.10225383700170453
2.085	0.102073713370645
2.09	0.10189405455370468
2.0949999999999998	0.1017148579833301
2.1	0.10153612110991668
2.105	0.10135784140163978
2.11	0.1011800163443019
2.1149999999999998	0.10100264344115376
2.12	0.1008257202127585
2.125	0.1006492441968304
2.13	0.10047321294806297
2.135	0.10029762403799199
2.14	0.10012247505481701
2.145	0.09994776360331355
2.15	0.09977348730460273
2.155	0.0995996437960595
2.16	0.09942623073115502
2.165	0.09925324577929362
2.17	0.09908068662570493
2.175	0.09890855097124668
2.18	0.09873683653234686
2.185	0.09856554104078546
2.19	0.09839466224357446
2.195	0.09822419790288109
2.1999999999999997	0.09805414579583153
2.205	0.09788450371438878
2.21	0.09771526946522098
2.215	0.09754644086960446
2.2199999999999998	0.0973780157632596
2.225	0.09720999199621885
2.23	0.09704236743271968
2.235	0.09687513995109279
2.2399999999999998	0.09670830744360896
2.245	0.09654186781634608
2.25	0.09637581898912075
2.255	0.09621015889531456
2.26	0.09604488548179729
2.265	0.09587999670876536
2.27	0.09571549054966454
2.275	0.095551364991068
2.28	0.0953876180325217
2.285	0.09522424768648706
2.29	0.09506125197820171
2.295	0.09489862894557245
2.3	0.09473637663905218
2.305	0.09457449312156489
2.31	0.09441297646836708
2.315	0.0942518247669325
2.32	0.09409103611689935
2.3249999999999997	0.09393060862990173
2.33	0.09377054042952294
2.335	0.09361082965114009
2.34	0.09345147444187313
2.3449999999999998	0.09329247296044184
2.35	0.09313382337709199
2.355	0.09297552387350366
2.36	0.09281757264265338
2.3649999999999998	0.09265996788875983
2.37	0.09250270782717836
2.375	0.09234579068428746
2.38	0.09218921469741252
2.385	0.09203297811473328
2.39	0.09187707919518034
2.395	0.09172151620835807
2.4	0.0915662874344331
2.405	0.09141139116407909
2.41	0.09125682569835024
2.415	0.0911025893486265
2.42	0.09094868043648939
2.425	0.09079509729368897
2.43	0.09064183826200548
2.435	0.09048890169318802
2.44	0.09033628594888259
2.445	0.0901839894005255
2.4499999999999997	0.09003201042928698
2.455	0.08988034742595113
2.46	0.08972899879088365
2.465	0.08957796293392778
2.4699999999999998	0.08942723827430875
2.475	0.08927682324058044
2.48	0.0891267162705479
2.485	0.08897691581117818
2.4899999999999998	0.08882742031853032
2.495	0.08867822825766353
2.5	0.08852933810260616
2.505	0.08838074833622644
2.51	0.08823245745019645
2.515	0.08808446394491277
2.52	0.08793676632941347
2.525	0.08778936312131722
2.53	0.08764225284674515
2.535	0.08749543404026475
2.54	0.08734890524479791
2.545	0.08720266501157084
2.55	0.08705671190003783
2.555	0.08691104447782173
2.56	0.08676566132062905
2.565	0.08662056101220808
2.57	0.08647574214426113
2.5749999999999997	0.08633120331639231
2.58	0.08618694313604686
2.585	0.08604296021842313
2.59	0.08589925318643848
2.5949999999999998	0.08575582067064602
2.6	0.0856126613091916
2.605	0.08546977374772753
2.61	0.08532715663937472
2.6149999999999998	0.08518480864464398
2.62	0.08504272843137849
2.625	0.08490091467472069
2.63	0.08475936605700388
2.635	0.0846180812677426
2.64	0.08447705900354313
2.645	0.08433629796805958
2.65	0.08419579687193525
2.655	0.08405555443273159
2.66	0.08391556937490649
2.665	0.08377584042971946
2.67	0.08363636633519843
2.675	0.083497145836083
2.68	0.08335817768376785
2.685	0.08321946063624089
2.69	0.08308099345805148
2.695	0.08294277492023783
2.7	0.0828048038002767
2.705	0.0826670788820429
2.71	0.08252959895574413
2.715	0.08239236281788331
2.7199999999999998	0.08225536927119494
2.725	0.0821186171246065
2.73	0.08198210519318032
2.735	0.08184583229806629
2.7399999999999998	0.08170979726645664
2.745	0.08157399893152573
2.75	0.08143843613240438
2.755	0.08130310771410983
2.76	0.08116801252750637
2.765	0.08103314942926237
2.77	0.08089851728179676
2.775	0.08076411495323674
2.78	0.08062994131737708
2.785	0.08049599525361828
2.79	0.08036227564693747
2.795	0.08022878138784516
2.8	0.08009551137231725
2.8049999999999997	0.07996246450178382
2.81	0.07982963968306545
2.815	0.07969703582832152
2.82	0.07956465185503248
2.825	0.07943248668594236
2.83	0.079300539249016
2.835	0.07916880847739402
2.84	0.07903729330936607
2.8449999999999998	0.07890599268831311
2.85	0.07877490556267562
2.855	0.07864403088590363
2.86	0.07851336761643225
2.8649999999999998	0.07838291471763256
2.87	0.07825267115775535
2.875	0.0781226359099308
2.88	0.07799280795209025
2.885	0.07786318626694717
2.89	0.0777337698419529
2.895	0.07760455766927125
2.9	0.0774755487457156
2.905	0.07734674207272772
2.91	0.07721813665634467
2.915	0.07708973150714911
2.92	0.07696152564023698
2.925	0.07683351807518735
2.9299999999999997	0.0767057078360126
2.935	0.07657809395113999
2.94	0.07645067545335273
2.945	0.07632345137977954
2.95	0.07619642077184549
2.955	0.07606958267523424
2.96	0.07594293613985918
2.965	0.07581648021983214
2.9699999999999998	0.07569021397342288
2.975	0.07556413646302171
2.98	0.07543824675511872
2.985	0.07531254392025274
2.9899999999999998	0.07518702703299907
2.995	0.07506169517191406
3.	0.07493654741951795
3.005	0.07481158286225685
3.01	0.07468680059046999
3.015	0.07456219969835977
3.02	0.07443777928395376
3.025	0.07431353844908305
3.03	0.07418947629933953
3.035	0.07406559194405264
3.04	0.07394188449625723
3.045	0.0738183530726532
3.05	0.07369499679359312
3.0549999999999997	0.07357181478303035
3.06	0.07344880616851024
3.065	0.07332597008111744
3.07	0.0732033056554655
3.075	0.07308081202965638
3.08	0.07295848834525481
3.085	0.07283633374725612
3.09	0.07271434738405841
3.0949999999999998	0.07259252840743519
3.1	0.07247087597250777
3.105	0.07234938923770448
3.11	0.07222806736475244
3.115	0.07210690951863254
3.12	0.07198591486755851
3.125	0.07186508258294902
3.13	0.07174441183939453
3.135	0.07162390181463825
3.14	0.07150355168954037
3.145	0.07138336064805831
3.15	0.0712633278772112
3.155	0.07114345256706167
3.16	0.07102373391068274
3.165	0.07090417110413151
3.17	0.07078476334642686
3.175	0.07066550983952004
3.1799999999999997	0.07054640978826691
3.185	0.07042746240040554
3.19	0.07030866688652891
3.195	0.07019002246005701
3.2	0.07007152833721272
3.205	0.06995318373700045
3.21	0.06983498788116906
3.215	0.06971693999420238
3.2199999999999998	0.06959903930327994
3.225	0.06948128503826191
3.23	0.06936367643165793
3.235	0.06924621271860543
3.24	0.0691288931368449
3.245	0.06901171692669267
3.25	0.06889468333102201
3.255	0.0687777915952314
3.26	0.0686610409672285
3.265	0.06854443069739873
3.27	0.06842796003858713
3.275	0.06831162824607097
3.28	0.06819543457753818
3.285	0.06807937829306215
3.29	0.06796345865507694
3.295	0.06784767492835966
3.3	0.06773202638000125
3.3049999999999997	0.06761651227938488
3.31	0.06750113189816562
3.315	0.06738588451024248
3.32	0.06727076939174184
3.325	0.06715578582098862
3.33	0.06704093307848623
3.335	0.06692621044689548
3.34	0.06681161721100773
3.3449999999999998	0.06669715265772944
3.35	0.06658281607605133
3.355	0.06646860675703307
3.36	0.06635452399377777
3.365	0.06624056708141032
3.37	0.06612673531705589
3.375	0.06601302799981787
3.38	0.06589944443075392
3.385	0.06578598391286007
3.39	0.06567264575104169
3.395	0.06555942925209711
3.4	0.06544633372469302
3.405	0.06533335847934531
3.41	0.06522050282839557
3.415	0.06510776608599009
3.42	0.0649951475680606
3.425	0.06488264659230103
3.4299999999999997	0.06477026247814652
3.435	0.06465799454675063
3.44	0.06454584212097146
3.445	0.06443380452534032
3.45	0.06432188108604664
3.455	0.06421007113091924
3.46	0.06409837398940002
3.465	0.06398678899252483
3.4699999999999998	0.06387531547290562
3.475	0.06376395276470426
3.48	0.06365270020362065
3.485	0.06354155712686407
3.49	0.06343052287313147
3.495	0.06331959678259584
3.5	0.06320877819687677
3.505	0.06309806645902673
3.51	0.06298746091350362
3.515	0.06287696090615885
3.52	0.06276656578420907
3.525	0.06265627489621951
3.53	0.062546087592085
3.535	0.062436003223006534
3.54	0.06232602114146988
3.545	0.06221614070123366
3.55	0.062106361257299174
3.5549999999999997	0.061996682165894434
3.56	0.06188710278445424
3.565	0.06177762247159942
3.5700000000000003	0.06166824058711911
3.575	0.06155895649194486
3.58	0.061449769548134914
3.585	0.06134067911885413
3.59	0.061231684568353054
3.5949999999999998	0.06112278526194518
3.5999999999999996	0.0610139805659916
3.605	0.060905269847874324
3.61	0.06079665247598954
3.615	0.060688127819707574
3.62	0.06057969524936829
3.625	0.06047135413625637
3.63	0.06036310385258145
3.635	0.0602549437714573
3.6399999999999997	0.06014687326687961
3.645	0.06003889171370687
3.65	0.05993099848765034
3.6550000000000002	0.059823192965231274
3.66	0.05971547452378828
3.665	0.05960784254143351
3.67	0.05950029639704545
3.675	0.059392835470243543
3.6799999999999997	0.059285459141371566
3.685	0.059178166791479594
3.69	0.059070957802286495
3.6950000000000003	0.058963831556185196
3.7	0.05885678743620739
3.705	0.05874982482599685
3.71	0.058642943109807326
3.715	0.058536141672469566
3.7199999999999998	0.05842941989936489
3.7249999999999996	0.058322777176423965
3.73	0.058216212890090414
3.735	0.058109726427310535
3.74	0.05800331717549122
3.745	0.05789698452251376
3.75	0.05779072785667991
3.755	0.05768454656671388
3.76	0.05757844004172821
3.7649999999999997	0.0574724076712081
3.77	0.05736644884499053
3.775	0.05726056295324094
3.7800000000000002	0.05715474938643121
3.785	0.05704900753532229
3.79	0.056943336790942704
3.795	0.05683773654456673
3.8	0.05673220618767425
3.8049999999999997	0.05662674511197598
3.81	0.05652135270933652
3.815	0.056416028371789606
3.8200000000000003	0.0563107714915047
3.825	0.05620558146076173
3.83	0.0561004576719409
3.835	0.05599539951748127
3.84	0.055890406389874726
3.8449999999999998	0.05578547768164041
3.8499999999999996	0.055680612785294126
3.855	0.05557581109334692
3.86	0.05547107199825311
3.865	0.05536639489240952
3.87	0.05526177916812083
3.875	0.05515722421759009
3.88	0.055052729432879255
3.885	0.05494829420589213
3.8899999999999997	0.05484391792836395
3.895	0.0547395999918152
3.9	0.054635339787546755
3.9050000000000002	0.05453113670660724
3.91	0.054426990139767865
3.915	0.05432289947750992
3.92	0.054218864109991306
3.925	0.054114883427004275
3.9299999999999997	0.0540109568180047
3.935	0.05390708367202667
3.94	0.05380326337768875
3.9450000000000003	0.05369949532317866
3.95	0.053595778896204496
3.955	0.05349211348397659
3.96	0.05338849847319634
3.965	0.05328493325000607
3.9699999999999998	0.05318141719998008
3.9749999999999996	0.053077949708111805
3.98	0.052974530158754536
3.985	0.052871157935623615
3.99	0.05276783242174731
3.995	0.0526645529994563
4.	0.05256131905035925
4.005	0.052458129955312856
4.01	0.05235498509436324
4.015	0.05225188384678678
4.02	0.05214882559098763
4.025	0.05204580970453037
4.03	0.05194283556406085
4.035	0.05183990254532972
4.04	0.051737010023115065
4.045	0.05163415737123278
4.05	0.05153134396247641
4.055	0.05142856916861895
4.0600000000000005	0.051325832360351216
4.0649999999999995	0.05122313290727271
4.07	0.05112047017786329
4.075	0.051017843539447015
4.08	0.05091525235814228
4.085	0.05081269599887809
4.09	0.05071017382531073
4.095	0.050607685199832664
4.1	0.050505229483510335
4.105	0.05040280603608805
4.109999999999999	0.050300414215914996
4.115	0.05019805337994076
4.12	0.05009572288367654
4.125	0.04999342208113973
4.13	0.04989115032488225
4.135	0.049788906965875845
4.14	0.049686691353520336
4.145	0.04958450283563357
4.15	0.04948234075836017
4.155	0.04938020446617699
4.16	0.049278093301847146
4.165	0.04917600660637274
4.17	0.04907394371899071
4.175	0.0489719039770862
4.18	0.04886988671619619
4.1850000000000005	0.04876789126996285
4.1899999999999995	0.048665916970082164
4.195	0.04856396314628623
4.2	0.0484620291262913
4.205	0.04836011423574528
4.21	0.04825821779822757
4.215	0.04815633913517322
4.22	0.04805447756584126
4.225	0.047952632407289884
4.23	0.047850802974314155
4.234999999999999	0.04774898857939955
4.24	0.047647188532728264
4.245	0.047545402142055375
4.25	0.04744362871275346
4.255	0.047341867547700554
4.26	0.04724011794725556
4.265	0.047138379209241424
4.27	0.04703665062886901
4.275	0.04693493149869001
4.28	0.04683322110855774
4.285	0.046731518745609435
4.29	0.046629823694149135
4.295	0.04652813523568024
4.3	0.04642645264878566
4.305	0.04632477520913078
4.3100000000000005	0.04622310218938669
4.3149999999999995	0.046121432859175644
4.32	0.04601976648504121
4.325	0.04591810233037683
4.33	0.04581643965537316
4.335	0.045714777716993275
4.34	0.04561311576885862
4.345	0.04551145306127139
4.35	0.04540978884109002
4.355	0.04530812235170774
4.359999999999999	0.04520645283299147
4.365	0.045104779521234484
4.37	0.04500310164905117
4.375	0.04490141844537552
4.38	0.044799729135360664
4.385	0.04469803294034744
4.39	0.04459632907775733
4.395	0.044494616761097505
4.4	0.044392895199826164
4.405	0.044291163599319276
4.41	0.04418942116082028
4.415	0.04408766708135417
4.42	0.043985900553648066
4.425	0.04388412076608538
4.43	0.04378232690263584
4.4350000000000005	0.0436805181427576
4.4399999999999995	0.04357869366134492
4.445	0.043476852628669516
4.45	0.04337499421028041
4.455	0.04327311756692929
4.46	0.04317122185451514
4.465	0.04306930622399466
4.47	0.042967369821285004
4.475	0.04286541178723103
4.48	0.04276343125746963
4.484999999999999	0.042661427362379024
4.49	0.042559399226998355
4.495	0.04245734597090833
4.5	0.042355266708203845
4.505	0.04225316054733057
4.51	0.04215102659106022
4.515	0.042048863936369044
4.52	0.04194667167435239
4.525	0.04184444889012582
4.53	0.04174219466273559
4.535	0.041639908065064506
4.54	0.041537588163708554
4.545	0.04143523401893055
4.55	0.04133284468449016
4.555	0.04123041920758514
4.5600000000000005	0.04112795662876112
4.5649999999999995	0.04102545598173234
4.57	0.04092291629335793
4.575	0.04082033658346243
4.58	0.04071771586478159
4.585	0.04061505314278769
4.59	0.04051234741562972
4.595000000000001	0.040409597673970225
4.6	0.040306802900895375
4.605	0.04020396207176807
4.609999999999999	0.04010107415412014
4.615	0.039998138107517234
4.62	0.039895152883431824
4.625	0.0397921174251075
4.63	0.03968903066742413
4.635	0.039585891536762355
4.640000000000001	0.039482698950883015
4.645	0.03937945181873336
4.65	0.039276149040367477
4.654999999999999	0.03917278950675315
4.66	0.039069372099635326
4.665	0.03896589569138561
4.67	0.038862359144862205
4.675	0.03875876131319431
4.68	0.038655101039698554
4.6850000000000005	0.03855137715765332
4.6899999999999995	0.038447588490163095
4.695	0.038343733849970064
4.7	0.0382398120392968
4.705	0.03813582184963403
4.71	0.03803176206161841
4.715	0.03792763144477894
4.720000000000001	0.03782342875738669
4.725	0.0377191527462843
4.73	0.037614802146619025
4.734999999999999	0.03751037568171082
4.74	0.03740587206281706
4.745	0.037301289988919746
4.75	0.037196628146540935
4.755	0.037091885209489334
4.76	0.036987059838646114
4.765000000000001	0.03688215068178033
4.77	0.036777156373249936
4.775	0.036672075533818814
4.779999999999999	0.03656690677039982
4.785	0.0364616486757931
4.79	0.036356299828461974
4.795	0.036250858792259213
4.8	0.03614532411615187
4.805	0.03603969433400771
4.8100000000000005	0.035933967964244036
4.8149999999999995	0.03582814350960124
4.82	0.03572221945686469
4.825	0.0356161942765085
4.83	0.0355100664224875
4.835	0.035403834331847725
4.84	0.03529749642446529
4.845000000000001	0.03519105110270904
4.85	0.035084496751124114
4.855	0.034977831736088025
4.859999999999999	0.03487105440546941
4.865	0.034764163088296995
4.87	0.03465715609435936
4.875	0.03455003171389687
4.88	0.034442788217172726
4.885	0.03433542385414005
4.890000000000001	0.034227936854003105
4.895	0.03412032542483679
4.9	0.034012587753201
4.904999999999999	0.03390472200366488
4.91	0.03379672631842202
4.915	0.03368859881682286
4.92	0.03358033759493118
4.925	0.033471940725062294
4.93	0.03336340625530253
4.9350000000000005	0.03325473220904224
4.9399999999999995	0.03314591658442741
4.945	0.033036957353907104
4.95	0.032927852463660666
4.955	0.03281859983309759
4.96	0.03270919735428206
4.965	0.03259964289136827
4.970000000000001	0.03248993428002664
4.975	0.03238006932685171
4.98	0.03227004580874004
4.984999999999999	0.032159861472254934
4.99	0.03204951403301233
4.995	0.031939001174988865
5.	0.03182832054985912
5.005	0.0317174697762916
5.01	0.03160644643922323
5.015000000000001	0.03149524808915192
5.02	0.03138387224134213
5.025	0.03127231637508326
5.029999999999999	0.031160577932847728
5.035	0.031048654319519104
5.04	0.03093654290151179
5.045	0.030824241005918643
5.05	0.030711745919600252
5.055	0.030599054888275162
5.0600000000000005	0.03048616511559149
5.0649999999999995	0.03037307376211919
5.07	0.030259777944376325
5.075	0.030146274733775996
5.08	0.030032561155577005
5.085	0.029918634187793017
5.09	0.02980449076004024
5.095000000000001	0.02969012775240731
5.1	0.029575541994236444
5.105	0.029460730262911624
5.109999999999999	0.029345689282543514
5.115	0.029230415722715508
5.12	0.029114906197072254
5.125	0.028999157261970877
5.13	0.028883165415023324
5.135	0.028766927093600757
5.14	0.028650438673302678
5.145	0.028533696466375193
5.15	0.02841669672010032
5.155	0.02829943561504485
5.16	0.028181909263370712
5.165	0.028064113706998437
5.17	0.02794604491576035
5.175	0.027827698785451462
5.18	0.027709071135856404
5.185	0.027590157708654785
5.19	0.027470954165311572
5.195	0.027351456084852052
5.2	0.027231658961578812
5.205	0.0271115582026926
5.21	0.026991149125839435
5.215	0.026870426956572827
5.22	0.026749386825689534
5.225	0.026628023766538163
5.23	0.026506332712142273
5.235	0.02638430849226795
5.24	0.026261945830391976
5.245	0.02613923934049247
5.25	0.02601618352380052
5.255	0.02589277276533377
5.26	0.025769001330385958
5.265	0.025644863360831237
5.27	0.025520352871232433
5.275	0.02539546374493155
5.28	0.02527018972982852
5.285	0.02514452443409637
5.29	0.025018461321653862
5.295	0.024891993707502377
5.3	0.024765114752819402
5.305	0.02463781745988867
5.31	0.024510094666774576
5.315	0.024381939041796523
5.32	0.02425334307773045
5.325	0.024124299085830803
5.33	0.023994799189452243
5.335	0.023864835317526537
5.34	0.023734399197672788
5.345	0.02360348234897801
5.35	0.02347207607450319
5.355	0.023340171453390113
5.36	0.02320775933260304
5.365	0.023074830318309543
5.37	0.022941374766804194
5.375	0.022807382775017034
5.38	0.02267284417055016
5.385	0.022537748501198517
5.39	0.0224020850240024
5.395	0.02226584269364496
5.4	0.02212901015036429
5.405	0.02199157570714841
5.41	0.021853527336297238
5.415	0.021714852655282967
5.42	0.02157553891179012
5.425	0.021435572968019078
5.43	0.021294941284046895
5.435	0.02115362990032031
5.44	0.02101162441911067
5.445	0.020868909984943094
5.45	0.02072547126386122
5.455	0.020581292421497
5.46	0.02043635709981572
5.465	0.020290648392468948
5.47	0.020144148818629404
5.475	0.01999684029522206
5.48	0.019848704107390397
5.485	0.019699720877082653
5.49	0.01954987052962077
5.495	0.0193991322580611
5.5	0.01924748448518817
5.505	0.019094904822941357
5.51	0.018941370029058113
5.515	0.0187868559606966
5.52	0.01863133752477931
5.525	0.01847478862476433
5.53	0.01831718210353992
5.535	0.018158489682068714
5.54	0.01799868189340512
5.545	0.017837728011655812
5.55	0.017675595975393647
5.555	0.01751225230496888
5.56	0.017347662013169923
5.565	0.01718178850849296
5.57	0.017014593490308347
5.575	0.016846036835101098
5.58	0.016676076472752318
5.585	0.016504668251866098
5.59	0.016331765792887476
5.595	0.016157320327651416
5.6	0.015981280523767495
5.605	0.015803592292085236
5.61	0.01562419857523179
5.615	0.01544303911477568
5.62	0.01526005019450636
5.625	0.015075164356570078
5.63	0.014888310087052242
5.635	0.014699411466739714
5.64	0.014508387782312983
5.645	0.014315153092364299
5.65	0.01411961574160456
5.655	0.013921677815530208
5.66	0.013721234526405968
5.665	0.013518173519583645
5.67	0.013312374087389072
5.675	0.013103706274748963
5.68	0.012892029858034988
5.6850000000000005	0.012677193174384323
5.69	0.012459031773740291
5.695	0.012237366859797849
5.7	0.012012003477933417
5.705	0.011782728398194742
5.71	0.01154930762800688
5.715	0.011311483472389538
5.72	0.011068971036886715
5.725	0.010821454038369647
5.73	0.01056857974865
5.735	0.010309952840921252
5.74	0.010045127833354003
5.745	0.009773599718110898
5.75	0.009494792213145213
5.755	0.009208042855865364
5.76	0.008912583834377453
5.765	0.008607516965781126
5.77	0.00829178047744086
5.775	0.007964104049124607
5.78	0.00762294661157943
5.785	0.007266408056475203
5.79	0.0068921000954284516
5.795	0.006496950483621771
5.8	0.006076893054511634
5.805	0.005626349811319388
5.8100000000000005	0.005137303992999911
5.815	0.004597482717933857
5.82	0.003986308460494072
5.825	0.003263938366445157
5.83	0.0023291073202474474
5.835	0.00045274162314580746
5.84	0.
5.845	0.
5.85	0.
5.855	0.
5.86	0.
5.865	0.
5.87	0.
5.875	0.
5.88	0.
5.885	0.
5.89	0.
5.895	0.
5.9	0.
5.905	0.
5.91	0.
5.915	0.
5.92	0.
5.925	0.
5.93	0.
5.9350000000000005	0.
5.94	0.
5.945	0.
5.95	0.
5.955	0.
5.96	0.
5.965	0.
5.97	0.
5.975	0.
5.98	0.
5.985	0.
5.99	0.
5.995	0.
6.	0.
6.005	0.
6.01	0.
6.015	0.
6.02	0.
6.025	0.
6.03	0.
6.035	0.
6.04	0.
6.045	0.
6.05	0.
6.055	0.
6.0600000000000005	0.
6.065	0.
6.07	0.
6.075	0.
6.08	0.
6.085	0.
6.09	0.
6.095	0.
6.1	0.
6.105	0.
6.11	0.
6.115	0.
6.12	0.
6.125	0.
6.13	0.
6.135	0.
6.140000000000001	0.
6.145	0.
6.15	0.
6.155	0.
6.16	0.
6.165	0.
6.17	0.
6.175	0.
6.18	0.
6.1850000000000005	0.
6.1899999999999995	0.
6.195	0.
6.2	0.
6.205	0.
6.21	0.
6.215	0.
6.22	0.
6.225	0.
6.23	0.
6.235	0.
6.24	0.
6.245	0.
6.25	0.
6.255	0.
6.26	0.
6.265000000000001	0.
6.27	0.
6.275	0.
6.28	0.
6.285	0.
6.29	0.
6.295	0.
6.3	0.
6.305	0.
6.3100000000000005	0.
6.3149999999999995	0.
6.32	0.
6.325	0.
6.33	0.
6.335	0.
6.34	0.
6.345	0.
6.35	0.
6.355	0.
6.36	0.
6.365	0.
6.37	0.
6.375	0.
6.38	0.
6.385	0.
6.390000000000001	0.
6.395	0.
6.4	0.
6.405	0.
6.41	0.
6.415	0.
6.42	0.
6.425	0.
6.43	0.
6.4350000000000005	0.
6.4399999999999995	0.
6.445	0.
6.45	0.
6.455	0.
6.46	0.
6.465	0.
6.47	0.
6.475	0.
6.48	0.
6.485	0.
6.49	0.
6.495	0.
6.5	0.
6.505	0.
6.51	0.
6.515000000000001	0.
6.52	0.
6.525	0.
6.53	0.
6.535	0.
6.54	0.
6.545	0.
6.55	0.
6.555	0.
6.5600000000000005	0.
6.5649999999999995	0.
6.57	0.
6.575	0.
6.58	0.
6.585	0.
6.59	0.
6.595	0.
6.6	0.
6.605	0.
6.61	0.
6.615	0.
6.62	0.
6.625	0.
6.63	0.
6.635	0.
6.640000000000001	0.
6.645	0.
6.65	0.
6.655	0.
6.66	0.
6.665	0.
6.67	0.
6.675	0.
6.68	0.
6.6850000000000005	0.
6.6899999999999995	0.
6.695	0.
6.7	0.
6.705	0.
6.71	0.
6.715	0.
6.72	0.
6.725	0.
6.73	0.
6.735	0.
6.74	0.
6.745	0.
6.75	0.
6.755	0.
6.76	0.
6.765000000000001	0.
6.77	0.
6.775	0.
6.78	0.
6.785	0.
6.79	0.
6.795	0.
6.8	0.
6.805	0.
6.8100000000000005	0.
6.8149999999999995	0.
6.82	0.
6.825	0.
6.83	0.
6.835	0.
6.84	0.
6.845	0.
6.85	0.
6.855	0.
6.86	0.
6.865	0.
6.87	0.
6.875	0.
6.88	0.
6.885	0.
6.890000000000001	0.
6.895	0.
6.9	0.
6.905	0.
6.91	0.
6.915	0.
6.92	0.
6.925	0.
6.93	0.
6.9350000000000005	0.
6.9399999999999995	0.
6.945	0.
6.95	0.
6.955	0.
6.96	0.
6.965	0.
6.97	0.
6.975	0.
6.98	0.
6.985	0.
6.99	0.
6.995	0.
7.	0.
7.005	0.
7.01	0.
7.015000000000001	0.
7.02	0.
7.025	0.
7.03	0.
7.035	0.
7.04	0.
7.045	0.
7.05	0.
7.055	0.
7.0600000000000005	0.
7.0649999999999995	0.
7.07	0.
7.075	0.
7.08	0.
7.085	0.
7.09	0.
7.095	0.
7.1	0.
7.105	0.
7.11	0.
7.115	0.
7.12	0.
7.125	0.
7.13	0.
7.135	0.
7.140000000000001	0.
7.145	0.
7.15	0.
7.155	0.
7.16	0.
7.165	0.
7.17	0.
7.175	0.
7.18	0.
7.1850000000000005	0.
7.1899999999999995	0.
7.195	0.
7.2	0.
7.205	0.
7.21	0.
7.215	0.
7.220000000000001	0.
7.225	0.
7.23	0.
7.234999999999999	0.
7.24	0.
7.245	0.
7.25	0.
7.255	0.
7.26	0.
7.265000000000001	0.
7.27	0.
7.275	0.
7.28	0.
7.285	0.
7.29	0.
7.295	0.
7.300000000000001	0.
7.305	0.
7.3100000000000005	0.
7.3149999999999995	0.
7.32	0.
7.325	0.
7.33	0.
7.335	0.
7.34	0.
7.345000000000001	0.
7.35	0.
7.355	0.
7.359999999999999	0.
7.365	0.
7.37	0.
7.375	0.
7.38	0.
7.385	0.
7.390000000000001	0.
7.395	0.
7.4	0.
7.405	0.
7.41	0.
7.415	0.
7.42	0.
7.425000000000001	0.
7.43	0.
7.4350000000000005	0.
7.4399999999999995	0.
7.445	0.
7.45	0.
7.455	0.
7.46	0.
7.465	0.
7.470000000000001	0.
7.475	0.
7.48	0.
7.484999999999999	0.
7.49	0.
7.495	0.
7.5	0.
7.505	0.
7.51	0.
7.515000000000001	0.
7.52	0.
7.525	0.
7.53	0.
7.535	0.
7.54	0.
7.545	0.
7.550000000000001	0.
7.555	0.
7.5600000000000005	0.
7.5649999999999995	0.
7.57	0.
7.575	0.
7.58	0.
7.585	0.
7.59	0.
7.595000000000001	0.
7.6	0.
7.605	0.
7.609999999999999	0.
7.615	0.
7.62	0.
7.625	0.
7.63	0.
7.635	0.
7.640000000000001	0.
7.645	0.
7.65	0.
7.655	0.
7.66	0.
7.665	0.
7.67	0.
7.675000000000001	0.
7.68	0.
7.685	0.
7.6899999999999995	0.
7.694999999999999	0.
7.699999999999999	0.
7.704999999999999	0.
7.71	0.
7.715	0.
7.72	0.
7.725	0.
7.7299999999999995	0.
7.734999999999999	0.
7.739999999999999	0.
7.744999999999999	0.
7.75	0.
7.755	0.
7.76	0.
7.765	0.
7.77	0.
7.7749999999999995	0.
7.779999999999999	0.
7.784999999999999	0.
7.79	0.
7.795	0.
7.8	0.
7.805	0.
7.81	0.
7.8149999999999995	0.
7.819999999999999	0.
7.824999999999999	0.
7.829999999999999	0.
7.835	0.
7.84	0.
7.845	0.
7.85	0.
7.8549999999999995	0.
7.859999999999999	0.
7.864999999999999	0.
7.869999999999999	0.
7.875	0.
7.88	0.
7.885	0.
7.89	0.
7.895	0.
7.8999999999999995	0.
7.904999999999999	0.
7.909999999999999	0.
7.915	0.
7.92	0.
7.925	0.
7.93	0.
7.935	0.
7.9399999999999995	0.
7.944999999999999	0.
7.949999999999999	0.
7.955	0.
7.96	0.
7.965	0.
7.97	0.
7.975	0.
7.9799999999999995	0.
7.984999999999999	0.
7.989999999999999	0.
7.994999999999999	0.
8.	0.
8.004999999999999	0.
8.01	0.
8.014999999999999	0.
8.02	0.
8.025	0.
8.03	0.
8.035	0.
8.04	0.
8.045	0.
8.049999999999999	0.
8.055	0.
8.059999999999999	0.
8.065	0.
8.07	0.
8.075	0.
8.08	0.
8.084999999999999	0.
8.09	0.
8.094999999999999	0.
8.1	0.
8.105	0.
8.11	0.
8.115	0.
8.12	0.
8.125	0.
8.129999999999999	0.
8.135	0.
8.139999999999999	0.
8.145	0.
8.15	0.
8.155	0.
8.16	0.
8.165	0.
8.17	0.
8.174999999999999	0.
8.18	0.
8.184999999999999	0.
8.19	0.
8.195	0.
8.2	0.
8.205	0.
8.209999999999999	0.
8.215	0.
8.219999999999999	0.
8.225	0.
8.23	0.
8.235	0.
8.24	0.
8.245	0.
8.25	0.
8.254999999999999	0.
8.26	0.
8.264999999999999	0.
8.27	0.
8.275	0.
8.28	0.
8.285	0.
8.29	0.
8.295	0.
8.299999999999999	0.
8.305	0.
8.309999999999999	0.
8.315	0.
8.32	0.
8.325	0.
8.33	0.
8.334999999999999	0.
8.34	0.
8.344999999999999	0.
8.35	0.
8.355	0.
8.36	0.
8.365	0.
8.37	0.
8.375	0.
8.379999999999999	0.
8.385	0.
8.389999999999999	0.
8.395	0.
8.4	0.
8.405	0.
8.41	0.
8.415	0.
8.42	0.
8.424999999999999	0.
8.43	0.
8.434999999999999	0.
8.44	0.
8.445	0.
8.45	0.
8.455	0.
8.459999999999999	0.
8.465	0.
8.469999999999999	0.
8.475	0.
8.48	0.
8.485	0.
8.49	0.
8.495	0.
8.5	0.
8.504999999999999	0.
8.51	0.
8.515	0.
8.52	0.
8.525	0.
8.53	0.
8.535	0.
8.54	0.
8.545	0.
8.549999999999999	0.
8.555	0.
8.559999999999999	0.
8.565	0.
8.57	0.
8.575	0.
8.58	0.
8.584999999999999	0.
8.59	0.
8.594999999999999	0.
8.6	0.
8.605	0.
8.61	0.
8.615	0.
8.62	0.
8.625	0.
8.629999999999999	0.
8.635	0.
8.64	0.
8.645	0.
8.65	0.
8.655	0.
8.66	0.
8.665	0.
8.67	0.
8.674999999999999	0.
8.68	0.
8.684999999999999	0.
8.69	0.
8.695	0.
8.7	0.
8.705	0.
8.709999999999999	0.
8.715	0.
8.719999999999999	0.
8.725	0.
8.73	0.
8.735	0.
8.74	0.
8.745	0.
8.75	0.
8.754999999999999	0.
8.76	0.
8.765	0.
8.77	0.
8.775	0.
8.78	0.
8.785	0.
8.79	0.
8.795	0.
8.799999999999999	0.
8.805	0.
8.809999999999999	0.
8.815	0.
8.82	0.
8.825	0.
8.83	0.
8.834999999999999	0.
8.84	0.
8.844999999999999	0.
8.85	0.
8.855	0.
8.86	0.
8.865	0.
8.87	0.
8.875	0.
8.879999999999999	0.
8.885	0.
8.89	0.
8.895	0.
8.9	0.
8.905	0.
8.91	0.
8.915	0.
8.92	0.
8.924999999999999	0.
8.93	0.
8.934999999999999	0.
8.94	0.
8.945	0.
8.95	0.
8.955	0.
8.959999999999999	0.
8.965	0.
8.969999999999999	0.
8.975	0.
8.98	0.
8.985	0.
8.99	0.
8.995	0.
9.	0.
9.004999999999999	0.
9.01	0.
9.015	0.
9.02	0.
9.025	0.
9.03	0.
9.035	0.
9.04	0.
9.045	0.
9.049999999999999	0.
9.055	0.
9.059999999999999	0.
9.065	0.
9.07	0.
9.075	0.
9.08	0.
9.084999999999999	0.
9.09	0.
9.094999999999999	0.
9.1	0.
9.105	0.
9.11	0.
9.115	0.
9.12	0.
9.125	0.
9.129999999999999	0.
9.135	0.
9.14	0.
9.145	0.
9.15	0.
9.155	0.
9.16	0.
9.165	0.
9.17	0.
9.174999999999999	0.
9.18	0.
9.184999999999999	0.
9.19	0.
9.195	0.
9.2	0.
9.205	0.
9.209999999999999	0.
9.215	0.
9.219999999999999	0.
9.225	0.
9.23	0.
9.235	0.
9.24	0.
9.245	0.
9.25	0.
9.254999999999999	0.
9.26	0.
9.265	0.
9.27	0.
9.275	0.
9.28	0.
9.285	0.
9.29	0.
9.295	0.
9.299999999999999	0.
9.305	0.
9.309999999999999	0.
9.315	0.
9.32	0.
9.325	0.
9.33	0.
9.334999999999999	0.
9.34	0.
9.344999999999999	0.
9.35	0.
9.355	0.
9.36	0.
9.365	0.
9.37	0.
9.375	0.
9.379999999999999	0.
9.385	0.
9.39	0.
9.395	0.
9.4	0.
9.405	0.
9.41	0.
9.415	0.
9.42	0.
9.424999999999999	0.
9.43	0.
9.434999999999999	0.
9.44	0.
9.445	0.
9.45	0.
9.455	0.
9.459999999999999	0.
9.465	0.
9.469999999999999	0.
9.475	0.
9.48	0.
9.485	0.
9.49	0.
9.495	0.
9.5	0.
9.504999999999999	0.
9.51	0.
9.515	0.
9.52	0.
9.525	0.
9.53	0.
9.535	0.
9.54	0.
9.545	0.
9.549999999999999	0.
9.555	0.
9.559999999999999	0.
9.565	0.
9.57	0.
9.575	0.
9.58	0.
9.584999999999999	0.
9.59	0.
9.594999999999999	0.
9.6	0.
9.605	0.
9.61	0.
9.615	0.
9.62	0.
9.625	0.
9.629999999999999	0.
9.635	0.
9.64	0.
9.645	0.
9.65	0.
9.655	0.
9.66	0.
9.665	0.
9.67	0.
9.674999999999999	0.
9.68	0.
9.684999999999999	0.
9.69	0.
9.695	0.
9.7	0.
9.705	0.
9.709999999999999	0.
9.715	0.
9.719999999999999	0.
9.725	0.
9.73	0.
9.735	0.
9.74	0.
9.745	0.
9.75	0.
9.754999999999999	0.
9.76	0.
9.765	0.
9.77	0.
9.774999999999999	0.
9.78	0.
9.785	0.
9.79	0.
9.795	0.
9.8	0.
9.805	0.
9.809999999999999	0.
9.815	0.
9.82	0.
9.825	0.
9.83	0.
9.834999999999999	0.
9.84	0.
9.844999999999999	0.
9.85	0.
9.855	0.
9.86	0.
9.865	0.
9.87	0.
9.875	0.
9.879999999999999	0.
9.885	0.
9.89	0.
9.895	0.
9.899999999999999	0.
9.905	0.
9.91	0.
9.915	0.
9.92	0.
9.925	0.
9.93	0.
9.934999999999999	0.
9.94	0.
9.945	0.
9.95	0.
9.955	0.
9.959999999999999	0.
9.965	0.
9.969999999999999	0.
9.975	0.
9.98	0.
9.985	0.
9.99	0.
9.995	0.
10.	0.
10.004999999999999	0.
10.01	0.
10.015	0.
10.02	0.
10.024999999999999	0.
10.03	0.
10.035	0.
10.04	0.
10.045	0.
10.05	0.
10.055	0.
10.059999999999999	0.
10.065	0.
10.07	0.
10.075	0.
10.08	0.
10.084999999999999	0.
10.09	0.
10.094999999999999	0.
10.1	0.
10.105	0.
10.11	0.
10.115	0.
10.12	0.
10.125	0.
10.129999999999999	0.
10.135	0.
10.14	0.
10.145	0.
10.149999999999999	0.
10.155	0.
10.16	0.
10.165	0.
10.17	0.
10.175	0.
10.18	0.
10.184999999999999	0.
10.19	0.
10.195	0.
10.2	0.
10.205	0.
10.209999999999999	0.
10.215	0.
10.219999999999999	0.
10.225	0.
10.23	0.
10.235	0.
10.24	0.
10.245000000000001	0.
10.250000000000002	0.
10.255	0.
10.260000000000002	0.
10.265	0.
10.270000000000001	0.
10.275	0.
10.280000000000001	0.
10.285	0.
10.290000000000001	0.
10.295000000000002	0.
10.3	0.
10.305000000000001	0.
10.31	0.
10.315000000000001	0.
10.32	0.
10.325000000000001	0.
10.330000000000002	0.
10.335	0.
10.340000000000002	0.
10.345	0.
10.350000000000001	0.
10.355	0.
10.360000000000001	0.
10.365	0.
10.370000000000001	0.
10.375000000000002	0.
10.38	0.
10.385000000000002	0.
10.39	0.
10.395000000000001	0.
10.4	0.
10.405000000000001	0.
10.41	0.
10.415000000000001	0.
10.420000000000002	0.
10.425	0.
10.430000000000001	0.
10.435	0.
10.440000000000001	0.
10.445	0.
10.450000000000001	0.
10.455000000000002	0.
10.46	0.
10.465000000000002	0.
10.47	0.
10.475000000000001	0.
10.48	0.
10.485000000000001	0.
10.49	0.
10.495000000000001	0.
10.500000000000002	0.
10.505	0.
10.510000000000002	0.
10.515	0.
10.520000000000001	0.
10.525	0.
10.530000000000001	0.
10.535	0.
10.540000000000001	0.
10.545000000000002	0.
10.55	0.
10.555000000000001	0.
10.56	0.
10.565000000000001	0.
10.57	0.
10.575000000000001	0.
10.580000000000002	0.
10.585	0.
10.590000000000002	0.
10.595	0.
10.600000000000001	0.
10.605	0.
10.610000000000001	0.
10.615	0.
10.620000000000001	0.
10.625000000000002	0.
10.63	0.
10.635000000000002	0.
10.64	0.
10.645000000000001	0.
10.65	0.
10.655000000000001	0.
10.66	0.
10.665000000000001	0.
10.670000000000002	0.
10.675	0.
10.680000000000001	0.
10.685	0.
10.690000000000001	0.
10.695	0.
10.700000000000001	0.
10.705000000000002	0.
10.71	0.
10.715000000000002	0.
10.72	0.
10.725000000000001	0.
10.73	0.
10.735000000000001	0.
10.74	0.
10.745000000000001	0.
10.750000000000002	0.
10.755	0.
10.760000000000002	0.
10.765	0.
10.770000000000001	0.
10.775	0.
10.780000000000001	0.
10.785	0.
10.790000000000001	0.
10.795000000000002	0.
10.8	0.
10.805000000000001	0.
10.81	0.
10.815000000000001	0.
10.82	0.
10.825000000000001	0.
10.830000000000002	0.
10.835	0.
10.840000000000002	0.
10.845	0.
10.850000000000001	0.
10.855	0.
10.860000000000001	0.
10.865	0.
10.870000000000001	0.
10.875000000000002	0.
10.88	0.
10.885000000000002	0.
10.89	0.
10.895000000000001	0.
10.9	0.
10.905000000000001	0.
10.91	0.
10.915000000000001	0.
10.920000000000002	0.
10.925	0.
10.930000000000001	0.
10.935	0.
10.940000000000001	0.
10.945	0.
10.950000000000001	0.
10.955000000000002	0.
10.96	0.
10.965000000000002	0.
10.97	0.
10.975000000000001	0.
10.98	0.
10.985000000000001	0.
10.99	0.
10.995000000000001	0.
11.000000000000002	0.
11.005	0.
11.010000000000002	0.
11.015	0.
11.020000000000001	0.
11.025	0.
11.030000000000001	0.
11.035	0.
11.040000000000001	0.
11.045000000000002	0.
11.05	0.
11.055000000000001	0.
11.06	0.
11.065000000000001	0.
11.07	0.
11.075000000000001	0.
11.080000000000002	0.
11.085	0.
11.090000000000002	0.
11.095	0.
11.100000000000001	0.
11.105	0.
11.110000000000001	0.
11.115	0.
11.120000000000001	0.
11.125000000000002	0.
11.13	0.
11.135000000000002	0.
11.14	0.
11.145000000000001	0.
11.15	0.
11.155000000000001	0.
11.16	0.
11.165000000000001	0.
11.170000000000002	0.
11.175	0.
11.180000000000001	0.
11.185	0.
11.190000000000001	0.
11.195	0.
11.200000000000001	0.
11.205000000000002	0.
11.21	0.
11.215000000000002	0.
11.22	0.
11.225000000000001	0.
11.23	0.
11.235000000000001	0.
11.24	0.
11.245000000000001	0.
11.250000000000002	0.
11.255	0.
11.260000000000002	0.
11.265	0.
11.270000000000001	0.
11.275	0.
11.280000000000001	0.
11.285	0.
11.290000000000001	0.
11.295000000000002	0.
11.3	0.
11.305000000000001	0.
11.31	0.
11.315000000000001	0.
11.32	0.
11.325000000000001	0.
11.330000000000002	0.
11.335	0.
11.340000000000002	0.
11.345	0.
11.350000000000001	0.
11.355	0.
11.360000000000001	0.
11.365000000000002	0.
11.370000000000001	0.
11.375000000000002	0.
11.38	0.
11.385000000000002	0.
11.39	0.
11.395000000000001	0.
11.4	0.
11.405000000000001	0.
11.41	0.
11.415000000000001	0.
11.420000000000002	0.
11.425	0.
11.430000000000001	0.
11.435	0.
11.440000000000001	0.
11.445	0.
11.450000000000001	0.
11.455000000000002	0.
11.46	0.
11.465000000000002	0.
11.47	0.
11.475000000000001	0.
11.48	0.
11.485000000000001	0.
11.490000000000002	0.
11.495000000000001	0.
11.500000000000002	0.
11.505	0.
11.510000000000002	0.
11.515	0.
11.520000000000001	0.
11.525	0.
11.530000000000001	0.
11.535	0.
11.540000000000001	0.
11.545000000000002	0.
11.55	0.
11.555000000000001	0.
11.56	0.
11.565000000000001	0.
11.57	0.
11.575000000000001	0.
11.580000000000002	0.
11.585	0.
11.590000000000002	0.
11.595	0.
11.600000000000001	0.
11.605	0.
11.610000000000001	0.
11.615000000000002	0.
11.620000000000001	0.
11.625000000000002	0.
11.63	0.
11.635000000000002	0.
11.64	0.
11.645000000000001	0.
11.65	0.
11.655000000000001	0.
11.66	0.
11.665000000000001	0.
11.670000000000002	0.
11.675	0.
11.680000000000001	0.
11.685	0.
11.690000000000001	0.
11.695	0.
11.700000000000001	0.
11.705000000000002	0.
11.71	0.
11.715000000000002	0.
11.72	0.
11.725000000000001	0.
11.73	0.
11.735000000000001	0.
11.740000000000002	0.
11.745000000000001	0.
11.750000000000002	0.
11.755	0.
11.760000000000002	0.
11.765	0.
11.770000000000001	0.
11.775	0.
11.780000000000001	0.
11.785	0.
11.790000000000001	0.
11.795000000000002	0.
11.8	0.
11.805000000000001	0.
11.81	0.
11.815000000000001	0.
11.82	0.
11.825000000000001	0.
11.830000000000002	0.
11.835	0.
11.840000000000002	0.
11.845	0.
11.850000000000001	0.
11.855	0.
11.860000000000001	0.
11.865000000000002	0.
11.870000000000001	0.
11.875000000000002	0.
11.88	0.
11.885000000000002	0.
11.89	0.
11.895000000000001	0.
11.9	0.
11.905000000000001	0.
11.91	0.
11.915000000000001	0.
11.920000000000002	0.
11.925	0.
11.930000000000001	0.
11.935	0.
11.940000000000001	0.
11.945	0.
11.950000000000001	0.
11.955000000000002	0.
11.96	0.
11.965000000000002	0.
11.97	0.
11.975000000000001	0.
11.98	0.
11.985000000000001	0.
11.990000000000002	0.
11.995000000000001	0.
12.000000000000002	0.
12.005	0.
12.010000000000002	0.
12.015	0.
12.020000000000001	0.
12.025	0.
12.030000000000001	0.
12.035	0.
12.040000000000001	0.
12.045000000000002	0.
12.05	0.
12.055000000000001	0.
12.06	0.
12.065000000000001	0.
12.07	0.
12.075000000000001	0.
12.080000000000002	0.
12.085	0.
12.090000000000002	0.
12.095	0.
12.100000000000001	0.
12.105	0.
12.110000000000001	0.
12.115000000000002	0.
12.120000000000001	0.
12.125000000000002	0.
12.13	0.
12.135000000000002	0.
12.14	0.
12.145000000000001	0.
12.15	0.
12.155000000000001	0.
12.16	0.
12.165000000000001	0.
12.170000000000002	0.
12.175	0.
12.180000000000001	0.
12.185	0.
12.190000000000001	0.
12.195	0.
12.200000000000001	0.
12.205000000000002	0.
12.21	0.
12.215000000000002	0.
12.22	0.
12.225000000000001	0.
12.23	0.
12.235000000000001	0.
12.240000000000002	0.
12.245000000000001	0.
12.25	0.
12.255	0.
12.260000000000002	0.
12.265	0.
12.270000000000001	0.
12.275000000000002	0.
12.280000000000001	0.
12.285	0.
12.290000000000001	0.
12.295000000000002	0.
12.3	0.
12.305000000000001	0.
12.31	0.
12.315000000000001	0.
12.32	0.
12.325000000000001	0.
12.330000000000002	0.
12.335	0.
12.340000000000002	0.
12.345	0.
12.350000000000001	0.
12.355	0.
12.360000000000001	0.
12.365000000000002	0.
12.370000000000001	0.
12.375	0.
12.38	0.
12.385000000000002	0.
12.39	0.
12.395000000000001	0.
12.400000000000002	0.
12.405000000000001	0.
12.41	0.
12.415000000000001	0.
12.420000000000002	0.
12.425	0.
12.430000000000001	0.
12.435	0.
12.440000000000001	0.
12.445	0.
12.450000000000001	0.
12.455000000000002	0.
12.46	0.
12.465000000000002	0.
12.47	0.
12.475000000000001	0.
12.48	0.
12.485000000000001	0.
12.490000000000002	0.
12.495000000000001	0.
12.5	0.
12.505	0.
12.510000000000002	0.
12.515	0.
12.520000000000001	0.
12.525000000000002	0.
12.530000000000001	0.
12.535	0.
12.540000000000001	0.
12.545000000000002	0.
12.55	0.
12.555000000000001	0.
12.56	0.
12.565000000000001	0.
12.57	0.
12.575000000000001	0.
12.580000000000002	0.
12.585	0.
12.590000000000002	0.
12.595	0.
12.600000000000001	0.
12.605	0.
12.610000000000001	0.
12.615000000000002	0.
12.620000000000001	0.
12.625	0.
12.63	0.
12.635000000000002	0.
12.64	0.
12.645000000000001	0.
12.650000000000002	0.
12.655000000000001	0.
12.66	0.
12.665000000000001	0.
12.670000000000002	0.
12.675	0.
12.680000000000001	0.
12.685	0.
12.690000000000001	0.
12.695	0.
12.700000000000001	0.
12.705000000000002	0.
12.71	0.
12.715000000000002	0.
12.72	0.
12.725000000000001	0.
12.73	0.
12.735000000000001	0.
12.740000000000002	0.
12.745000000000001	0.
12.75	0.
12.755	0.
12.760000000000002	0.
12.765	0.
12.770000000000001	0.
12.775000000000002	0.
12.780000000000001	0.
12.785	0.
12.790000000000001	0.
12.795000000000002	0.
12.8	0.
12.805000000000001	0.
12.810000000000002	0.
12.815000000000001	0.
12.820000000000002	0.
12.825000000000001	0.
12.830000000000002	0.
12.835	0.
12.840000000000002	0.
12.845	0.
12.850000000000001	0.
12.855000000000002	0.
12.860000000000001	0.
12.865000000000002	0.
12.870000000000001	0.
12.875000000000002	0.
12.88	0.
12.885000000000002	0.
12.890000000000002	0.
12.895000000000001	0.
12.900000000000002	0.
12.905000000000001	0.
12.910000000000002	0.
12.915000000000001	0.
12.920000000000002	0.
12.925	0.
12.930000000000001	0.
12.935000000000002	0.
12.940000000000001	0.
12.945000000000002	0.
12.950000000000001	0.
12.955000000000002	0.
12.96	0.
12.965000000000002	0.
12.97	0.
12.975000000000001	0.
12.980000000000002	0.
12.985000000000001	0.
12.990000000000002	0.
12.995000000000001	0.
13.000000000000002	0.
13.005	0.
13.010000000000002	0.
13.015000000000002	0.
13.020000000000001	0.
13.025000000000002	0.
13.030000000000001	0.
13.035000000000002	0.
13.040000000000001	0.
13.045000000000002	0.
13.05	0.
13.055000000000001	0.
13.060000000000002	0.
13.065000000000001	0.
13.070000000000002	0.
13.075000000000001	0.
13.080000000000002	0.
13.085	0.
13.090000000000002	0.
13.095	0.
13.100000000000001	0.
13.105000000000002	0.
13.110000000000001	0.
13.115000000000002	0.
13.120000000000001	0.
13.125000000000002	0.
13.13	0.
13.135000000000002	0.
13.140000000000002	0.
13.145000000000001	0.
13.150000000000002	0.
13.155000000000001	0.
13.160000000000002	0.
13.165000000000001	0.
13.170000000000002	0.
13.175	0.
13.180000000000001	0.
13.185000000000002	0.
13.190000000000001	0.
13.195000000000002	0.
13.200000000000001	0.
13.205000000000002	0.
13.21	0.
13.215000000000002	0.
13.220000000000002	0.
13.225000000000001	0.
13.230000000000002	0.
13.235000000000001	0.
13.240000000000002	0.
13.245000000000001	0.
13.250000000000002	0.
13.255	0.
13.260000000000002	0.
13.265000000000002	0.
13.270000000000001	0.
13.275000000000002	0.
13.280000000000001	0.
13.285000000000002	0.
13.290000000000001	0.
13.295000000000002	0.
13.3	0.
13.305000000000001	0.
13.310000000000002	0.
13.315000000000001	0.
13.320000000000002	0.
13.325000000000001	0.
13.330000000000002	0.
13.335	0.
13.340000000000002	0.
13.345000000000002	0.
13.350000000000001	0.
13.355000000000002	0.
13.360000000000001	0.
13.365000000000002	0.
13.370000000000001	0.
13.375000000000002	0.
13.38	0.
13.385000000000002	0.
13.39	0.
13.395000000000001	0.
13.400000000000002	0.
13.405000000000001	0.
13.410000000000002	0.
13.415000000000001	0.
13.420000000000002	0.
13.425	0.
13.430000000000001	0.
13.435000000000002	0.
13.440000000000001	0.
13.445000000000002	0.
13.450000000000001	0.
13.455000000000002	0.
13.46	0.
13.465000000000002	0.
13.470000000000002	0.
13.475000000000001	0.
13.480000000000002	0.
13.485000000000001	0.
13.490000000000002	0.
13.495000000000001	0.
13.500000000000002	0.
13.505	0.
13.510000000000002	0.
13.515	0.
13.520000000000001	0.
13.525000000000002	0.
13.530000000000001	0.
13.535000000000002	0.
13.540000000000001	0.
13.545000000000002	0.
13.55	0.
13.555000000000001	0.
13.560000000000002	0.
13.565000000000001	0.
13.570000000000002	0.
13.575000000000001	0.
13.580000000000002	0.
13.585	0.
13.590000000000002	0.
13.595000000000002	0.
13.600000000000001	0.
13.605000000000002	0.
13.610000000000001	0.
13.615000000000002	0.
13.620000000000001	0.
13.625000000000002	0.
13.63	0.
13.635000000000002	0.
13.64	0.
13.645000000000001	0.
13.650000000000002	0.
13.655000000000001	0.
13.660000000000002	0.
13.665000000000001	0.
13.670000000000002	0.
13.675	0.
13.680000000000001	0.
13.685000000000002	0.
13.690000000000001	0.
13.695000000000002	0.
13.700000000000001	0.
13.705000000000002	0.
13.71	0.
13.715000000000002	0.
13.720000000000002	0.
13.725000000000001	0.
13.730000000000002	0.
13.735000000000001	0.
13.740000000000002	0.
13.745000000000001	0.
13.750000000000002	0.
13.755	0.
13.760000000000002	0.
13.765	0.
13.770000000000001	0.
13.775000000000002	0.
13.780000000000001	0.
13.785000000000002	0.
13.790000000000001	0.
13.795000000000002	0.
13.8	0.
13.805000000000001	0.
13.810000000000002	0.
13.815000000000001	0.
13.820000000000002	0.
13.825000000000001	0.
13.830000000000002	0.
13.835	0.
13.840000000000002	0.
13.845000000000002	0.
13.850000000000001	0.
13.855000000000002	0.
13.860000000000001	0.
13.865000000000002	0.
13.870000000000001	0.
13.875000000000002	0.
13.88	0.
13.885000000000002	0.
13.89	0.
13.895000000000001	0.
13.900000000000002	0.
13.905000000000001	0.
13.910000000000002	0.
13.915000000000001	0.
13.920000000000002	0.
13.925	0.
13.930000000000001	0.
13.935000000000002	0.
13.940000000000001	0.
13.945000000000002	0.
13.950000000000001	0.
13.955000000000002	0.
13.96	0.
13.965000000000002	0.
13.970000000000002	0.
13.975000000000001	0.
13.980000000000002	0.
13.985000000000001	0.
13.990000000000002	0.
13.995000000000001	0.
14.	0.