rho	repeat	gmp_cor
0.1	0	0.0
0.1	1	0.663758910338764
0.1	2	21.369409537628364
0.1	3	0.03575400708080245
0.1	4	0.0
0.1	5	0.0
0.1	6	0.0
0.1	7	0.11470723285767992
0.1	8	0.0
0.1	9	0.0
0.2	0	0.0
0.2	1	0.35511080111165416
0.2	2	11.973026967814382
0.2	3	0.028405753130156697
0.2	4	0.0
0.2	5	0.0
0.2	6	0.0
0.2	7	0.006284076297120578
0.2	8	0.0
0.2	9	0.0
0.3	0	0.22447902192327618
0.3	1	0.0
0.3	2	16.13959971685943
0.3	3	0.31990100845050584
0.3	4	0.0783558407864593
0.3	5	0.0
0.3	6	0.5589751234637461
0.3	7	0.0857455225371675
0.3	8	0.1807952179384964
0.3	9	0.0
0.4	0	0.297046181842644
0.4	1	0.0
0.4	2	15.355394331479099
0.4	3	0.0
0.4	4	0.0
0.4	5	0.0042228170139440024
0.4	6	1.9564263551571832
0.4	7	0.21874220196018435
0.4	8	0.9461760722675043
0.4	9	0.0
0.5	0	0.8150434516859191
0.5	1	0.22111071723088305
0.5	2	25.823916480435766
0.5	3	0.19620878901595784
0.5	4	0.6259580928666502
0.5	5	0.6111058784308661
0.5	6	1.9030155897388532
0.5	7	0.5380425623672531
0.5	8	1.705106223640363
0.5	9	0.24646222937993478
0.6	0	3.812107119293999
0.6	1	3.4554677191457914
0.6	2	22.13202315804737
0.6	3	3.8161842001924775
0.6	4	1.9405687968804877
0.6	5	1.8778291259079216
0.6	6	4.798807338159991
0.6	7	2.625381495077754
0.6	8	4.330881201169937
0.6	9	1.3541455917776757
0.7	0	6.506707354006156
0.7	1	6.322168840677369
0.7	2	25.436439403304032
0.7	3	5.188639316293384
0.7	4	5.441869148908724
0.7	5	5.123194825201899
0.7	6	8.283024939341367
0.7	7	5.594863319996779
0.7	8	7.956318113845308
0.7	9	4.000849184879281
0.8	0	19.717003171449576
0.8	1	18.14268249317644
0.8	2	42.40902158199122
0.8	3	14.261756383249375
0.8	4	14.146173828029918
0.8	5	13.536879995101947
0.8	6	22.957742176880245
0.8	7	12.346839237782078
0.8	8	19.633865645241894
0.8	9	10.149285291338733
0.9	0	46.461111701748735
0.9	1	35.32713415065698
0.9	2	76.24314987286085
0.9	3	36.358640432165565
0.9	4	38.631269795315134
0.9	5	32.34151079689892
0.9	6	38.50407613192526
0.9	7	31.250312528453055
0.9	8	46.115549875097734
0.9	9	35.09560734050334
